Date,Open,High,Low,Close,Volume,OpenInt
20140731,25,28.95,24.05,27.99,6316019,0
20140801,26.95,27.15,25,25.16,465943,0
20140804,24.98,26.4,24,24.25,141252,0
20140805,24.13,24.14,22,22.6,144543,0
20140806,22.95,24.86,22.06,23.37,139246,0
20140807,25,25,22.82,23,73740,0
20140808,23.21,24.74,23.01,23.54,80289,0
20140811,23.55,24.74,23.55,23.75,43655,0
20140812,23.5,24.13,22.51,23.91,124364,0
20140813,24,25.44,24,24.38,104143,0
20140814,24.99,27.15,23.91,26.17,64083,0
20140815,26.81,29.8,26.81,27.26,76631,0
20140818,28.9,28.9,27.31,28.3,43334,0
20140819,28,31.31,27.8,30.85,105040,0
20140820,30.93,32.375,29.851,31.58,177705,0
20140821,31.35,31.78,30.02,30.15,112307,0
20140822,30.16,30.92,30.01,30.52,109691,0
20140825,31.19,31.57,29.04,30.25,385717,0
20140826,29.98,30.9,28.18,29.27,128227,0
20140827,29.88,29.92,28.451,29.48,42531,0
20140828,29,29.5,28.24,29.43,45356,0
20140829,29.4,31.19,28.8,29.63,55644,0
20140902,29.7,31.49,29.31,30.24,98943,0
20140903,30.19,31.1,30.01,30.6,81839,0
20140904,30.9,31.59,29.96,30.55,90907,0
20140905,30.32,31.6,30.29,31.05,58295,0
20140908,31.2,31.404,29.56,29.85,52737,0
20140909,29.97,30.51,28.6,29.99,75101,0
20140910,29.69,31.49,29.61,30.74,54753,0
20140911,30.95,32.6,30.22,32.43,159249,0
20140912,32.34,36.783,31.29,35.7,270666,0
20140915,35.98,35.98,32,33.03,291735,0
20140916,32.83,33.53,31.19,32.45,89069,0
20140917,32.3,34,32.19,32.78,105269,0
20140918,33.06,34.14,31.25,31.55,152388,0
20140919,31.53,32.141,30.5,31.1,318254,0
20140922,32.155,33.46,29.901,32.88,145146,0
20140923,33.77,33.835,32.1,33.59,143290,0
20140924,33.75,34.7,32.34,34.26,90796,0
20140925,34.2,36.1,32.7,35.26,211574,0
20140926,34.34,36.23,34.02,36,67353,0
20140929,35.67,36.7,34.501,36.35,179901,0
20140930,36.25,36.46,34.02,34.19,970301,0
20141001,34,34.938,31.21,32.27,215737,0
20141002,32.37,34.4,31.74,34.27,153380,0
20141003,34.47,34.98,33.68,33.7,80935,0
20141006,33.74,34.99,32.91,33.99,108763,0
20141007,33.6,33.6,31.02,31.54,58509,0
20141008,32,32.18,31.02,31.35,109239,0
20141009,31.24,32.3,30.15,30.35,84831,0
20141010,31.16,31.175,29.76,29.9,135109,0
20141013,30.03,31.13,30,30.27,70073,0
20141014,30.55,31.24,29.76,29.97,123501,0
20141015,29.24,30.88,28.741,30.59,84734,0
20141016,30.98,30.98,28.76,30.41,40745,0
20141017,30.93,31.69,30.02,30.21,79621,0
20141020,30,30.93,29.68,30.21,53235,0
20141021,30.52,32.88,30.33,32.67,101072,0
20141022,31.62,33.46,31.54,32.64,56930,0
20141023,32.58,35.3,32.52,33.9,86513,0
20141024,33.84,34.24,33.68,34.22,25132,0
20141027,32.93,33.85,32.75,33.59,33498,0
20141028,33.9,33.9,33.03,33.4,70792,0
20141029,33.28,34.89,32.763,33.53,131228,0
20141030,33.75,36.75,33.25,35.69,158731,0
20141031,36.57,36.99,35.64,35.88,77849,0
20141103,35.88,36.44,34.91,35.98,84695,0
20141104,36.09,37.38,35.45,36.39,77777,0
20141105,36.57,36.89,32.74,33.51,88711,0
20141106,33.4,34.8,33.02,34.75,36659,0
20141107,34.6,35.02,33.02,35,64634,0
20141110,35,35.71,33.8,34.4,34196,0
20141111,34.48,35.25,33.02,33.12,50736,0
20141112,32.82,34.24,32.7,33.65,29516,0
20141113,33.55,34.94,33.55,34.6,151337,0
20141114,34.52,34.98,32.76,33.96,117635,0
20141117,33.96,34.567,32.81,32.81,60315,0
20141118,33.02,33.85,32.98,33.79,40246,0
20141119,32.57,33.84,32.57,32.64,33012,0
20141120,32.55,34.042,32.02,33.81,79853,0
20141121,34.38,35.38,33.231,34.64,55879,0
20141124,34.85,36.19,33.79,35.67,67224,0
20141125,35.87,39.67,34.9,38.69,336563,0
20141126,38.51,40.82,38.31,40.17,244737,0
20141128,40.21,40.99,39.06,39.49,37353,0
20141201,38.43,39.737,37.035,37.94,153668,0
20141202,38.74,40,37.85,39.85,134769,0
20141203,39.99,42.54,39.29,41.17,189531,0
20141204,41.29,42.702,40.01,42.19,111387,0
20141205,42.38,44.35,42.29,43.5,137271,0
20141208,43.81,44.48,43.1,44.26,86608,0
20141209,43.91,49.07,43.57,46.96,358336,0
20141210,47,47.04,45.52,46.77,124142,0
20141211,46.76,54.17,46.68,49.91,545375,0
20141212,49.46,51.83,49,50.49,201001,0
20141215,50.9,52.4,48.091,51.27,217501,0
20141216,50.9,52.35,50.54,50.79,207198,0
20141217,50.69,52.35,50.01,50.45,194006,0
20141218,51.39,52.4,48.44,50.36,156461,0
20141219,51.24,52.56,50.02,51.56,765227,0
20141222,51.35,52.23,50.58,51.7,137681,0
20141223,51.73,52,48.34,48.5,129112,0
20141224,48.42,48.42,46,47.3,161214,0
20141226,47.5,48.81,46.515,48.64,52517,0
20141229,48.86,52.63,48.81,51.92,119294,0
20141230,51.16,55.98,51.155,55.89,206779,0
20141231,55.89,57.37,53.85,54,221995,0
20150102,54.6,59.13,54.035,58.92,182023,0
20150105,59.49,60.98,58.11,58.945,175001,0
20150106,58.49,59.87,53.76,53.95,394802,0
20150107,56.95,60.7,55,60.08,295512,0
20150108,61.82,62.48,58.97,59.17,1909989,0
20150109,59.25,60.35,57,58.66,459360,0
20150112,59,59.49,57.02,58.85,296975,0
20150113,59.23,60.7,57.37,58.88,229488,0
20150114,56.81,58.99,56.76,56.95,145570,0
20150115,57.09,60.44,51.08,51.56,350202,0
20150116,51.34,51.34,46.41,48.37,696277,0
20150120,48.61,50,47.02,47.64,526586,0
20150121,47.3,47.63,39.93,41.61,880966,0
20150122,41.64,43.509,37.01,43.29,863938,0
20150123,42.48,43,39.55,39.92,334632,0
20150126,39.32,44.15,39,43.95,568031,0
20150127,42.61,43.46,41.85,42.05,361571,0
20150128,42.31,43.14,39.62,41.01,443888,0
20150129,41.01,41.89,37.775,39.49,255641,0
20150130,39.94,40.46,39,39.68,436637,0
20150202,39.5,39.99,36.01,37.61,336062,0
20150203,37.61,37.66,34.04,35.98,444575,0
20150204,35.35,35.59,33.25,33.56,300068,0
20150205,33.78,34.77,32.47,33.28,454945,0
20150206,33.41,34.52,32.92,33.27,211307,0
20150209,33.06,37.54,32.511,36.24,706485,0
20150210,36.5,39.28,33.734,38.88,468962,0
20150211,38.86,39.68,35.78,36.15,251819,0
20150212,36.23,36.78,35.31,36.28,238235,0
20150213,37.74,38.24,35.812,36.29,432609,0
20150217,36.13,36.9,35.76,36.83,186152,0
20150218,36.8,40.25,36.8,39.74,567395,0
20150219,39.3,40.82,38.69,39.95,418177,0
20150220,39.95,40.35,38.02,40.06,260017,0
20150223,39.11,40.21,36.64,36.88,280911,0
20150224,37.04,37.7,36.1,36.69,168863,0
20150225,36.61,37.56,35.57,36.96,239131,0
20150226,37.03,37.445,36.02,36.75,209147,0
20150227,36.77,37.45,35.92,36.18,170324,0
20150302,36.31,37.67,35.95,36.8,267400,0
20150303,36.8,36.91,34.63,34.69,279600,0
20150304,34.55,36.63,34.1,36.61,244100,0
20150305,36.93,38.24,35.96,37.94,358700,0
20150306,37.5,37.62,35.26,35.96,292900,0
20150309,36.15,37.2,35.22,37.08,213700,0
20150310,37.99,39.45,36.34,37.91,375300,0
20150311,37.98,39,37.26,38.58,305300,0
20150312,38.78,40.67,38.15,40.51,281200,0
20150313,40.6,44.25,40.38,43.24,603500,0
20150316,43.47,44.43,41.56,41.75,359500,0
20150317,41.68,42.25,40.92,42.1,230400,0
20150318,42.13,42.13,40.52,41.42,282400,0
20150319,41.74,45.14,41.41,44.25,408400,0
20150320,45,45.18,43.07,44.61,548500,0
20150323,44.38,44.87,42.97,43.07,321400,0
20150324,43.12,44.51,42.59,43.67,270200,0
20150325,44.58,44.9,40.47,41.04,820700,0
20150326,41.1,42,37.65,38.4,795300,0
20150327,38.5,40.41,38,38.6,475600,0
20150330,38.73,39.67,37.39,39.41,447500,0
20150331,39.27,41.15,39.05,40.52,259800,0
20150401,40.28,40.28,38.17,39.06,478800,0
20150402,38.91,39,37.55,38,275700,0
20150406,37.99,38.94,37.42,38.5,226400,0
20150407,38.09,39.3,38.02,38.85,356839,0
20150408,38.8,40.55,38.73,40.48,214200,0
20150409,40.23,40.56,39.08,39.42,236626,0
20150410,39.52,41.28,39.06,40.69,190400,0
20150413,40.14,41.09,38.53,39.21,237800,0
20150414,39.39,40.72,39.16,40.05,309000,0
20150415,40.3,42.1,40.15,41.46,323100,0
20150416,41.35,42.56,41,42.09,278049,0
20150417,41.68,42.01,40.03,40.33,393200,0
20150420,40.02,40.65,39.15,39.52,218212,0
20150421,39.87,39.87,39.02,39.35,216979,0
20150422,39.41,39.74,37.86,38.93,246169,0
20150423,38.93,38.96,38.15,38.49,161000,0
20150424,38.62,39.71,37.39,37.57,166900,0
20150427,36.03,37.18,33.73,35.36,510500,0
20150428,35.08,36.56,34,36.32,309900,0
20150429,36.66,37.32,34.96,35.04,249900,0
20150430,35,35.19,31.62,31.86,336700,0
20150501,32.27,33.65,31.81,33.17,267200,0
20150504,31.7,32.13,29.47,31,488500,0
20150505,30.8,31.03,29.05,29.44,236000,0
20150506,29.87,33.65,29.06,33.39,460598,0
20150507,33.51,34.26,32.1,33.04,214411,0
20150508,33.45,33.9,32.1,32.47,228500,0
20150511,32.6,34.98,32.03,34.85,261300,0
20150512,34.5,34.87,33.37,33.88,196568,0
20150513,33.95,36.35,33.51,35.65,234300,0
20150514,35.81,36.24,34.51,35.95,301000,0
20150515,35.96,36.24,34.74,35.1,326323,0
20150518,35.14,36.8,34.77,36.67,373114,0
20150519,36.36,38.71,36.36,38.24,352300,0
20150520,38.43,39.65,37.7,39.05,381400,0
20150521,39.3,39.53,38.48,38.83,576800,0
20150522,38.96,39.3,37.58,38.03,204100,0
20150526,37.94,38.8,36.02,37.02,295552,0
20150527,37.21,39.48,36.98,39.13,444800,0
20150528,38.42,38.98,36.6,37.26,412815,0
20150529,37.33,38.05,36.86,37.28,333200,0
20150601,37.53,37.89,35.64,37.24,306900,0
20150602,37.04,38.49,36.55,37.52,256238,0
20150603,37.65,38.83,37.07,37.51,391200,0
20150604,37.37,38.86,37.21,38.82,244300,0
20150605,38.86,40.53,38.17,40.28,343100,0
20150608,40.15,40.15,37.39,37.7,340400,0
20150609,37.63,37.892,34.96,37.03,378175,0
20150610,37.22,39.99,36.43,39.73,358955,0
20150611,40.01,40.81,39,40.79,315535,0
20150612,40.19,41.6,39.79,41.4,481000,0
20150615,41.3,41.3,38.68,38.88,2075900,0
20150616,19.27,21,17.01,17.05,10218400,0
20150617,17.4,18.4,16.72,16.92,3694600,0
20150618,16.89,17.16,16.03,16.11,2497700,0
20150619,16.24,16.32,15.03,15.65,3919300,0
20150622,15.65,16.42,15.4,16.24,1860700,0
20150623,16.76,17,16,16.34,1283345,0
20150624,16.24,16.97,16.24,16.7,1091700,0
20150625,16.75,16.8,16.1,16.26,734500,0
20150626,16.2,16.4,15.61,15.85,2568800,0
20150629,15.61,15.81,15.25,15.28,650000,0
20150630,15.28,16.47,15.28,16.24,792250,0
20150701,16.36,16.61,16,16.07,573000,0
20150702,16.02,16.17,15.7,16.03,303700,0
20150706,15.88,16.48,15.7,16.32,351000,0
20150707,16.32,16.42,15.77,15.96,473100,0
20150708,15.82,16.05,15.32,15.46,398200,0
20150709,15.72,15.9,15.32,15.63,246100,0
20150710,15.82,16.46,15.7,16.25,289300,0
20150713,16.3,16.69,16.3,16.44,356600,0
20150714,16.49,16.83,16.36,16.71,462732,0
20150715,16.94,17.01,16.4,16.49,613427,0
20150716,16.59,16.84,16.47,16.51,296200,0
20150717,16.57,16.82,16.3,16.68,452200,0
20150720,16.72,16.9,16.57,16.78,502300,0
20150721,16.75,16.9,16.44,16.62,255600,0
20150722,16.42,16.77,16.25,16.5,313500,0
20150723,16.52,16.73,16.16,16.16,199300,0
20150724,15.37,15.52,14.55,14.73,820100,0
20150727,14.75,14.75,14.03,14.29,559100,0
20150728,14.32,14.71,14.08,14.3,515000,0
20150729,14.25,14.67,14.07,14.29,451800,0
20150730,14.15,14.58,14.01,14.28,264600,0
20150731,14.37,15.28,14.21,14.72,301000,0
20150803,14.78,15.63,14.65,15.39,321935,0
20150804,15.41,15.49,15,15.13,172700,0
20150805,15.37,15.6,14.86,15,327200,0
20150806,14.99,15.15,14.21,14.33,205555,0
20150807,14.19,14.29,13.79,14,294300,0
20150810,13.97,14.87,13.93,14.52,253300,0
20150811,14.42,14.85,13.85,13.93,317743,0
20150812,13.8,14.53,13.75,14.33,368700,0
20150813,14.28,14.84,13.82,13.83,584700,0
20150814,11.64,12.25,9.36,10.01,6516500,0
20150817,10.5,11.4,10.11,10.99,2070900,0
20150818,10.8,11.51,10.8,11.05,729100,0
20150819,10.91,11.16,10.36,10.84,866900,0
20150820,10.69,10.93,10.18,10.26,703600,0
20150821,9.97,10.94,9.91,10.62,459700,0
20150824,10.29,10.89,9.94,10.14,823366,0
20150825,10.39,10.5,9.96,10.08,501500,0
20150826,10.31,10.53,9.79,10.51,427800,0
20150827,10.5,10.87,10.46,10.67,450000,0
20150828,10.6,10.86,10.6,10.78,449800,0
20150831,10.67,10.91,10.35,10.46,358600,0
20150901,10.21,10.56,10.12,10.24,357100,0
20150902,10.36,10.66,10.1,10.64,331100,0
20150903,10.66,10.66,10.07,10.15,333400,0
20150904,10.02,10.22,9.91,10.17,388400,0
20150908,10.36,10.63,10.31,10.59,609600,0
20150909,10.62,10.88,10.57,10.78,421100,0
20150910,10.74,11.065,10.54,11.01,356096,0
20150911,10.97,10.97,10.55,10.64,201900,0
20150914,10.69,10.69,10.24,10.58,280400,0
20150915,10.59,10.95,10.48,10.75,359000,0
20150916,10.71,11.17,10.55,11.02,333400,0
20150917,10.98,11.5,10.89,11.32,666300,0
20150918,11.18,11.39,10.97,11.24,523700,0
20150921,11.46,11.46,10.23,10.51,626000,0
20150922,10.29,10.46,9.95,10.17,634800,0
20150923,10.24,10.25,9.79,9.83,580100,0
20150924,9.77,10.05,9.75,9.84,405651,0
20150925,9.94,9.94,8.85,9.13,689900,0
20150928,9.05,9.2099,8.38,8.68,427483,0
20150929,8.63,8.71,7.89,8.04,538900,0
20150930,8.2,8.43,7.86,8.24,654100,0
20151001,8.27,8.36,7.9,8.03,479700,0
20151002,7.86,8.5,7.77,8.49,350300,0
20151005,8.73,9.07,8.34,8.68,620191,0
20151006,8.63,8.76,8.14,8.47,417100,0
20151007,8.51,8.9,8.37,8.65,381500,0
20151008,8.59,8.68,8.11,8.47,366200,0
20151009,8.48,8.63,8.38,8.48,292800,0
20151012,8.49,8.655,8.08,8.2,189417,0
20151013,8.18,8.47,7.8,7.82,391700,0
20151014,7.87,8.14,7.8,7.99,407900,0
20151015,7.96,8.39,7.96,8.35,531400,0
20151016,8.33,8.56,8.21,8.49,356200,0
20151019,8.46,8.63,8.31,8.54,489200,0
20151020,8.51,8.71,8.17,8.26,175459,0
20151021,8.22,8.27,7.63,7.84,629900,0
20151022,7.87,8.01,7.5,7.64,464100,0
20151023,7.72,7.93,7.53,7.66,332300,0
20151026,7.66,7.9,7.46,7.49,354200,0
20151027,7.47,8.05,7.4,8.03,654800,0
20151028,8.04,8.58,7.84,8.55,402500,0
20151029,8.52,8.95,8.36,8.46,350500,0
20151030,8.45,8.6,8.3,8.43,370600,0
20151102,8.47,9.36,8.47,9.05,677274,0
20151103,9.05,9.39,8.95,9.28,459700,0
20151104,9.31,9.52,9.16,9.41,361295,0
20151105,9.4,9.4,8.9,9.09,249100,0
20151106,9.12,9.39,8.86,9.32,362800,0
20151109,9.32,9.5,9.22,9.36,320473,0
20151110,9.2,9.2,7.76,7.99,939100,0
20151111,7.99,8.13,7.89,7.9,178100,0
20151112,7.81,7.95,7.61,7.78,272700,0
20151113,7.73,8.25,7.65,8.08,262600,0
20151116,8.03,8.21,7.62,7.84,232400,0
20151117,7.87,8.2,7.65,7.75,226300,0
20151118,7.75,8.48,7.75,8.43,603900,0
20151119,8.41,8.61,8.19,8.46,404000,0
20151120,8.53,8.81,8.4,8.71,303000,0
20151123,8.69,9.17,8.64,9.15,320600,0
20151124,9.07,9.59,8.98,9.51,361900,0
20151125,9.55,9.96,9.48,9.95,409200,0
20151127,9.99,10.33,9.94,10.1,270600,0
20151130,10.14,10.69,10.06,10.48,649500,0
20151201,10.54,10.68,9.73,9.94,368162,0
20151202,9.95,10.31,9.77,10.02,267114,0
20151203,10.05,10.12,9.14,9.24,271154,0
20151204,9.29,9.56,9.19,9.38,207600,0
20151207,9.38,9.38,8.82,8.93,214700,0
20151208,8.8,9.42,8.8,9.29,189039,0
20151209,9.23,9.4,8.95,9.04,219500,0
20151210,9.02,9.22,8.91,9.05,170900,0
20151211,9.15,9.15,8.45,8.54,258000,0
20151214,8.5,8.7,8.29,8.36,202879,0
20151215,8.51,9.01,8.43,8.85,187100,0
20151216,8.9,9.2,8.63,9.09,236700,0
20151217,9.12,9.23,8.76,8.9,186800,0
20151218,8.9,9.49,8.9,9.23,392200,0
20151221,9.31,9.69,8.99,9.69,231100,0
20151222,9.71,9.78,9.15,9.27,222298,0
20151223,9.34,9.52,9.16,9.31,149800,0
20151224,9.37,9.62,9.3555,9.55,129690,0
20151228,9.43,9.5,9.11,9.26,182243,0
20151229,9.34,9.75,9.26,9.71,284612,0
20151230,9.73,9.84,9.37,9.45,147290,0
20151231,9.43,9.59,9.3616,9.52,205882,0
20160104,9.33,9.365,8.53,8.69,247289,0
20160105,8.75,8.96,8.47,8.8,133732,0
20160106,8.64,8.64,7.82,7.95,269457,0
20160107,7.74,8.215,7.26,7.51,256489,0
20160108,7.6,7.83,7.17,7.28,347368,0
20160111,7.32,7.32,6.455,6.65,363628,0
20160112,6.77,7.01,6.06,6.33,409665,0
20160113,6.37,6.394,5.98,6.02,531932,0
20160114,6.11,6.2,5.72,6,494256,0
20160115,5.79,6.09,5.73,6.07,328283,0
20160119,6.18,6.33,5.54,5.75,405300,0
20160120,5.58,6.29,5.41,6.18,422411,0
20160121,6.22,6.4,5.92,6.24,275929,0
20160122,6.38,6.62,6.17,6.42,266501,0
20160125,6.36,6.6,6.29,6.37,201303,0
20160126,6.4,6.51,5.96,6.5,280688,0
20160127,6.48,6.59,6.16,6.3,247555,0
20160128,6.34,6.51,5.74,5.84,253529,0
20160129,5.84,6.24,5.7105,6,387924,0
20160201,5.94,6,5.0701,5.22,620622,0
20160202,5.05,5.21,4.75,4.815,432454,0
20160203,4.89,4.89,4.525,4.7,576760,0
20160204,4.67,5.01,4.6,4.71,287364,0
20160205,4.67,4.85,4.42,4.44,543152,0
20160208,4.36,4.38,4.1,4.18,646943,0
20160209,4.1,4.27,4,4.15,382050,0
20160210,4.18,4.69,4.11,4.57,1183166,0
20160211,4.48,4.89,4.17,4.75,946609,0
20160212,4.8,4.9,4.64,4.8,330907,0
20160216,4.84,4.995,4.67,4.96,441581,0
20160217,5.02,5.32,4.88,5.2,458497,0
20160218,5.2,5.33,4.97,5.25,339318,0
20160219,5.2,5.55,4.92,5.5,407595,0
20160222,5.56,5.69,5.26,5.51,472501,0
20160223,5.49,5.569,5.26,5.35,375574,0
20160224,5.3,5.38,5.02,5.29,248277,0
20160225,5.3,5.51,5.15,5.3,191555,0
20160226,5.34,5.55,5.14,5.53,260527,0
20160229,5.53,5.57,5.05,5.12,441630,0
20160301,5.16,5.46,4.96,5.44,299190,0
20160302,5.44,5.85,5.16,5.7,395435,0
20160303,5.59,5.82,5.3,5.33,496830,0
20160304,5.18,5.49,5.12,5.36,317766,0
20160307,5.35,5.81,5.09,5.66,347181,0
20160308,5.66,5.7,5.16,5.18,241910,0
20160309,5.2,5.2476,5,5.12,423172,0
20160310,5.17,5.35,5.04,5.07,299861,0
20160311,5.16,5.2,4.98,5.18,413665,0
20160314,5.18,5.35,5.13,5.28,190823,0
20160315,5.21,5.21,4.85,4.87,339836,0
20160316,4.86,4.98,4.81,4.9,234651,0
20160317,4.9,5.0449,4.66,4.99,263495,0
20160318,5.03,5.25,4.83,5.21,434530,0
20160321,5.17,5.47,5.03,5.38,269073,0
20160322,5.34,5.56,5.19,5.4,232220,0
20160323,5.36,5.58,4.94,4.96,407698,0
20160324,4.89,5.255,4.77,5.09,226187,0
20160328,5.06,5.14,4.86,5,274902,0
20160329,4.99,5.1,4.84,5.08,341200,0
20160330,5.09,5.23,4.85,4.97,368537,0
20160331,5.01,5.39,4.94,5.17,327246,0
20160401,5.09,5.27,5.04,5.2,248055,0
20160404,5.22,5.5,5.12,5.41,408011,0
20160405,5.37,5.45,5.25,5.35,142923,0
20160406,5.38,5.65,5.31,5.49,373535,0
20160407,5.46,5.5475,5.25,5.29,269005,0
20160408,5.39,5.39,5.18,5.2,303523,0
20160411,5.22,5.33,5.075,5.11,165639,0
20160412,5.12,5.22,5,5.09,202311,0
20160413,5.19,5.43,5.1,5.34,315043,0
20160414,5.36,5.46,5.26,5.3,229550,0
20160415,5.28,5.47,5.177,5.36,243035,0
20160418,5.46,5.61,5.27,5.58,332281,0
20160419,5.65,5.74,5.27,5.53,274995,0
20160420,5.56,5.71,5.52,5.65,179658,0
20160421,5.67,6.16,5.67,6.11,370191,0
20160422,6.14,6.27,5.99,6.24,184984,0
20160425,6.25,6.31,5.99,6.11,173447,0
20160426,6.1,6.22,6.025,6.14,147940,0
20160427,6.11,6.12,5.71,5.75,400653,0
20160428,5.75,5.79,5.61,5.68,319147,0
20160429,5.68,5.86,5.58,5.64,199271,0
20160502,5.67,5.76,5.49,5.7,206056,0
20160503,5.62,5.675,5.36,5.37,181035,0
20160504,5.3,5.35,4.97,4.99,194856,0
20160505,5.05,5.26,4.75,4.83,307734,0
20160506,4.7,4.83,4.1,4.115,499376,0
20160509,4.15,4.15,3.89,4.03,350990,0
20160510,4.08,4.4,3.95,4.32,197667,0
20160511,4.3,4.3,4.13,4.14,258594,0
20160512,4.8,4.8,3.8,3.88,126700,0
20160513,3.89,3.89,3.62,3.64,371200,0
20160516,3.66,3.9,3.65,3.86,212163,0
20160517,3.75,4.04,3.72,3.86,267777,0
20160518,3.79,4.1,3.75,4.08,192074,0
20160519,4.03,4.18,3.84,3.92,154087,0
20160520,3.96,4.2,3.95,4.09,179922,0
20160523,4.1,4.5,4.09,4.33,161791,0
20160524,4.35,4.58,4.21,4.42,434408,0
20160525,4.22,4.59,4.18,4.32,118111,0
20160526,4.32,4.39,4.16,4.24,119370,0
20160527,4.31,4.56,4.17,4.5,193763,0
20160531,4.54,4.69,4.48,4.52,127903,0
20160601,4.51,4.7,4.49,4.52,154216,0
20160602,4.53,4.7,4.344,4.68,114593,0
20160603,4.67,4.69,4.37,4.46,77464,0
20160606,4.51,4.66,4.33,4.46,148407,0
20160607,4.41,4.6,4.35,4.52,98325,0
20160608,4.36,4.39,4.14,4.17,201998,0
20160609,4.14,4.19,3.9,3.92,147078,0
20160610,3.91,4,3.76,3.89,168521,0
20160613,3.83,3.95,3.6,3.7,271777,0
20160614,3.68,3.73,3.4,3.44,195040,0
20160615,3.46,3.525,3.39,3.44,104707,0
20160616,3.45,3.53,3.31,3.5,72175,0
20160617,3.52,3.52,3.3,3.31,275801,0
20160620,3.38,3.49,3.315,3.34,104436,0
20160621,3.33,3.43,3.2,3.27,96916,0
20160622,3.28,3.47,3.2,3.3,73575,0
20160623,3.31,3.55,3.26,3.55,122965,0
20160624,3.37,3.43,3.2,3.24,144451,0
20160627,3.21,3.33,3,3.02,205154,0
20160628,3.1,3.31,3.1,3.27,108513,0
20160629,3.29,3.35,3.22,3.25,151778,0
20160630,3.26,3.36,3.13,3.16,142316,0
20160701,3.14,3.3799,3.14,3.32,247680,0
20160705,3.34,3.3999,3.12,3.17,75035,0
20160706,3.15,3.25,3.06,3.12,138632,0
20160707,3.16,3.24,3.11,3.19,98449,0
20160708,3.26,3.47,3.24,3.38,177813,0
20160711,3.42,3.4783,3.32,3.32,74195,0
20160712,3.37,3.44,3.33,3.39,124182,0
20160713,3.41,3.43,3.13,3.15,113129,0
20160714,3.19,3.3,3,3.04,194909,0
20160715,3.08,3.2,3.06,3.19,118536,0
20160718,3.19,3.23,3.14,3.19,147105,0
20160719,3.21,3.23,3.03,3.07,160339,0
20160720,3.07,3.17,3.015,3.05,224515,0
20160721,3.05,3.14,2.99,3.05,183403,0
20160722,3.07,3.24,3.02,3.23,340040,0
20160725,3.47,3.4893,3.2,3.25,382281,0
20160726,3.25,3.3,3.13,3.24,280544,0
20160727,3.28,3.41,3.24,3.33,210044,0
20160728,3.38,3.78,3.29,3.62,1458537,0
20160729,3.72,3.74,3.33,3.62,1289071,0
20160801,3.61,3.63,3.31,3.49,513524,0
20160802,3.51,3.62,3.32,3.54,348591,0
20160803,3.55,4.4699,3.451,4.33,2225339,0
20160804,4.37,4.86,4.19,4.7,1127176,0
20160805,4.55,4.64,4.23,4.25,339635,0
20160808,4.49,4.64,4.38,4.4,313786,0
20160809,4.39,4.47,4.31,4.41,137732,0
20160810,4.6,4.6,4.43,4.5,165387,0
20160811,4.47,4.59,4.45,4.53,131199,0
20160812,4.52,4.73,4.4306,4.64,87301,0
20160815,4.65,4.79,4.626,4.76,214369,0
20160816,4.7,4.78,4.37,4.5,134800,0
20160817,4.5,4.52,4.14,4.27,169177,0
20160818,4.29,4.47,4.22,4.37,99203,0
20160819,4.37,4.37,4.02,4.21,172573,0
20160822,4.2,4.26,4.13,4.24,104878,0
20160823,4.24,4.48,4.2024,4.47,130196,0
20160824,4.46,4.52,4.03,4.05,129813,0
20160825,4.04,4.32,3.6039,3.68,225403,0
20160826,3.68,3.82,3.515,3.79,129548,0
20160829,3.81,3.86,3.7,3.71,98900,0
20160830,3.71,3.96,3.7,3.74,45511,0
20160831,3.73,3.7433,3.51,3.57,137037,0
20160901,3.6,3.69,3.5,3.55,70484,0
20160902,3.59,3.7999,3.43,3.74,274851,0
20160906,3.76,3.76,3.46,3.48,167875,0
20160907,3.49,3.77,3.49,3.58,153026,0
20160908,3.53,3.769,3.53,3.72,114843,0
20160909,3.66,3.968,3.63,3.86,213551,0
20160912,3.8,4.06,3.7501,4.04,201567,0
20160913,4.02,4.02,3.6101,3.66,225416,0
20160914,3.68,3.8,3.563,3.62,173977,0
20160915,3.63,3.78,3.5,3.76,113757,0
20160916,3.79,3.93,3.63,3.79,147299,0
20160919,3.84,3.98,3.64,3.8,100656,0
20160920,3.86,4.15,3.8,4.09,199419,0
20160921,4.15,4.1501,3.91,4.08,147989,0
20160922,4.09,4.2093,4.02,4.2,79458,0
20160923,4.19,4.4,4.17,4.2,325543,0
20160926,4.22,4.22,4,4.03,120236,0
20160927,4,4.29,3.87,4.21,174680,0
20160928,4.21,4.39,4.06,4.16,108941,0
20160929,4.2,4.2,3.901,4.01,135486,0
20160930,4.01,4.2,3.94,4.11,174853,0
20161003,4.14,4.27,4.14,4.24,166118,0
20161004,4.25,4.49,4,4.18,133393,0
20161005,4.21,4.47,4.11,4.35,194462,0
20161006,4.45,4.55,4.15,4.33,149039,0
20161007,4.32,4.32,4.015,4.04,79766,0
20161010,4.11,4.22,4.07,4.18,71561,0
20161011,4.17,4.17,3.95,3.99,94687,0
20161012,4,4.1,3.78,3.81,134036,0
20161013,3.75,3.79,3.65,3.68,137051,0
20161014,3.84,3.9341,3.52,3.57,148034,0
20161017,3.55,3.74,3.33,3.37,177187,0
20161018,3.41,3.48,3.29,3.44,35181,0
20161019,3.5,3.5,3.3,3.38,49839,0
20161020,3.32,3.44,3.32,3.36,98141,0
20161021,3.32,3.36,2.975,3.15,379766,0
20161024,3.19,3.21,3.0504,3.09,128507,0
20161025,3.09,3.14,2.86,2.92,270988,0
20161026,2.94,3.11,2.92,3.02,167043,0
20161027,3.08,3.09,2.98,2.99,134931,0
20161028,2.99,3.08,2.94,2.97,124141,0
20161031,3,3.05,2.9,2.95,102732,0
20161101,3,3.05,2.9,3,70696,0
20161102,3.05,3.1,2.95,3.05,95260,0
20161103,3.1,3.1,2.85,2.85,171426,0
20161104,2.85,2.95,2.74,2.85,167317,0
20161107,3,3.05,2.9,2.95,57699,0
20161108,2.95,3,2.85,2.9,106725,0
20161109,2.8,3.35,2.8,3.3,401838,0
20161110,3.3,3.6,3.25,3.575,202546,0
20161111,3.6,3.7,3.45,3.65,188430,0
20161114,3.75,3.8,3.45,3.6,185439,0
20161115,3.5,3.55,3.16,3.4,188866,0
20161116,3.35,3.75,3.3,3.55,98580,0
20161117,3.55,3.7,3.45,3.5,74697,0
20161118,3.5,3.6,3.4,3.55,72697,0
20161121,3.5,3.55,2.75,3,946158,0
20161122,3.05,3.05,2.9,3,222486,0
20161123,3,3,2.8,3,270838,0
20161125,3,3.05,2.85,2.95,75276,0
20161128,3,3,2.85,2.95,222459,0
20161129,3,3.05,2.85,2.9,199725,0
20161130,2.85,3,2.85,2.85,95105,0
20161201,2.9,2.95,2.8,2.8,228356,0
20161202,2.85,2.9,2.8,2.85,91716,0
20161205,2.9,3,2.85,3,154779,0
20161206,3,3.05,2.85,3,200317,0
20161207,2.95,3.05,2.9,2.95,232766,0
20161208,2.95,3.25,2.95,3.2,274178,0
20161209,3.1,3.3,3.1,3.2,201089,0
20161212,3.15,3.2,2.9,2.95,198762,0
20161213,3,3,2.9,2.95,242943,0
20161214,2.95,2.95,2.85,2.9,167900,0
20161215,2.9,3,2.8636,2.95,148139,0
20161216,3,3.2,2.95,3.1,1070616,0
20161219,3.15,3.2,3.1,3.15,190297,0
20161220,3.2,3.46,3.2,3.45,250686,0
20161221,3.45,3.475,3.3,3.35,131940,0
20161222,3.35,3.45,3.25,3.3,175934,0
20161223,3.35,3.425,3.25,3.3,130248,0
20161227,3.3,3.4,3.2,3.25,171788,0
20161228,3.2,3.2,2.95,3,345210,0
20161229,3,3.1,2.95,2.95,292309,0
20161230,2.95,3.1,2.85,2.9,596093,0
20170103,3,3.1,2.9,2.95,100363,0
20170104,3.05,3.35,3,3.35,235429,0
20170105,3.35,3.35,3,3.05,413164,0
20170106,3.1,3.1,3,3,206886,0
20170109,3,3.15,3,3.05,141302,0
20170110,3.1,3.15,3,3,178184,0
20170111,3.1,3.1,2.9,2.9,247008,0
20170112,2.939,3.05,2.9,3,194633,0
20170113,3,3.2,3,3.15,215248,0
20170117,3.15,3.15,3.05,3.05,101007,0
20170118,3.05,3.1,3,3.05,159756,0
20170119,3,3.05,2.95,2.95,146934,0
20170120,2.95,2.975,2.875,2.95,104242,0
20170123,2.95,2.95,2.9,2.9,62619,0
20170124,2.9,2.925,2.85,2.85,124374,0
20170125,2.95,2.95,2.85,2.9,223382,0
20170126,2.85,2.95,2.85,2.9,198169,0
20170127,2.9,2.95,2.85,2.85,113825,0
20170130,2.85,2.9,2.85,2.85,88246,0
20170131,2.85,2.9,2.85,2.9,181855,0
20170201,2.9,2.975,2.85,2.95,284984,0
20170202,2.95,2.95,2.9,2.9,82208,0
20170203,2.95,2.95,2.85,2.9,133877,0
20170206,2.95,2.95,2.85,2.95,297721,0
20170207,2.95,2.95,2.85,2.85,253117,0
20170208,2.85,2.95,2.8,2.8,382241,0
20170209,2.8,2.85,2.7,2.7,312260,0
20170210,2.75,3,2.7,3,549096,0
20170213,3,3.1,2.9,3,492896,0
20170214,3,3,2.85,2.9,166131,0
20170215,2.85,2.95,2.8,2.9,157873,0
20170216,2.95,2.95,2.8,2.8,193402,0
20170217,2.85,2.85,2.7,2.8,414979,0
20170221,2.85,2.85,2.75,2.75,103253,0
20170222,2.8,2.85,2.7,2.75,89982,0
20170223,2.75,2.775,2.7,2.75,123760,0
20170224,2.7,2.75,2.65,2.65,185480,0
20170227,2.7,2.75,2.65,2.75,124619,0
20170228,2.7,2.75,2.65,2.65,167112,0
20170301,2.7,2.85,2.65,2.8,288847,0
20170302,2.8,2.85,2.75,2.8,82877,0
20170303,2.8,2.9,2.7,2.85,132144,0
20170306,2.85,2.9,2.75,2.8,193335,0
20170307,2.8,2.825,2.75,2.75,155908,0
20170308,2.8,2.85,2.7,2.8,142004,0
20170309,2.8,3,2.71,2.85,154358,0
20170310,2.85,2.85,2.7,2.75,144027,0
20170313,2.75,2.8,2.6,2.8,517354,0
20170314,2.8,2.8,2.7,2.75,72278,0
20170315,2.75,2.8,2.7,2.75,135193,0
20170316,2.7,2.75,2.65,2.75,148664,0
20170317,2.7,2.8,2.65,2.75,190030,0
20170320,2.75,2.75,2.6,2.7,182533,0
20170321,2.7,2.7,2.55,2.55,177787,0
20170322,2.6,2.6,2.55,2.6,114771,0
20170323,2.55,2.75,2.525,2.6,549253,0
20170324,2.625,2.725,2.55,2.65,401659,0
20170327,2.7,2.75,2.6,2.75,360949,0
20170328,2.7,2.8,2.65,2.75,161014,0
20170329,2.7,2.85,2.7,2.8,365034,0
20170330,2.85,2.85,2.65,2.7,277611,0
20170331,2.75,2.75,2.65,2.7,154122,0
20170403,2.7,2.75,2.65,2.65,124822,0
20170404,2.65,2.75,2.6,2.7,92392,0
20170405,2.7,2.75,2.65,2.7,140007,0
20170406,2.65,2.7,2.55,2.575,172655,0
20170407,2.55,2.6,2.5,2.55,258042,0
20170410,2.5,2.75,2.5,2.7,238924,0
20170411,2.75,2.75,2.6,2.75,200788,0
20170412,2.7,2.8,2.6,2.65,166064,0
20170413,2.65,2.7,2.6,2.65,98038,0
20170417,2.7,2.8,2.6,2.65,340524,0
20170418,2.6,2.675,2.55,2.575,261171,0
20170419,2.65,2.65,2.5,2.6,333296,0
20170420,2.65,2.65,2.55,2.65,142647,0
20170421,2.65,2.75,2.6,2.7,315918,0
20170424,2.75,2.75,2.6,2.6,158218,0
20170425,2.65,2.7,2.65,2.65,112356,0
20170426,2.7,2.8,2.65,2.8,229028,0
20170427,2.75,2.8,2.6,2.65,163832,0
20170428,2.7,2.95,2.65,2.85,908669,0
20170501,2.85,3.2,2.805,3,777083,0
20170502,3,3.031,2.75,2.8,334163,0
20170503,2.8,2.85,2.75,2.8,170145,0
20170504,2.8,2.85,2.75,2.85,256923,0
20170505,2.8,2.85,2.75,2.85,237906,0
20170508,2.8,2.85,2.75,2.8,130542,0
20170509,2.75,2.9,2.75,2.8,372460,0
20170510,2.75,2.85,2.7,2.75,203673,0
20170511,2.75,2.955,2.7,2.9,339933,0
20170512,2.9,3.1,2.85,3.05,241942,0
20170515,3.05,3.15,2.9,3.1,361243,0
20170516,3.1,3.1,2.9,2.95,57749,0
20170517,2.9,2.94,2.8,2.8,80644,0
20170518,2.85,2.925,2.8,2.8,149684,0
20170519,2.8,2.85,2.7,2.725,184713,0
20170522,2.7,2.8,2.7,2.8,91785,0
20170523,2.75,2.8,2.7,2.725,112764,0
20170524,2.7,2.8,2.7,2.75,116742,0
20170525,2.75,2.75,2.65,2.65,149641,0
20170526,2.65,2.7,2.625,2.7,244611,0
20170530,2.7,2.7,2.6,2.6,160062,0
20170531,2.6,2.65,2.55,2.55,237996,0
20170601,2.6,2.7,2.6,2.6,179110,0
20170602,2.65,2.75,2.6,2.75,136061,0
20170605,2.7,2.75,2.65,2.65,125101,0
20170606,2.6,2.725,2.6,2.65,163907,0
20170607,2.65,2.75,2.6,2.7,199417,0
20170608,2.65,2.75,2.65,2.75,91413,0
20170609,2.75,2.75,2.65,2.7,171843,0
20170612,2.65,2.825,2.65,2.75,229120,0
20170613,2.8,2.8,2.7,2.75,129021,0
20170614,2.75,2.8,2.7,2.75,96245,0
20170615,2.75,2.85,2.65,2.7,294160,0
20170616,2.65,2.85,2.65,2.75,362275,0
20170619,2.8,3.05,2.75,2.9,1117726,0
20170620,2.85,2.95,2.8,2.85,520172,0
20170621,2.85,3.05,2.81,3,525645,0
20170622,3,3.1,2.8,2.85,568126,0
20170623,2.85,2.95,2.75,2.75,2844650,0
20170626,2.8,2.95,2.7,2.75,529716,0
20170627,2.75,2.85,2.66,2.7,106416,0
20170628,2.7,2.75,2.5,2.575,427593,0
20170629,2.6,2.6,2.5,2.5,530787,0
20170630,2.55,2.55,2.45,2.5,349100,0
20170703,2.55,2.55,2.45,2.5,144045,0
20170705,2.45,2.55,2.45,2.55,165146,0
20170706,2.55,2.55,2.45,2.45,315970,0
20170707,2.5,2.6,2.5,2.55,171084,0
20170710,2.55,2.6,2.475,2.5,268058,0
20170711,2.5,2.6,2.5,2.5,355740,0
20170712,2.55,2.6,2.5,2.55,421831,0
20170713,2.55,2.6,2.5,2.6,142623,0
20170714,2.575,2.845,2.525,2.6,391450,0
20170717,2.65,2.8,2.65,2.7,171374,0
20170718,2.7,2.75,2.6,2.65,130529,0
20170719,2.65,2.7,2.6,2.65,89455,0
20170720,2.65,2.7,2.625,2.65,44625,0
20170721,2.65,2.8,2.65,2.65,112011,0
20170724,2.7,2.74,2.6,2.7,157458,0
20170725,2.7,2.8,2.6,2.6,110802,0
20170726,2.6,2.65,2.55,2.6,148028,0
20170727,2.6,2.65,2.525,2.55,114790,0
20170728,2.55,2.6,2.5,2.55,93171,0
20170731,2.55,2.6,2.525,2.55,87961,0
20170801,2.55,2.6,2.5,2.5,129818,0
20170802,2.5,2.55,2.45,2.5,157055,0
20170803,2.5,2.55,2.475,2.55,94408,0
20170804,2.5,2.55,2.475,2.5,144937,0
20170807,2.5,2.55,2.46,2.55,102469,0
20170808,2.5,2.55,2.475,2.525,142210,0
20170809,2.55,2.575,2.45,2.55,300259,0
20170810,2.5,2.55,2.5,2.55,154809,0
20170811,2.5,2.55,2.5,2.55,64902,0
20170814,2.55,2.55,2.5,2.55,62029,0
20170815,2.55,2.55,2.5,2.55,61144,0
20170816,2.55,2.55,2.5,2.5,59566,0
20170817,2.5,2.55,2.45,2.45,123449,0
20170818,2.45,2.5,2.4,2.45,156186,0
20170821,2.45,2.6,2.45,2.5,264206,0
20170822,2.5,2.55,2.475,2.5,94176,0
20170823,2.45,2.55,2.45,2.475,80156,0
20170824,2.5,2.75,2.45,2.7,592077,0
20170825,2.7,2.95,2.6,2.6,395344,0
20170828,2.65,2.85,2.645,2.65,214260,0
20170829,2.65,2.8,2.65,2.75,79279,0
20170830,2.775,2.85,2.75,2.8,203740,0
20170831,2.8,2.85,2.75,2.75,97122,0
20170901,2.8,2.85,2.75,2.8,184169,0
20170905,2.8,2.8,2.5,2.55,340885,0
20170906,2.55,2.75,2.55,2.725,260312,0
20170907,2.7,2.95,2.65,2.7,427482,0
20170908,2.7,2.99,2.7,2.85,354774,0
20170911,2.85,3.1,2.85,3,453476,0
20170912,3,3.05,2.875,3,194719,0
20170913,3.05,3.25,2.95,3.15,516940,0
20170914,3.2,3.575,3.1122,3.45,471209,0
20170915,3.5,3.7,3.375,3.5,877255,0
20170918,3.5,3.625,3.35,3.45,487704,0
20170919,3.4,3.5,3.4,3.5,112974,0
20170920,3.45,3.6,3.4107,3.45,99682,0
20170921,3.45,3.55,3.25,3.55,224433,0
20170922,3.5,3.595,3.3,3.4,145572,0
20170925,3.5,3.55,3.225,3.3,269598,0
20170926,3.35,3.35,3.11,3.35,201413,0
20170927,3.35,3.55,3.25,3.45,210367,0
20170928,3.5,3.6,3.425,3.45,120535,0
20170929,3.4,3.85,3.35,3.7,276718,0
20171002,3.6,3.95,3.55,3.9,185345,0
20171003,4,4,3.7,3.8,312740,0
20171004,3.8,3.85,3.7,3.75,97830,0
20171005,3.65,3.75,3.6,3.65,245627,0
20171006,3.65,3.65,3.455,3.55,173073,0
20171009,3.6,3.64,3.5,3.55,68715,0
20171010,3.55,3.7,3.55,3.65,375088,0
20171011,3.7,3.7,3.55,3.6,197824,0
20171012,3.75,4.05,3.625,3.95,1749416,0
20171013,4.1,4.2,3.55,3.8,790029,0
20171016,3.8,3.9,3.55,3.7,570972,0
20171017,3.75,3.75,3.35,3.6,366191,0
20171018,3.6,3.6,3.4,3.45,121766,0
20171019,3.35,3.45,3.29,3.4,115074,0
20171020,3.4,3.525,3.25,3.475,225319,0
20171023,3.5,3.5,3.35,3.35,106798,0
20171024,3.35,3.4,3.15,3.2,350249,0
20171025,3.15,3.3,3.15,3.15,147688,0
20171026,3.2,3.25,3.05,3.15,105667,0
20171027,3.05,3.225,3,3.2,179299,0
20171030,3.1617,3.3,3.1,3.25,287258,0
20171031,3.25,3.3,3.1,3.25,171424,0
20171101,3.25,3.275,3.05,3.15,171028,0
20171102,3.195,3.25,3.06,3.25,115354,0
20171103,3.2,3.55,3.2,3.25,558052,0
20171106,3.3,3.35,3.15,3.2,135786,0
20171107,3.1745,3.2,3,3.15,192768,0
20171108,3.1,3.1,2.9,3,182919,0
20171109,2.9,3.1,2.9,2.95,163180,0
20171110,2.9,3,2.85,2.85,348683,0
20171113,2.95,3.05,2.925,3,232781,0
20171114,3,3.15,2.9,3.1,248254,0
20171115,3.1,3.15,2.95,3,149888,0
20171116,3.05,3.175,2.95,3.15,165117,0
20171117,3.1,3.2,3.05,3.15,618298,0
20171120,3.2,3.25,2.9,2.95,306466,0
20171121,3,3.1,2.91,3,226795,0
20171122,3.05,3.05,3,3.025,98197,0
20171124,3.025,3.05,2.975,3.05,65743,0
20171127,3,3.2,2.988,3.1,394996,0
20171128,3.1,3.2,3.05,3.05,601305,0
20171129,3.1,3.2,2.95,2.95,240847,0
20171130,3,3.15,2.95,3.05,734900,0
20171201,3.05,3.125,2.95,3.05,1439422,0
20171204,3.05,3.15,3,3,193435,0
20171205,3.05,3.175,2.975,3,406023,0
20171206,3.1,3.21,3.1,3.15,973325,0
20171207,3.2,3.3,3.1,3.25,955438,0
20171208,3.3,3.5,3.2,3.45,673652,0
20171211,3.5,3.5,3.225,3.3,850960,0
20171212,3.35,3.39,3.15,3.15,343951,0
20171213,3.15,3.2,3.05,3.05,425824,0
20171214,3.15,3.3,3.05,3.05,318542,0
20171215,3.1,3.15,2.95,3,587423,0
20171218,3.05,3.35,3.04,3.2,831551,0
20171219,3.25,3.5,3.25,3.4,591026,0
20171220,3.4,3.45,3.3,3.45,315911,0
20171221,3.45,3.5,3.4,3.45,238654,0
20171222,3.4,3.45,3.35,3.45,285436,0
20171226,3.45,3.5,3.4,3.5,465289,0
20171227,3.5,3.55,3.45,3.55,704951,0
20171228,3.6,3.6,3.45,3.6,1354896,0
20171229,3.65,3.65,3.5,3.5,913011,0
20180102,3.65,3.75,3.5,3.65,1794323,0
20180103,3.7,4.35,3.7,4.3,1531866,0
20180104,4.3,4.4,4.05,4.4,1492047,0
20180105,4.4,4.45,4.3,4.45,877426,0
20180108,4.5,4.5,4.16,4.25,649095,0
20180109,4.25,4.4,3.85,4.1,1063464,0
20180110,4.1,4.35,4.05,4.25,652521,0
20180111,4.3,4.3,3.95,3.975,1396838,0
20180112,4,4.075,3.95,3.95,497036,0
20180116,4,4.55,3.975,4.35,1731382,0
20180117,4.4,4.65,4.225,4.65,658639,0
20180118,4.7,4.85,4.51,4.65,1554862,0
20180119,4.7,4.95,4.65,4.9,879005,0
20180122,4.9,5.3,4.85,5.15,1273239,0
20180123,5.2,5.75,5.1,5.4,1656573,0
20180124,5.4,5.85,5.4,5.75,1079863,0
20180125,5.95,6.8,5.85,6.45,3577700,0
20180126,6.65,7.35,6.45,7,4467114,0
20180129,7.1,7.65,7,7.55,3115730,0
20180130,7.35,8.3,7.0075,7.9,2859488,0
20180131,8.25,8.59,7.1,7.3,2638347,0
20180201,7.2,7.95,6.95,7.65,1723065,0
20180202,7.6,7.7,7.15,7.3,1009256,0
20180205,7.2,7.625,7,7.4,1050845,0
20180206,7.15,7.5,6.305,6.9,1622251,0
20180207,6.95,7.5,6.95,7.1,883955,0
20180208,7.4,7.85,7.05,7.5,6794810,0
20180209,7.5,7.645,6.36,7.05,1995480,0
20180212,7.2,7.3,6.725,6.85,985419,0
20180213,6.75,7.08,6.75,6.9,1478993,0
20180214,6.85,6.95,6.5,6.5,1252673,0
20180215,6.75,6.85,6.06,6.45,2602322,0
20180216,6.4,6.65,6.2,6.4,1642091,0
20180220,6.45,6.575,6.1,6.2,894098,0
20180221,6.15,6.6,5.95,6.4,1524518,0
20180222,6.4,6.95,6.25,6.8,1750769,0
20180223,6.8,7.15,6.6,6.95,1062171,0
20180226,7,7.25,6.625,6.65,1830824,0
20180227,6.7,6.95,6.65,6.8,987872,0
20180228,6.85,7.325,6.75,6.925,1650271,0
20180301,6.9,6.99,6.3,6.65,1476899,0
20180302,6.65,7.2,6.45,7.05,1622453,0
20180305,7.5,7.85,7.15,7.25,2215927,0
20180306,7.4,7.6,6.75,7.2,1449551,0
20180307,7.15,7.25,6.75,6.95,886296,0
20180308,6.9,7.05,6.75,6.8,853419,0
20180309,6.75,6.89,6.45,6.7,1175813,0
20180312,6.65,7.05,6.3727,6.9,1411398,0
20180313,6.85,7.4,6.7,6.95,1599306,0
20180314,7,7.6,6.95,7.35,1360772,0
20180315,7.4,8.05,7.25,7.6,2398110,0
20180316,7.7,7.7,7,7.2,1315389,0
20180319,7.2,7.2,6.5,6.55,1724048,0
20180320,6.55,6.8,6.4,6.6,1169922,0
20180321,6.55,6.728,6,6.6,996482,0
20180322,6.55,6.675,6.25,6.4,663786,0
20180323,6.35,6.55,6.245,6.4,740497,0
20180326,6.45,6.55,6.2,6.425,545620,0
20180327,6.4,6.525,5.55,5.6,856888,0
20180328,5.65,5.85,5.6,5.65,634259,0
20180329,5.65,5.9,5.35,5.8,713535,0
20180402,5.75,5.775,5.45,5.7,783750,0
20180403,5.7,5.95,5.5,5.55,494232,0
20180404,5.55,5.85,5.45,5.75,417932,0
20180405,5.8,5.9224,5.625,5.8,463006,0
20180406,5.75,6,5.375,5.45,594277,0
20180409,5.7,6.15,5.7,5.8,1110118,0
20180410,5.8,6.425,5.75,6.25,765157,0
20180411,6.25,6.4,5.85,5.95,681046,0
20180412,6,6.5,5.95,6.45,573589,0
20180413,6.4,6.7,6.275,6.45,554849,0
20180416,6.5,6.5,6.35,6.35,272424,0
20180417,6.35,6.8,6.35,6.7,482734,0
20180418,6.65,6.85,6.4,6.525,519929,0
20180419,6.55,6.7,6.35,6.45,384487,0
20180420,6.5,6.5,6.2,6.3,316025,0
20180423,6.3,6.305,5.75,6,826315,0
20180424,5.95,6.15,5.7,5.85,480784,0
20180425,5.8,6.1,5.7,5.9,466128,0
20180426,5.95,6.25,5.95,6.1,218369,0
20180427,6.15,6.55,6.05,6.5,532527,0
20180430,6.45,6.55,6.05,6.25,468093,0
20180501,6.25,6.325,6.025,6.15,213722,0
20180502,6.1,6.45,6.05,6.35,364624,0
20180503,6.3,6.6,6.275,6.35,529459,0
20180504,5.95,6,4.925,5.325,3508454,0
20180507,5.3,5.95,5.2998,5.65,1322733,0
20180508,5.6,5.75,5.5,5.55,759074,0
20180509,5.5,5.9,5.45,5.85,477582,0
20180510,6,6.05,5.65,5.75,686853,0
20180511,5.75,5.925,5.6,5.85,732808,0
20180514,5.9,6.14,5.8,6,551975,0
20180515,5.95,6.15,5.9196,6,239026,0
20180516,6,6.25,5.95,6.15,617657,0
20180517,6.2,6.2,5.7,6,690550,0
20180518,6.1,6.35,5.975,6.1,974211,0
20180521,6.1,6.2,5.85,5.9,697125,0
20180522,5.8,6.125,5.75,5.95,713138,0
20180523,5.95,6.2,5.95,6.15,282968,0
20180524,6.1,6.2,6.05,6.15,201260,0
20180525,6.1,6.2,6.075,6.15,238340,0
20180529,6.2,6.2,5.9,6.05,539095,0
20180530,6.05,6.4001,6.05,6.35,544566,0
20180531,6.35,6.45,6.1,6.25,541138,0
20180601,6.25,6.44,6.125,6.35,328343,0
20180604,6.3,6.4,6.1,6.35,330171,0
20180605,6.3,6.5,6.2,6.45,388833,0
20180606,6.45,6.95,6.425,6.9,730343,0
20180607,6.9,6.95,6.4,6.4,617316,0
20180608,6.4,6.55,6.15,6.25,520308,0
20180611,6.3,6.4,6.1,6.2,1178299,0
20180612,6.2,6.35,5.75,5.8,513011,0
20180613,5.8,6,5.65,5.65,561242,0
20180614,5.7,5.925,5.4,5.55,534334,0
20180615,5.55,5.75,5.4,5.55,660556,0
20180618,5.55,5.75,5.4,5.55,515619,0
20180619,5.55,5.9,5.5,5.8,568799,0
20180620,5.85,6.15,5.8,6,562662,0
20180621,5.95,6.095,5.65,5.75,529882,0
20180622,5.75,6.1,5.6,6.05,6374129,0
20180625,6,6.25,5.8,6,1101491,0
20180626,6.05,6.15,5.85,6.1,613614,0
20180627,6.05,6.075,5.325,5.4,993723,0
20180628,5.35,5.45,5.2,5.35,621593,0
20180629,5.3,5.525,5.21,5.3,512755,0
20180702,5.3,5.525,5.3,5.4,191288,0
20180703,5.45,5.7,5.4,5.55,1347869,0
20180705,5.75,5.8,5.5,5.55,279914,0
20180706,5.55,5.95,5.55,5.95,502677,0
20180709,5.95,6.35,5.95,6.1,775550,0
20180710,6.1,6.1,5.65,5.65,729048,0
20180711,5.65,5.85,5.55,5.65,487295,0
20180712,5.65,5.8,5.1,5.4,1791933,0
20180713,5.4,5.4,5.1,5.15,401878,0
20180716,5.15,5.3,4.8,5.2,765475,0
20180717,5.25,5.4,5.16,5.275,313785,0
20180718,5.25,5.275,4.9,4.95,770344,0
20180719,4.9,5.25,4.9,5.15,519906,0
20180720,5.15,5.25,4.9,5.05,423825,0
20180723,5,5.2,4.91,5.1,319967,0
20180724,5.1,5.2,4.9,5,632444,0
20180725,4.95,5.375,4.9,5.2,593999,0
20180726,5.25,5.35,5.025,5.3,526812,0
20180727,5.3,5.3,4.65,4.725,731628,0
20180730,4.8,4.8,4.475,4.7,438505,0
20180731,4.7,4.85,4.6,4.7,481530,0
20180801,4.75,4.8,4.55,4.6,277313,0
20180802,4.6,4.75,4.5,4.6,425443,0
20180803,4.65,4.725,4.4,4.55,477126,0
20180806,4.5,4.6,4.35,4.5,243790,0
20180807,4.5,4.7,4.35,4.6,460167,0
20180808,4.65,4.85,4.6,4.75,271635,0
20180809,4.95,5.45,4.8,5.1,800404,0
20180810,5,5.35,4.9,5.25,530905,0
20180813,5.3,5.35,5.1,5.3,441325,0
20180814,5.3,5.35,5.15,5.25,261456,0
20180815,5.25,5.25,5,5.1,294030,0
20180816,5.1,5.1,4.85,5.05,218390,0
20180817,5.05,5.35,5,5.2,458054,0
20180820,5.2,5.4,5.1,5.275,304007,0
20180821,5.25,5.55,5.2,5.5,279544,0
20180822,5.5,6,5.5,5.85,508817,0
20180823,5.95,5.95,5.65,5.8,579925,0
20180824,5.85,5.975,5.75,5.95,471137,0
20180827,5.95,6.05,5.425,5.65,427672,0
20180828,5.65,5.85,5.65,5.85,295262,0
20180829,5.9,6.2,5.8,6.125,320012,0
20180830,6.5,7.2,6.4,7.15,1522393,0
20180831,7.15,7.725,7.15,7.6,1271344,0
20180904,7.6,7.6,6.87,7,813993,0
20180905,7,7.325,6.775,7.2,639457,0
20180906,7.25,7.25,6.455,6.55,682940,0
20180907,6.55,6.75,6.45,6.7,292553,0
20180910,6.7,6.725,6.45,6.7,358396,0
20180911,6.6,6.75,6.4,6.4,401062,0
20180912,6.4,6.525,5.95,6.25,504506,0
20180913,6.25,6.275,6.05,6.15,295970,0
20180914,6,6.275,5.9,6.15,382482,0
20180917,6.15,6.15,5.75,5.9,390859,0
20180918,5.95,6.05,5.775,5.85,403024,0
20180919,5.75,5.95,5.725,5.85,446332,0
20180920,6.3,6.5,5.624,5.75,972784,0
20180921,6.05,6.15,5.7647,5.9,1243677,0
20180924,5.9,6.1,5.65,6,735021,0
20180925,6,6.05,5.85,6,317962,0
20180926,6,6.05,5.85,5.95,217722,0
20180927,6,6.175,5.925,6.1,552877,0
20180928,6.05,6.125,5.95,6.05,382582,0
20181001,6.1,6.2,5.81,5.91,450738,0
20181002,5.89,5.9,5.595,5.71,390467,0
20181003,5.73,5.9814,5.65,5.92,212034,0
20181004,5.91,5.91,5.53,5.58,447470,0
20181005,5.6,5.83,5.48,5.58,406170,0
20181008,5.55,5.63,5.25,5.51,429990,0
20181009,5.47,5.78,5.2568,5.74,373982,0
20181010,5.71,5.72,5.09,5.11,687529,0
20181011,5.12,5.3099,4.915,5.105,630119,0
20181012,5.23,5.26,5.065,5.15,565141,0
20181015,5.12,5.15,4.78,5.05,547218,0
20181016,5.1,5.37,4.9401,5.22,455375,0
20181017,5.19,5.59,4.875,5.04,700904,0
20181018,5,5.18,4.62,4.7,743485,0
20181019,4.66,4.72,4.4,4.49,663593,0
20181022,4.52,4.6,4.34,4.42,619678,0
20181023,4.33,4.61,4.08,4.46,971160,0
20181024,4.45,4.66,4.05,4.07,748052,0
20181025,4.14,4.37,4.1,4.23,546472,0
20181026,4.14,4.34,4,4.27,354416,0
20181029,4.35,4.35,3.945,4.07,683727,0
20181030,4.06,4.31,3.95,4.05,394712,0
20181031,4.07,4.25,4.03,4.2,645247,0
20181101,4.22,4.66,4.1228,4.55,681834,0
20181102,2.9,3.36,2.62,3.34,8367009,0
20181105,3.07,3.33,3.06,3.31,1823030,0
20181106,3.32,3.59,3.26,3.55,634350,0
20181107,3.6,3.89,3.53,3.69,1852367,0
20181108,3.6,3.96,3.565,3.74,361734,0
20181109,3.65,3.87,3.57,3.76,261560,0
20181112,3.79,3.85,3.56,3.71,666398,0
20181113,3.71,3.7533,3.4624,3.63,2046082,0
20181114,3.71,3.82,3.54,3.56,309985,0
20181115,3.54,3.74,3.48,3.73,951966,0
20181116,3.7,3.95,3.69,3.82,763407,0
20181119,3.78,3.85,3.7,3.7,362005,0
20181120,3.6,3.73,3.48,3.62,1065676,0
20181121,3.57,3.82,3.57,3.76,181347,0
20181123,3.75,3.97,3.7138,3.84,188107,0
20181126,3.9,3.93,3.6425,3.68,526984,0
20181127,3.67,3.67,3.51,3.54,269209,0
20181128,3.56,3.69,3.49,3.69,414424,0
20181129,3.65,3.75,3.57,3.63,229348,0
20181130,3.59,3.75,3.56,3.59,307597,0
20181203,3.72,3.79,3.651,3.76,211981,0
20181204,3.76,3.86,3.62,3.65,335913,0
20181206,3.57,3.67,3.56,3.61,324200,0
20181207,3.62,3.69,3.59,3.64,215747,0
20181210,3.62,3.71,3.57,3.68,192384,0
20181211,3.78,3.81,3.595,3.69,90944,0
20181212,3.75,4,3.73,3.81,351102,0
20181213,3.81,3.84,3.59,3.66,277953,0
20181214,3.65,3.755,3.55,3.59,388559,0
20181217,3.59,3.7,3.425,3.45,812946,0
20181218,3.49,3.56,3.4,3.43,924960,0
20181219,3.4,3.62,3.37,3.43,361238,0
20181220,3.41,3.5,3.1244,3.21,540804,0
20181221,3.21,3.25,2.84,2.87,1487380,0
20181224,2.81,3.12,2.81,3.08,179999,0
20181226,3.1,3.16,2.95,3.14,220682,0
20181227,3.1,3.195,3.02,3.18,198439,0
20181228,3.17,3.27,3.14,3.2,226945,0
20181231,3.2,3.27,3.09,3.15,332757,0
20190102,3.07,3.43,3.07,3.41,340923,0
20190103,3.4,3.51,3.35,3.38,233491,0
20190104,3.44,3.61,3.42,3.56,156487,0
20190107,3.57,3.67,3.49,3.54,322439,0
20190108,3.58,3.58,3.32,3.51,201305,0
20190109,3.63,3.63,3.49,3.51,112335,0
20190110,3.48,3.53,3.41,3.52,104297,0
20190111,3.49,3.6,3.46,3.59,110405,0
20190114,3.55,3.56,3.1776,3.2,191974,0
20190115,3.21,3.35,3.21,3.34,172872,0
20190116,3.35,3.47,3.18,3.19,227809,0
20190117,3.19,3.215,3.11,3.15,141955,0
20190118,3.15,3.32,3.08,3.24,224570,0
20190122,3.17,3.28,3.11,3.14,182715,0
20190123,3.12,3.26,3.03,3.05,109750,0
20190124,3.07,3.16,3.05,3.1,110192,0
20190125,3.11,3.24,3.09,3.21,96967,0
20190128,3.19,3.19,3.08,3.11,128544,0
20190129,3.08,3.12,3.02,3.03,120014,0
20190130,3.01,3.07,2.9,3.03,318901,0
20190131,3.06,3.24,2.99,3.18,237804,0
20190201,3.16,3.38,3.16,3.26,173677,0
20190204,3.3,3.555,3.2607,3.52,211553,0
20190205,3.51,3.58,3.27,3.34,143407,0
20190206,3.33,3.4,3.28,3.38,348225,0
20190207,3.38,3.5,3.27,3.37,199828,0
20190208,3.34,3.4,3.3,3.33,89062,0
20190211,3.31,3.54,3.31,3.52,146623,0
20190212,3.56,3.6,3.43,3.55,281145,0
20190213,3.56,3.69,3.48,3.64,400708,0
20190214,3.64,3.66,3.44,3.5,202495,0
20190215,3.53,3.9,3.47,3.81,372574,0
20190219,3.82,3.88,3.55,3.69,503329,0
20190220,3.68,3.73,3.555,3.58,268642,0
20190221,3.56,3.67,3.52,3.63,247166,0
20190222,3.62,3.74,3.61,3.7,462073,0
20190225,3.96,4.49,3.91,4.3,2325863,0
20190226,4.25,4.25,4.01,4.13,468951,0
20190227,4.14,4.44,4.04,4.37,426229,0
20190228,4.36,4.36,4.04,4.05,434385,0
20190301,4.09,4.49,4.05,4.39,391094,0
20190304,4.45,5.086,4.45,4.92,1071117,0
20190305,4.97,4.97,4.46,4.65,879141,0
20190306,4.63,4.6399,4.44,4.45,281634,0
20190307,4.45,4.85,4.25,4.78,468391,0
20190308,4.74,4.74,4.3,4.4,249926,0
20190311,4.4,4.73,4.32,4.7,291482,0
20190312,4.69,4.96,4.65,4.84,322241,0
20190313,4.87,5.09,4.73,5.04,572348,0
20190314,5.04,5.45,5.01,5.33,598603,0
20190315,5.35,5.42,5.2,5.38,812970,0
20190318,5.39,5.76,5.38,5.65,876787,0
20190319,5.71,5.91,5.4062,5.7,566442,0
20190320,5.68,5.895,5.5432,5.84,970040,0
20190321,5.84,6.22,5.76,6.02,574961,0
20190322,5.95,5.99,5.26,5.51,1346672,0
20190325,5.47,5.54,5.35,5.41,296745,0
20190326,5.48,5.53,5.39,5.47,225769,0
20190327,5.47,5.47,4.97,5.16,253787,0
20190328,5.21,5.2299,4.97,5.06,251603,0
20190329,5.1,5.44,5.04,5.24,325383,0
20190401,5.28,5.45,5.16,5.41,366163,0
20190402,5.42,5.63,5.31,5.55,299367,0
20190403,5.59,5.85,5.4852,5.8,548836,0
20190404,5.81,5.96,5.73,5.83,720883,0
20190405,5.87,5.95,5.67,5.76,240240,0
20190408,5.75,5.77,5.42,5.49,175524,0
20190409,5.48,5.58,5.245,5.25,143423,0
20190410,5.25,5.5,5.22,5.42,169457,0
20190411,5.41,5.45,5.08,5.24,144199,0
20190412,5.25,5.34,5.05,5.1,159890,0
20190415,4.44,5.86,4.2,5.69,1240644,0
20190416,5.66,5.97,5.44,5.94,857902,0
20190417,5.94,5.9566,5.44,5.65,269672,0
20190418,5.6,6.17,5.6,5.98,623179,0
20190422,5.95,6.47,5.92,6.42,859429,0
20190423,6.41,6.685,6.16,6.61,548695,0
20190424,6.61,6.82,6.3096,6.62,380940,0
20190425,6.57,6.75,6.47,6.65,410424,0
20190426,6.65,6.82,6.5788,6.73,336547,0
20190429,6.75,6.9,6.58,6.74,275312,0
20190430,6.71,6.79,6.28,6.45,445238,0
20190501,6.49,6.72,6.4,6.48,251923,0
20190502,6.49,6.6379,6.34,6.47,207359,0
20190503,6.47,6.65,6.425,6.63,157084,0
20190506,6.44,6.79,6.44,6.71,254771,0
20190507,6.8,7.19,6.66,6.79,682742,0
20190508,6.78,6.79,6.39,6.42,450242,0
20190509,6.56,6.7,6.08,6.54,358542,0
20190510,6.53,6.7,6.41,6.61,205857,0
20190513,6.49,6.59,6.23,6.33,264534,0
20190514,6.41,6.48,6.26,6.37,187946,0
20190515,6.28,6.48,6.24,6.45,259222,0
20190516,6.48,8.1799,6.48,8.13,2155264,0
20190517,8,9.17,7.91,9.05,2676116,0
20190520,8.87,9.45,8.71,8.89,1453070,0
20190521,9,9.45,8.83,9.29,1343620,0
20190522,9.3,9.3656,9.15,9.26,633562,0
20190523,9.2,9.3,8.89,9.17,852881,0
20190524,9.06,9.3,9.04,9.22,627161,0
20190528,9.23,9.74,9.16,9.55,1820161,0
20190529,9.5,9.76,9.33,9.52,1389944,0
20190530,9.6,10.15,9.58,10.1,1026947,0
20190531,10.02,10.13,9.79,10.05,876098,0
20190603,10.02,10.42,9.88,10.4,877843,0
20190604,10.5,11.14,10.49,11.11,1040729,0
20190605,11.06,11.19,10.28,10.67,1264103,0
20190606,10.73,10.95,10.15,10.72,878693,0
20190607,10.76,11.46,10.55,11.15,591421,0
20190610,11.34,11.397,11.07,11.26,1173075,0
20190611,11.34,11.42,10.88,11.02,835090,0
20190612,11.05,11.36,10.82,11.06,250073,0
20190613,11.11,11.42,10.98,11.41,296534,0
20190614,11.42,11.63,10.68,10.82,693437,0
20190617,10.91,11.83,10.91,11.51,675949,0
20190618,11.65,12.1,11.64,11.7,604033,0
20190619,11.76,11.94,11.25,11.5,415655,0
20190620,11.58,11.95,11.36,11.45,502454,0
20190621,11.35,11.4,10.94,11.4,1492855,0
20190624,11.4,11.595,10.79,10.96,789257,0
20190625,10.98,11.23,10.84,11,532003,0
20190626,11,11.07,10.71,10.89,399243,0
20190627,10.82,11.16,10.8,11,888712,0
20190628,11.06,11.98,10.92,11.89,2842000,0
20190701,12.09,12.5,11.36,11.57,911890,0
20190702,11.61,11.73,10.89,11.4,564695,0
20190703,11.47,11.685,11.3,11.62,458481,0
20190705,11.58,12.43,11.53,12.16,908803,0
20190708,12.16,14.96,11.9548,14.9,3888383,0
20190709,14.77,15.68,14.5319,14.89,2584233,0
20190710,14.96,16.2,14.96,15.65,1997908,0
20190711,15.8,15.925,15.1,15.35,1024659,0
20190712,15.35,15.35,14.82,14.97,931531,0
20190715,15.15,15.78,14.84,15.46,971581,0
20190716,15.55,16.3834,15.45,15.89,1298333,0
20190717,15.88,16,15.105,15.33,1000851,0
20190718,15.23,15.23,12.51,13.77,3271306,0
20190719,13.81,14.3028,13.64,13.97,1061888,0
20190722,14.11,14.36,13.89,14.17,1149601,0
20190723,14.17,14.585,13.8,14.44,854525,0
20190724,14.44,14.67,13.88,14.62,950671,0
20190725,14.57,14.64,13.4,13.47,940373,0
20190726,13.47,14.02,13.39,13.78,712552,0
20190729,13.84,14.02,13.7,13.95,552790,0
20190730,13.79,14.08,13.58,13.69,594741,0
20190731,13.66,14.06,13.22,13.41,716155,0
20190801,13.5,13.95,12.67,12.77,1160489,0
20190802,12.69,12.86,11.075,11.16,1591324,0
20190805,11.01,11.44,10.89,11.23,1175709,0
20190806,11.3,12.07,11.18,12,746675,0
20190807,11.73,12.2899,11.62,11.71,598164,0
20190808,11.92,12.44,11.51,12.32,1078217,0
20190809,12.25,12.5,10.86,11.56,1830748,0
20190812,11.57,12.42,11.405,11.48,2485622,0
20190813,11.42,11.812,10.5543,11.6,1547481,0
20190814,11.54,12.34,11.32,12.25,1243652,0
20190815,12.175,12.71,12.0673,12.47,817067,0
20190816,12.52,13.42,12.4242,13.4,1520604,0
20190819,13.6,13.87,12.89,12.92,1164839,0
20190820,12.85,12.89,11.51,11.6,1127466,0
20190821,11.77,11.97,11.37,11.85,662274,0
20190822,11.8,11.85,10.785,10.99,958138,0
20190823,10.87,11.2527,10.44,10.56,1191284,0
20190826,10.78,10.78,10.37,10.72,574945,0
20190827,10.79,10.835,10.28,10.4,882404,0
20190828,10.35,11.0056,10.16,10.67,540446,0
20190829,10.82,11.02,10.66,10.9,470476,0
20190830,10.93,10.93,10.2,10.33,869371,0
20190903,10.24,10.56,10.21,10.39,937539,0
20190904,10.52,11.49,10.05,11.35,1789830,0
20190905,11.47,12.15,11.19,12.04,2044284,0
20190906,12.08,12.97,12,12.12,2406850,0
20190909,12.24,12.53,11.545,12.45,1552574,0
20190910,12.41,12.4327,11.56,11.59,1830814,0
20190911,11.97,12.15,11.36,12,1927122,0
20190912,8.77,9.76,5.75,5.96,25391655,0
20190913,6.07,6.13,5.01,5.78,11694146,0
20190916,5.5,6.34,5.4147,6.29,3315899,0
20190917,6.07,6.31,5.89,6.21,1947604,0
20190918,6.22,6.23,5.95,6.19,1926786,0
20190919,6.17,6.52,6.06,6.18,1781645,0
20190920,6.19,6.67,5.94,6.44,9581820,0
20190923,6.46,6.69,5.73,5.77,1924782,0
20190924,5.81,5.86,5.375,5.58,1951668,0
20190925,5.55,5.65,5.33,5.485,890639,0
20190926,5.47,5.54,5.16,5.24,1406432,0
20190927,5.25,5.98,5.19,5.43,2010778,0
20190930,5.42,5.6,5.29,5.45,1311455,0
20191001,5.5,5.6,5.145,5.25,1342721,0
20191002,5.2,5.66,5.03,5.625,1296420,0
20191003,5.63,5.65,5.33,5.54,1246400,0
20191004,5.57,5.93,5.55,5.57,788814,0
20191007,5.58,5.76,5.5,5.61,747747,0
20191008,5.55,5.73,5.46,5.59,881091,0
20191009,5.63,5.65,5.1,5.12,1045320,0
20191010,5.16,5.25,4.96,5.17,1290204,0
20191011,5.23,5.41,5.17,5.29,1408790,0
20191014,5.54,6.35,5.49,6.09,3955055,0
20191015,6.13,6.71,6.11,6.375,2123967,0
20191016,6.34,7.08,6.23,6.85,1883747,0
20191017,6.9,7.16,6.7,7.05,1448926,0
20191018,7.02,7.1,6.52,6.92,1256955,0
20191021,6.93,7.14,6.81,7.08,796879,0
20191022,7.14,7.33,6.98,7.21,788669,0
20191023,7.2,7.3,6.96,6.96,783978,0
20191024,7.12,7.15,6.85,6.89,819775,0
20191025,6.89,7.55,6.89,7.5,2281257,0
20191028,7.45,7.45,6.58,7.32,1452325,0
20191029,7.36,7.45,7.035,7.06,632515,0
20191030,7.06,7.105,6.86,6.88,639746,0
20191031,6.88,7.3,6.83,7.27,909749,0
20191101,7.3,8.06,7.18,7.91,1612014,0
20191104,8,8.09,7.48,7.75,1060034,0
20191105,7.74,7.99,7.51,7.97,559149,0
20191106,7.94,8.14,7.81,8,653033,0
20191107,7.99,8.23,7.935,8.14,683284,0
20191108,7.64,9.2,7.15,8.715,1301750,0
20191111,8.72,9.29,8.7,9.15,1269288,0
20191112,9.16,9.37,8.555,8.73,1776577,0
20191113,8.71,9.05,8.54,9.02,866462,0
20191114,9.01,9.24,8.87,9.01,695476,0
20191115,9.01,9.38,8.88,9.37,866072,0
20191118,9.38,9.39,8.91,9.13,717155,0
20191119,9.21,9.82,9.02,9.61,1244243,0
20191120,9.54,9.92,9.43,9.77,1157185,0
20191121,9.83,9.9619,9.56,9.77,900428,0
20191122,9.78,9.91,9.54,9.86,606570,0
20191125,9.92,10.46,9.825,10.42,2015087,0
20191126,10.48,10.85,10.14,10.77,1332291,0
20191127,10.8,11.03,10.61,10.905,869670,0
20191129,10.89,11.11,10.815,10.91,336167,0
20191202,10.91,11.03,10.28,10.635,1232190,0
20191203,10.64,10.8699,10.44,10.7,917114,0
20191204,10.76,11.37,10.45,11.34,1203117,0
20191205,11.31,11.47,10.46,10.545,1881792,0
20191206,10.63,11.6,10.55,11.43,1022317,0
20191209,11.45,11.68,11.12,11.18,770913,0
20191210,11.2,11.64,11.01,11.57,845993,0
20191211,11.66,11.67,10.6,10.7,2195307,0
20191212,10.7,10.86,10.02,10.49,1055992,0
20191213,10.39,10.71,10.35,10.54,625005,0
20191216,10.65,11.43,10.61,11.06,1321480,0
20191217,11.17,11.29,10.89,11.02,694497,0
20191218,11.02,11.4,10.65,10.94,961796,0
20191219,11.05,11.05,10.84,10.95,807724,0
20191220,11.03,11.05,10.44,10.65,4245573,0
20191223,10.65,11.09,10.295,11.06,914498,0
20191224,11.13,11.95,10.97,11.95,603559,0
20191226,11.93,12.46,11.9,12.22,1005829,0
20191227,12.25,12.25,11.16,11.21,1289839,0
20191230,11.28,11.37,10.98,11.22,535678,0
20191231,11.1,11.67,10.88,11.52,810063,0
20200102,11.6,11.77,11.2,11.74,773220,0
20200103,11.55,11.92,11.4,11.61,649421,0
20200106,11.43,11.4919,10.776,11.12,770464,0
20200107,11.09,11.4,10.81,11.31,772825,0
20200108,11.25,11.4462,10.99,11.06,678423,0
20200109,11.11,11.58,10.96,11.03,1023418,0
20200110,11.1,11.47,10.96,10.985,1311318,0
20200113,11.5,11.53,10.38,10.59,2093020,0
20200114,10.59,11.4743,10.54,11.41,1998532,0
20200115,11.44,12.11,11.1,11.33,1343036,0
20200116,11.52,11.87,11.42,11.7,993414,0
20200117,11.94,12.18,11.46,11.72,1157719,0
20200121,11.72,12.09,11.48,11.56,1001020,0
20200122,11.6,12.13,11.54,11.82,644145,0
20200123,11.68,11.75,11.47,11.67,1111870,0
