Date,Open,High,Low,Close,Volume,OpenInt
20181011,22,25.99,21.67,25,8110175,0
20181012,26.9,27.4,25.53,26.81,2197396,0
20181015,27.46,27.72,25.55,26.96,1345643,0
20181016,27.04,27.62,25.6,25.87,939097,0
20181017,26,26.105,24.16,24.98,2139569,0
20181018,24.66,25.23,23.7,23.8,1267900,0
20181019,23.88,24.4,23,23.4,444548,0
20181022,23.4,23.92,22.46,23,514140,0
20181023,22.88,23.81,22.7,22.84,426788,0
20181024,23,24.5499,22.2,22.5,1742504,0
20181025,22.4,23.49,22.23,22.56,1071401,0
20181026,22.77,23.3399,22.68,23,368272,0
20181029,23.4,24.47,22.91,23.02,364175,0
20181030,23.87,24.7811,23.01,23.81,265541,0
20181031,24.47,24.47,23.58,24.01,361807,0
20181101,24.33,27.05,24.02,26.95,402202,0
20181102,27.32,28.1,27,27.69,831370,0
20181105,28.25,28.9,26.53,28.35,792923,0
20181106,28.5,33.3,28.4692,33.3,1040780,0
20181107,33.32,35.55,31.42,32.68,1329988,0
20181108,32.67,34.45,32.37,33.24,596134,0
20181109,33.07,33.5291,29.4,30.62,510267,0
20181112,30.62,31.5,27,27.02,426558,0
20181113,27.23,29.1999,27.23,27.7,261828,0
20181114,27.96,29.16,24.9003,25.005,1082640,0
20181115,25,27.44,24.85,26.93,375608,0
20181116,26.66,28.5,26.655,27.98,463244,0
20181119,27.95,28.81,26.13,26.53,435175,0
20181120,26.47,26.82,24.76,25.54,301849,0
20181121,26.02,26.79,25.59,25.59,233557,0
20181123,25.51,27.3424,25.51,26.52,63491,0
20181126,27.25,27.8,26.525,27.66,246983,0
20181127,27.51,29.3,26.84,28.39,241303,0
20181128,28.69,30.66,27.9,30.5,448893,0
20181129,30.11,31.88,29.71,31.03,383960,0
20181130,31.15,33.1097,31.15,31.28,526934,0
20181203,31.91,33.49,31.54,31.69,441592,0
20181204,31.78,33.9599,29.95,30.45,671462,0
20181206,29.94,30.31,25.99,27.065,1439534,0
20181207,27.05,28.15,26,26.28,520795,0
20181210,26.3,28.005,26.23,26.52,621972,0
20181211,27.06,27.59,25.87,25.99,557056,0
20181212,26.56,27.28,26.1,26.21,324247,0
20181213,26.17,26.74,25.52,26.14,310176,0
20181214,25.67,27.905,25.51,26.22,551958,0
20181217,26.25,26.7101,24.5,25.42,475981,0
20181218,25.56,26.18,25,25.69,615298,0
20181219,25.76,27.33,25,25.57,603499,0
20181220,25.32,26.29,24.3,24.72,1008977,0
20181221,24.97,25.78,23.58,24.14,4211552,0
20181224,23.5,24.55,23.5,24.12,167735,0
20181226,24.68,26.16,24.335,25.33,401044,0
20181227,25,25.35,23.37,24.76,352193,0
20181228,24.75,26.13,24.155,25.9,217872,0
20181231,26.29,26.94,24.76,26.93,403127,0
20190102,26.62,28.05,25.9,27.56,694668,0
20190103,27.52,27.625,25.76,26,272720,0
20190104,26.78,27.42,26.1148,26.47,413475,0
20190107,26.75,28.37,26.75,27.39,581580,0
20190108,27.93,27.95,26.2311,27.06,296498,0
20190109,27.22,27.63,26.79,27.33,235347,0
20190110,27.28,28.83,26.76,28.1,424662,0
20190111,28.09,29.9,28.09,29.51,504717,0
20190114,29.37,29.5,28.43,28.46,451462,0
20190115,28.59,28.95,27.1,27.95,253808,0
20190116,28,29.41,27.37,28.79,199985,0
20190117,28.75,29.725,27.71,28.19,304439,0
20190118,28.47,28.78,28,28.58,323986,0
20190122,28.5,28.91,27.25,27.78,234122,0
20190123,27.9,28.46,27.04,27.81,139121,0
20190124,27.92,28.7,27.22,28.65,194388,0
20190125,28.78,29.85,28.6222,29.54,236992,0
20190128,29.45,30.615,28.89,29.52,272313,0
20190129,29.54,30.32,29.54,29.86,236330,0
20190130,30.1,30.7,29.37,30.3,337327,0
20190131,30.25,31.4,29.97,30.33,429837,0
20190201,30.37,31.22,30.18,30.77,251899,0
20190204,30.77,32.42,30.72,31.58,290699,0
20190205,31.8,32.32,30.05,31,414573,0
20190206,31.16,31.37,30.16,30.84,212033,0
20190207,30.62,31.705,29.78,30.13,473772,0
20190208,29.91,30.9863,29.7101,30.12,237441,0
20190211,30.31,30.99,29.83,30.27,384347,0
20190212,30.52,32.35,30.14,31.5,283784,0
20190213,31.63,32.42,31.63,31.94,308271,0
20190214,31.86,32.47,31.09,31.14,247624,0
20190215,31.13,31.92,30.22,31.24,337028,0
20190219,31.24,31.97,31.08,31.87,199217,0
20190220,32.02,32.23,30.55,30.69,291994,0
20190221,30.68,30.78,29.41,30.68,178599,0
20190222,30.65,31.48,30.4,31.07,155008,0
20190225,31.66,32.53,31.57,31.73,371218,0
20190226,31.71,32,31.27,31.77,151554,0
20190227,31.53,33.4774,31.53,32.54,588861,0
20190228,32.6,32.9,31.5,31.69,385951,0
20190301,32.1,32.3415,30.603,31.34,526488,0
20190304,31.37,32.25,30.76,31.94,601497,0
20190305,31.96,32.4136,31.3,31.52,369339,0
20190306,31.45,32.035,29.59,29.64,275578,0
20190307,29.65,30.43,29.45,29.65,202578,0
20190308,29.54,29.54,27.26,28.38,688065,0
20190311,28.47,28.545,27.68,28.26,540287,0
20190312,28.27,28.37,26.3325,26.72,818136,0
20190313,26.8,27.1,25.71,26.89,770965,0
20190314,27.47,28.27,26.33,26.53,624528,0
20190315,26.85,27.31,25.72,26.74,2262894,0
20190318,26.74,27.52,25.73,26.83,656923,0
20190319,26.74,27.173,25.8,26.3,410937,0
20190320,26.21,26.5076,25.8,25.96,271659,0
20190321,25.83,27.5,25.83,27.28,359078,0
20190322,27.05,27.2973,25.53,25.55,1027899,0
20190325,25.69,26.17,24.6,24.82,696785,0
20190326,24.92,25.72,24.8,25.65,354726,0
20190327,25.68,26.24,25.52,26.19,438282,0
20190328,26.41,27.87,26.1185,27.05,357971,0
20190329,27.81,29.39,27.17,28.91,513425,0
20190401,29.16,29.58,28.44,28.73,300172,0
20190402,28.76,29.09,27.9578,28.12,206516,0
20190403,28.31,28.54,27.51,27.8,201070,0
20190404,27.76,28.23,27.61,27.93,393608,0
20190405,28.02,28.3,27.5,27.97,286795,0
20190408,27.93,27.93,27.0001,27.48,292084,0
20190409,27.5,27.81,26.71,26.96,422760,0
20190410,27,27.48,26.83,27,371814,0
20190411,27,27,26.56,26.6,533971,0
20190412,26.6,26.79,26.2,26.32,602154,0
20190415,26.09,26.915,25.72,25.94,569288,0
20190416,26.1,26.3,25.87,26.27,292133,0
20190417,26.41,26.41,25.27,25.56,411154,0
20190418,25.67,26,25.2,25.95,280921,0
20190422,25.65,26.12,25.51,25.79,280243,0
20190423,25.85,27,25.5271,26.93,314426,0
20190424,26.89,27.65,26.435,27.56,430554,0
20190425,27.48,28.17,27.24,27.94,242474,0
20190426,27.91,30.4,27.685,29.85,549470,0
20190429,29.95,29.95,28.77,29.8,382748,0
20190430,29.82,30.06,29.42,29.95,339602,0
20190501,29.79,30.2,29.25,29.47,480850,0
20190502,29.47,29.75,29.16,29.72,522991,0
20190503,30.13,30.28,29.83,30.23,381081,0
20190506,29.63,31.19,29.26,31.09,318200,0
20190507,29.77,30.9899,29.75,29.79,529008,0
20190508,29.61,30.95,29.1875,30.44,410166,0
20190509,30.14,30.47,29.77,30.02,519659,0
20190510,29.81,30.42,29.36,30.31,419948,0
20190513,29.77,30.1,28.98,29.82,392622,0
20190514,29.88,31.555,29.67,31.04,454947,0
20190515,30.77,31.4,27.55,28.56,1357495,0
20190516,28.65,29.77,28.65,29.76,358822,0
20190517,29.4,29.98,29.0681,29.19,480344,0
20190520,29,29.31,28.07,28.27,394281,0
20190521,28.56,29.34,28.06,29.12,422862,0
20190522,29.1,29.65,28.59,29.03,470888,0
20190523,28.31,28.63,27.52,27.63,793134,0
20190524,27.76,28.89,27.76,28.3,401566,0
20190528,28.35,28.895,27.965,28.57,682786,0
20190529,28.16,28.85,27.72,28.42,480889,0
20190530,28.49,28.72,26.81,26.94,379503,0
20190531,26.54,26.8167,25.95,26.23,348892,0
20190603,26.9,27.31,26.26,27.24,392441,0
20190604,27.47,28.05,26.7,27.08,488104,0
20190605,26.78,26.83,25.81,26.1,464363,0
20190606,26.05,26.06,25.27,25.95,920216,0
20190607,26.04,26.66,25.62,26.44,343078,0
20190610,26.59,28.15,26.59,27.32,550151,0
20190611,27.76,28.08,26.59,26.74,444403,0
20190612,26.71,27.78,26.4,26.66,436818,0
20190613,26.74,27.08,26.46,26.76,344912,0
20190614,26.69,27.33,26.37,26.43,339683,0
20190617,26.6,27.94,26.6,27.4,494330,0
20190618,27.63,28.38,27.39,28.18,325533,0
20190619,28.04,28.37,27.53,28.1,505663,0
20190620,28.23,28.46,27.29,27.4,487219,0
20190621,27.19,27.32,26.51,26.83,1152136,0
20190624,26.91,27.07,26.31,26.54,597723,0
20190625,26.54,26.86,26.04,26.17,451064,0
20190626,26.18,26.49,25.95,26.1,340420,0
20190627,26.2,26.81,26.19,26.62,320474,0
20190628,26.77,27.17,26.2,26.85,2890224,0
20190701,26.71,28.5,26.71,28.34,485666,0
20190702,28.38,28.38,27.01,27.16,294530,0
20190703,27.17,27.6147,26.95,27.06,172896,0
20190705,27.04,27.34,26.51,26.78,279397,0
20190708,26.6,26.725,26.3,26.65,345623,0
20190709,26.37,26.93,26.29,26.74,301694,0
20190710,26.88,27.3,26.52,26.94,239549,0
20190711,26.89,27.065,26.57,26.61,328488,0
20190712,26.58,26.73,26.15,26.4,320635,0
20190715,26.33,27.48,26.14,27.05,358565,0
20190716,27.08,27.83,27.02,27.68,179530,0
20190717,27.72,28.33,27.41,28.19,270563,0
20190718,28.31,28.48,27.76,28.24,160508,0
20190719,28.17,28.65,27.61,28.01,247463,0
20190722,28.04,28.44,27.64,28.12,147869,0
20190723,28.27,28.39,27.67,28.02,201684,0
20190724,28.12,28.64,27.73,28.62,214080,0
20190725,28.63,28.69,28.01,28.15,271670,0
20190726,28.18,29.38,28.165,29.36,302058,0
20190729,29.31,29.7,29,29.6,222454,0
20190730,29.36,30.62,29.36,30.57,330842,0
20190731,30.55,31.72,29.99,31,684183,0
20190801,31,31.7,29.015,30.33,613037,0
20190802,30.09,30.44,29.07,29.53,266836,0
20190805,29.05,29.96,28.415,29.43,540164,0
20190806,29.67,30.1725,28.83,29.75,271455,0
20190807,29.15,30.52,28.15,29.59,296521,0
20190808,29.95,31.21,29.4292,31.06,452587,0
20190809,31.25,31.855,30.94,31.18,428434,0
20190812,31.13,31.19,29.24,29.49,256791,0
20190813,29.4024,29.92,28.06,28.36,354766,0
20190814,27.84,28.88,27.62,27.63,545772,0
20190815,27.87,27.89,26.055,26.31,516931,0
20190816,26.5,26.82,26.06,26.27,495121,0
20190819,26.59,27.71,26.42,27.67,313806,0
20190820,27.64,27.91,27.01,27.16,199119,0
20190821,27.5,27.57,26.85,27.06,138486,0
20190822,27.21,27.4,26.56,27.04,228032,0
20190823,27,27.35,26.05,26.16,303310,0
20190826,26.46,26.74,26.03,26.43,174372,0
20190827,26.51,26.98,25.84,26.11,200857,0
20190828,25.97,26.8254,25.82,26.68,153329,0
20190829,26.85,27.2,26.41,27.17,129570,0
20190830,27.25,27.49,26.54,27.23,114637,0
20190903,26.81,27.44,26.04,26.15,330047,0
20190904,26.46,27.29,26.17,27.21,342208,0
20190905,27.8,28.28,27.3,28.1,203662,0
20190906,28.14,28.69,27.45,27.55,205824,0
20190909,27.68,28.78,26.9715,28.58,386451,0
20190910,28.56,29.5,28.2,29.3,421856,0
20190911,29.46,30.23,28.9059,30.07,495920,0
20190912,30.11,30.77,29.61,30.24,412141,0
20190913,30.32,30.98,29.85,30.04,419076,0
20190916,29.91,32.05,29.47,31.99,525799,0
20190917,31.54,32.42,31.075,31.99,445308,0
20190918,31.96,32.94,31.57,32.74,396018,0
20190919,32.74,33.49,32.4,32.72,320353,0
20190920,32.64,33.8,32.325,32.99,2471075,0
20190923,32.79,32.9105,31.605,31.78,384579,0
20190924,31.41,31.55,29.35,29.47,594599,0
20190925,29.18,29.5,27.29,27.4,493565,0
20190926,27.42,27.57,26.69,26.97,804699,0
20190927,27.18,28.59,26.82,27.25,572881,0
20190930,27.25,27.83,27,27.255,449950,0
20191001,27.16,27.8525,26.92,27.44,416255,0
20191002,27.29,28,27,27.58,520679,0
20191003,27.54,27.9,27.2,27.4,211090,0
20191004,27.48,27.85,26.51,27.06,284763,0
20191007,27,27.54,26.87,26.99,159613,0
20191008,26.71,27.185,26.21,26.26,270592,0
20191009,26.52,26.575,24.85,25.24,505662,0
20191010,25.625,25.905,24.75,25.83,282515,0
20191011,26.03,26.23,24.76,24.82,480454,0
20191014,24.8,25.86,24.8,25.31,228367,0
20191015,25.43,26.33,25.15,26.01,281703,0
20191016,26.05,26.63,25.96,26.37,277978,0
20191017,26.66,27.84,26.595,27.78,239196,0
20191018,27.62,27.75,26.85,27.37,212809,0
20191021,27.61,28.23,27.47,27.93,336373,0
20191022,28.24,28.74,27.68,27.96,294768,0
20191023,28.25,28.45,27.68,27.89,227354,0
20191024,27.94,28.205,27.7,27.99,208786,0
20191025,27.94,29.48,27.8223,29.13,317510,0
20191028,29.255,29.49,28.27,28.59,260199,0
20191029,28.53,29.275,28.28,28.92,225564,0
20191030,28.96,29.92,28.567,29.83,274083,0
20191031,29.76,30.13,28.39,28.8,448929,0
20191101,28.52,29.38,28.44,28.94,320719,0
20191104,29.72,29.72,28.69,28.92,262423,0
20191105,29,29,26.68,27.66,401758,0
20191106,27.15,27.8,25.53,25.89,682087,0
20191107,25.73,26.97,25.55,26.44,527920,0
20191108,26.58,27.595,26.43,27.32,577274,0
20191111,27.67,28.09,26.99,27.16,237801,0
20191112,26.31,27.56,26.25,26.67,294839,0
20191113,26.4,26.84,26.15,26.55,135261,0
20191114,26.49,27.28,26.02,27.15,350814,0
20191115,27.41,28.12,27.38,27.81,191254,0
20191118,27.6,28.18,27.17,27.88,401971,0
20191119,28.05,29.15,27.61,28.86,985806,0
20191120,28.65,29.395,27.37,27.45,640282,0
20191121,27.35,28.62,27.35,28.05,453226,0
20191122,28.33,28.41,26.62,27.01,442455,0
20191125,27.25,27.73,26.33,26.44,478114,0
20191126,26.46,27.67,26.25,27.6,540188,0
20191127,27.92,28.62,27.68,28.08,435790,0
20191129,28.14,28.55,28.02,28.18,212787,0
20191202,28.05,28.68,27.94,28.29,651173,0
20191203,28.21,28.64,28.01,28.41,1294482,0
20191204,28.66,29.81,28.4301,29.48,1142242,0
20191205,29.63,29.95,28.98,29.54,750735,0
20191206,29.5,31.46,29.37,31.4,1192521,0
20191209,31.58,33.39,31.12,31.15,1097897,0
20191210,31,31.15,29.41,29.63,621599,0
20191211,29.59,29.74,27.86,27.97,555051,0
20191212,27.89,28.4,26.92,27.74,564337,0
20191213,27.71,27.75,26.71,27.09,636597,0
20191216,27.18,27.56,26.56,27.04,641692,0
20191217,27.21,27.49,26.62,27.19,650062,0
20191218,27.74,27.8375,26.8,27.46,1430671,0
20191219,27.75,27.84,26.65,27,562862,0
20191220,27,27.275,26.51,26.58,2802845,0
20191223,26.72,27.18,26.21,26.77,954765,0
20191224,26.85,27.2,26.52,26.99,291935,0
20191226,27,27,26.1,26.13,562886,0
20191227,26.34,26.7,25.71,26.32,629216,0
20191230,26.29,26.44,25.3,25.96,780411,0
20191231,25.81,26.3,25.74,25.98,376090,0
20200102,25.94,26.57,25.65,26.22,464044,0
20200103,26.03,26.449,25.76,25.95,398179,0
20200106,25.83,26.42,25.09,26.36,578524,0
20200107,26.3,26.49,25.83,26.02,394256,0
20200108,26.08,26.615,25.89,26.53,346582,0
20200109,26.71,26.9,26.07,26.26,233940,0
20200110,26.13,26.61,25.93,26.14,664979,0
20200113,26.2,26.23,25.5,25.53,623302,0
20200114,25.52,26.57,25.32,26.15,701294,0
20200115,26.15,26.95,26.15,26.62,444643,0
20200116,26.8,27.02,26.26,26.96,782456,0
20200117,27.18,27.555,25.18,25.32,708052,0
20200121,25.2,25.78,25.05,25.52,673928,0
20200122,25.63,25.715,25.26,25.415,257259,0
20200123,25.35,25.63,24.71,24.71,725119,0
