Date,Open,High,Low,Close,Volume,OpenInt
20170502,9.75,9.75,9.7,9.7,401100,0
20170516,9.7,9.7,9.7,9.7,264900,0
20170517,9.7,9.7,9.7,9.7,8300,0
20170523,9.71,9.72,9.7,9.7004,5100,0
20170524,9.71,9.74,9.7,9.74,23400,0
20170525,9.73,9.745,9.7,9.74,85500,0
20170526,9.7,9.707,9.7,9.707,1000,0
20170531,9.75,9.75,9.7,9.72,203400,0
20170601,9.74,9.74,9.73,9.74,10000,0
20170602,9.74,9.75,9.74,9.75,56050,0
20170605,9.75,9.75,9.73,9.74,40300,0
20170606,9.75,9.76,9.75,9.76,10800,0
20170607,9.74,9.74,9.74,9.74,100,0
20170608,9.75,9.75,9.75,9.75,19500,0
20170609,9.75,9.75,9.7499,9.75,5350,0
20170612,9.76,9.76,9.75,9.75,1025,0
20170613,9.76,9.761,9.76,9.76,21500,0
20170614,9.74,9.74,9.74,9.74,10000,0
20170621,9.73,9.73,9.73,9.73,4000,0
20170622,9.7,9.7,9.7,9.7,350000,0
20170626,9.71,9.71,9.7,9.71,4002,0
20170629,9.74,9.74,9.73,9.74,700,0
20170705,9.7201,9.74,9.71,9.71,12900,0
20170706,9.71,9.7101,9.71,9.7101,300,0
20170707,9.71,9.71,9.71,9.71,100,0
20170710,9.71,9.71,9.7,9.7,8350,0
20170711,9.7,9.7,9.7,9.7,100,0
20170712,9.7,9.7,9.7,9.7,100,0
20170718,9.7,9.7,9.7,9.7,600,0
20170719,9.73,9.73,9.7,9.7299,10600,0
20170720,9.73,9.73,9.7021,9.73,300,0
20170721,9.72,9.72,9.72,9.72,200,0
20170726,9.7,9.7,9.7,9.7,7100,0
20170728,9.71,9.75,9.7,9.71,30857,0
20170801,9.71,9.71,9.7,9.7,5200,0
20170803,9.7,9.7,9.7,9.7,7110,0
20170807,9.71,9.71,9.7,9.7,5100,0
20170808,9.7,9.7,9.7,9.7,81100,0
20170809,9.7171,9.7171,9.7171,9.7171,600,0
20170814,9.71,9.71,9.71,9.71,300,0
20170815,9.7,9.7399,9.7,9.7313,11240,0
20170816,9.72,9.72,9.7,9.7,10900,0
20170821,9.75,9.75,9.75,9.75,100000,0
20170822,9.74,9.75,9.74,9.75,570,0
20170828,9.7,9.7,9.7,9.7,100,0
20170830,9.71,9.71,9.71,9.71,100,0
20170901,9.7,9.7,9.7,9.7,100,0
20170905,9.74,9.75,9.74,9.75,25000,0
20170906,9.75,9.75,9.7,9.75,32432,0
20170907,9.75,9.79,9.74,9.75,26709,0
20170908,9.75,9.75,9.71,9.74,477000,0
20170912,9.747,9.75,9.747,9.75,1078,0
20170914,9.75,9.75,9.75,9.75,2760,0
20170918,9.73,9.73,9.7271,9.7271,15152,0
20170919,9.71,9.71,9.71,9.71,286048,0
20170922,9.75,9.75,9.71,9.71,13249,0
20170929,9.728,9.75,9.728,9.75,11940,0
20171003,9.737,9.74,9.7,9.72,212100,0
20171004,9.74,9.75,9.72,9.75,395500,0
20171005,9.75,9.75,9.74,9.74,240,0
20171006,9.75,9.75,9.75,9.75,100,0
20171009,9.72,9.75,9.7,9.75,6785,0
20171010,9.75,9.75,9.71,9.711,2820,0
20171012,9.7399,9.74,9.7399,9.74,490,0
20171013,9.75,9.75,9.75,9.75,2461,0
20171017,9.72,9.75,9.72,9.75,5400,0
20171018,9.72,9.78,9.72,9.75,874626,0
20171019,9.78,9.78,9.78,9.78,800,0
20171020,9.78,9.78,9.78,9.78,100,0
20171025,9.72,9.78,9.72,9.735,116700,0
20171026,9.72,9.75,9.7,9.74,151800,0
20171027,9.72,9.75,9.7,9.71,40550,0
20171030,9.7,9.71,9.7,9.7,67760,0
20171031,9.7,9.71,9.7,9.7,314928,0
20171101,9.69,9.71,9.69,9.71,105228,0
20171102,9.6921,9.7199,9.6921,9.7199,1585,0
20171103,9.7,9.72,9.7,9.72,15500,0
20171106,9.68,9.72,9.68,9.71,215900,0
20171107,9.7099,9.7099,9.69,9.69,1600,0
20171108,9.7,9.7,9.68,9.7,116200,0
20171109,9.7,9.7,9.7,9.7,3550,0
20171110,9.7,9.71,9.69,9.71,64800,0
20171113,9.695,9.701,9.68,9.7,676195,0
20171114,9.7,9.71,9.69,9.7,261300,0
20171115,9.69,9.7,9.69,9.7,50400,0
20171117,9.68,9.68,9.68,9.68,50000,0
20171120,9.68,9.68,9.68,9.68,58800,0
20171121,9.68,9.69,9.67,9.69,2300,0
20171127,9.68,9.68,9.67,9.67,1200,0
20171128,9.67,9.695,9.67,9.68,62800,0
20171129,9.67,9.675,9.66,9.66,21900,0
20171130,9.65,9.6719,9.65,9.65,53120,0
20171201,9.66,9.66,9.66,9.66,220,0
20171205,9.6899,9.6899,9.687,9.6892,1524,0
20171206,9.65,9.65,9.65,9.65,20300,0
20171207,9.66,9.66,9.65,9.65,14426,0
20171208,9.68,9.69,9.68,9.68,1037669,0
20171211,9.69,9.7,9.68,9.7,29706,0
20171212,9.7,9.72,9.69,9.72,16358,0
20171215,9.71,9.71,9.71,9.71,959,0
20171218,9.71,9.72,9.68,9.72,5733,0
20171219,9.7,9.7,9.65,9.7,14306,0
20171220,9.72,9.72,9.68,9.69,16000,0
20171221,9.72,9.721,9.64,9.72,73700,0
20171226,9.73,9.73,9.67,9.72,7962,0
20171227,9.72,9.73,9.72,9.72,2191,0
20171228,9.76,10.005,9.64,9.69,93934,0
20171229,9.72,9.72,9.71,9.71,1337,0
20180102,9.73,9.73,9.7199,9.72,1100,0
20180104,9.71,9.72,9.69,9.72,37990,0
20180108,9.73,10.06,9.71,9.71,4700,0
20180109,9.69,9.69,9.69,9.69,500200,0
20180110,9.73,9.73,9.71,9.71,1600,0
20180116,9.71,9.71,9.7,9.7,2940,0
20180117,9.7199,9.72,9.7088,9.7199,20068,0
20180123,9.72,9.72,9.7,9.7,2600,0
20180124,9.7001,9.7011,9.7,9.7,4500,0
20180126,9.75,9.75,9.72,9.72,1100,0
20180129,9.7001,9.7001,9.7,9.7,400,0
20180131,9.695,9.695,9.69,9.69,2600,0
20180201,9.73,9.73,9.71,9.71,500200,0
20180202,9.71,9.72,9.71,9.71,8100,0
20180205,9.7,9.7014,9.69,9.69,2000,0
20180206,9.68,9.71,9.68,9.71,6300,0
20180209,9.6762,9.69,9.6762,9.69,33798,0
20180212,9.7,9.7,9.7,9.7,100,0
20180214,9.7,9.75,9.7,9.75,2400,0
20180215,9.7,9.71,9.7,9.7,25900,0
20180216,9.71,9.71,9.71,9.71,115,0
20180220,9.72,9.72,9.72,9.72,1726,0
20180221,9.72,9.72,9.71,9.71,2300,0
20180222,9.74,9.74,9.71,9.71,5095,0
20180223,9.71,9.74,9.71,9.74,17661,0
20180227,9.71,9.72,9.71,9.72,1406226,0
20180301,9.74,9.74,9.72,9.7399,250925,0
20180302,9.72,9.74,9.72,9.74,6800,0
20180305,9.72,9.74,9.72,9.74,4192,0
20180306,9.75,9.75,9.73,9.74,500,0
20180307,9.75,10.08,9.7305,9.79,36320,0
20180309,9.79,9.79,9.75,9.75,1602,0
20180312,9.72,9.75,9.72,9.75,100,0
20180313,9.8,9.8,9.72,9.72,1647,0
20180319,9.72,9.74,9.72,9.74,200,0
20180320,9.75,9.775,9.7,9.75,11280,0
20180321,9.75,9.75,9.75,9.75,50001,0
20180327,9.7592,9.8,9.7592,9.78,2338,0
20180329,9.79,9.79,9.79,9.79,100,0
20180410,9.71,9.8,9.68,9.76,169199,0
20180411,9.75,9.78,9.75,9.7604,329606,0
20180412,9.8,9.8,9.74,9.76,6781,0
20180413,9.77,9.77,9.77,9.77,6748,0
20180416,9.76,9.78,9.76,9.77,950259,0
20180417,9.76,9.76,9.76,9.76,273,0
20180418,9.78,9.8299,9.78,9.8299,307228,0
20180419,9.82,9.8399,9.8,9.8,2419,0
20180420,9.84,9.85,9.82,9.85,25798,0
20180425,9.87,9.87,9.87,9.87,1051,0
20180430,9.78,9.78,9.78,9.78,25297,0
20180502,9.8,9.8,9.8,9.8,996726,0
20180504,9.87,9.8799,9.75,9.75,12600,0
20180507,9.84,9.85,9.7,9.85,10443,0
20180509,9.85,9.85,9.85,9.85,399553,0
20180510,9.88,9.88,9.88,9.88,100,0
20180511,9.89,9.89,9.89,9.89,401,0
20180515,9.8068,9.8068,9.79,9.79,30386,0
20180516,9.81,9.82,9.78,9.79,29937,0
20180518,9.87,9.87,9.87,9.87,25021,0
20180522,9.85,9.85,9.85,9.85,306,0
20180524,9.85,9.85,9.83,9.85,46097,0
20180530,9.84,9.84,9.84,9.84,200,0
20180604,9.84,9.84,9.84,9.84,100,0
20180605,9.82,9.82,9.82,9.82,152,0
20180606,9.82,9.82,9.82,9.82,352,0
20180607,9.85,9.85,9.83,9.83,75000,0
20180613,9.8127,9.8127,9.8,9.8,75122,0
20180614,9.88,9.88,9.88,9.88,100002,0
20180615,9.82,9.82,9.82,9.82,100,0
20180618,9.86,9.86,9.86,9.86,50006,0
20180619,9.8601,9.8601,9.86,9.86,11464,0
20180620,9.88,9.9,9.88,9.8931,329005,0
20180625,9.88,9.8928,9.88,9.8928,1102,0
20180628,9.89,9.9,9.89,9.9,102600,0
20180705,9.91,9.93,9.91,9.93,25324,0
20180706,9.91,9.91,9.91,9.91,400,0
20180717,9.91,9.95,9.9,9.94,37863,0
20180718,9.91,9.93,9.9,9.93,80427,0
20180719,9.92,9.92,9.91,9.91,700,0
20180723,9.95,9.95,9.95,9.95,200,0
20180724,9.92,9.92,9.91,9.91,16773,0
20180726,9.91,9.93,9.91,9.93,300023,0
20180730,9.95,9.95,9.93,9.95,38426,0
20180731,9.94,9.95,9.94,9.95,56512,0
20180801,9.95,9.95,9.94,9.9499,21500,0
20180802,9.95,9.951,9.94,9.95,52700,0
20180803,9.95,9.95,9.95,9.95,100,0
20180806,9.95,9.95,9.95,9.95,60000,0
20180807,9.95,9.97,9.95,9.97,185257,0
20180808,9.954,9.97,9.954,9.97,24046,0
20180809,10.22,10.25,10.19,10.22,7992640,0
20180810,10.2,10.23,10.2,10.2,1378470,0
20180813,10.22,10.3,10.2123,10.29,1907278,0
20180814,10.3,10.3,10.26,10.3,1377626,0
20180815,10.28,10.3,10.2599,10.27,375722,0
20180816,10.26,10.2732,10.26,10.26,112555,0
20180817,10.28,10.28,10.26,10.28,436503,0
20180820,10.28,10.28,10.24,10.27,267417,0
20180821,10.27,10.27,10.15,10.21,341478,0
20180822,10.24,10.24,10.2,10.21,259838,0
20180823,10.2,10.255,10.2,10.23,491677,0
20180824,10.21,10.27,10.21,10.27,453503,0
20180827,10.27,10.27,10.21,10.24,400589,0
20180828,10.27,10.27,10.22,10.23,624549,0
20180829,10.26,10.34,10.23,10.29,566594,0
20180830,10.29,10.29,10.2509,10.28,161255,0
20180831,10.3,10.3,10.25,10.27,393722,0
20180904,10.25,10.3,10.23,10.28,873313,0
20180905,10.3,10.3064,10.21,10.28,321109,0
20180906,10.295,10.3,10.25,10.25,597935,0
20180907,10.29,10.3,10.21,10.23,184374,0
20180910,10.285,10.3,10.23,10.24,144807,0
20180911,10.28,10.28,10.225,10.23,15033,0
20180912,10.24,10.265,10.21,10.22,70952,0
20180913,10.16,10.3,10.16,10.19,88273,0
20180914,10.2,10.23,10.1787,10.21,36460,0
20180917,10.15,10.2,10.1,10.2,36390,0
20180918,10.18,10.19,10.12,10.13,65566,0
20180919,10.2,10.2,10.1535,10.19,4263,0
20180920,10.19,10.2,10.1,10.1,101881,0
20180921,10.1,10.2,10.1,10.15,14943,0
20180924,10.14,10.19,10.1,10.1,31414,0
20180925,10.19,10.2,10.15,10.2,4083,0
20180926,10.12,10.18,10.12,10.15,251044,0
20180927,10.12,10.18,10.12,10.14,59556,0
20180928,10.11,10.19,10.11,10.16,1271,0
20181001,10.17,10.17,10.14,10.16,60807,0
20181002,10.2,10.25,10.1601,10.2,41475,0
20181003,10.21,10.3,10.21,10.2376,141522,0
20181004,10.15,10.2499,10.15,10.16,27328,0
20181005,10.2256,10.23,10.17,10.18,118112,0
20181008,10.14,10.22,10.14,10.2,69275,0
20181009,10.14,10.2,10.14,10.17,85628,0
20181010,10.15,10.17,10.13,10.13,254941,0
20181011,10.14,10.15,10.07,10.1,1323097,0
20181012,10.1,10.14,10.1,10.1,157449,0
20181015,10.1,10.15,10.09,10.09,617,0
20181016,10.1,10.14,10.09,10.1,595376,0
20181017,10.14,10.14,10.1,10.13,111893,0
20181018,10.1,10.15,10.1,10.1175,475861,0
20181019,10.15,10.15,10.1,10.11,556176,0
20181022,10.08,10.12,10.06,10.06,186811,0
20181023,10.065,10.09,9.87,10.02,2195360,0
20181024,10.07,10.08,10.03,10.04,4841211,0
20181025,10.05,10.08,10.04,10.05,564085,0
20181026,10.05,10.09,10.04,10.05,1748094,0
20181029,10.15,10.15,10.05,10.09,5615,0
20181030,10.1,10.1,9.8,10.1,1341283,0
20181031,10.09,10.09,10.06,10.07,65191,0
20181101,10,10.025,9.98,10,251741,0
20181102,9.9897,10.05,9.94,9.94,2307,0
20181105,9.8101,9.83,9.81,9.83,5828,0
20181106,9.5469,9.895,9.45,9.66,27129,0
20181107,9.76,9.76,9.26,9.4,14685,0
20181108,9.87,9.875,9.41,9.6,35845,0
20181109,10,10,9.62,9.64,29739,0
20181112,10.39,10.39,9.9,9.9,34611,0
20181113,9.5452,9.5452,9.06,9.1,13913,0
20181114,9.55,9.6,8.31,8.31,56210,0
20181115,8.55,9.2,8.52,8.825,552886,0
20181116,8.98,9.11,8.57,8.68,113161,0
20181119,8.76,8.8082,8.24,8.25,22897,0
20181120,8.1396,8.2,7.776,7.84,87899,0
20181121,7.78,7.98,7.3339,7.7,240033,0
20181123,7.795,7.86,7.795,7.84,1383,0
20181126,8.189,8.1899,7.46,8,40044,0
20181127,7.98,7.98,7.41,7.75,196853,0
20181128,7.74,7.77,7.4873,7.69,126501,0
20181129,7.76,7.85,7.575,7.64,113508,0
20181130,7.64,7.99,7.55,7.64,363456,0
20181203,7.84,8.15,7.65,7.85,20929,0
20181204,7.6756,8.05,7.62,7.72,22760,0
20181206,7.638,7.9767,7.6,7.75,309599,0
20181207,8.15,8.15,7.61,7.84,2310431,0
20181210,7.94,8.6,7.94,8.32,349226,0
20181211,8.51,9.59,8.41,9.16,199927,0
20181212,9.52,10.2,9.15,9.7,258446,0
20181213,9.61,10,9.2841,9.45,293313,0
20181214,9.46,10.2,8.45,8.73,392419,0
20181217,10.48,10.48,8.76,9.06,306176,0
20181218,8.99,10,8.66,8.7,198488,0
20181219,8.58,8.81,8.2275,8.47,549481,0
20181220,8.34,8.45,7.58,7.79,457299,0
20181221,7.73,8.37,7.63,7.63,240003,0
20181224,7.55,8.28,7.55,7.74,118114,0
20181226,7.68,8.17,7.66,8.075,331734,0
20181227,7.88,8.48,7.405,7.63,254341,0
20181228,7.71,8.495,7.6,7.75,225545,0
20181231,7.84,8.0199,7.35,7.73,442862,0
20190102,7.62,8.165,7.37,7.66,115747,0
20190103,7.6,7.77,7.15,7.42,245763,0
20190104,7.58,8.27,7.46,8.11,252246,0
20190107,8.18,8.75,7.93,8.18,188710,0
20190108,8.29,8.8,8.1,8.25,276124,0
20190109,8.41,9.2,8.4,8.8,288100,0
20190110,8.73,9.25,8.45,8.86,228870,0
20190111,8.81,8.81,8.35,8.47,123352,0
20190114,8.4,8.75,8.2,8.33,283395,0
20190115,8.37,8.79,8.37,8.62,133750,0
20190116,8.63,8.82,8.38,8.57,149197,0
20190117,8.52,8.9,8.26,8.69,148400,0
20190118,8.96,9.4564,8.36,8.57,128828,0
20190122,8.5,8.5,8.15,8.28,216267,0
20190123,8.3,8.5,7.7,7.77,150805,0
20190124,7.88,8.22,7.88,8.1,146687,0
20190125,8.15,8.5,7.974,8.1,108421,0
20190128,8.13,8.59,7.96,8.12,202628,0
20190129,8.09,8.44,7.99,8.33,41950,0
20190130,8.28,8.46,7.93,8.12,154723,0
20190131,8.08,8.45,8.045,8.1,394182,0
20190201,8.23,8.71,7.99,8.4,366486,0
20190204,8.55,8.62,8.15,8.49,108472,0
20190205,8.51,8.51,8.19,8.34,309590,0
20190206,8.22,8.37,8.015,8.26,145299,0
20190207,8.15,8.175,8.02,8.14,73069,0
20190208,8.13,8.13,7.87,7.94,65876,0
20190211,7.95,8.47,7.85,7.9,101218,0
20190212,7.95,8.1601,7.95,7.99,84333,0
20190213,8.06,8.32,7.86,7.99,240489,0
20190214,7.98,8.03,7.8,7.87,184934,0
20190215,7.99,8.4975,7.85,8.14,292877,0
20190219,8.06,8.38,8,8.13,337157,0
20190220,8.12,8.46,8,8.18,154435,0
20190221,8.18,8.265,8.05,8.11,84629,0
20190222,8.1,8.26,8.06,8.16,88474,0
20190225,8.2,8.25,8.05,8.17,65497,0
20190226,8.16,8.24,8.05,8.17,76983,0
20190227,8.16,8.19,7.87,8.03,279792,0
20190228,7.3,7.31,6.1,6.12,1532678,0
20190301,6.18,6.23,5.08,5.57,1398476,0
20190304,5.67,5.95,5.41,5.55,952110,0
20190305,5.61,5.74,5.41,5.52,528704,0
20190306,5.53,5.74,5.41,5.6,463119,0
20190307,5.59,5.84,5.51,5.59,286709,0
20190308,5.56,6,5.18,5.5,1582140,0
20190311,5.57,6.06,5.57,5.64,1292252,0
20190312,5.71,6.21,5.71,6.19,850563,0
20190313,6.27,6.5,6,6.17,1059172,0
20190314,6.24,6.32,6,6.32,648193,0
20190315,6.35,6.51,6.2,6.44,2616425,0
20190318,6.45,6.45,6.09,6.18,530616,0
20190319,6.25,6.41,6.09,6.24,648015,0
20190320,6.24,6.26,5.99,6.13,560849,0
20190321,6.12,6.32,5.9634,6.29,550462,0
20190322,6.1,6.33,5.96,6.2,279523,0
20190325,6.23,6.23,5.99,6.03,321762,0
20190326,6.07,6.3,6,6.04,394738,0
20190327,5.99,6.24,5.94,6.12,388377,0
20190328,6.09,6.16,5.92,6,260417,0
20190329,6.08,6.08,5.79,5.9,254015,0
20190401,5.94,6.06,5.7,5.99,465129,0
20190402,6.01,6.11,5.86,6.01,228203,0
20190403,6,6.01,5.91,6.01,721444,0
20190404,6.05,6.05,5.9,6,283148,0
20190405,6.01,6.07,5.92,6.02,325132,0
20190408,6.01,6.07,5.91,5.95,356782,0
20190409,5.95,6.29,5.76,5.88,1517700,0
20190410,5.95,5.97,5.76,5.81,379662,0
20190411,5.83,5.9,5.71,5.79,1377829,0
20190412,5.84,5.93,5.78,5.85,260072,0
20190415,5.89,5.93,5.7,5.85,567239,0
20190416,5.65,5.65,5.19,5.42,479276,0
20190417,5.5,5.53,5.33,5.42,439880,0
20190418,5.37,5.37,4.83,5,1182703,0
20190422,4.97,5.45,4.92,5.41,334050,0
20190423,5.21,5.51,5.13,5.37,1159253,0
20190424,5.33,5.42,5.1,5.25,624686,0
20190425,5.23,5.23,5.07,5.1,213062,0
20190426,5,5.2,4.86,4.95,480423,0
20190429,4.97,5.19,4.9,5.17,257258,0
20190430,5.15,5.165,4.92,5.05,218944,0
20190501,5.04,5.25,5.01,5.14,128777,0
20190502,5,5.23,4.98,5.06,234975,0
20190503,5.05,5.43,5.05,5.2,375166,0
20190506,5.13,5.19,4.91,5.05,1043214,0
20190507,5.01,5.16,4.98,5.07,281398,0
20190508,5.08,5.15,5,5.1,709554,0
20190509,5.1,5.59,5.06,5.34,1215022,0
20190510,5.32,5.39,5.16,5.29,692151,0
20190513,5.27,5.49,5.12,5.41,435664,0
20190514,5.4,5.49,5.3,5.31,415091,0
20190515,5.26,5.4136,5.15,5.24,249390,0
20190516,5.24,5.37,5.2,5.32,268596,0
20190517,5.3,5.42,5.2,5.35,1251412,0
20190520,5.4,5.4,5.21,5.28,265085,0
20190521,5.28,5.35,5.15,5.21,1343637,0
20190522,5.18,5.23,4.98,5.06,451826,0
20190523,5.01,5.04,4.88,4.94,370616,0
20190524,5.02,5.09,4.89,5.03,335325,0
20190528,5.03,5.04,4.91,4.97,482872,0
20190529,4.91,4.95,4.66,4.86,946352,0
20190530,4.86,4.9,4.74,4.81,356304,0
20190531,4.73,4.82,4.53,4.58,990652,0
20190603,4.58,4.72,4.53,4.55,269077,0
20190604,4.57,4.74,4.57,4.68,297810,0
20190605,4.7,4.8,4.52,4.58,291483,0
20190606,4.57,4.66,4.47,4.55,633802,0
20190607,4.56,4.85,4.48,4.84,524874,0
20190610,4.82,4.87,4.63,4.73,1030937,0
20190611,4.7,4.86,4.58,4.64,754863,0
20190612,4.61,4.63,4.32,4.43,1261349,0
20190613,4.46,4.5983,4.12,4.24,1169088,0
20190614,4.26,4.26,3.9,3.99,920089,0
20190617,4.01,4.045,3.66,3.91,1001462,0
20190618,3.95,4.03,3.84,3.98,678516,0
20190619,3.97,4.03,3.85,3.87,392198,0
20190620,3.9,4.045,3.86,4,246838,0
20190621,4,4.24,3.88,4,1050846,0
20190624,4,4.21,3.75,3.79,465172,0
20190625,3.8,3.92,3.65,3.67,308350,0
20190626,3.7,3.85,3.65,3.73,518270,0
20190627,3.75,3.89,3.58,3.6,1224616,0
20190628,3.59,3.91,3.59,3.72,8873156,0
20190701,3.75,4.07,3.75,3.95,1226554,0
20190702,3.95,3.955,3.83,3.92,431675,0
20190703,3.91,3.91,3.67,3.72,569774,0
20190705,3.75,3.78,3.65,3.66,512325,0
20190708,3.68,3.83,3.54,3.58,1234983,0
20190709,3.58,3.63,3.48,3.6,2753757,0
20190710,3.63,3.78,3.63,3.74,1312301,0
20190711,3.72,3.785,3.71,3.74,1619929,0
20190712,3.72,3.76,3.66,3.73,848807,0
20190715,3.75,3.86,3.64,3.81,562367,0
20190716,3.77,3.78,3.4,3.41,2453605,0
20190717,3.4,3.44,3.38,3.4,472595,0
20190718,3.37,3.39,3.1,3.16,1842650,0
20190719,3.22,3.59,3.18,3.54,1689228,0
20190722,3.56,3.74,3.52,3.66,854344,0
20190723,3.67,3.7144,3.56,3.64,960440,0
20190724,3.57,3.68,3.56,3.65,880049,0
20190725,3.66,3.71,3.49,3.53,499135,0
20190726,3.53,3.57,3.45,3.56,299136,0
20190729,3.55,3.6099,3.3,3.34,585376,0
20190730,3.3,3.32,3.25,3.3,1658081,0
20190731,3.27,3.32,3.2,3.21,1277917,0
20190801,3.4,3.68,2.96,3,1994017,0
20190802,3,3.02,2.91,2.96,1092529,0
20190805,2.95,3.01,2.9,2.98,980562,0
20190806,2.99,3.06,2.86,2.91,783254,0
20190807,2.89,2.89,2.75,2.81,733607,0
20190808,2.84,2.88,2.76,2.83,1155407,0
20190809,2.85,2.93,2.75,2.78,518459,0
20190812,2.79,2.83,2.59,2.62,901468,0
20190813,2.65,2.76,2.58,2.72,642659,0
20190814,2.72,2.72,2.5,2.55,766063,0
20190815,2.51,2.62,2.5,2.57,613702,0
20190816,2.715,2.77,2.6,2.75,588670,0
20190819,2.73,2.73,2.53,2.58,832751,0
20190820,2.54,2.68,2.51,2.6,573920,0
20190821,2.62,2.65,2.53,2.57,374059,0
20190822,2.61,2.61,2.5,2.51,413249,0
20190823,2.5,2.5226,2.27,2.3,807891,0
20190826,2.3,2.37,2.26,2.28,493721,0
20190827,2.34,2.39,2.19,2.23,1010167,0
20190828,2.22,2.36,2.18,2.31,886208,0
20190829,2.33,2.42,2.29,2.38,1253279,0
20190830,2.38,2.417,2.29,2.31,338951,0
20190903,2.27,2.31,2.21,2.22,1102228,0
20190904,2.25,2.33,2.25,2.3,486075,0
20190905,2.31,2.46,2.31,2.42,666766,0
20190906,2.42,2.42,2.31,2.4,614337,0
20190909,2.45,2.64,2.4,2.59,1414393,0
20190910,2.57,2.73,2.48,2.71,996004,0
20190911,2.7,2.84,2.7,2.82,595471,0
20190912,2.82,2.84,2.69,2.8,525427,0
20190913,2.81,2.91,2.78,2.84,517673,0
20190916,3,3.15,2.96,3.07,1024401,0
20190917,3.11,3.17,2.97,3.13,658239,0
20190918,3.14,3.15,2.95,3,842198,0
20190919,2.99,3.0056,2.8,2.94,481159,0
20190920,2.94,3.05,2.89,3.03,1118852,0
20190923,3.04,3.04,2.86,2.94,619717,0
20190924,2.9,2.97,2.7,2.8,1248448,0
20190925,2.76,2.9002,2.73,2.85,385838,0
20190926,2.89,2.92,2.78,2.9,407198,0
20190927,2.92,3,2.87,2.94,916210,0
20190930,2.88,2.9,2.65,2.83,671527,0
20191001,2.87,2.87,2.5,2.58,994308,0
20191002,2.57,2.5981,2.31,2.47,4694526,0
20191003,2.5,2.5,2.4,2.46,267999,0
20191004,2.48,2.61,2.36,2.53,662251,0
20191007,2.56,2.56,2.47,2.49,419088,0
20191008,2.42,2.47,2.4,2.4,453947,0
20191009,2.39,2.47,2.35,2.43,577462,0
20191010,2.48,2.51,2.34,2.41,439242,0
20191011,2.43,2.52,2.41,2.45,401312,0
20191014,2.46,2.47,2.39,2.43,284124,0
20191015,2.42,2.42,2.23,2.25,650209,0
20191016,2.22,2.33,2.22,2.29,465404,0
20191017,2.29,2.31,2.19,2.26,495803,0
20191018,2.25,2.29,2.22,2.28,178065,0
20191021,2.3,2.38,2.27,2.35,126423,0
20191022,2.35,2.49,2.307,2.46,201004,0
20191023,2.47,2.4758,2.36,2.41,298229,0
20191024,2.42,2.42,2.37,2.4,230886,0
20191025,2.4,2.49,2.37,2.44,97552,0
20191028,2.48,2.5339,2.37,2.38,329288,0
20191029,2.38,2.42,2.27,2.3,321378,0
20191030,2.3,2.41,2.22,2.33,379447,0
20191031,2.28,2.28,2.18,2.2,1444160,0
20191101,2.18,2.31,2.17,2.28,267549,0
20191104,2.34,2.43,2.25,2.31,553367,0
20191105,2.31,2.33,2.21,2.27,1148633,0
20191106,2.24,2.26,2.15,2.19,1102131,0
20191107,2.23,2.27,2.1,2.2,4052340,0
20191108,2.2,2.2,2.1,2.1,579789,0
20191111,2.12,2.15,1.99,2,468339,0
20191112,2.01,2.13,2,2.01,1239244,0
20191113,1.99,2.06,1.81,1.9,2532272,0
20191114,1.88,1.95,1.86,1.91,519485,0
20191115,1.92,1.975,1.89,1.94,257450,0
20191118,1.93,1.93,1.74,1.75,2413942,0
20191119,1.76,1.76,1.68,1.69,678837,0
20191120,1.68,1.82,1.63,1.8,1360865,0
20191121,1.82,2.03,1.71,1.94,1120121,0
20191122,1.93,1.96,1.85,1.89,487921,0
20191125,1.89,1.94,1.85,1.87,304379,0
20191126,1.84,1.95,1.83,1.86,283306,0
20191127,1.88,1.98,1.84,1.94,375912,0
20191129,1.95,2,1.9,1.93,196500,0
20191202,1.95,1.975,1.83,1.88,311161,0
20191203,1.87,1.93,1.81,1.86,294707,0
20191204,1.93,2.17,1.89,2.06,634346,0
20191205,2.05,2.18,2,2.01,259867,0
20191206,2.01,2.06,2,2.04,217305,0
20191209,2.07,2.27,2.04,2.24,620393,0
20191210,2.25,2.46,2.24,2.46,913584,0
20191211,2.42,2.63,2.38,2.59,945659,0
20191212,2.6,2.68,2.5,2.59,848827,0
20191213,2.59,2.67,2.53,2.65,410670,0
20191216,2.66,2.89,2.66,2.85,760178,0
20191217,2.9,2.94,2.71,2.73,1325451,0
20191218,2.7,2.74,2.61,2.62,909989,0
20191219,2.65,2.68,2.46,2.54,1192202,0
20191220,2.54,2.56,2.465,2.5,577360,0
20191223,2.54,2.725,2.46,2.7,396899,0
20191224,2.7,2.77,2.67,2.72,275305,0
20191226,2.69,2.9,2.69,2.9,216677,0
20191227,2.92,2.98,2.85,2.98,399248,0
20191230,2.98,2.98,2.78,2.82,377593,0
20191231,2.82,2.91,2.79,2.86,425530,0
20200102,2.93,2.93,2.65,2.74,283328,0
20200103,2.72,2.76,2.61,2.7,314050,0
20200106,2.71,2.759,2.66,2.7,202894,0
20200107,2.68,2.78,2.63,2.77,250841,0
20200108,2.76,2.79,2.65,2.78,596668,0
20200109,2.78,2.85,2.7,2.81,290187,0
20200110,2.85,2.88,2.79,2.875,432180,0
20200113,2.87,2.87,2.68,2.74,344216,0
20200114,2.82,2.82,2.57,2.7,419601,0
20200115,2.69,2.85,2.61,2.82,2266177,0
20200116,2.88,2.9346,2.82,2.85,239513,0
20200117,2.9,2.9,2.56,2.65,282139,0
20200121,2.66,2.66,2.11,2.31,432547,0
20200122,2.31,2.32,2.23,2.25,513073,0
20200123,2.2,2.2,2.075,2.13,1278448,0
