Date,Open,High,Low,Close,Volume,OpenInt
20100824,10.687,10.693,10.687,10.693,335,0
20100825,10.385,10.538,10.385,10.538,1493,0
20100831,10.687,10.687,10.687,10.687,184,0
20100901,10.687,10.687,10.684,10.687,9991,0
20100902,10.538,10.844,10.538,10.844,5153,0
20100903,10.844,10.992,10.844,10.992,1152,0
20100907,10.992,11.147,10.992,11.147,1309,0
20100908,11.453,11.453,11.453,11.453,335,0
20100913,11.542,11.542,11.453,11.453,920,0
20100914,11.542,12.522,11.542,12.351,10972,0
20100915,12.358,12.358,11.453,12.154,9792,0
20100916,12.141,12.4,12.141,12.217,40708,0
20100917,12.16,12.16,12.084,12.084,477,0
20100921,11.821,11.826,11.605,11.67,6059,0
20100922,11.453,11.599,11.435,11.435,3846,0
20100923,11.482,11.721,11.299,11.721,30681,0
20100924,11.425,11.425,11.425,11.425,335,0
20100927,11.721,11.721,11.721,11.721,983,0
20100928,11.721,12.217,11.721,12.217,5871,0
20100929,11.91,11.91,11.35,11.91,647,0
20100930,11.91,12.217,11.905,12.217,2132,0
20101001,11.893,11.91,11.893,11.91,1152,0
20101004,11.605,11.91,11.605,11.91,4905,0
20101005,11.91,11.91,11.91,11.91,1224,0
20101006,11.91,11.91,11.91,11.91,1152,0
20101013,11.91,11.91,11.91,11.91,1804,0
20101018,11.91,11.91,11.91,11.91,983,0
20101019,11.91,11.91,11.91,11.91,3112,0
20101020,11.408,11.91,11.408,11.91,5173,0
20101021,11.605,11.605,11.605,11.605,1309,0
20101022,11.605,11.605,11.605,11.605,3603,0
20101025,11.605,11.605,11.599,11.605,3603,0
20101026,11.378,11.605,10.992,11.542,16537,0
20101027,11.304,11.605,11.295,11.605,7200,0
20101028,11.605,11.605,11.605,11.605,335,0
20101029,11.581,11.605,11.581,11.605,983,0
20101105,11.536,11.536,11.536,11.536,1152,0
20101108,11.536,11.605,11.536,11.576,9904,0
20101109,11.605,11.605,11.576,11.576,4236,0
20101110,11.378,11.88,11.122,11.67,1465,0
20101111,11.76,11.76,11.605,11.716,2132,0
20101112,11.147,11.782,11.147,11.587,815,0
20101115,11.639,11.694,11.576,11.576,477,0
20101116,11.517,11.517,11.517,11.517,983,0
20101118,11.199,11.517,11.179,11.482,4745,0
20101119,11.299,11.51,11.299,11.482,8962,0
20101122,11.517,11.517,11.482,11.482,11956,0
20101123,11.482,11.482,11.477,11.482,8350,0
20101124,11.482,11.482,11.482,11.482,184,0
20101129,11.392,11.496,11.392,11.44,3603,0
20101201,11.147,11.392,11.147,11.392,7368,0
20101203,11.399,11.408,11.392,11.392,6880,0
20101207,11.392,11.392,11.21,11.248,16045,0
20101208,11.605,11.605,11.605,11.605,184,0
20101209,11.269,11.482,11.266,11.482,3155,0
20101215,11.435,11.453,11.248,11.248,4976,0
20101216,11.392,11.392,11.299,11.378,2618,0
20101217,11.425,11.425,11.375,11.375,11708,0
20101222,11.587,12.064,11.587,12.064,6014,0
20110104,12.21,12.21,12.21,12.21,477,0
20110107,12.183,12.21,12.154,12.154,3603,0
20110110,12.141,12.206,12.141,12.206,647,0
20110111,11.789,11.789,11.789,11.789,291,0
20110113,12.183,12.183,11.797,11.797,647,0
20110114,11.85,11.85,11.821,11.85,2289,0
20110118,11.605,11.612,11.605,11.605,2846,0
20110119,11.413,11.453,11.399,11.453,1962,0
20110121,11.628,11.628,11.599,11.605,3763,0
20110124,11.542,11.542,11.517,11.542,8837,0
20110125,11.612,11.694,11.605,11.694,1804,0
20110127,11.694,12.057,11.694,12.057,13914,0
20110201,11.85,11.85,11.85,11.85,477,0
20110202,11.85,11.85,11.85,11.85,1638,0
20110203,11.821,11.821,11.821,11.821,1638,0
20110204,11.85,11.85,11.85,11.85,4428,0
20110207,11.716,11.716,11.716,11.716,477,0
20110216,11.459,11.56,11.459,11.542,4422,0
20110218,11.482,11.972,11.482,11.67,4550,0
20110303,11.605,11.605,11.605,11.605,6706,0
20110308,11.459,11.459,11.459,11.459,184,0
20110309,11.844,11.844,11.752,11.821,2459,0
20110316,11.453,11.605,11.378,11.378,4340,0
20110318,11.399,11.399,11.378,11.378,647,0
20110322,11.399,11.399,11.378,11.378,4086,0
20110323,11.605,11.605,11.299,11.311,5338,0
20110324,11.24,11.24,11.232,11.24,3227,0
20110325,11.248,11.453,11.24,11.24,9273,0
20110328,11.448,11.477,11.11,11.186,6585,0
20110329,11.425,11.477,11.337,11.337,1962,0
20110330,11.425,11.453,11.425,11.453,2459,0
20110331,11.35,11.364,11.299,11.331,2868,0
20110401,11.357,11.364,11.331,11.364,6380,0
20110404,11.576,11.587,11.528,11.528,3603,0
20110405,11.459,11.576,11.453,11.453,7989,0
20110406,11.56,11.56,11.418,11.418,477,0
20110407,11.425,11.51,11.392,11.428,16939,0
20110408,11.581,11.581,11.576,11.576,1152,0
20110411,11.536,11.605,11.392,11.605,1638,0
20110412,11.194,11.453,11.122,11.392,3427,0
20110414,11.876,11.876,11.876,11.876,184,0
20110420,11.581,11.605,11.482,11.605,2618,0
20110427,11.576,11.789,11.576,11.777,10237,0
20110429,11.304,11.304,11.304,11.304,815,0
20110504,11.605,11.605,11.605,11.605,413,0
20110505,11.24,11.605,11.24,11.605,4497,0
20110509,11.727,11.727,11.727,11.727,244,0
20110511,11.76,11.76,11.368,11.733,12474,0
20110512,11.789,11.905,11.777,11.905,687,0
20110513,11.76,11.876,11.752,11.876,3407,0
20110516,11.844,11.905,11.844,11.905,4422,0
20110518,11.605,11.605,11.605,11.605,2132,0
20110519,11.605,12.206,11.605,12.206,2830,0
20110520,11.923,11.923,11.917,11.917,335,0
20110523,11.941,12.217,11.876,11.905,3936,0
20110524,12.064,12.064,11.991,11.991,4589,0
20110525,11.435,11.91,11.435,11.91,2046,0
20110526,12.072,12.091,12.064,12.091,8679,0
20110527,12.064,12.183,12.064,12.183,17886,0
20110601,11.9,11.9,11.9,11.9,184,0
20110602,11.9,12.206,11.886,11.91,3014,0
20110606,11.91,11.91,11.91,11.91,219,0
20110607,11.93,11.93,11.482,11.76,8837,0
20110608,11.542,11.91,11.466,11.91,8679,0
20110609,11.91,12.103,11.91,12.103,1465,0
20110610,12.075,12.091,12.075,12.091,335,0
20110614,11.639,11.727,11.639,11.727,751,0
20110615,11.85,12.033,11.85,12.033,1962,0
20110616,11.85,12.033,11.85,11.85,11135,0
20110620,12.13,12.141,12.13,12.141,2289,0
20110621,12.154,12.217,12.154,12.198,1465,0
20110623,12.217,12.217,12.217,12.217,184,0
20110624,12.072,12.072,12.064,12.064,1638,0
20110627,12.217,12.23,12.13,12.217,3935,0
20110628,12.154,12.154,12.136,12.136,1507,0
20110629,11.91,11.91,11.9,11.91,10818,0
20110630,12.141,12.141,12.141,12.141,184,0
20110705,12.072,12.091,12.057,12.091,2459,0
20110706,12.141,12.439,12.141,12.249,16078,0
20110707,12.075,12.4,12.075,12.364,5250,0
20110708,12.154,12.217,12.154,12.217,10815,0
20110711,12.217,12.217,12.217,12.217,1638,0
20110712,12.217,12.217,12.217,12.217,815,0
20110713,12.732,12.732,12.217,12.249,9267,0
20110715,12.336,12.336,12.336,12.336,350,0
20110718,12.23,12.23,12.217,12.217,1465,0
20110719,12.305,12.305,12.305,12.305,1525,0
20110720,12.286,12.29,12.256,12.256,1183,0
20110721,12.217,12.217,12.217,12.217,4491,0
20110722,12.217,12.217,12.064,12.064,3195,0
20110727,12.103,12.103,12.097,12.097,2725,0
20110728,12.217,12.217,12.217,12.217,2008,0
20110729,11.991,12.033,11.991,12.033,3752,0
20110801,12.022,12.033,12.022,12.033,477,0
20110802,12.041,12.113,12.033,12.033,2028,0
20110804,11.991,11.991,11.991,11.991,4251,0
20110805,11.651,11.76,11.651,11.76,4422,0
20110808,11.482,11.482,11.304,11.304,26019,0
20110810,12.136,12.136,11.052,11.057,1224,0
20110815,11.048,11.21,11.039,11.21,1743,0
20110817,11.721,11.721,11.678,11.678,2132,0
20110818,11.517,11.517,11.147,11.147,2490,0
20110819,10.992,11.24,10.981,11.24,3140,0
20110822,11.071,11.257,11.006,11.257,1606,0
20110825,10.698,10.712,10.698,10.712,2132,0
20110826,10.844,10.902,10.844,10.902,4880,0
20110829,10.902,10.902,10.897,10.902,9705,0
20110831,10.416,10.687,10.416,10.6,26770,0
20110902,10.617,10.679,10.617,10.679,647,0
20110906,10.233,10.477,9.919,10.477,8018,0
20110907,10.644,10.684,10.644,10.653,5078,0
20110908,10.538,10.538,10.538,10.538,2181,0
20110912,10.238,10.238,10.233,10.233,815,0
20110913,10.251,10.416,10.152,10.416,7573,0
20110914,10.423,10.423,10.079,10.139,6434,0
20110915,10.385,10.712,9.646,10.712,2942,0
20110916,10.139,10.673,10.12,10.668,6545,0
20110919,10.385,10.385,10.385,10.385,2618,0
20110920,9.963,10.096,9.938,10.079,4021,0
20110921,10.074,10.074,9.0869,9.0869,6059,0
20110922,9.2072,9.2072,8.8559,8.8559,815,0
20110923,9.1602,9.1602,9.1602,9.1602,4533,0
20110926,9.1671,9.1671,9.104,9.104,1884,0
20110927,9.1546,9.4611,9.1546,9.4611,3975,0
20110928,8.9183,9.1546,8.8625,9.0092,16884,0
20110929,9.425,9.957,9.425,9.924,18370,0
20110930,9.924,10.147,9.924,10.147,1341,0
20111003,9.924,9.924,8.9671,8.9671,9397,0
20111004,9.1602,9.474,9.1439,9.468,2289,0
20111006,9.774,10.079,9.774,10.079,1637,0
20111007,9.806,9.806,9.78,9.78,647,0
20111011,10.079,10.505,10.079,10.505,2289,0
20111014,10.447,10.87,10.447,10.87,2207,0
20111017,10.844,10.844,10.844,10.844,4251,0
20111019,10.263,10.263,10.263,10.263,184,0
20111020,10.086,10.086,9.753,9.774,6922,0
20111021,9.793,9.793,9.758,9.774,15390,0
20111024,9.806,9.853,9.4919,9.4989,7535,0
20111025,9.774,9.806,9.561,9.561,11604,0
20111026,9.534,9.774,9.534,9.774,20059,0
20111027,10.139,10.139,10.079,10.079,9824,0
20111028,10.385,10.385,10.341,10.341,1309,0
20111031,10.292,10.311,10.062,10.079,2942,0
20111102,9.78,9.793,9.4399,9.4399,4905,0
20111103,9.736,9.774,9.736,9.774,9004,0
20111104,10.801,10.801,10.801,10.801,2265,0
20111107,10.385,10.385,10.385,10.385,6545,0
20111108,9.774,9.793,9.774,9.774,647,0
20111109,10.795,10.795,10.484,10.621,8018,0
20111110,10.684,10.684,9.774,9.894,11786,0
20111111,9.786,9.901,9.786,9.901,477,0
20111114,10.079,10.079,10.017,10.017,2289,0
20111115,10.368,10.385,9.841,10.079,3763,0
20111116,9.894,10.046,9.894,10.046,477,0
20111117,9.774,9.793,9.774,9.774,1465,0
20111121,10.062,10.11,9.774,9.83,20590,0
20111122,9.774,9.786,9.758,9.774,3763,0
20111123,9.725,9.774,9.696,9.742,8509,0
20111129,10.311,10.311,10.311,10.311,983,0
20111130,10.244,10.244,10.244,10.244,184,0
20111202,9.982,10.784,9.982,10.784,9991,0
20111205,10.263,10.684,10.263,10.684,335,0
20111206,9.853,10.385,9.837,10.203,983,0
20111207,10.484,10.484,10.484,10.484,184,0
20111208,10.447,10.447,10.447,10.447,184,0
20111209,10.621,10.687,10.621,10.684,1152,0
20111212,10.653,10.653,10.653,10.653,796,0
20111213,10.684,10.684,10.621,10.621,335,0
20111214,10.463,10.505,9.924,10.505,477,0
20111215,10.079,10.079,10.079,10.079,1465,0
20111219,10.588,10.596,9.924,9.924,10933,0
20111220,9.944,10.11,9.924,10.11,4627,0
20111221,10.611,10.611,10.611,10.611,1638,0
20111222,10.318,10.318,10.318,10.318,983,0
20111223,10.423,10.738,10.139,10.538,12526,0
20111228,10.152,10.575,10.152,10.505,5356,0
20111229,10.196,10.233,10.079,10.079,6880,0
20111230,10.157,10.157,10.079,10.079,3275,0
20120103,10.354,10.354,10.354,10.354,335,0
20120104,10.354,10.379,10.354,10.379,1606,0
20120105,10.341,10.447,10.341,10.447,846,0
20120106,10.569,10.569,10.318,10.551,647,0
20120110,10.532,10.559,10.472,10.559,815,0
20120112,10.538,10.538,10.538,10.538,335,0
20120113,10.385,10.385,10.385,10.385,335,0
20120117,10.379,10.484,10.379,10.416,1850,0
20120119,10.416,10.416,10.416,10.416,3274,0
20120120,10.538,10.538,10.079,10.168,3593,0
20120125,10.341,10.341,10.341,10.341,184,0
20120127,10.687,10.687,10.687,10.687,19087,0
20120130,10.712,10.751,10.687,10.687,9004,0
20120131,10.814,10.86,10.385,10.832,10150,0
20120201,10.638,10.86,10.544,10.751,8555,0
20120202,10.866,10.87,10.687,10.847,1962,0
20120203,10.902,11.103,10.86,10.86,3803,0
20120207,10.885,10.902,10.628,10.628,2085,0
20120208,10.698,10.698,10.628,10.628,4061,0
20120209,10.87,10.902,10.844,10.844,6714,0
20120210,10.968,10.968,10.933,10.933,3630,0
20120213,11.034,11.057,10.992,10.992,5731,0
20120214,10.992,10.992,10.992,10.992,8163,0
20120215,11.11,11.11,10.992,10.992,5135,0
20120216,11.08,11.08,10.968,10.968,9991,0
20120217,10.933,10.933,10.933,10.933,1465,0
20120221,10.933,11.048,10.933,11.039,1733,0
20120222,10.998,10.998,10.998,10.998,1574,0
20120224,11.039,11.039,11.034,11.034,737,0
20120227,11.048,11.217,10.992,11.034,16864,0
20120228,11.269,11.605,11.269,11.605,9499,0
20120229,11.536,11.536,11.536,11.536,184,0
20120301,11.364,11.428,11.205,11.205,14081,0
20120302,11.605,11.605,11.425,11.453,1638,0
20120305,11.466,11.466,11.466,11.466,1638,0
20120306,11.605,11.67,11.605,11.662,5557,0
20120307,11.662,11.782,11.612,11.628,30747,0
20120308,11.782,12.119,11.76,12.097,4086,0
20120309,12.097,12.154,12.064,12.136,8350,0
20120312,12.103,12.141,12.016,12.141,16115,0
20120313,12.165,12.165,12.025,12.154,28012,0
20120314,11.991,11.991,11.979,11.979,5557,0
20120315,11.923,11.953,11.917,11.93,4087,0
20120316,11.917,11.972,11.854,11.88,9167,0
20120319,12.154,12.154,12.154,12.154,2008,0
20120320,12.091,12.091,11.923,12.033,1152,0
20120322,12.097,12.097,11.936,11.986,1962,0
20120323,12.097,12.148,12.097,12.148,2207,0
20120326,12.154,12.237,12.141,12.154,21531,0
20120327,12.237,12.45,12.174,12.217,67615,0
20120329,12.264,12.485,12.264,12.485,1278,0
20120330,12.319,12.319,11.459,12.075,9743,0
20120402,12.053,12.072,12.053,12.072,335,0
20120403,12.057,12.091,12.057,12.091,3763,0
20120404,11.91,11.91,11.9,11.91,2942,0
20120405,12.064,12.237,12.064,12.237,3112,0
20120409,11.986,11.991,11.986,11.991,477,0
20120410,11.991,12.004,11.991,11.991,2289,0
20120411,12.041,12.141,11.972,12.097,4745,0
20120412,12.108,12.113,12.108,12.108,5037,0
20120416,12.183,12.336,12.183,12.336,335,0
20120418,12.183,12.183,12.008,12.033,29307,0
20120419,12.091,12.097,12.033,12.033,2740,0
20120420,12.064,12.064,12.053,12.053,5927,0
20120423,11.953,11.962,11.953,11.962,335,0
20120424,12.033,12.033,12.033,12.033,3603,0
20120425,12.033,12.064,12.025,12.064,11458,0
20120426,12.064,12.461,12.064,12.281,14446,0
20120430,12.249,12.805,12.016,12.774,10564,0
20120501,12.675,12.675,12.364,12.479,1665,0
20120504,12.217,12.217,12.217,12.217,815,0
20120507,12.237,12.237,12.217,12.217,6118,0
20120508,12.21,12.364,12.21,12.297,2902,0
20120510,12.371,12.371,12.371,12.371,335,0
20120511,12.508,12.508,12.508,12.508,335,0
20120514,12.407,12.415,12.407,12.407,4745,0
20120515,11.893,12.305,11.893,12.305,1465,0
20120517,12.492,12.648,12.492,12.648,36709,0
20120518,12.371,12.805,12.371,12.805,2132,0
20120522,12.421,12.461,12.421,12.421,11544,0
20120525,12.535,12.535,12.427,12.427,3150,0
20120529,12.791,12.791,12.791,12.791,1152,0
20120531,12.745,12.767,12.708,12.732,7182,0
20120601,12.522,12.546,12.522,12.546,5969,0
20120606,12.712,12.716,12.701,12.708,1309,0
20120607,12.445,12.445,12.407,12.407,6545,0
20120608,12.421,12.421,12.421,12.421,335,0
20120615,12.472,12.472,12.472,12.472,815,0
20120619,12.529,12.529,12.529,12.529,3112,0
20120620,12.732,12.732,12.656,12.656,1804,0
20120621,12.68,12.753,12.68,12.753,983,0
20120622,12.76,12.76,12.68,12.732,5078,0
20120625,12.732,12.732,12.68,12.68,1430,0
20120626,12.732,12.798,12.732,12.798,96093,0
20120627,12.68,12.68,12.68,12.68,815,0
20120628,13.876,13.876,13.806,13.806,335,0
20120629,12.675,12.828,12.675,12.767,2459,0
20120702,12.866,12.866,12.701,12.701,2423,0
20120703,13.408,13.63,12.902,13.346,1962,0
20120705,13.376,13.408,13.376,13.408,532,0
20120706,12.738,12.738,12.738,12.738,815,0
20120709,13.308,13.308,13.027,13.027,3043,0
20120710,13.353,13.376,13.353,13.376,781,0
20120711,13.287,13.521,13.287,13.521,16126,0
20120712,13.468,13.468,13.442,13.442,983,0
20120713,13.528,13.995,13.528,13.928,4497,0
20120716,14.003,14.003,14.003,14.003,477,0
20120717,13.745,13.745,13.442,13.442,781,0
20120718,13.361,13.441,13.361,13.441,3800,0
20120719,13.442,13.687,13.442,13.442,6090,0
20120720,13.361,13.442,13.242,13.442,2628,0
20120723,13.287,13.299,13.228,13.287,4086,0
20120724,13.287,13.29,13.287,13.287,5238,0
20120725,13.233,13.287,13.233,13.233,5254,0
20120726,13.228,13.228,13.11,13.134,2809,0
20120727,13.287,13.287,13.287,13.287,3616,0
20120730,13.287,13.287,13.215,13.215,10477,0
20120731,13.287,13.287,13.255,13.287,5969,0
20120801,13.305,13.401,13.305,13.401,5211,0
20120802,13.361,13.372,13.272,13.287,8962,0
20120803,13.361,13.361,13.361,13.361,1657,0
20120806,13.397,13.397,13.353,13.361,3603,0
20120807,13.328,13.401,13.328,13.401,2637,0
20120808,13.401,13.401,13.32,13.389,14939,0
20120809,13.427,13.468,13.427,13.468,52135,0
20120810,13.442,13.442,13.433,13.442,4291,0
20120813,13.442,13.442,13.442,13.442,751,0
20120814,13.442,13.733,13.442,13.592,14888,0
20120815,13.779,13.86,13.623,13.774,2942,0
20120816,13.663,13.701,13.623,13.646,8745,0
20120817,13.864,14.231,13.745,14.231,14095,0
20120820,14.237,14.964,14.237,14.448,14526,0
20120821,14.358,14.371,14.211,14.211,4905,0
20120822,14.03,14.03,14.025,14.025,647,0
20120823,14.094,14.094,13.864,13.941,2259,0
20120824,14.347,14.347,13.928,13.941,1106,0
20120827,13.941,13.941,13.941,13.941,234,0
20120828,13.917,14.017,13.864,13.864,2700,0
20120829,13.864,13.864,13.714,13.86,9838,0
20120830,13.895,13.959,13.854,13.959,15811,0
20120831,13.959,14.043,13.959,14.043,11210,0
20120904,13.993,14.052,13.993,14.052,2618,0
20120905,14.206,14.206,14.192,14.206,1638,0
20120906,14.206,14.339,14.166,14.192,9905,0
20120907,14.271,14.271,14.108,14.206,5731,0
20120910,14.352,14.352,14.352,14.352,674,0
20120912,14.352,14.352,14.352,14.352,2097,0
20120913,14.352,14.352,14.206,14.206,4105,0
20120914,14.14,14.14,14.14,14.14,761,0
20120918,14.14,14.14,14.14,14.14,1152,0
20120919,14.147,14.147,13.756,13.756,2791,0
20120920,13.818,13.91,13.806,13.895,2132,0
20120921,13.83,13.836,13.823,13.836,1152,0
20120925,13.639,13.86,13.639,13.652,5915,0
20120926,13.687,13.694,13.687,13.694,3935,0
20120928,13.727,14.14,13.724,13.864,4362,0
20121001,13.928,13.928,13.836,13.836,3763,0
20121002,13.935,13.935,13.935,13.935,184,0
20121003,13.993,13.993,13.935,13.941,2456,0
20121004,14.052,14.14,13.98,14.139,7200,0
20121005,14.14,14.14,14.14,14.14,647,0
20121009,14.06,14.117,13.871,14.117,9590,0
20121010,14.426,14.426,14.133,14.14,3274,0
20121011,14.426,14.426,14.13,14.14,3763,0
20121012,13.895,14.387,13.871,14.14,6059,0
20121015,13.895,14.14,13.895,14.133,5642,0
20121016,14.426,14.426,14.133,14.14,5403,0
20121017,13.928,14.183,13.903,14.183,2786,0
20121018,14.14,14.14,14.094,14.094,5766,0
20121019,14.094,14.094,13.683,13.985,5343,0
20121022,13.56,13.854,13.56,13.854,477,0
20121023,13.864,13.928,13.834,13.928,4004,0
20121024,13.928,14.108,13.56,14.082,1940,0
20121025,13.56,13.895,13.56,13.836,11750,0
20121026,13.56,13.745,13.548,13.745,6993,0
20121031,13.806,14.352,13.806,14.116,18407,0
20121102,14.052,14.052,13.836,13.836,1948,0
20121105,13.745,13.745,13.714,13.714,1573,0
20121107,13.745,13.935,13.733,13.756,4385,0
20121108,13.985,14.038,13.836,13.954,3112,0
20121109,13.954,13.985,13.95,13.985,4589,0
20121112,13.745,14.03,13.745,14.03,692,0
20121113,13.954,13.954,13.954,13.954,692,0
20121114,13.928,13.954,13.928,13.941,5731,0
20121115,13.756,13.756,12.461,13.215,23230,0
20121116,13.228,13.255,13.167,13.228,1804,0
20121119,13.441,13.454,13.441,13.454,1638,0
20121120,13.134,13.468,13.134,13.468,1962,0
20121121,13.468,13.468,13.468,13.468,335,0
20121123,13.745,13.745,13.652,13.652,2132,0
20121126,13.652,13.652,13.353,13.353,7037,0
20121127,13.269,13.5,13.269,13.454,4627,0
20121128,13.408,13.408,13.308,13.315,5897,0
20121129,13.287,13.299,13.193,13.287,22309,0
20121130,13.442,13.442,13.162,13.442,4400,0
20121203,13.305,13.308,13.255,13.287,12609,0
20121204,13.272,13.287,13.272,13.287,4202,0
20121205,13.287,13.287,13.193,13.255,8435,0
20121206,13.287,13.287,13.228,13.228,7071,0
20121207,13.346,13.346,13.346,13.346,3432,0
20121210,13.346,13.346,13.21,13.346,8200,0
20121211,13.162,13.442,13.162,13.442,2289,0
20121212,13.652,13.652,13.652,13.652,1465,0
20121214,13.582,13.582,13.353,13.534,8679,0
20121217,13.448,13.465,13.442,13.442,4497,0
20121218,13.605,13.623,13.548,13.548,4180,0
20121219,13.528,13.528,13.287,13.442,2439,0
20121220,13.442,13.652,13.442,13.652,18578,0
20121221,13.555,13.555,13.528,13.543,3935,0
20121224,13.652,13.652,13.612,13.652,8499,0
20121226,13.733,13.733,13.701,13.733,2459,0
20121228,13.668,13.733,13.629,13.733,2295,0
20121231,13.733,13.745,13.733,13.745,469,0
20130102,13.75,13.792,13.75,13.792,1997,0
20130104,13.228,13.792,13.145,13.408,3975,0
20130108,13.792,13.792,13.792,13.792,335,0
20130109,13.8,13.854,13.8,13.854,795,0
20130110,13.5,13.792,13.145,13.582,6220,0
20130111,13.867,13.867,13.82,13.82,644,0
20130114,13.839,13.839,13.839,13.839,1303,0
20130115,13.824,13.968,13.765,13.885,14753,0
20130116,13.884,14.073,13.884,14.073,13081,0
20130117,14.091,14.137,14.091,14.137,411,0
20130118,14.381,14.469,14.381,14.469,1021,0
20130122,14.131,14.581,14.131,14.581,15827,0
20130123,14.569,14.569,14.569,14.569,644,0
20130124,14.612,14.612,14.5,14.5,3914,0
20130125,14.224,14.224,14.074,14.074,2277,0
20130130,14.101,14.556,13.951,13.951,9890,0
20130131,13.951,13.951,13.951,13.951,970,0
20130201,13.956,13.956,13.101,13.918,2410,0
20130204,14.543,14.543,13.27,14.04,6013,0
20130205,14.494,14.494,14.137,14.137,1631,0
20130206,13.884,14.131,13.16,13.977,9023,0
20130208,14.411,14.411,14.411,14.411,472,0
20130211,14.127,14.131,14.12,14.131,4216,0
20130212,14.005,14.411,13.332,13.938,8014,0
20130213,14.215,14.489,14.215,14.32,3402,0
20130215,14.489,14.489,14.215,14.215,2426,0
20130219,14.215,14.215,13.924,14.215,4432,0
20130220,14.175,14.215,14.157,14.215,3238,0
20130221,14.215,14.215,13.951,14.215,641,0
20130225,14.428,14.481,14.428,14.481,2266,0
20130226,14.215,14.266,13.938,14.069,5848,0
20130227,14.481,14.481,14.399,14.445,4208,0
20130228,14.481,14.481,14.304,14.441,2834,0
20130301,14.215,14.215,13.756,14.028,7579,0
20130304,13.989,13.994,13.975,13.994,1192,0
20130305,14.366,14.481,14.366,14.366,13304,0
20130306,14.366,14.366,14.366,14.366,1136,0
20130307,14.694,14.694,14.407,14.436,22492,0
20130311,14.52,14.566,14.509,14.515,2619,0
20130312,14.384,14.677,14.366,14.677,10850,0
20130313,14.532,14.532,14.229,14.229,6756,0
20130314,14.274,14.274,14.274,14.274,181,0
20130315,13.98,13.995,13.976,13.98,10948,0
20130320,13.921,13.921,13.921,13.921,639,0
20130321,14.161,14.161,14.161,14.161,325,0
20130322,14.296,14.352,14.271,14.352,2255,0
20130325,14.496,14.496,14.161,14.161,8665,0
20130326,14.135,14.135,14.135,14.135,181,0
20130327,14.352,14.352,14.135,14.135,3861,0
20130328,14.496,14.496,14.496,14.496,639,0
20130401,14.195,14.496,13.964,14.496,9498,0
20130402,14.508,14.508,14.352,14.383,2897,0
20130404,14.579,14.579,14.449,14.579,3817,0
20130405,14.508,14.508,14.059,14.195,1931,0
20130408,13.98,14.078,13.801,14.052,2174,0
20130409,14.263,14.294,14.03,14.094,3653,0
20130410,14.508,14.508,14.496,14.496,468,0
20130412,14.133,14.133,14.081,14.081,893,0
20130415,14.098,14.098,14.064,14.064,4138,0
20130416,14.081,14.497,14.064,14.44,16715,0
20130417,14.48,14.624,14.48,14.554,3279,0
20130419,14.586,14.622,14.559,14.58,3929,0
20130422,14.636,14.636,14.604,14.604,798,0
20130423,14.63,14.636,14.337,14.591,10615,0
20130424,14.559,14.63,14.488,14.488,19042,0
20130425,14.636,14.636,14.559,14.559,7362,0
20130426,14.559,14.591,14.559,14.591,3524,0
20130430,14.684,14.684,14.684,14.684,3519,0
20130501,14.674,14.684,14.674,14.684,5443,0
20130502,14.559,14.713,14.559,14.684,8644,0
20130503,14.707,14.713,14.707,14.713,324,0
20130506,14.804,14.804,14.684,14.684,11684,0
20130507,14.684,14.684,14.684,14.684,1270,0
20130508,14.684,14.684,14.68,14.684,1763,0
20130510,14.674,14.804,14.616,14.786,17104,0
20130513,14.841,14.841,14.832,14.832,3860,0
20130514,14.768,14.886,14.768,14.847,4188,0
20130515,14.847,14.847,14.847,14.847,665,0
20130516,14.847,14.847,14.8,14.847,3024,0
20130517,14.818,14.818,14.622,14.818,2770,0
20130520,14.786,14.847,14.786,14.847,721,0
20130521,14.538,14.538,14.538,14.538,795,0
20130522,14.702,14.702,14.702,14.702,1429,0
20130523,14.847,14.847,14.768,14.847,9208,0
20130524,14.768,14.886,14.768,14.882,18263,0
20130528,14.886,14.92,14.768,14.92,22499,0
20130529,14.919,15.062,14.905,15.028,21887,0
20130530,15.068,15.079,15.047,15.076,31781,0
20130531,15.068,15.079,14.986,15.079,40661,0
20130603,15.074,15.079,14.92,14.958,29296,0
20130604,15.065,15.065,14.8,15.021,7200,0
20130605,14.986,15.074,14.986,15.047,2868,0
20130606,15.021,15.079,15.021,15.079,795,0
20130607,15.079,15.079,14.939,15.021,6360,0
20130610,15.079,15.079,15.021,15.021,2945,0
20130611,15.068,15.079,15.033,15.079,2580,0
20130614,15.04,15.04,15.04,15.04,314,0
20130620,14.799,14.799,14.765,14.765,6523,0
20130621,15.006,15.029,14.905,14.905,1132,0
20130624,14.939,14.945,14.891,14.91,4334,0
20130625,14.778,14.778,14.765,14.765,1556,0
20130626,14.64,14.64,14.371,14.388,2141,0
20130627,14.528,14.528,14.528,14.528,459,0
20130628,14.153,14.793,14.153,14.422,11644,0
20130702,14.528,14.528,14.528,14.528,1590,0
20130705,14.22,14.251,14.149,14.175,5443,0
20130708,14.312,14.517,14.183,14.247,7900,0
20130709,14.211,14.215,14.144,14.144,2063,0
20130711,14.314,14.314,14.303,14.303,2293,0
20130712,14.295,14.295,14.295,14.295,522,0
20130715,14.295,14.898,14.274,14.685,8617,0
20130716,14.783,14.87,14.355,14.856,11164,0
20130718,14.493,14.756,14.329,14.622,10229,0
20130719,14.434,14.924,14.434,14.924,1838,0
20130722,14.933,15.061,14.909,15.013,9750,0
20130723,14.933,14.949,14.933,14.937,6275,0
20130724,15.116,15.116,14.933,14.937,2664,0
20130725,14.937,14.996,14.933,14.937,16836,0
20130726,15.061,15.123,14.933,15.123,18648,0
20130731,14.937,14.996,14.937,14.996,5481,0
20130801,14.933,14.997,14.933,14.996,8311,0
20130805,14.996,15.1,14.805,15.061,4656,0
20130806,15.123,15.123,15.061,15.061,14051,0
20130807,15.116,15.116,14.568,14.568,11418,0
20130808,14.324,14.615,14.324,14.519,8748,0
20130809,14.46,14.783,14.307,14.326,20792,0
20130812,15.191,15.191,14.309,14.323,3422,0
20130813,14.38,14.391,13.943,14.07,21904,0
20130814,14.078,14.126,13.294,13.294,26965,0
20130815,13.415,13.715,12.955,13.715,8660,0
20130816,14.051,14.192,13.408,13.773,3755,0
20130819,14.38,14.38,13.884,14.22,3043,0
20130820,13.403,13.779,13.403,13.779,454,0
20130821,13.868,14.099,13.756,14.099,2364,0
20130822,13.96,13.982,13.747,13.747,4581,0
20130823,13.806,13.806,13.463,13.463,7538,0
20130826,13.556,14.303,13.522,13.8,7488,0
20130827,13.916,13.916,13.806,13.806,307,0
20130828,13.82,13.832,13.82,13.831,4530,0
20130829,13.825,13.902,13.82,13.82,2684,0
20130830,13.924,13.924,13.924,13.924,430,0
20130903,13.82,13.825,13.773,13.773,2040,0
20130904,13.663,13.769,13.499,13.769,1245,0
20130905,13.846,13.846,13.846,13.846,176,0
20130906,13.516,13.742,13.516,13.742,2817,0
20130909,13.773,13.792,13.523,13.523,3266,0
20130910,13.742,13.806,13.563,13.685,1959,0
20130911,13.632,13.732,12.933,13.343,27378,0
20130912,13.826,13.826,12.868,12.925,7382,0
20130913,13.012,13.012,12.553,12.573,6070,0
20130916,12.361,12.735,12.11,12.11,11233,0
20130917,12.219,12.501,12.057,12.057,4883,0
20130918,11.899,12.219,11.899,12.219,9403,0
20130919,11.903,12.206,11.261,11.466,24604,0
20130920,11.643,11.903,11.417,11.576,12246,0
20130923,11.856,11.891,11.423,11.428,8008,0
20130924,12.338,12.338,11.54,11.643,14926,0
20130925,11.623,11.727,11.433,11.466,22307,0
20130926,11.623,11.735,11.576,11.643,16639,0
20130927,11.647,12.146,11.63,11.722,12540,0
20130930,11.702,11.702,11.643,11.643,3580,0
20131001,11.674,11.735,11.674,11.688,5443,0
20131002,11.702,12.116,11.568,11.831,26742,0
20131003,11.899,11.899,11.865,11.865,294,0
20131004,11.702,11.708,11.702,11.708,1403,0
20131007,11.588,11.688,11.576,11.688,625,0
20131008,11.643,11.91,11.643,11.837,7617,0
20131009,11.831,11.831,11.576,11.831,4994,0
20131010,11.915,11.915,11.82,11.82,1075,0
20131011,12.908,12.908,11.658,12.299,14585,0
20131014,11.85,12.294,11.85,12.269,449,0
20131015,11.753,12.019,11.753,12.019,3065,0
20131016,11.882,11.889,11.882,11.882,1851,0
20131017,11.85,11.85,11.85,11.85,1230,0
20131018,11.714,11.844,11.714,11.844,4173,0
20131021,11.687,11.687,11.687,11.687,174,0
20131022,11.882,12.045,11.882,12.045,2165,0
20131023,12.045,12.14,12.045,12.14,6493,0
20131024,12.255,12.4,12.255,12.393,2313,0
20131025,12.153,12.468,12.135,12.468,2005,0
20131028,12.11,12.436,12.11,12.436,2930,0
20131029,12.11,12.436,12.11,12.286,1075,0
20131030,12.11,12.11,11.981,12.023,1851,0
20131031,12.013,12.013,11.973,12.006,1727,0
20131101,12.045,12.045,11.981,12.013,4327,0
20131104,12.045,12.274,11.85,11.85,2973,0
20131105,12.14,12.14,12.076,12.076,3552,0
20131106,12.11,12.294,12.11,12.294,1396,0
20131107,12.274,12.294,12.11,12.28,2165,0
20131108,12.153,12.274,11.915,12.269,2624,0
20131111,12.092,12.299,12.092,12.207,1075,0
20131112,12.207,12.299,12.207,12.299,6332,0
20131113,12.385,12.385,12.385,12.385,283,0
20131114,12.385,12.516,12.211,12.516,12733,0
20131115,12.58,13.037,12.58,12.903,8745,0
20131118,12.565,12.899,12.472,12.892,10430,0
20131119,13.019,13.019,13.019,13.019,173,0
20131120,13.016,13.019,12.542,13.019,2759,0
20131121,12.851,13.019,12.846,12.846,1390,0
20131122,13.019,13.019,13.019,13.019,173,0
20131125,12.667,12.846,12.653,12.846,2759,0
20131126,12.653,12.694,12.505,12.505,9204,0
20131127,12.966,12.966,12.524,12.524,283,0
20131129,12.846,12.846,12.846,12.846,173,0
20131202,12.55,12.679,12.516,12.679,3989,0
20131203,12.679,12.679,11.93,12.679,4751,0
20131204,12.362,12.381,12.218,12.261,16107,0
20131205,12.516,12.516,12.225,12.375,1992,0
20131206,12.391,12.55,12.362,12.375,1224,0
20131209,12.081,12.516,12.081,12.516,10359,0
20131210,12.138,12.435,12.138,12.391,3529,0
20131211,12.406,12.406,12.406,12.406,172,0
20131212,12.216,12.216,12.216,12.216,1523,0
20131213,12.353,12.384,12.353,12.384,767,0
20131216,12.14,12.336,12.018,12.208,7362,0
20131217,12.208,12.208,12.208,12.208,16765,0
20131219,11.944,12.075,11.265,12.075,7925,0
20131220,12.044,12.044,11.287,11.978,7122,0
20131223,11.591,12.011,11.591,12.011,2139,0
20131224,11.978,11.978,11.971,11.971,545,0
20131226,12.044,12.044,11.716,11.852,5639,0
20131227,11.652,11.874,11.603,11.874,10207,0
20131230,11.584,11.859,11.584,11.818,2438,0
20131231,11.805,11.805,11.584,11.788,4577,0
20140102,11.652,11.652,11.652,11.652,1061,0
20140103,11.761,11.944,11.761,11.944,6220,0
20140107,11.978,12.075,11.978,12.075,13003,0
20140108,12.136,12.309,12.098,12.098,4259,0
20140109,11.886,11.886,11.886,11.886,1830,0
20140110,12.466,12.466,12.303,12.303,5030,0
20140113,12.226,12.263,12.226,12.263,1367,0
20140115,12.426,12.426,12.226,12.226,1966,0
20140116,12.335,12.426,12.234,12.24,3877,0
20140117,12.234,12.255,12.226,12.234,2721,0
20140122,12.27,12.292,12.074,12.164,5601,0
20140123,12.144,12.144,12.061,12.061,277,0
20140124,12.061,12.061,12.061,12.061,1367,0
20140127,11.945,12.047,11.757,11.975,15435,0
20140128,11.975,11.975,11.814,11.814,1210,0
20140129,11.708,11.717,11.249,11.432,29354,0
20140130,11.432,11.728,11.41,11.628,31020,0
20140131,11.55,11.701,11.55,11.701,8472,0
20140203,11.563,11.652,11.401,11.446,25225,0
20140204,11.432,11.741,11.401,11.674,37127,0
20140205,11.563,11.563,11.41,11.41,3404,0
20140206,11.305,11.597,11.305,11.563,20662,0
20140207,11.267,11.634,11.267,11.634,9383,0
20140210,11.634,11.777,11.634,11.777,20825,0
20140211,11.572,11.789,11.563,11.789,17200,0
20140212,11.788,11.818,11.715,11.818,25171,0
20140213,11.616,11.875,11.601,11.868,9765,0
20140214,11.78,11.982,11.78,11.914,13850,0
20140218,11.953,11.995,11.818,11.995,19372,0
20140219,11.914,12.025,11.818,12.021,7343,0
20140220,12.048,12.215,12.048,12.215,19144,0
20140221,12.114,12.164,12.081,12.164,15302,0
20140224,12.173,12.283,12.048,12.283,16079,0
20140225,12.283,12.381,12.089,12.362,31247,0
20140226,12.31,12.651,12.097,12.578,33939,0
20140227,12.643,13.025,12.222,12.283,14281,0
20140228,12.249,12.814,12.249,12.814,4053,0
20140303,12.651,12.752,12.651,12.752,276,0
20140304,12.651,13.46,12.48,13.009,3609,0
20140305,12.658,13.433,12.658,13.114,5336,0
20140306,11.88,13.46,11.88,13.46,11465,0
20140307,13.317,13.726,13.317,13.726,5248,0
20140310,13.31,13.977,13.139,13.876,2639,0
20140311,13.839,13.839,13.771,13.79,1244,0
20140312,13.464,13.789,13.396,13.789,9108,0
20140313,13.931,13.931,13.931,13.931,169,0
20140314,13.882,14.098,13.59,13.668,26430,0
20140317,13.732,13.823,13.732,13.823,5613,0
20140318,13.965,15.323,13.918,14.067,10453,0
20140319,14.399,14.408,14.067,14.067,15268,0
20140320,13.749,14.067,13.732,13.999,5310,0
20140324,13.732,14.03,13.71,14.024,21050,0
20140325,13.513,13.596,13.313,13.596,823,0
20140326,13.629,13.749,13.629,13.732,11048,0
20140327,13.732,14.024,13.732,14.013,7444,0
20140328,13.796,13.947,13.796,13.941,4184,0
20140331,13.796,14.03,13.796,13.973,3938,0
20140401,13.662,14.23,13.662,13.769,70740,0
20140402,13.895,14.067,13.804,14.067,3630,0
20140403,13.904,13.947,13.904,13.931,6806,0
20140404,13.965,14.209,13.703,13.925,25452,0
20140407,13.875,13.994,13.668,13.895,29541,0
20140408,13.851,13.851,13.851,13.851,560,0
20140409,15.14,15.14,13.71,14.067,2688,0
20140410,13.703,14.074,13.703,14.074,638,0
20140411,14.13,14.13,13.98,13.98,1632,0
20140414,14.107,14.286,13.98,13.994,13097,0
20140415,13.916,14.084,13.376,13.826,23551,0
20140416,13.848,13.848,13.848,13.848,524,0
20140417,13.848,13.848,13.778,13.792,1031,0
20140421,13.741,13.812,13.551,13.644,18250,0
20140422,13.679,13.812,13.586,13.679,8658,0
20140423,13.834,13.842,13.834,13.842,752,0
20140424,14.44,14.44,13.778,13.98,2306,0
20140428,14.513,14.652,14.06,14.073,4171,0
20140429,14.286,14.286,14.084,14.148,2819,0
20140430,14.303,14.383,14.148,14.32,12657,0
20140501,14.32,14.32,14.32,14.32,7202,0
20140502,14.349,14.349,14.316,14.316,2393,0
20140505,14.303,14.32,14.079,14.217,3856,0
20140506,14.213,14.213,14.097,14.097,5785,0
20140507,14.286,14.892,14.079,14.32,20773,0
20140508,14.484,14.519,14.484,14.484,3717,0
20140509,14.492,14.499,14.286,14.286,3182,0
20140512,14.622,14.622,14.236,14.363,20420,0
20140513,14.512,14.682,14.512,14.512,8200,0
20140514,14.646,14.721,14.491,14.637,11376,0
20140515,14.43,14.646,14.361,14.442,21019,0
20140516,14.539,14.646,14.519,14.637,983,0
20140519,14.512,14.512,14.499,14.499,2877,0
20140521,14.388,14.491,14.388,14.491,830,0
20140522,14.491,14.576,14.407,14.414,8258,0
20140523,14.422,14.595,14.422,14.442,13363,0
20140527,14.519,14.554,14.43,14.506,9173,0
20140528,14.567,14.567,14.567,14.567,175,0
20140529,14.567,14.567,14.481,14.519,4121,0
20140530,14.506,14.567,14.506,14.525,7304,0
20140602,14.539,14.714,14.539,14.646,10532,0
20140603,14.576,14.576,14.576,14.576,169,0
20140604,14.671,14.671,14.526,14.526,15187,0
20140605,14.483,14.506,14.483,14.506,1268,0
20140606,14.499,14.637,14.499,14.637,7083,0
20140609,13.903,14.582,13.903,14.576,4975,0
20140610,14.506,14.506,14.506,14.506,14307,0
20140611,14.663,14.663,14.63,14.663,7205,0
20140612,14.663,14.663,14.663,14.663,9788,0
20140613,15.003,15.003,14.652,14.663,6799,0
20140616,14.663,14.767,14.608,14.767,8065,0
20140617,14.663,14.677,14.615,14.615,8601,0
20140618,14.63,14.63,14.446,14.546,8247,0
20140619,14.608,14.834,14.587,14.663,80670,0
20140620,14.701,15.002,14.694,14.902,8797,0
20140623,14.984,14.998,14.694,14.902,4107,0
20140624,14.694,14.694,14.663,14.663,4533,0
20140625,14.727,14.8,14.727,14.8,639,0
20140630,14.663,14.834,14.567,14.834,12465,0
20140701,14.945,14.995,14.945,14.995,3520,0
20140702,14.663,14.721,14.594,14.663,5721,0
20140707,14.823,14.99,14.735,14.765,3664,0
20140708,14.995,14.995,14.995,14.995,271,0
20140709,14.8,14.902,14.785,14.8,2198,0
20140710,14.803,14.803,14.803,14.803,593,0
20140711,14.832,14.832,14.832,14.832,268,0
20140714,14.832,14.834,14.832,14.834,1345,0
20140715,14.832,14.832,14.803,14.803,735,0
20140716,14.65,14.65,14.137,14.149,15343,0
20140717,14.066,14.066,13.95,13.95,11805,0
20140718,13.927,14.361,13.692,14.361,3092,0
20140721,14.463,14.463,14.187,14.187,973,0
20140722,14.203,14.203,14.084,14.084,591,0
20140724,14.091,14.091,14.091,14.091,213,0
20140725,14.066,14.074,14.028,14.074,3350,0
20140728,13.63,13.63,13.63,13.63,735,0
20140730,14.066,14.066,14.066,14.066,222,0
20140731,14.084,14.108,13.651,13.961,19794,0
20140801,13.651,13.755,13.637,13.72,1605,0
20140804,13.72,14.035,13.643,13.845,9122,0
20140805,13.769,13.769,13.571,13.678,4640,0
20140807,13.72,13.72,13.501,13.714,3281,0
20140808,13.72,13.72,13.684,13.72,1610,0
20140811,13.72,13.72,13.5,13.571,1846,0
20140813,13.774,13.774,13.59,13.624,2262,0
20140814,13.706,14.206,13.324,13.816,71508,0
20140815,14.014,14.014,13.774,13.774,4202,0
20140818,13.668,13.668,13.668,13.668,602,0
20140819,13.81,14.014,13.465,13.808,69538,0
20140820,13.81,13.951,13.669,13.938,8668,0
20140821,13.816,13.816,13.324,13.685,21446,0
20140822,14.152,14.152,13.774,13.81,19782,0
20140825,14.465,14.465,14.465,14.465,644,0
20140826,13.98,13.98,13.845,13.913,4365,0
20140828,13.668,13.81,13.668,13.81,2606,0
20140829,13.876,13.876,13.876,13.876,2168,0
20140902,13.845,13.845,13.845,13.845,1523,0
20140903,13.817,13.837,13.81,13.837,2704,0
20140904,13.869,14.152,13.845,14.081,23186,0
20140905,13.98,14.152,13.98,14.152,730,0
20140908,14.111,14.111,13.976,14.034,2589,0
20140909,14.173,14.465,13.942,14.119,11107,0
20140910,14.257,14.257,14.257,14.257,864,0
20140911,13.701,13.973,13.701,13.973,472,0
20140912,13.892,14.233,13.892,14.233,5043,0
20140915,14.24,14.24,14.179,14.24,8268,0
20140916,14.171,14.554,14.034,14.034,8140,0
20140917,14.215,14.554,14.116,14.272,5324,0
20140918,14.24,14.554,14.229,14.277,11516,0
20140919,14.853,14.853,14.589,14.853,1351,0
20140922,14.357,15.015,14.357,14.875,15815,0
20140923,14.691,14.868,14.589,14.66,6149,0
20140924,15.151,15.184,14.649,15.184,11035,0
20140925,14.726,14.834,14.698,14.726,2580,0
20140926,14.652,14.652,14.603,14.603,673,0
20140929,14.583,14.583,14.539,14.539,266,0
20141001,14.583,14.589,14.519,14.519,1552,0
20141006,14.589,14.868,14.589,14.66,12671,0
20141007,14.625,14.973,13.939,14.294,28931,0
20141008,14.726,14.868,13.973,14.284,15739,0
20141009,14.436,14.589,14.436,14.436,2302,0
20141010,14.4,14.785,14.192,14.408,6345,0
20141013,14.4,14.409,14.4,14.409,1144,0
20141015,14.409,14.465,14.409,14.465,3425,0
20141021,14.588,14.588,14.418,14.418,853,0
20141022,14.61,14.61,14.61,14.61,162,0
20141023,14.417,14.417,14.417,14.417,224,0
20141027,14.409,14.434,14.409,14.434,913,0
20141028,14.409,14.698,14.409,14.698,19569,0
20141029,14.451,14.706,14.444,14.706,1813,0
20141030,14.596,14.68,14.596,14.68,3506,0
20141104,14.576,14.8,14.488,14.68,3078,0
20141105,14.576,14.749,14.51,14.749,3349,0
20141107,14.61,14.649,14.489,14.649,3205,0
20141110,14.883,14.883,14.649,14.68,5786,0
20141111,14.673,14.691,14.673,14.68,7795,0
20141112,14.573,14.732,14.535,14.732,1486,0
20141113,14.705,14.705,14.705,14.705,16210,0
20141114,14.698,14.698,14.631,14.631,9206,0
20141117,14.776,14.784,14.776,14.784,4042,0
20141118,14.804,14.853,14.799,14.853,19467,0
20141119,14.904,14.956,14.904,14.91,35041,0
20141120,14.804,14.804,14.804,14.804,713,0
20141121,14.769,14.769,14.769,14.769,1419,0
20141124,14.769,14.792,14.698,14.769,14218,0
20141126,15.119,15.119,15.083,15.083,5832,0
20141128,15.119,15.119,15.119,15.119,161,0
20141203,14.875,15.053,14.776,14.91,11605,0
20141204,15.018,16.051,15.018,15.119,1008,0
20141205,15.263,15.404,15.194,15.226,12225,0
20141208,15.119,15.119,15.083,15.083,6324,0
20141209,15.053,15.053,15.053,15.053,2292,0
20141212,15.1,15.324,15.015,15.1,2334,0
20141215,14.913,15.065,14.851,14.97,10881,0
20141216,14.948,15.194,14.927,15.154,4452,0
20141217,15.139,15.311,15.088,15.204,12999,0
20141218,15.071,15.071,14.368,14.694,29175,0
20141219,14.577,15.405,14.577,14.948,3604,0
20141223,14.857,14.857,14.694,14.713,3749,0
20141224,14.809,15.076,14.728,15.076,2070,0
20141226,14.694,14.865,14.53,14.843,10959,0
20141229,15.198,15.198,15.198,15.198,231,0
20141230,15.212,15.776,14.913,15.212,13119,0
20141231,14.857,14.893,14.504,14.857,14431,0
20150102,15.065,15.065,15.065,15.065,992,0
20150105,14.857,14.857,14.857,14.857,797,0
20150106,14.851,14.963,14.758,14.901,7686,0
20150108,15.212,15.564,15.18,15.558,11381,0
20150109,15.558,15.558,15.344,15.458,3927,0
20150112,15.42,15.422,15.42,15.42,3963,0
20150113,15.44,15.44,15.44,15.44,1682,0
20150114,15.056,15.056,15.056,15.056,696,0
20150115,15.622,15.622,15.513,15.513,2526,0
20150120,15.436,15.436,15.061,15.061,10230,0
20150121,15.3,15.615,15.3,15.615,1682,0
20150122,15.657,15.86,15.653,15.765,2671,0
20150127,16.339,16.358,16.339,16.358,260,0
20150128,15.3,15.3,15.3,15.3,260,0
20150129,15.837,16.358,15.837,16.188,22984,0
20150130,15.984,16.15,15.677,16.15,7134,0
20150203,16.15,16.15,15.796,15.873,2042,0
20150204,15.657,15.898,15.657,15.898,2955,0
20150205,15.898,16.358,15.898,16.331,5871,0
20150206,16.188,16.188,15.657,15.729,8571,0
20150209,15.966,15.966,15.643,15.657,6389,0
20150210,16.012,16.012,15.828,15.828,1396,0
20150211,15.917,15.917,15.901,15.909,4195,0
20150212,16.07,16.07,16.07,16.07,416,0
20150213,15.997,15.997,15.794,15.794,1819,0
20150218,15.748,15.748,15.748,15.748,615,0
20150219,15.721,15.771,15.721,15.771,9135,0
20150220,15.771,16.105,15.619,15.619,9689,0
20150223,15.748,15.748,15.461,15.546,7104,0
20150224,15.583,15.748,15.583,15.747,1441,0
20150225,15.675,15.748,15.675,15.694,2242,0
20150227,15.468,15.748,15.468,15.748,10539,0
20150302,15.748,15.748,15.689,15.689,2929,0
20150303,15.695,15.748,15.303,15.331,12574,0
20150304,15.748,15.748,15.08,15.08,8664,0
20150305,15.748,15.748,15.748,15.748,1542,0
20150306,15.496,15.496,15.496,15.496,571,0
20150309,15.726,15.726,15.726,15.726,158,0
20150310,15.567,15.567,15.075,15.461,12011,0
20150311,15.475,15.48,15.475,15.48,2080,0
20150312,15.485,15.485,15.48,15.485,829,0
20150316,15.425,15.425,15.425,15.425,683,0
20150318,15.501,15.551,15.501,15.551,1947,0
20150319,15.589,15.589,15.589,15.589,157,0
20150320,15.48,15.661,15.48,15.661,1246,0
20150323,15.48,15.48,15.196,15.196,5550,0
20150325,15.48,15.48,15.266,15.266,2227,0
20150326,15.35,15.35,15.243,15.3,6527,0
20150327,15.308,15.411,14.933,14.933,4719,0
20150330,15.119,15.3,15.119,15.3,3751,0
20150331,15.119,15.119,15.119,15.119,1301,0
20150402,15.425,15.425,15.425,15.425,157,0
20150406,14.911,15.846,14.804,15.846,9305,0
20150407,15.656,15.661,15.441,15.661,12844,0
20150409,15.308,15.308,15.308,15.308,217,0
20150413,15.545,15.852,15.541,15.82,6210,0
20150414,15.632,16.08,15.582,16.072,5792,0
20150415,15.788,16.118,15.788,16.118,678,0
20150416,15.953,16.009,15.874,16.009,5693,0
20150417,16.118,16.118,15.771,16.032,6346,0
20150420,16.039,16.039,16.039,16.039,156,0
20150421,16.047,16.054,16.047,16.047,1180,0
20150422,16.047,16.047,16.047,16.047,1898,0
20150423,16.118,16.118,16.118,16.118,2622,0
20150424,16.054,16.054,15.874,15.874,825,0
20150427,15.936,15.945,15.727,15.868,8559,0
20150429,15.936,15.936,15.936,15.936,156,0
20150430,15.721,15.936,15.402,15.936,16015,0
20150501,15.419,15.891,15.419,15.891,1387,0
20150507,15.783,15.783,15.565,15.574,5059,0
20150508,15.612,15.612,15.612,15.612,412,0
20150511,15.612,15.612,15.605,15.612,4277,0
20150512,15.574,15.574,15.574,15.574,157,0
20150513,15.522,15.522,15.097,15.097,2055,0
20150514,15.415,15.415,15.223,15.223,8644,0
20150520,15.223,15.391,15.202,15.202,4527,0
20150522,15.375,15.375,15.375,15.375,410,0
20150526,15.231,15.231,15.231,15.231,155,0
20150528,15.531,15.595,15.223,15.223,5552,0
20150529,15.119,15.156,15.119,15.156,562,0
20150604,15.156,15.156,15.156,15.156,155,0
20150608,15.119,15.375,15.119,15.156,2882,0
20150609,15.196,15.196,15.196,15.196,1233,0
20150610,15.082,15.216,15.082,15.082,562,0
20150611,15.216,15.216,15.182,15.182,254,0
20150615,15.216,15.791,15.216,15.791,4905,0
20150616,15.544,15.544,15.399,15.523,1634,0
20150617,15.43,15.43,15.325,15.325,7094,0
20150618,15.399,15.399,15.399,15.399,408,0
20150619,15.391,15.391,15.391,15.391,817,0
20150625,15.267,15.433,15.267,15.433,17323,0
20150629,15.189,15.189,13.749,13.894,32187,0
20150630,13.894,13.894,13.749,13.749,4639,0
20150701,13.894,14.301,13.894,14.114,36685,0
20150702,14.212,14.378,14.212,14.301,8457,0
20150706,14.231,14.264,14.187,14.205,1227,0
20150707,14.205,14.401,14.205,14.331,671,0
20150708,14.226,14.553,14.226,14.553,817,0
20150710,14.187,14.446,14.149,14.446,3817,0
20150713,14.329,14.388,14.329,14.388,1358,0
20150714,14.432,14.432,14.432,14.432,406,0
20150715,14.318,14.323,13.778,14.147,5756,0
20150716,14.162,14.162,14.023,14.023,11242,0
20150717,14.068,14.068,13.984,13.984,1625,0
20150720,13.984,13.984,13.778,13.778,665,0
20150721,13.867,14.023,13.582,13.951,5285,0
20150722,13.956,14.023,13.683,13.984,14363,0
20150723,13.86,13.86,13.582,13.595,32794,0
20150724,13.801,14.652,13.801,14.388,6770,0
20150727,14.388,14.388,14.133,14.298,5694,0
20150728,14.281,14.281,14.154,14.242,6913,0
20150729,14.182,14.336,13.882,14.251,2035,0
20150730,14.318,14.318,14.209,14.251,3389,0
20150731,14.242,14.318,14.14,14.242,7855,0
20150803,14.023,14.236,14.023,14.023,4741,0
20150804,14.167,14.167,13.874,14.023,14229,0
20150805,14.098,14.098,13.801,13.801,3795,0
20150806,13.801,13.874,13.801,13.846,9076,0
20150807,14.098,14.098,14.061,14.061,1896,0
20150810,13.913,14.167,13.913,14.167,4336,0
20150811,13.951,14.023,13.951,14.005,4908,0
20150812,13.769,14.377,13.763,14.346,67427,0
20150813,14.118,14.133,14.118,14.118,20456,0
20150817,13.932,14.229,13.932,14.191,7402,0
20150818,14.003,14.305,14.003,14.229,1350,0
20150819,14.118,14.118,14.043,14.043,18845,0
20150820,14.524,14.562,14.118,14.305,10095,0
20150821,14.153,14.153,14.153,14.153,152,0
20150824,14.161,14.161,13.435,13.584,16168,0
20150825,14.061,14.061,14.021,14.061,252,0
20150826,13.821,13.821,13.746,13.746,2157,0
20150827,14.012,14.305,13.872,13.872,7941,0
20150831,13.894,13.894,13.856,13.886,2157,0
20150901,13.746,13.811,13.746,13.811,404,0
20150902,14.14,14.353,14.118,14.118,10769,0
20150909,14.191,14.191,14.003,14.003,5252,0
20150910,14.118,14.118,14.073,14.118,8916,0
20150911,14.124,14.124,14.124,14.124,251,0
20150915,14.214,14.214,14.214,14.214,942,0
20150916,14.698,14.698,14.241,14.241,1064,0
20150917,14.214,14.214,13.801,13.801,3475,0
20150918,14.18,14.214,13.883,14.172,1741,0
20150921,14.214,14.625,14.214,14.625,2141,0
20150922,14.531,14.531,14.25,14.25,1607,0
20150925,14.281,14.538,14.214,14.221,2007,0
20150928,13.875,14.214,13.846,13.846,1814,0
20150929,14.078,14.33,13.916,14.274,26734,0
20150930,14.093,14.198,14.049,14.198,1741,0
20151001,14.207,14.207,14.207,14.207,1467,0
20151002,14.214,14.214,14.214,14.214,549,0
20151005,14.214,14.214,14.147,14.147,549,0
20151006,14.214,14.433,14.107,14.107,8157,0
20151007,13.956,14.214,13.956,14.207,2674,0
20151008,14.009,14.198,13.965,14.093,4145,0
20151009,14.04,14.274,13.951,14.274,12698,0
20151012,14.259,14.288,14.214,14.288,1467,0
20151013,14.24,14.286,14.029,14.062,13810,0
20151014,14.12,14.12,14.113,14.12,800,0
20151015,14.104,14.219,14.104,14.219,1197,0
20151016,14.273,14.273,14.135,14.135,1329,0
20151019,14.157,14.157,14.113,14.113,410,0
20151020,14.219,14.296,14.219,14.296,1726,0
20151021,14.351,14.381,14.351,14.368,7970,0
20151022,14.308,14.308,14.296,14.296,5309,0
20151023,14.398,14.398,14.381,14.381,2791,0
20151027,14.381,14.51,14.308,14.344,12482,0
20151028,14.525,14.531,14.525,14.531,250,0
20151029,14.518,14.518,14.381,14.381,1057,0
20151030,14.381,14.381,14.195,14.195,2121,0
20151102,14.27,14.27,14.27,14.27,685,0
20151103,14.317,14.317,14.308,14.308,2391,0
20151104,14.67,14.67,14.259,14.259,436,0
20151105,14.698,14.698,14.195,14.195,1197,0
20151106,14.195,14.195,14.195,14.195,653,0
20151109,14.474,14.474,14.196,14.308,7742,0
20151112,14.245,14.245,14.216,14.216,1191,0
20151113,14.27,14.276,14.216,14.216,2501,0
20151116,14.23,14.23,14.23,14.23,249,0
20151117,14.406,14.406,14.406,14.406,3032,0
20151119,14.23,14.23,14.23,14.23,398,0
20151120,14.366,14.664,14.366,14.664,2772,0
20151123,14.414,14.462,14.366,14.406,1191,0
20151124,14.347,14.466,14.347,14.446,661,0
20151127,14.23,14.245,14.193,14.193,2772,0
20151130,14.026,14.175,14.026,14.072,3032,0
20151201,14.167,14.175,14.167,14.167,3436,0
20151202,14.072,14.118,14.072,14.118,2826,0
20151203,14.167,14.216,14.167,14.197,8707,0
20151204,14.175,14.216,14.175,14.216,6073,0
20151208,14.103,14.118,14.103,14.118,1051,0
20151209,14.14,14.14,14.026,14.04,1317,0
20151211,14.124,14.124,14.124,14.124,396,0
20151215,13.933,13.933,13.933,13.933,248,0
20151216,13.933,13.933,13.543,13.543,9826,0
20151217,13.512,13.512,13.285,13.285,2486,0
20151218,13.55,13.55,13.285,13.291,4979,0
20151221,13.023,13.635,13.023,13.635,1572,0
20151222,13.742,13.742,13.239,13.362,14487,0
20151223,13.291,13.37,13.285,13.319,10608,0
20151224,13.382,14.006,13.382,13.398,1681,0
20151228,13.455,13.479,13.313,13.447,1771,0
20151229,13.512,13.664,13.285,13.291,2744,0
20151230,13.319,13.319,13.079,13.123,4712,0
20151231,13.07,13.362,13.07,13.362,3665,0
20160104,13.123,13.362,13.123,13.362,1461,0
20160105,13.362,13.671,13.362,13.664,2361,0
20160107,13.658,13.664,13.658,13.661,1572,0
20160108,13.584,13.584,13.584,13.584,148,0
20160112,13.543,13.543,13.543,13.543,148,0
20160113,13.392,13.392,13.392,13.392,641,0
20160115,13.71,13.886,13.71,13.886,1757,0
20160119,13.994,14.073,13.919,14.073,6247,0
20160120,14.073,14.672,14.073,14.627,142449,0
20160121,14.685,14.725,14.58,14.702,16458,0
20160122,14.78,14.803,14.471,14.764,6100,0
20160125,14.612,14.612,14.612,14.612,2196,0
20160126,14.994,14.994,14.403,14.562,905,0
20160127,14.367,14.367,14.367,14.367,2888,0
20160205,14.612,14.612,14.612,14.612,147,0
20160208,14.378,14.385,14.227,14.227,4288,0
20160210,14.225,14.225,13.969,13.969,1678,0
20160211,14.594,14.596,14.052,14.052,728,0
20160218,14.323,14.323,13.964,13.968,1419,0
20160219,14.934,14.934,14.75,14.75,338,0
20160222,14.055,14.152,13.974,14.107,2779,0
20160223,14.152,14.152,14.152,14.152,146,0
20160224,14.152,14.202,14.152,14.202,3160,0
20160225,14.296,14.296,14.296,14.296,1552,0
20160226,14.303,14.597,14.286,14.296,7104,0
20160229,14.347,14.347,14.246,14.246,3357,0
20160302,14.323,14.323,14.323,14.323,390,0
20160303,14.694,14.694,14.686,14.686,246,0
20160304,14.905,14.905,14.905,14.905,1868,0
20160307,14.707,14.707,14.286,14.411,20489,0
20160308,14.427,15.054,14.362,15.054,4903,0
20160309,15.121,15.456,15.096,15.456,836,0
20160310,15.179,15.446,15.169,15.446,589,0
20160311,15.198,15.198,15.197,15.197,1666,0
20160314,15.197,15.197,15.14,15.197,1733,0
20160315,14.869,14.869,14.806,14.806,4061,0
20160317,14.799,14.806,14.799,14.806,1412,0
20160322,14.471,14.806,14.41,14.806,12206,0
20160323,14.777,14.777,14.278,14.278,8662,0
20160324,14.369,14.537,14.369,14.531,3980,0
20160328,14.419,14.419,14.419,14.419,1607,0
20160329,14.443,14.485,14.377,14.41,9750,0
20160330,14.488,14.488,14.369,14.369,7235,0
20160331,14.503,14.547,14.328,14.336,26717,0
20160401,14.462,14.494,14.223,14.263,1026,0
20160404,14.419,14.419,14.406,14.419,2743,0
20160405,14.377,14.377,14.303,14.303,2181,0
20160406,14.419,14.419,14.303,14.303,2270,0
20160408,14.419,14.419,14.336,14.336,3980,0
20160411,14.419,14.419,14.41,14.419,10211,0
20160412,14.494,14.494,14.401,14.494,8500,0
20160413,14.515,14.515,14.349,14.515,1151,0
20160414,14.647,14.647,14.439,14.515,3330,0
20160415,14.513,14.515,14.46,14.515,1131,0
20160418,14.499,14.515,14.441,14.515,7520,0
20160419,14.508,14.709,14.508,14.635,14727,0
20160420,14.709,14.752,14.659,14.752,23235,0
20160421,14.908,15.276,14.752,15.223,43986,0
20160422,15.1,15.298,15.066,15.298,5794,0
20160425,15.298,15.44,15.109,15.34,15198,0
20160426,15.298,15.379,15.298,15.379,3028,0
20160427,15.379,15.379,15.357,15.362,6885,0
20160428,15.379,15.646,15.379,15.42,29315,0
20160429,15.63,15.646,15.44,15.44,4269,0
20160502,15.537,15.537,15.074,15.276,15957,0
20160503,15.371,15.371,15.012,15.066,17877,0
20160504,15.074,15.186,15.074,15.1,4580,0
20160505,15.1,15.298,15.094,15.136,7647,0
20160506,15.223,15.223,14.886,14.908,5421,0
20160509,14.915,15.168,14.792,14.908,18588,0
20160510,15.086,15.276,15.086,15.165,7076,0
20160511,15.332,15.375,15.206,15.297,1144,0
20160512,15.324,16.139,15.324,15.67,13968,0
20160513,15.601,15.601,15.404,15.51,24431,0
20160516,15.636,15.639,15.52,15.544,11968,0
20160517,15.639,16.191,15.639,15.995,29554,0
20160518,16.191,16.272,15.957,16.02,37662,0
20160519,16.152,16.35,16.044,16.35,38531,0
20160520,16.471,16.594,16.224,16.35,65329,0
20160523,16.492,17.374,16.44,17.176,54915,0
20160524,16.781,17.279,16.781,17.243,25496,0
20160525,17.376,17.392,17.178,17.371,14715,0
20160526,17.353,17.371,16.684,17.338,6993,0
20160527,17.376,17.376,17.333,17.333,6409,0
20160531,17.298,17.298,17.298,17.298,986,0
20160601,17.104,17.259,16.981,17.186,3669,0
20160602,17.262,17.376,17.25,17.376,4698,0
20160603,17.275,17.275,16.981,16.981,13004,0
20160606,17.164,17.164,16.981,16.981,9497,0
20160607,17.055,17.375,16.981,16.981,7607,0
20160608,16.792,16.981,16.722,16.785,3322,0
20160609,16.896,17.298,16.879,17.178,20646,0
20160610,17.293,17.293,16.981,16.981,243,0
20160613,17.069,17.399,16.7,17.399,18350,0
20160614,17.432,17.441,17.362,17.441,10699,0
20160615,17.48,17.481,17.086,17.301,4837,0
20160616,17.399,17.441,17.391,17.391,2555,0
20160617,17.481,17.481,17.399,17.481,7450,0
20160620,17.481,17.481,17.163,17.163,21983,0
20160621,17.48,17.481,17.441,17.441,7523,0
20160622,17.441,17.481,17.086,17.092,9064,0
20160623,17.405,17.441,17.289,17.399,8105,0
20160624,17.324,17.333,17.324,17.333,252,0
20160627,17.393,17.393,17.091,17.091,986,0
20160628,17.323,17.399,17.323,17.399,1886,0
20160629,17.399,17.432,17.399,17.399,3612,0
20160630,17.399,17.399,17.149,17.149,1180,0
20160701,17.164,17.481,17.157,17.421,5642,0
20160705,17.086,17.441,17.086,17.255,6166,0
20160706,17.229,17.481,17.229,17.481,767,0
20160707,17.679,17.919,17.481,17.481,8495,0
20160708,17.598,17.846,17.598,17.837,12959,0
20160711,18.078,18.275,18.078,18.26,19661,0
20160712,18.062,18.062,18.062,18.062,142,0
20160713,17.81,18.176,17.81,18.176,4753,0
20160715,18.177,18.177,18.063,18.063,1247,0
20160718,17.981,17.981,17.82,17.82,4571,0
20160719,17.677,17.778,17.578,17.778,2380,0
20160721,17.736,17.737,17.179,17.523,3287,0
20160722,17.326,17.82,17.326,17.778,3125,0
20160726,17.531,17.698,17.418,17.499,1247,0
20160727,17.796,17.82,17.508,17.758,1502,0
20160728,17.578,17.782,17.578,17.578,3877,0
20160729,17.028,17.454,16.876,17.454,10261,0
20160801,17.418,17.418,17.251,17.251,3762,0
20160802,17.461,17.819,17.195,17.467,9259,0
20160804,17.578,17.814,17.578,17.739,9759,0
20160805,17.796,18.195,17.697,18.152,2207,0
20160808,18.039,18.144,17.857,18.144,1941,0
20160809,18.177,18.381,17.389,17.389,3125,0
20160811,18.293,18.497,18.285,18.326,15915,0
20160812,18.326,18.382,18.326,18.326,2051,0
20160815,17.926,18.407,17.483,18.134,12114,0
20160816,17.967,18.096,17.967,18.096,999,0
20160817,18.285,18.445,18.285,18.326,12064,0
20160818,18.391,18.445,18.326,18.445,36597,0
20160819,18.369,18.445,18.361,18.413,2179,0
20160822,18.377,18.487,18.369,18.487,6509,0
20160823,18.479,18.607,18.377,18.567,30011,0
20160824,18.607,18.68,18.262,18.262,29499,0
20160825,18.558,18.778,18.487,18.687,50893,0
20160826,18.726,19.629,18.567,18.801,37591,0
20160829,19.182,19.273,18.68,18.687,15148,0
20160830,18.567,18.862,18.567,18.722,13810,0
20160831,18.574,18.658,18.574,18.65,1990,0
20160901,18.675,18.778,18.64,18.687,14455,0
20160902,18.694,18.749,18.687,18.687,17981,0
20160906,18.687,18.712,18.248,18.248,22532,0
20160907,18.18,18.629,18.164,18.217,13434,0
20160908,18.224,18.372,18.224,18.372,1374,0
20160909,18.232,18.232,17.881,17.881,3173,0
20160912,18.164,18.164,18.154,18.154,321,0
20160913,18.592,18.592,18.35,18.592,3093,0
20160914,18.633,18.633,17.948,18.458,6252,0
20160915,18.08,18.47,18.08,18.276,6672,0
20160916,18.239,18.796,18.187,18.43,1853,0
20160919,18.728,18.737,18.43,18.477,15244,0
20160920,18.47,18.796,18.43,18.538,5707,0
20160921,18.735,18.789,18.593,18.593,4511,0
20160922,18.633,18.633,18.276,18.548,4497,0
20160923,18.592,18.592,18.549,18.549,3093,0
20160926,18.55,18.55,18.139,18.427,14631,0
20160927,18.467,18.467,18.187,18.35,13385,0
20160928,18.364,18.796,18.178,18.584,5982,0
20160929,18.745,18.745,17.878,17.992,51879,0
20160930,18.024,18.461,18.024,18.461,8272,0
20161003,18.325,18.592,18.204,18.368,1481,0
20161004,18.2,18.2,18.187,18.187,2323,0
20161005,18.253,18.518,18.253,18.518,3864,0
20161006,18.246,18.391,18.239,18.284,4080,0
20161007,18.391,18.391,18.086,18.344,15690,0
20161010,18.376,18.391,18.325,18.325,5475,0
20161011,18.584,18.584,18.567,18.575,1481,0
20161012,18.545,18.545,18.545,18.545,263,0
20161013,18.671,18.671,18.671,18.671,964,0
20161014,18.674,18.692,18.541,18.668,4517,0
20161017,18.55,18.692,18.512,18.692,5837,0
20161018,18.788,18.937,18.296,18.325,17909,0
20161019,18.606,18.606,18.321,18.353,8247,0
20161020,18.452,18.472,18.279,18.373,22656,0
20161021,18.143,18.434,18.143,18.431,1720,0
20161024,18.526,18.616,18.48,18.48,7041,0
20161025,18.649,18.921,18.546,18.546,10012,0
20161026,18.565,18.779,18.565,18.76,4418,0
20161027,18.687,18.692,18.687,18.692,548,0
20161028,18.679,18.692,18.679,18.692,6957,0
20161031,18.679,18.692,18.565,18.687,8928,0
20161101,18.679,18.679,18.679,18.679,138,0
20161103,18.183,18.183,18.183,18.183,254,0
20161104,18.477,18.477,18.477,18.477,654,0
20161108,18.674,18.674,18.674,18.674,213,0
20161109,18.692,18.692,18.547,18.547,1658,0
20161111,18.393,18.572,18.393,18.563,2779,0
20161114,18.726,18.726,18.417,18.417,3059,0
20161115,18.286,18.605,18.286,18.433,7629,0
20161116,18.474,18.479,17.806,17.81,17763,0
20161117,18.07,18.197,17.983,17.983,8148,0
20161118,18.005,18.005,17.566,17.747,22031,0
20161121,17.82,17.855,17.161,17.186,30002,0
20161122,17.226,17.983,17.226,17.575,9002,0
20161123,17.788,18.005,17.781,18.005,2201,0
20161128,17.991,18.623,17.919,17.983,4412,0
20161129,17.983,18.281,17.248,17.583,26712,0
20161130,17.743,17.743,17.743,17.743,137,0
20161201,17.747,17.978,17.747,17.978,3059,0
20161202,17.575,17.936,17.379,17.737,7706,0
20161205,17.903,18.014,17.575,17.781,7099,0
20161206,17.781,18.393,17.575,17.719,22077,0
20161207,17.983,17.983,17.533,17.903,15952,0
20161208,17.492,17.578,17.492,17.578,3059,0
20161209,17.846,17.936,17.575,17.619,7828,0
20161212,17.601,17.82,17.601,17.728,9454,0
20161213,17.678,17.969,17.482,17.969,10560,0
20161214,17.454,17.454,17.454,17.454,372,0
20161215,17.571,18.282,17.476,17.571,6932,0
20161216,17.56,17.918,17.56,17.833,3855,0
20161219,17.827,17.827,17.827,17.827,372,0
20161220,17.874,17.874,17.874,17.874,4828,0
20161221,17.998,18.501,17.998,18.123,3509,0
20161222,18.107,18.295,17.927,18.067,5927,0
20161223,18.052,18.052,17.949,17.949,2066,0
20161227,17.945,18.107,17.918,18.041,5227,0
20161230,18.223,18.452,18.223,18.452,507,0
20170103,18.38,18.38,18.38,18.38,2436,0
20170104,18.451,18.459,18.385,18.385,3647,0
20170105,18.295,18.295,18.295,18.295,559,0
20170106,18.254,18.311,18.193,18.311,1011,0
20170109,18.38,18.459,18.173,18.211,11824,0
20170110,18.146,18.293,18.107,18.262,4440,0
20170111,18.195,18.195,18.087,18.097,10728,0
20170112,18.127,18.146,18.113,18.14,655,0
20170113,18.087,18.141,17.854,17.854,3748,0
20170117,17.854,17.897,17.368,17.739,28525,0
20170118,17.782,18.01,17.782,17.782,26846,0
20170119,17.844,17.861,17.739,17.739,13171,0
20170120,17.833,17.842,17.608,17.617,6519,0
20170123,17.777,17.817,17.777,17.809,25942,0
20170124,18.195,18.213,17.659,17.904,55442,0
20170125,18.049,18.049,17.659,17.659,28354,0
20170126,18.034,18.034,17.627,17.627,68597,0
20170127,17.659,17.73,17.574,17.729,11369,0
20170130,17.663,17.695,17.617,17.661,7157,0
20170131,17.782,18.35,17.453,17.617,21925,0
20170201,17.582,17.617,17.407,17.468,18376,0
20170202,17.813,17.813,17.435,17.491,19181,0
20170203,17.617,17.617,17.574,17.617,17903,0
20170206,17.498,17.816,17.368,17.782,32609,0
20170207,17.79,17.79,17.782,17.782,4712,0
20170208,17.782,17.861,17.782,17.79,19845,0
20170209,17.659,17.822,17.608,17.721,44671,0
20170210,17.782,17.861,17.782,17.861,2551,0
20170213,17.972,18.129,17.879,18.009,17071,0
20170214,18.017,18.096,17.929,18.062,8612,0
20170215,18.119,18.119,18.119,18.119,1136,0
20170216,18.112,18.628,18.027,18.594,23767,0
20170217,18.499,18.621,18.422,18.532,6676,0
20170221,18.636,18.636,18.428,18.479,7618,0
20170222,18.511,18.518,18.394,18.394,14160,0
20170223,19.133,19.133,18.591,18.628,17165,0
20170224,18.67,18.751,18.655,18.705,12258,0
20170228,18.709,18.884,18.511,18.829,24944,0
20170301,18.844,18.926,18.527,18.841,6580,0
20170302,18.844,18.859,18.685,18.803,4722,0
20170303,18.73,19.125,18.7,18.759,7502,0
20170306,19.01,19.01,18.662,18.924,15191,0
20170307,18.744,18.812,18.744,18.794,4318,0
20170308,18.864,18.999,18.744,18.744,4739,0
20170309,18.726,18.735,18.726,18.726,468,0
20170310,18.718,18.874,18.67,18.67,3567,0
20170313,18.676,18.908,18.5,18.66,9509,0
20170314,18.516,18.618,18.516,18.618,17930,0
20170315,18.828,19.001,18.441,18.441,4232,0
20170316,18.831,18.867,18.656,18.867,12296,0
20170317,18.867,18.867,18.785,18.828,6099,0
20170320,18.908,18.908,18.757,18.828,20563,0
20170321,18.828,18.828,18.802,18.802,466,0
20170322,18.989,19.236,18.989,18.995,6504,0
20170323,18.908,18.921,18.908,18.918,5448,0
20170324,18.851,18.851,18.742,18.791,6099,0
20170327,18.749,19.201,18.749,18.902,31864,0
20170329,18.862,18.862,18.828,18.828,725,0
20170330,18.901,18.901,18.89,18.899,967,0
20170331,18.859,18.908,18.859,18.908,416,0
20170403,18.908,18.908,18.908,18.908,291,0
20170404,18.908,19.125,18.908,18.995,16644,0
20170405,19.019,19.019,19.019,19.019,233,0
20170406,19.161,19.161,19.161,19.161,233,0
20170407,18.883,18.883,18.875,18.875,1198,0
20170410,18.995,18.995,18.828,18.903,2343,0
20170411,18.756,18.934,18.756,18.889,5941,0
20170412,18.934,18.934,18.916,18.934,2438,0
20170413,18.934,19.017,18.889,19.017,3440,0
20170417,18.934,19.017,18.918,18.918,12932,0
20170418,18.897,18.897,18.897,18.897,405,0
20170419,18.934,18.934,18.889,18.889,2098,0
20170420,19.017,19.017,19.017,19.017,132,0
20170421,19.017,19.017,18.856,18.916,5928,0
20170424,18.833,18.994,18.808,18.994,2852,0
20170425,19.001,19.143,18.984,19.125,10040,0
20170426,19.143,19.255,19.143,19.166,778,0
20170427,19.227,19.227,19.101,19.125,8853,0
20170501,19.23,19.23,19.042,19.042,1789,0
20170502,19.017,19.101,18.975,18.975,15874,0
20170503,18.897,19.227,18.889,19.227,1064,0
20170504,18.859,19.058,18.856,18.897,4134,0
20170505,18.889,19.101,18.773,18.916,10072,0
20170508,19.101,19.101,18.687,18.687,2005,0
20170509,18.638,18.764,18.503,18.512,22666,0
20170510,18.623,18.849,18.553,18.553,4075,0
20170511,18.833,18.924,18.833,18.924,2422,0
20170512,18.968,18.968,18.842,18.842,1118,0
20170515,18.88,19.018,18.88,18.958,7934,0
20170516,19.126,19.126,19.112,19.119,1260,0
20170517,18.833,19.058,18.833,19.058,1540,0
20170518,19.08,19.122,18.408,18.617,17651,0
20170519,18.43,18.612,18.43,18.467,1846,0
20170522,18.467,18.612,18.467,18.612,5678,0
20170523,18.621,18.72,18.612,18.621,11773,0
20170524,18.703,18.703,18.703,18.703,251,0
20170525,18.703,18.703,18.672,18.672,2302,0
20170526,18.676,18.676,18.676,18.676,416,0
20170530,18.651,18.651,18.621,18.621,1030,0
20170531,18.577,18.864,18.57,18.864,10755,0
20170601,19.314,19.383,19.018,19.043,10082,0
20170602,19.051,19.116,19.043,19.051,6754,0
20170605,19.229,19.334,19.13,19.203,10125,0
20170606,19.135,19.135,19.043,19.126,16436,0
20170607,18.975,19.211,18.975,19.043,3662,0
20170608,19.169,19.169,19.169,19.169,133,0
20170612,18.969,18.985,18.969,18.985,1186,0
20170613,18.983,19.151,18.983,19.032,2879,0
20170614,18.983,19.189,18.913,19.189,4055,0
20170615,18.913,19.151,18.913,19.151,1051,0
20170616,19.256,19.256,18.97,18.97,4031,0
20170619,19.151,19.243,18.943,19.069,5054,0
20170620,19.237,19.237,18.952,19.064,13879,0
20170621,19.074,19.074,19.025,19.025,3895,0
20170622,19.134,19.321,19.086,19.321,4802,0
20170623,19.296,19.321,19.191,19.237,6111,0
20170626,19.151,19.2,19.085,19.085,4518,0
20170627,19.167,19.265,19.151,19.265,3699,0
20170628,19.151,19.321,18.974,19.321,5978,0
20170629,19.233,19.233,19.233,19.233,743,0
20170630,19.151,19.151,19.049,19.062,1207,0
20170705,19.11,19.151,19.007,19.025,20796,0
20170706,19.034,19.196,19.025,19.188,11984,0
20170707,19.321,19.578,19.27,19.54,36916,0
20170710,19.499,20.599,19.365,20.003,25198,0
20170711,20.003,20.02,19.516,19.993,16733,0
20170712,19.92,20.003,19.92,19.983,816,0
20170713,19.983,20.621,19.983,20.371,4441,0
20170714,20.105,20.112,19.685,19.901,9463,0
20170717,19.95,19.95,19.713,19.721,5325,0
20170718,19.756,19.756,19.73,19.73,1457,0
20170719,19.739,19.853,19.721,19.73,4670,0
20170720,19.876,19.876,19.301,19.379,13904,0
20170721,19.513,19.513,19.388,19.388,11317,0
20170724,19.398,19.583,19.275,19.583,7618,0
20170725,19.496,19.56,19.398,19.398,1633,0
20170726,19.583,19.583,19.583,19.583,699,0
20170727,19.601,19.601,19.583,19.601,546,0
20170728,19.56,19.56,19.404,19.429,1817,0
20170731,19.474,19.544,19.474,19.544,652,0
20170801,19.429,19.509,19.429,19.509,548,0
20170802,19.496,19.583,19.465,19.465,1046,0
20170803,19.56,19.593,19.42,19.474,3799,0
20170804,19.56,19.577,19.438,19.523,3647,0
20170807,19.446,19.592,19.438,19.456,13338,0
20170808,19.513,19.513,19.513,19.513,2395,0
20170809,19.513,19.513,19.513,19.513,1588,0
20170810,19.568,19.583,19.513,19.583,4505,0
20170811,19.583,20.731,19.583,20.731,5144,0
20170814,19.636,19.636,19.636,19.636,228,0
20170815,19.907,19.907,19.907,19.907,899,0
20170816,19.626,19.796,19.593,19.626,2172,0
20170817,19.724,19.754,19.695,19.754,1311,0
20170818,19.705,19.705,19.705,19.705,1244,0
20170821,19.796,20.222,19.796,19.796,11290,0
20170822,19.969,20.013,19.921,20.009,4373,0
20170823,19.912,19.925,19.86,19.925,5712,0
20170824,19.937,20.058,19.701,19.961,2625,0
20170828,19.907,19.907,19.608,19.608,431,0
20170829,19.738,20.023,19.738,19.896,9660,0
20170830,19.887,19.887,19.764,19.782,3785,0
20170831,19.764,19.969,19.764,19.841,2270,0
20170901,19.986,19.996,19.773,19.996,16759,0
20170905,19.977,19.977,19.757,19.806,4247,0
20170906,19.806,19.841,19.796,19.814,4648,0
20170907,19.841,19.841,19.757,19.764,7013,0
20170908,19.789,19.887,19.789,19.887,356,0
20170911,19.773,19.869,19.773,19.86,2491,0
20170912,19.833,19.833,19.833,19.833,456,0
20170913,19.814,19.823,19.757,19.823,14143,0
20170914,19.745,19.796,19.745,19.796,728,0
20170915,19.699,19.773,19.699,19.764,2642,0
20170918,19.796,19.796,19.764,19.779,1509,0
20170919,19.764,19.789,19.764,19.764,2118,0
20170920,19.686,19.796,19.609,19.796,3021,0
20170921,19.626,19.749,19.626,19.74,3604,0
20170922,19.714,19.714,19.714,19.714,431,0
20170925,19.617,19.638,19.473,19.488,25447,0
20170926,19.496,19.532,19.299,19.532,23656,0
20170927,19.541,19.541,18.992,19.038,23971,0
20170928,19.041,19.281,19.041,19.281,4877,0
20170929,19.333,19.37,19.126,19.171,2253,0
20171002,19.36,19.36,19.181,19.256,9711,0
20171003,19.181,19.197,18.852,19.025,15990,0
20171004,19.025,19.111,18.559,18.766,33147,0
20171005,18.969,19.111,18.902,18.945,7761,0
20171006,18.954,19.025,18.945,19.025,5959,0
20171009,19.065,19.181,19.065,19.181,5783,0
20171010,19.041,19.084,18.938,19.084,8233,0
20171011,18.877,18.877,15.203,18.473,81213,0
20171012,18.499,18.761,18.275,18.431,26917,0
20171013,18.448,18.664,18.284,18.622,18956,0
20171016,19.011,19.011,18.629,18.646,5250,0
20171017,18.689,18.851,18.473,18.473,18562,0
20171018,18.507,18.983,18.507,18.577,992,0
20171019,18.507,18.524,18.447,18.524,5975,0
20171020,18.621,18.622,18.57,18.577,7651,0
20171023,18.622,18.967,18.622,18.967,17235,0
20171024,18.786,18.967,18.707,18.82,11009,0
20171025,18.716,18.794,18.603,18.664,16000,0
20171026,18.707,18.986,18.707,18.887,8311,0
20171027,18.923,19.053,18.848,18.967,11913,0
20171030,18.777,19.053,18.637,18.685,13375,0
20171031,18.967,19.921,18.967,19.14,11858,0
20171101,19.679,19.679,18.976,19.402,5278,0
20171102,19.409,19.486,19.409,19.486,2825,0
20171103,19.511,19.896,19.511,19.616,6647,0
20171107,19.486,19.486,19.486,19.486,1265,0
20171108,19.961,19.961,19.123,19.444,1884,0
20171109,19.314,19.384,19.314,19.384,6107,0
20171110,19.668,19.685,19.659,19.659,2583,0
20171113,19.575,19.787,19.444,19.575,19504,0
20171114,19.558,19.558,19.511,19.511,612,0
20171115,19.234,19.469,19.207,19.392,4287,0
20171116,19.485,19.485,19.198,19.285,10480,0
20171117,19.431,19.431,19.431,19.431,1259,0
20171120,19.515,19.815,19.515,19.582,5115,0
20171121,19.392,19.469,19.293,19.469,5641,0
20171122,19.705,19.714,19.705,19.714,578,0
20171124,19.563,19.563,19.563,19.563,362,0
20171128,19.511,19.599,19.511,19.599,3523,0
20171130,19.52,19.815,19.52,19.815,1770,0
20171201,19.814,19.815,19.605,19.815,58452,0
20171204,19.606,19.606,19.606,19.606,226,0
20171205,19.641,19.686,19.641,19.686,452,0
20171206,19.686,19.815,19.606,19.686,19721,0
20171207,19.782,19.782,19.641,19.686,2548,0
20171208,19.686,19.686,19.599,19.686,2419,0
20171211,19.815,19.815,19.753,19.815,2523,0
20171212,19.815,19.815,19.606,19.616,3672,0
20171213,19.719,19.807,19.637,19.673,3869,0
20171214,19.863,19.89,19.863,19.88,1122,0
20171215,19.835,19.844,19.606,19.844,4397,0
20171218,19.709,19.798,19.599,19.798,3864,0
20171219,19.722,19.79,19.722,19.79,926,0
20171220,19.606,19.798,19.606,19.798,23802,0
20171221,19.79,19.932,19.616,19.932,7249,0
20171222,19.765,19.765,19.765,19.765,1510,0
20171226,19.765,19.765,19.765,19.765,1147,0
20171227,19.79,19.798,19.79,19.798,976,0
20171229,19.625,19.798,19.606,19.798,1373,0
20180102,19.798,19.798,19.798,19.798,575,0
20180103,19.798,19.798,19.798,19.798,1825,0
20180104,19.798,19.798,19.599,19.731,16091,0
20180105,19.616,19.798,19.616,19.798,2397,0
20180108,19.925,19.925,19.695,19.709,6876,0
20180109,19.655,19.714,19.655,19.697,1152,0
20180110,19.757,19.798,19.624,19.714,5495,0
20180111,19.765,19.783,19.678,19.757,3657,0
20180112,19.699,19.699,19.673,19.673,562,0
20180116,19.599,19.7,19.598,19.598,6593,0
20180117,19.598,19.606,19.298,19.491,6326,0
20180118,19.566,19.624,19.5,19.589,20908,0
20180119,19.581,19.655,19.471,19.471,4139,0
20180122,19.228,19.388,19.228,19.388,2879,0
20180123,19.388,19.74,19.388,19.606,22287,0
20180124,19.566,19.765,19.475,19.509,9409,0
20180125,19.606,19.606,19.388,19.546,9038,0
20180126,19.466,19.546,19.466,19.537,1142,0
20180129,19.641,19.817,19.615,19.817,2667,0
20180131,19.388,19.827,19.388,19.741,11252,0
20180201,19.658,19.666,19.658,19.666,1056,0
20180202,19.518,19.722,19.518,19.699,7984,0
20180205,19.55,19.688,19.518,19.6,14245,0
20180206,19.74,19.74,19.74,19.74,184,0
20180207,19.651,19.66,19.501,19.65,8169,0
20180208,19.566,19.566,19.566,19.566,3975,0
20180212,19.388,19.388,19.239,19.388,2269,0
20180213,19.566,19.584,19.507,19.566,2719,0
20180214,19.5,19.5,19.5,19.5,346,0
20180215,19.482,19.5,19.482,19.5,1132,0
20180220,19.766,19.766,19.546,19.589,1161,0
20180221,19.624,19.766,19.594,19.766,17014,0
20180223,19.847,19.926,19.829,19.856,6653,0
20180226,19.87,19.987,19.678,19.902,3911,0
20180227,19.856,19.856,19.5,19.714,31287,0
20180228,19.715,19.715,19.656,19.705,3666,0
20180301,19.657,19.715,19.633,19.715,6150,0
20180302,19.791,19.829,19.778,19.81,9077,0
20180305,19.775,19.775,19.661,19.661,2313,0
20180306,19.696,19.696,19.661,19.661,2256,0
20180307,19.633,19.633,19.589,19.604,9923,0
20180308,19.633,19.633,19.633,19.633,124,0
20180309,19.883,19.944,19.633,19.934,2481,0
20180312,19.925,19.969,19.925,19.944,2413,0
20180313,19.865,19.865,19.856,19.856,1411,0
20180314,19.98,19.98,19.679,19.679,2577,0
20180315,19.718,19.718,19.718,19.718,1356,0
20180316,20.07,20.105,20.044,20.105,1694,0
20180319,20.105,20.105,20.006,20.015,1680,0
20180320,19.892,19.926,19.883,19.926,1125,0
20180321,19.926,20.044,19.914,20.039,6309,0
20180322,19.993,20.034,19.97,20.034,7648,0
20180323,19.97,20.034,19.97,20.034,1274,0
20180326,20.105,20.105,19.97,19.984,2920,0
20180327,20.043,20.096,20.015,20.096,2243,0
20180328,20.015,20.079,20.015,20.079,11612,0
20180329,20.105,20.105,20.015,20.07,1877,0
20180402,20.015,20.015,20.015,20.015,821,0
20180403,20.032,20.105,20.015,20.105,6775,0
20180404,20.015,20.016,20.015,20.015,1029,0
20180405,20.097,20.097,19.999,20.044,892,0
20180409,20.248,20.248,20.248,20.248,444,0
20180410,20.221,20.276,20.146,20.276,2816,0
20180411,20.105,20.105,19.838,20.105,616,0
20180412,20.174,20.222,20.174,20.214,1201,0
20180413,20.184,20.222,20.184,20.222,1658,0
20180416,20.222,20.222,20.222,20.222,1480,0
20180417,20.199,20.465,20.199,20.353,2295,0
20180418,20.402,20.402,20.402,20.402,2231,0
20180419,20.174,20.179,20.157,20.179,3346,0
20180420,20.268,20.268,20.097,20.097,3121,0
20180423,20.153,20.222,20.153,20.222,955,0
20180424,20.268,20.483,20.232,20.249,7816,0
20180425,20.232,20.232,20.232,20.232,484,0
20180426,20.313,20.392,20.268,20.392,4461,0
20180430,20.317,20.317,20.061,20.061,5953,0
20180501,19.836,20.402,19.836,20.258,5744,0
20180502,20.313,20.626,20.249,20.258,12739,0
20180503,20.284,20.434,20.258,20.313,1709,0
20180504,20.337,20.447,20.249,20.301,6203,0
20180507,20.447,20.447,20.36,20.36,2462,0
20180508,20.428,20.428,20.428,20.428,657,0
20180509,20.447,20.626,20.447,20.537,2450,0
20180510,20.617,20.626,20.583,20.608,2320,0
20180511,20.301,20.992,20.284,20.776,5870,0
20180514,20.949,21.103,20.749,21.103,4048,0
20180515,20.921,21.023,20.768,20.768,2663,0
20180516,20.803,20.967,20.741,20.9,3300,0
20180517,21.15,21.15,21.15,21.15,465,0
20180518,20.967,21.193,20.949,21.19,4364,0
20180521,20.768,21.024,20.759,20.834,4100,0
20180522,20.784,21.175,20.741,21.148,6750,0
20180523,21.056,21.184,21.014,21.096,9116,0
20180524,21.12,21.121,21.014,21.103,6320,0
20180525,21.074,21.074,21.014,21.014,981,0
20180529,21.014,21.056,20.788,20.788,5893,0
20180530,21.056,21.599,21.03,21.372,18315,0
20180531,20.825,21.393,20.759,21.193,12117,0
20180601,21.175,21.193,21.165,21.193,3994,0
20180604,21.175,21.24,21.079,21.193,6561,0
20180605,21.193,21.193,19.632,20.876,11913,0
20180606,20.768,20.768,20.768,20.768,958,0
20180607,20.749,20.749,20.749,20.749,220,0
20180608,20.994,20.994,20.994,20.994,245,0
20180611,20.759,20.958,19.84,20.958,12875,0
20180612,20.985,20.985,20.886,20.886,416,0
20180613,20.768,20.967,20.768,20.967,939,0
20180614,20.902,21.049,20.73,20.73,1602,0
20180615,20.855,21.066,20.855,20.949,3129,0
20180618,20.722,21.05,20.722,21.05,1184,0
20180620,21.084,21.084,20.793,20.831,1579,0
20180621,20.833,20.833,20.833,20.833,119,0
20180622,21.018,21.062,21.018,21.062,1035,0
20180625,20.862,20.862,20.862,20.862,617,0
20180626,20.972,21.084,20.972,21.084,2280,0
20180627,21.103,21.311,21.054,21.31,2782,0
20180629,21.311,21.311,20.949,21.311,2564,0
20180702,21.311,21.538,21.249,21.52,10266,0
20180703,21.284,21.538,21.137,21.52,5358,0
20180705,21.529,21.529,21.26,21.402,3002,0
20180706,21.402,21.402,21.402,21.402,2205,0
20180709,21.538,21.538,21.538,21.538,1836,0
20180710,21.538,21.538,21.449,21.538,6625,0
20180711,21.538,21.947,21.538,21.765,24059,0
20180712,21.883,21.883,21.883,21.883,554,0
20180713,21.883,21.997,21.882,21.882,4388,0
20180716,21.865,21.883,21.747,21.817,12414,0
20180717,21.79,21.79,21.747,21.747,1387,0
20180718,21.874,22.03,21.694,22.03,5864,0
20180719,21.977,21.977,21.701,21.794,2468,0
20180720,21.711,21.727,21.701,21.727,3402,0
20180723,21.737,21.795,21.718,21.718,4922,0
20180724,21.727,21.795,21.41,21.718,10339,0
20180725,21.718,21.739,21.568,21.686,4953,0
20180726,21.607,21.607,21.607,21.607,1445,0
20180727,21.621,21.718,21.519,21.519,1758,0
20180730,21.691,22.057,21.691,21.883,2350,0
20180731,21.665,21.927,21.665,21.665,10947,0
20180801,21.852,22.063,21.795,22.063,6972,0
20180802,21.884,21.977,21.883,21.977,1499,0
20180803,21.977,22.331,21.883,22.11,9537,0
20180806,21.883,21.999,21.883,21.999,1060,0
20180807,22.11,22.292,22.04,22.04,1654,0
20180808,22.101,22.11,22.048,22.048,1538,0
20180809,22.101,22.101,22.101,22.101,411,0
20180810,22.066,22.066,22.063,22.063,612,0
20180813,22.11,22.341,22.11,22.324,8806,0
20180814,22.328,22.328,22.328,22.328,930,0
20180815,22.454,22.457,22.454,22.457,217,0
20180816,22.322,22.449,22.322,22.368,3394,0
20180817,22.368,22.412,22.1,22.1,3776,0
20180820,22.095,22.419,22.095,22.1,1258,0
20180821,22.08,22.457,22.08,22.431,13091,0
20180822,22.457,22.457,22.419,22.419,833,0
20180823,22.139,22.139,22.011,22.025,9364,0
20180824,22.233,22.233,22.23,22.23,651,0
20180827,22.175,22.221,22.163,22.213,6509,0
20180828,22.21,22.221,22.163,22.196,10218,0
20180829,22.09,22.484,22.09,22.484,21434,0
20180830,22.23,22.23,22.185,22.23,6555,0
20180831,22.457,22.58,22.179,22.549,8769,0
20180904,22.58,22.733,22.207,22.413,7724,0
20180905,22.457,22.686,22.457,22.686,1342,0
20180906,22.677,22.826,22.677,22.74,16473,0
20180907,22.71,22.734,22.392,22.734,7539,0
20180910,22.575,22.916,22.575,22.758,9000,0
20180911,22.835,22.84,22.475,22.596,8270,0
20180912,22.686,22.686,22.58,22.584,6873,0
20180913,22.691,22.947,22.58,22.947,8899,0
20180914,22.637,22.809,22.552,22.777,9325,0
20180917,22.792,22.81,22.79,22.79,3272,0
20180918,22.75,22.827,22.75,22.79,3350,0
20180919,22.827,22.853,22.669,22.853,4274,0
20180920,22.745,22.783,22.716,22.783,1298,0
20180921,22.763,22.763,22.716,22.754,5676,0
20180924,22.691,22.695,22.174,22.174,4042,0
20180925,22.727,22.727,22.484,22.58,3618,0
20180926,22.727,22.727,22.567,22.669,4790,0
20180927,22.672,22.754,22.418,22.754,9969,0
20180928,22.669,22.67,22.669,22.669,1844,0
20181001,22.754,22.754,22.606,22.606,1098,0
20181002,22.634,22.634,22.588,22.589,10154,0
20181003,22.58,22.669,22.31,22.625,3451,0
20181004,22.753,22.909,22.669,22.909,11653,0
20181005,22.615,22.763,22.58,22.722,3058,0
20181008,22.31,22.612,22.31,22.612,568,0
20181009,22.484,22.596,22.348,22.596,2051,0
20181010,22.75,22.75,22.669,22.669,3475,0
20181011,22.497,22.715,22.422,22.669,2831,0
20181012,22.882,22.882,22.791,22.828,5773,0
20181015,22.828,22.842,22.589,22.605,1728,0
20181016,22.605,22.605,22.605,22.605,480,0
20181017,22.744,22.744,22.699,22.699,342,0
20181018,22.768,22.791,22.588,22.698,21049,0
20181019,22.041,22.749,22.041,22.697,8393,0
20181022,22.711,22.711,22.711,22.711,1460,0
20181023,22.772,22.773,22.401,22.652,6214,0
20181024,22.791,22.791,22.473,22.473,38960,0
20181025,22.365,22.754,22.365,22.687,12617,0
20181026,22.697,22.697,22.583,22.696,8981,0
20181029,22.783,22.783,22.551,22.675,1426,0
20181030,22.769,22.773,22.697,22.773,10904,0
20181031,22.716,22.882,22.716,22.754,5888,0
20181101,22.873,22.873,22.812,22.812,2161,0
20181102,22.752,22.791,22.704,22.791,5667,0
20181105,22.754,22.795,22.754,22.783,2278,0
20181106,22.791,22.791,22.791,22.791,444,0
20181107,22.697,22.697,22.697,22.697,553,0
20181108,22.814,22.814,22.491,22.791,3858,0
20181109,22.791,22.791,22.455,22.473,8394,0
20181112,22.503,22.514,22.473,22.473,3484,0
20181113,22.767,22.767,22.492,22.492,2791,0
20181114,22.483,22.579,22.355,22.355,3537,0
20181115,22.355,22.429,22.233,22.288,4779,0
20181116,22.324,22.324,22.324,22.324,2150,0
20181119,22.278,22.28,22.26,22.26,1647,0
20181120,22.269,22.299,22.233,22.233,3015,0
20181121,22.402,22.483,22.216,22.26,19057,0
20181126,22.038,22.822,22.009,22.411,5302,0
20181127,22.448,22.522,22.341,22.499,13270,0
20181128,22.912,22.912,22.329,22.329,4028,0
20181129,22.4,22.522,22.4,22.522,1704,0
20181130,22.589,22.766,22.541,22.702,2887,0
20181203,22.639,22.639,22.589,22.635,1184,0
20181204,22.774,22.774,22.774,22.774,534,0
20181206,22.727,22.727,22.608,22.608,1744,0
20181207,22.727,22.727,22.589,22.589,1627,0
20181210,22.589,22.812,22.153,22.812,5177,0
20181212,22.839,22.839,22.822,22.822,2197,0
20181213,23.016,23.176,22.941,22.963,11310,0
20181214,22.96,23.035,22.418,22.989,7444,0
20181217,22.943,22.977,22.521,22.829,4769,0
20181219,22.848,22.943,22.827,22.943,3844,0
20181220,22.933,23.176,22.756,22.756,6114,0
20181221,22.773,22.816,22.773,22.816,1644,0
20181224,22.766,22.766,22.659,22.669,752,0
20181226,22.568,22.568,22.23,22.351,2308,0
20181227,22.247,22.359,22.247,22.332,1279,0
20181231,22.334,22.659,22.334,22.659,1456,0
20190102,22.655,22.659,22.655,22.659,350,0
20190103,22.736,22.736,22.736,22.736,246,0
20190104,22.933,22.943,22.868,22.943,3923,0
20190108,22.848,22.848,22.848,22.848,453,0
20190109,22.596,22.713,22.596,22.713,1714,0
20190110,22.596,22.746,22.418,22.659,1830,0
20190111,22.428,22.428,22.428,22.428,3057,0
20190114,22.785,22.974,22.77,22.974,3679,0
20190115,22.858,22.858,22.579,22.827,3105,0
20190116,22.861,22.861,22.79,22.79,484,0
20190117,22.653,22.974,22.589,22.916,3080,0
20190118,22.974,23.302,22.946,23.302,5577,0
20190122,23.207,23.302,22.643,22.741,4586,0
20190123,23.048,23.058,22.966,23.057,2666,0
20190124,22.841,23.302,22.738,23.302,1498,0
20190125,23.114,23.159,22.635,22.635,4621,0
20190128,22.66,23.114,22.66,22.877,4584,0
20190129,23.083,23.163,23.066,23.163,969,0
20190130,23.163,23.255,23.124,23.255,7413,0
20190131,23.066,23.915,23.066,23.915,27153,0
20190201,23.763,23.773,23.279,23.282,22097,0
20190205,23.651,23.679,23.302,23.302,21643,0
20190206,23.207,23.603,23.207,23.5,3753,0
20190207,23.622,23.817,23.302,23.302,17262,0
20190208,23.577,23.677,23.405,23.539,4546,0
20190211,23.539,23.632,23.375,23.558,6173,0
20190212,23.622,23.69,23.511,23.642,4867,0
20190213,23.388,23.718,23.322,23.463,15896,0
20190214,23.899,23.899,23.481,23.842,10120,0
20190215,23.736,23.766,23.709,23.766,5275,0
20190219,23.53,23.662,23.472,23.643,6369,0
20190220,23.548,23.662,23.263,23.472,29438,0
20190221,23.425,23.566,23.425,23.566,1417,0
20190222,23.557,23.557,23.51,23.51,728,0
20190225,23.559,23.633,23.425,23.535,7795,0
20190226,23.604,23.633,23.57,23.633,5284,0
20190227,23.633,23.662,23.444,23.662,4985,0
20190228,23.453,23.662,23.453,23.652,35737,0
20190301,23.662,23.662,23.52,23.566,4425,0
20190304,23.566,23.643,23.566,23.643,1545,0
20190305,23.633,23.643,23.633,23.643,213,0
20190306,23.643,23.662,23.575,23.662,4724,0
20190307,23.63,23.719,23.63,23.719,4689,0
20190308,23.719,23.755,23.719,23.75,960,0
20190311,23.775,23.889,23.49,23.671,20444,0
20190312,23.662,23.899,23.594,23.709,14817,0
20190313,23.765,23.765,23.709,23.709,272,0
20190314,23.775,23.852,23.603,23.783,9539,0
20190315,23.783,23.904,23.68,23.68,2461,0
20190318,23.69,23.783,23.68,23.699,2319,0
20190319,23.699,23.81,23.556,23.69,13978,0
20190320,23.745,23.821,23.556,23.556,3128,0
20190321,23.902,23.917,23.685,23.89,3420,0
20190322,23.699,23.89,23.699,23.89,844,0
20190325,23.89,23.909,23.833,23.909,5142,0
20190326,23.783,23.927,23.78,23.927,7182,0
20190327,23.917,24.072,23.826,24.072,6227,0
20190328,24.072,24.072,23.909,24.043,8877,0
20190329,24.072,24.164,23.929,24.164,26304,0
20190401,24.164,24.164,24.155,24.164,5613,0
20190402,24.11,24.11,24.11,24.11,590,0
20190403,24.076,24.076,24.076,24.076,874,0
20190404,24.072,24.072,24.072,24.072,674,0
20190405,24.108,24.108,24.108,24.108,254,0
20190408,23.979,23.979,23.979,23.979,2296,0
20190409,23.935,24.023,23.935,24.023,2443,0
20190410,24.108,24.108,24.087,24.087,1336,0
20190411,24.1,24.108,24.023,24.023,12475,0
20190412,24.162,24.234,24.136,24.234,3842,0
20190415,24.168,24.23,24.013,24.013,9571,0
20190416,24.011,24.076,24.003,24.003,6330,0
20190417,24.003,24.048,23.916,24.048,3265,0
20190418,24.164,24.164,24.156,24.156,1050,0
20190422,23.993,24.105,23.926,24.003,10701,0
20190423,24.063,24.067,23.926,24.003,9447,0
20190424,24.08,24.175,24.08,24.156,4012,0
20190425,24.156,24.309,24.156,24.194,6202,0
20190426,24.385,24.385,24.157,24.366,11673,0
20190429,24.376,24.385,24.376,24.385,3762,0
20190430,24.366,24.567,24.291,24.567,30514,0
20190501,24.376,24.464,24.299,24.299,5525,0
20190502,24.214,24.385,24.214,24.385,1127,0
20190503,24.385,24.518,24.385,24.518,1917,0
20190506,24.404,24.404,24.239,24.239,1395,0
20190507,24.518,24.518,24.298,24.298,1035,0
20190508,24.519,24.519,24.519,24.519,610,0
20190509,24.482,24.482,24.482,24.482,413,0
20190510,24.385,24.517,24.385,24.464,8491,0
20190513,24.385,24.464,24.385,24.385,2664,0
20190514,24.405,24.684,24.405,24.607,2259,0
20190515,24.539,24.703,24.511,24.637,1495,0
20190516,24.627,24.637,24.342,24.501,21705,0
20190517,24.556,24.558,24.29,24.444,16019,0
20190520,24.425,24.464,24.272,24.319,21551,0
20190521,24.319,24.52,24.319,24.444,6747,0
20190522,24.52,24.558,24.432,24.482,1741,0
20190523,24.425,24.512,24.425,24.491,1929,0
20190524,24.511,24.587,24.309,24.444,7571,0
20190528,24.309,24.464,24.309,24.415,3090,0
20190529,24.405,24.427,24.347,24.386,4929,0
20190530,24.385,24.568,24.347,24.501,16105,0
20190531,24.568,24.597,24.568,24.578,21233,0
20190603,24.459,24.466,24.366,24.415,4295,0
20190604,24.415,24.587,24.347,24.482,3818,0
20190605,24.417,24.506,24.417,24.506,804,0
20190606,24.511,24.511,24.511,24.511,1096,0
20190607,24.528,24.55,24.528,24.548,2369,0
20190610,24.529,24.568,24.529,24.568,657,0
20190611,24.541,24.578,24.491,24.568,6490,0
20190612,24.568,24.587,24.479,24.578,3575,0
20190613,24.555,24.587,24.539,24.587,1199,0
20190617,24.617,24.694,24.601,24.656,3666,0
20190618,24.646,24.656,24.597,24.656,3251,0
20190619,24.656,24.8,24.656,24.761,5297,0
20190620,24.82,24.83,24.761,24.83,2555,0
20190621,24.587,24.83,24.587,24.83,631,0
20190624,24.83,24.83,24.761,24.83,4227,0
20190625,24.723,24.83,24.679,24.81,7496,0
20190626,24.83,25.013,24.813,25.013,1944,0
20190627,24.734,25.158,24.539,24.984,13938,0
20190628,25.205,25.302,25.167,25.302,25788,0
20190701,24.878,25.099,24.878,25.099,828,0
20190702,24.535,25.109,24.535,25.042,7870,0
20190703,24.914,24.914,24.914,24.914,158,0
20190705,25.118,25.118,25.118,25.118,351,0
20190708,24.888,25.099,24.81,24.935,7076,0
20190709,24.877,24.899,24.84,24.869,5263,0
20190710,24.81,24.83,24.81,24.83,2593,0
20190711,24.878,24.888,24.791,24.83,4522,0
20190712,24.674,24.916,24.674,24.859,4032,0
20190715,25.047,25.1,24.859,24.905,8196,0
20190716,24.977,24.977,24.761,24.84,8785,0
20190717,24.771,24.81,24.72,24.8,14816,0
20190718,24.896,24.994,24.859,24.916,4008,0
20190719,24.89,25.218,24.89,25.1,11917,0
20190722,25.218,25.228,25.15,25.15,735,0
20190723,25.218,25.218,25.198,25.198,505,0
20190724,25.218,25.432,25.197,25.432,3200,0
20190725,25.422,25.441,25.393,25.432,1188,0
20190726,25.412,25.441,25.334,25.441,7667,0
20190729,25.471,25.916,25.471,25.916,2496,0
20190730,25.916,25.916,25.471,25.762,4282,0
20190731,25.83,25.956,25.588,25.956,40415,0
20190801,25.926,25.976,25.84,25.84,2023,0
20190802,26.703,26.703,25.887,26.16,5736,0
20190805,26.094,26.094,26.094,26.094,288,0
20190806,25.82,26.005,25.616,25.616,8351,0
20190807,25.314,25.616,25.257,25.616,2595,0
20190808,25.491,25.616,25.402,25.402,2837,0
20190809,25.578,25.578,25.321,25.321,2406,0
20190812,25.498,25.665,25.393,25.606,10385,0
20190813,25.926,25.971,25.732,25.971,1122,0
20190815,26.082,26.102,25.771,26.092,1621,0
20190816,25.858,26.161,25.858,26.161,1861,0
20190819,26.102,26.102,26.102,26.102,102,0
20190820,26.156,26.239,26.151,26.151,1617,0
20190821,26.247,26.766,26.247,26.581,2462,0
20190822,26.726,26.756,26.717,26.736,1449,0
20190823,26.346,26.707,26.346,26.707,4017,0
20190826,26.433,26.433,25.858,26.307,4103,0
20190827,24.804,26.459,24.565,26.22,9764,0
20190828,26.229,26.287,26.229,26.287,1369,0
20190829,26.507,26.561,26.507,26.541,1299,0
20190830,26.541,26.766,26.541,26.766,22069,0
20190903,26.541,26.677,26.46,26.639,3175,0
20190904,26.376,26.687,26.376,26.541,1599,0
20190905,26.591,26.756,26.368,26.561,4709,0
20190906,26.492,26.512,26.472,26.472,3856,0
20190909,26.384,26.707,26.326,26.611,4878,0
20190910,26.386,26.521,26.386,26.521,4001,0
20190911,26.346,26.472,26.307,26.307,3690,0
20190912,26.229,26.229,26.229,26.229,622,0
20190913,26.071,26.15,25.16,25.758,6298,0
20190916,25.885,25.885,25.827,25.827,458,0
20190917,25.572,25.591,25.459,25.502,4368,0
20190918,25.755,25.755,25.755,25.755,1073,0
20190919,25.738,25.738,25.542,25.542,2374,0
20190920,25.493,25.694,25.493,25.65,2587,0
20190923,25.236,25.641,25.1,25.641,4753,0
20190924,25.522,25.641,25.493,25.641,2887,0
20190925,25.738,25.984,25.738,25.914,6106,0
20190927,25.444,25.819,25.444,25.718,7435,0
20190930,25.552,25.552,24.65,25.12,7280,0
20191001,24.954,25.003,24.551,24.782,8522,0
20191002,24.787,25.003,24.787,25.003,3224,0
20191003,25.082,25.082,25.082,25.082,456,0
20191007,25.1,25.179,24.983,25.072,4255,0
20191008,25.13,25.13,25.1,25.1,802,0
20191009,25.172,25.172,25.1,25.1,3722,0
20191010,25.1,25.1,24.993,24.993,864,0
20191011,24.826,25.062,24.826,25.062,1313,0
20191014,24.983,25.269,24.983,25.269,2356,0
20191015,25.242,25.466,25.242,25.466,3998,0
20191016,25.505,25.949,25.17,25.21,20253,0
20191018,25.22,25.23,25.177,25.177,2743,0
20191021,25.22,26.954,25.21,26.156,7141,0
20191023,25.85,26.172,25.762,25.909,1865,0
20191024,25.86,25.86,25.772,25.782,4756,0
20191025,25.722,26.423,25.131,26.156,6139,0
20191028,25.634,25.831,25.328,25.328,1992,0
20191029,25.072,25.88,25.072,25.702,2794,0
20191030,25.358,25.634,25.279,25.634,2189,0
20191031,25.972,26.501,25.742,26.501,42065,0
20191101,26.304,26.57,25.489,26.481,13469,0
20191104,26.363,26.363,26.353,26.363,920,0
20191105,25.732,26.206,25.675,26.206,2012,0
20191106,25.959,26.136,25.742,26.126,10194,0
20191107,25.939,26.097,25.772,26.097,4040,0
20191108,25.86,25.969,25.801,25.969,1045,0
20191111,26.166,26.451,26.166,26.441,608,0
20191112,26.038,26.413,26.038,26.413,1420,0
20191114,26.501,26.501,26.358,26.461,3305,0
20191115,26.403,26.403,26.403,26.403,3653,0
20191118,26.471,26.471,26.423,26.471,1740,0
20191119,26.406,26.432,26.383,26.383,4961,0
20191120,25.847,26.268,25.749,25.749,4139,0
20191121,25.759,26.293,25.759,26.293,1441,0
20191122,25.818,26.243,25.818,25.987,1770,0
20191125,25.847,26.085,25.749,26.085,12157,0
20191126,25.749,25.937,25.749,25.927,2373,0
20191127,25.779,25.997,25.779,25.997,2267,0
20191129,25.808,26.432,25.808,26.175,2730,0
20191202,25.838,26.13,25.838,26.04,3777,0
20191203,25.857,26.471,25.571,25.759,2596,0
20191204,25.857,25.857,25.749,25.749,1041,0
20191205,25.669,25.669,25.501,25.501,6008,0
20191206,25.679,25.679,25.461,25.511,1137,0
20191209,25.64,25.64,25.6,25.6,364,0
20191210,25.471,25.521,25.459,25.521,2024,0
20191211,25.402,25.473,25.402,25.461,1354,0
20191212,25.838,25.838,25.838,25.838,630,0
20191213,25.658,25.658,25.658,25.658,583,0
20191216,25.459,25.459,25.459,25.459,756,0
20191217,25.857,27.133,25.828,26.096,17513,0
20191218,26.425,26.434,26.196,26.196,1126,0
20191219,26.385,26.574,26.385,26.564,740,0
20191220,26.574,26.823,26.574,26.676,3136,0
20191223,26.673,26.703,26.673,26.703,880,0
20191226,26.673,26.673,26.673,26.673,435,0
20191230,26.683,26.683,26.375,26.375,2228,0
20200102,26.758,26.773,26.743,26.773,3763,0
20200103,26.823,26.823,26.723,26.813,2301,0
20200106,26.843,26.843,26.773,26.826,1880,0
20200107,26.833,26.833,26.833,26.833,383,0
20200108,26.733,26.843,26.733,26.843,734,0
20200109,26.723,27.071,26.723,26.902,1398,0
20200110,26.972,26.972,26.882,26.892,1883,0
20200113,26.872,26.872,26.872,26.872,353,0
20200114,27.01,27.01,27.01,27.01,632,0
20200115,26.95,27.33,26.9,27.33,1653,0
20200116,26.83,27,26.68,26.68,1530,0
20200121,26.57,26.7995,26.49,26.7995,4906,0
20200122,26.6353,26.7316,26.6353,26.65,4819,0
20200123,26.45,26.5183,26.37,26.5183,1448,0
