Date,Open,High,Low,Close,Volume,OpenInt
20131001,17.868,17.868,17.743,17.84,223414,0
20131002,17.868,17.875,17.801,17.861,288464,0
20131003,18.193,18.193,17.542,17.542,224705,0
20131004,18.193,18.193,18.193,18.193,165332,0
20131007,18.193,18.193,18.193,18.193,412366,0
20131008,18.193,18.193,18.193,18.193,237668,0
20131009,18.193,18.193,18.193,18.193,290115,0
20131010,18.245,18.288,18.193,18.288,162917,0
20131011,18.288,18.453,18.288,18.453,179111,0
20131014,18.193,18.193,18.193,18.193,89491,0
20131015,18.193,18.193,18.193,18.193,472197,0
20131016,18.193,18.842,18.193,18.193,547644,0
20131017,18.193,18.193,18.193,18.193,207353,0
20131018,18.327,18.408,18.231,18.283,1016542,0
20131021,18.193,18.193,18.193,18.193,269709,0
20131022,18.193,18.193,18.193,18.193,215679,0
20131023,18.258,18.362,18.224,18.357,74778,0
20131024,18.362,18.418,18.205,18.258,65654,0
20131025,18.321,18.357,18.095,18.321,75837,0
20131028,18.418,18.418,18.264,18.386,27839,0
20131029,18.386,18.386,18.333,18.37,42143,0
20131030,18.453,18.453,18.321,18.379,26875,0
20131031,18.357,18.742,18.339,18.589,101549,0
20131101,18.803,18.803,18.418,18.44,55903,0
20131104,18.423,18.453,18.357,18.357,61890,0
20131105,18.453,18.453,18.357,18.379,19986,0
20131106,18.51,18.51,18.357,18.386,33874,0
20131107,18.362,18.447,18.362,18.401,35649,0
20131108,18.386,18.386,18.27,18.327,36431,0
20131111,18.418,18.484,18.297,18.357,32186,0
20131112,18.334,18.408,18.258,18.408,31924,0
20131113,18.357,18.453,18.321,18.44,40848,0
20131114,18.516,18.516,18.418,18.505,18813,0
20131115,18.395,18.487,18.386,18.44,30806,0
20131118,18.609,18.609,18.395,18.453,98251,0
20131119,18.516,18.516,18.484,18.516,24039,0
20131120,18.551,18.551,18.453,18.484,45931,0
20131121,18.471,18.516,18.453,18.516,15645,0
20131122,18.563,18.732,18.386,18.732,113882,0
20131125,18.829,18.829,18.413,18.516,87007,0
20131126,18.68,18.759,18.648,18.68,16511,0
20131127,18.582,18.732,18.582,18.64,24125,0
20131129,18.613,18.613,18.613,18.613,616,0
20131202,18.648,18.648,18.582,18.582,33816,0
20131203,18.621,18.621,18.516,18.516,37432,0
20131204,18.516,18.609,18.447,18.528,54381,0
20131205,18.582,18.613,18.492,18.51,37744,0
20131206,18.613,18.613,18.477,18.582,18811,0
20131209,18.613,18.711,18.551,18.563,56468,0
20131210,18.621,18.698,18.621,18.68,21160,0
20131211,18.621,18.737,18.516,18.66,87023,0
20131212,18.746,18.746,18.609,18.642,114341,0
20131213,18.973,18.973,18.575,18.84,49321,0
20131216,18.894,18.951,18.642,18.934,57620,0
20131217,18.946,18.946,18.79,18.825,31310,0
20131218,18.874,18.874,18.808,18.808,29997,0
20131219,18.859,18.92,18.84,18.904,35935,0
20131220,19.039,19.039,18.808,18.865,72735,0
20131223,18.84,18.904,18.746,18.808,78598,0
20131224,18.84,19.169,18.74,18.74,23132,0
20131226,18.746,18.865,18.746,18.755,42759,0
20131227,18.675,18.808,18.675,18.675,46146,0
20131230,18.675,19.098,18.662,19.098,66723,0
20131231,19.094,19.094,18.755,18.82,23620,0
20140102,18.833,18.904,18.642,18.642,93438,0
20140103,18.746,18.746,18.609,18.655,39711,0
20140106,18.694,18.72,18.662,18.682,34316,0
20140107,18.734,18.754,18.667,18.708,37195,0
20140108,18.708,18.74,18.675,18.675,32533,0
20140109,18.734,18.761,18.642,18.662,65440,0
20140110,18.708,18.934,18.694,18.734,53720,0
20140113,18.773,18.899,18.773,18.82,17590,0
20140114,18.82,18.973,18.773,18.801,34065,0
20140115,18.714,18.899,18.714,18.773,25032,0
20140116,18.767,18.94,18.746,18.94,34635,0
20140117,18.911,18.94,18.84,18.84,66740,0
20140121,19.005,19.005,18.874,18.886,21192,0
20140122,18.986,18.986,18.88,18.894,15718,0
20140123,19.003,19.016,18.894,18.946,46545,0
20140124,19.039,19.039,18.908,18.911,44720,0
20140127,18.911,18.986,18.911,18.927,15697,0
20140128,18.973,19.005,18.904,19.005,17775,0
20140129,19.005,19.071,18.974,19.056,12553,0
20140130,18.958,19.039,18.904,19.032,50555,0
20140131,19.039,19.039,18.94,18.951,18616,0
20140203,18.951,19.032,18.951,19.012,25289,0
20140204,19.032,19.039,19.005,19.039,29817,0
20140205,18.981,19.039,18.973,19.032,15438,0
20140206,18.986,19.071,18.986,19.025,32068,0
20140207,19.071,19.071,19.045,19.071,51258,0
20140210,19.025,19.139,19.018,19.139,21001,0
20140211,19.122,19.169,19.116,19.162,11611,0
20140212,19.169,19.169,18.694,18.708,109110,0
20140213,18.708,18.84,18.688,18.688,32693,0
20140214,18.642,18.794,18.604,18.655,67309,0
20140218,18.508,18.516,18.285,18.352,126238,0
20140219,18.376,18.405,18.186,18.24,116623,0
20140220,18.178,18.329,17.881,18.007,102653,0
20140221,18.015,18.172,17.992,18.101,57231,0
20140224,17.954,18.232,17.954,18.046,67808,0
20140225,18.112,18.168,18.046,18.119,43175,0
20140226,18.178,18.212,18.106,18.106,45278,0
20140227,18.218,18.24,18.153,18.178,49395,0
20140228,18.212,18.318,18.125,18.219,38774,0
20140303,18.312,18.344,18.198,18.312,28048,0
20140304,18.312,18.498,18.193,18.498,110312,0
20140305,18.508,18.667,18.504,18.662,36355,0
20140306,18.675,18.934,18.675,18.84,62307,0
20140307,18.808,18.847,18.642,18.701,30279,0
20140310,18.833,18.874,18.721,18.827,14106,0
20140311,18.874,18.958,18.874,18.95,17599,0
20140312,18.958,19.139,18.911,19.139,63187,0
20140313,19.217,19.749,19.124,19.69,89964,0
20140314,19.522,19.837,19.3,19.784,25044,0
20140317,19.784,19.796,19.4,19.703,24002,0
20140318,19.67,19.67,19.347,19.536,21433,0
20140319,19.617,19.67,19.426,19.435,10653,0
20140320,19.368,19.602,19.368,19.435,31507,0
20140321,19.41,19.685,19.41,19.685,42999,0
20140324,19.67,19.695,19.393,19.664,39743,0
20140325,19.703,19.703,19.624,19.703,17816,0
20140326,19.637,19.637,19.536,19.617,15467,0
20140327,19.63,19.703,19.547,19.656,15317,0
20140328,19.703,19.972,19.502,19.67,19119,0
20140331,19.773,19.773,19.643,19.656,18391,0
20140401,19.536,19.837,19.536,19.826,42087,0
20140402,19.82,19.826,19.749,19.784,12280,0
20140403,19.837,19.899,19.805,19.852,6880,0
20140404,19.899,19.953,19.844,19.844,19020,0
20140407,19.972,19.979,19.805,19.805,30836,0
20140408,19.826,19.837,19.784,19.784,18427,0
20140409,19.796,19.884,19.784,19.796,12482,0
20140410,19.947,19.947,19.735,19.79,15119,0
20140411,19.844,19.908,19.779,19.784,13437,0
20140414,19.69,19.979,19.69,19.784,35814,0
20140415,19.79,20.035,19.779,19.852,6039,0
20140416,19.844,19.986,19.588,19.625,43379,0
20140417,19.643,19.812,19.004,19.004,220633,0
20140421,19.264,19.422,19.195,19.318,55750,0
20140422,19.393,19.426,19.313,19.388,19573,0
20140423,19.447,19.555,19.417,19.547,27362,0
20140424,19.547,19.608,19.502,19.502,18026,0
20140425,19.47,19.678,19.47,19.678,51247,0
20140428,19.57,19.756,19.489,19.67,38847,0
20140429,19.664,19.959,19.602,19.852,26964,0
20140430,19.953,19.96,19.773,19.866,16369,0
20140501,19.872,19.878,19.749,19.83,30295,0
20140502,19.899,19.899,19.82,19.82,4265,0
20140505,19.83,19.83,19.69,19.79,19744,0
20140506,19.908,19.908,19.735,19.83,11894,0
20140507,19.872,19.872,19.647,19.82,16894,0
20140508,19.837,19.908,19.805,19.908,33283,0
20140509,19.891,20.007,19.891,20.007,8812,0
20140512,20.015,20.039,19.932,20.039,26586,0
20140513,20.028,20.067,20.019,20.067,26177,0
20140514,20.007,20.511,20.007,20.316,39735,0
20140515,20.209,20.309,20.065,20.297,6682,0
20140516,20.275,20.402,20.176,20.402,19751,0
20140519,20.28,20.532,20.28,20.518,19759,0
20140520,20.449,20.585,20.297,20.35,7655,0
20140521,20.442,20.556,20.355,20.355,3763,0
20140522,20.309,20.409,20.309,20.309,1678,0
20140523,20.316,20.376,20.309,20.376,6048,0
20140527,20.417,20.504,20.249,20.435,16011,0
20140528,20.43,20.465,20.297,20.402,9151,0
20140529,20.376,20.409,20.309,20.409,3457,0
20140530,20.316,20.409,20.316,20.402,7337,0
20140602,20.344,20.376,20.322,20.344,11480,0
20140603,20.344,20.376,20.24,20.24,29045,0
20140604,20.249,20.249,19.735,20.019,49079,0
20140605,20.015,20.335,19.481,19.908,89834,0
20140606,19.938,20.08,19.938,19.938,18854,0
20140609,19.972,20.14,19.972,19.986,26728,0
20140610,20.08,20.12,19.844,19.891,38067,0
20140611,19.908,19.953,19.891,19.934,20151,0
20140612,20.215,20.215,19.933,20.194,37711,0
20140613,20.07,20.07,19.914,19.988,7953,0
20140616,20.016,20.159,20.016,20.016,16163,0
20140617,20.035,20.07,19.99,20.043,26191,0
20140618,20.139,20.175,20.043,20.143,17260,0
20140619,20.175,20.179,20.105,20.166,7789,0
20140620,20.159,20.159,20.002,20.03,7606,0
20140623,20.009,20.166,20.009,20.159,17974,0
20140624,20.166,20.175,20.154,20.175,14945,0
20140625,20.105,20.175,20.085,20.175,5527,0
20140626,20.175,20.268,20.175,20.208,19336,0
20140627,20.268,20.268,20.112,20.112,8312,0
20140630,20.268,20.268,20.112,20.215,13188,0
20140701,20.208,20.268,20.159,20.159,61783,0
20140702,20.159,20.175,20.125,20.175,32610,0
20140703,20.175,20.194,20.105,20.112,12962,0
20140707,20.105,20.159,20.105,20.112,6226,0
20140708,20.154,20.159,20.112,20.159,15546,0
20140709,20.154,20.175,20.154,20.171,10130,0
20140710,20.154,20.175,19.92,19.92,55566,0
20140711,20.105,20.175,19.988,20.014,24729,0
20140714,20.035,20.24,20.035,20.24,10886,0
20140715,20.233,20.233,20.132,20.208,17468,0
20140716,20.2,20.24,20.175,20.208,11086,0
20140717,20.24,20.24,20.077,20.077,8241,0
20140718,20.105,20.222,20.056,20.222,32044,0
20140721,20.105,20.215,20.09,20.208,3643,0
20140722,20.208,20.233,20.175,20.233,3334,0
20140723,20.24,20.24,20.056,20.228,19509,0
20140724,20.215,20.233,20.118,20.175,9473,0
20140725,20.24,20.24,20.175,20.233,13211,0
20140728,20.175,20.24,20.175,20.208,36786,0
20140729,20.24,20.24,20.139,20.176,25454,0
20140730,20.208,20.23,20.175,20.186,5145,0
20140731,20.256,20.256,20.002,20.002,31100,0
20140801,20.002,20.145,20.002,20.009,19326,0
20140804,20.009,20.152,20.009,20.139,15744,0
20140805,20.09,20.09,19.844,19.873,34624,0
20140806,19.852,19.98,19.83,19.94,16255,0
20140807,20.112,20.166,19.996,20.118,19825,0
20140808,20.159,20.175,20.071,20.139,7552,0
20140811,20.175,20.194,20.17,20.175,9421,0
20140812,20.105,20.268,20.105,20.263,21733,0
20140813,20.228,20.268,20.228,20.263,8567,0
20140814,20.222,20.268,20.2,20.256,3741,0
20140815,20.268,20.268,20.194,20.194,9983,0
20140818,20.268,20.268,20.24,20.256,8011,0
20140819,20.268,20.268,20.186,20.263,9758,0
20140820,20.215,20.239,19.94,20.077,39632,0
20140821,19.92,20.145,19.914,20.145,30321,0
20140822,20.233,20.233,20.175,20.208,5364,0
20140825,20.228,20.249,20.065,20.098,177279,0
20140826,20.016,20.166,20.016,20.166,15773,0
20140827,20.175,20.249,20.175,20.208,4934,0
20140828,20.268,20.268,20.065,20.07,27498,0
20140829,20.085,20.085,19.996,20.002,33535,0
20140902,20.09,20.09,20.016,20.022,12070,0
20140903,20.002,20.125,19.974,19.981,21800,0
20140904,19.974,20.07,19.709,19.782,66151,0
20140905,19.692,20.263,19.692,20.228,14364,0
20140908,20.145,20.145,19.701,19.763,56091,0
20140909,19.729,19.729,19.598,19.598,60456,0
20140910,19.692,20.035,19.66,19.709,33502,0
20140911,20.065,20.065,19.709,19.777,21786,0
20140912,19.931,19.931,19.547,19.735,73861,0
20140915,19.735,19.735,19.561,19.682,40610,0
20140916,19.687,19.855,19.682,19.725,41397,0
20140917,19.675,19.756,19.535,19.59,35329,0
20140918,19.687,19.827,19.619,19.725,26671,0
20140919,19.756,20.001,19.57,19.66,81610,0
20140922,19.57,19.666,19.515,19.556,35545,0
20140923,19.556,19.556,19.277,19.409,91049,0
20140924,19.34,19.493,19.212,19.334,65280,0
20140925,19.373,19.547,19.373,19.535,22867,0
20140926,19.59,19.668,19.547,19.645,10897,0
20140929,19.561,19.682,19.437,19.459,41442,0
20140930,19.472,19.582,19.418,19.444,116273,0
20141001,19.515,19.541,19.423,19.493,57649,0
20141002,19.535,19.561,19.47,19.528,23849,0
20141003,19.493,19.556,19.429,19.472,46261,0
20141006,19.477,19.577,19.423,19.437,114926,0
20141007,19.418,19.466,19.353,19.429,67579,0
20141008,19.414,19.451,19.22,19.444,213216,0
20141009,19.41,19.443,19.316,19.34,21912,0
20141010,19.34,19.34,19.075,19.207,156308,0
20141013,19.109,19.347,19.109,19.158,28792,0
20141014,19.305,19.437,19.18,19.353,35322,0
20141015,19.257,19.576,19.257,19.268,48456,0
20141016,19.268,19.668,19.14,19.499,38220,0
20141017,19.477,19.66,19.41,19.41,81619,0
20141020,19.34,19.522,19.305,19.326,79933,0
20141021,19.429,19.458,19.41,19.429,36464,0
20141022,19.472,19.577,19.45,19.541,35251,0
20141023,19.547,19.577,19.437,19.522,33733,0
20141024,19.619,19.725,19.577,19.675,66078,0
20141027,19.556,19.73,19.547,19.73,50379,0
20141028,19.756,19.937,19.741,19.756,34262,0
20141029,19.79,19.918,19.79,19.839,18308,0
20141030,19.918,20.056,19.584,19.875,19520,0
20141031,19.986,19.986,19.806,19.806,21822,0
20141103,19.827,20.029,19.79,20.029,23079,0
20141104,20.133,20.155,19.855,19.931,30661,0
20141105,20.077,20.077,19.806,19.872,21535,0
20141106,19.994,20.139,19.839,20.035,17538,0
20141107,20.07,20.119,19.888,19.931,50691,0
20141110,20.021,20.029,19.994,19.994,14362,0
20141111,19.994,19.994,19.968,19.986,21858,0
20141112,19.994,19.994,19.966,19.994,22477,0
20141113,19.986,19.986,19.855,19.923,34491,0
20141114,19.972,19.986,19.86,19.986,7647,0
20141117,19.966,19.994,19.96,19.986,14060,0
20141118,19.986,19.994,19.212,19.67,95065,0
20141119,19.756,19.855,19.638,19.822,47142,0
20141120,19.765,19.882,19.668,19.87,68792,0
20141121,19.945,19.945,19.79,19.873,17370,0
20141124,19.986,19.986,19.827,19.888,13838,0
20141125,19.96,19.96,19.827,19.891,15261,0
20141126,19.96,19.965,19.882,19.96,41809,0
20141128,19.96,19.972,19.863,19.863,20431,0
20141201,19.912,20.077,19.912,19.966,25281,0
20141202,19.994,20.077,19.966,19.994,26400,0
20141203,19.966,20.05,19.966,20.001,22794,0
20141204,20.035,20.067,19.725,19.896,22507,0
20141205,20.001,20.105,19.904,20.098,34711,0
20141208,20.09,20.139,20.001,20.064,35665,0
20141209,20.112,20.133,20.052,20.105,14589,0
20141210,20.126,20.146,20.05,20.146,14318,0
20141211,20.146,20.176,20.035,20.053,54462,0
20141212,20.16,20.16,20.07,20.105,22383,0
20141215,20.354,20.411,20.133,20.171,25283,0
20141216,20.171,20.24,20.149,20.149,18285,0
20141217,20.22,20.22,20.149,20.22,19503,0
20141218,20.163,20.347,20.163,20.256,11093,0
20141219,20.24,20.34,20.231,20.325,9704,0
20141222,20.1,20.332,20.1,20.325,11942,0
20141223,20.347,20.347,20.1,20.107,64203,0
20141224,20.107,20.107,20.035,20.035,9640,0
20141226,20.091,20.149,20.035,20.149,9410,0
20141229,20.125,20.227,20.113,20.207,8283,0
20141230,20.18,20.282,20.171,20.24,22237,0
20141231,20.24,20.268,20.178,20.178,22379,0
20150102,20.282,20.305,20.213,20.305,9856,0
20150105,20.325,20.325,20.001,20.065,37249,0
20150106,20.091,20.178,20.065,20.1,16737,0
20150107,20.029,20.156,20.029,20.133,11552,0
20150108,20.141,20.195,20.043,20.182,30099,0
20150109,20.171,20.256,20.117,20.156,12445,0
20150112,20.227,20.319,20.172,20.319,3475,0
20150113,20.24,20.319,19.736,19.802,250380,0
20150114,19.769,19.769,19.286,19.464,116091,0
20150115,19.447,19.627,19.356,19.59,74149,0
20150116,19.627,19.818,19.61,19.818,112221,0
20150120,19.818,19.826,19.683,19.752,43181,0
20150121,19.683,19.886,19.683,19.802,55000,0
20150122,19.818,19.921,19.677,19.794,79690,0
20150123,19.758,19.826,19.753,19.781,36097,0
20150126,19.818,19.91,19.785,19.91,28716,0
20150127,19.852,19.951,19.76,19.818,29009,0
20150128,19.792,19.901,19.792,19.886,42221,0
20150129,19.879,19.917,19.818,19.829,19508,0
20150130,19.826,19.91,19.826,19.873,32240,0
20150202,19.886,19.917,19.781,19.901,21809,0
20150203,19.873,19.932,19.873,19.873,14371,0
20150204,19.769,19.91,19.769,19.844,12568,0
20150205,19.769,19.873,19.719,19.859,29942,0
20150206,19.852,19.859,19.818,19.826,13988,0
20150209,19.844,20.156,19.844,20.121,41125,0
20150210,20.178,20.178,20.021,20.133,13356,0
20150211,20.07,20.305,20.065,20.263,15747,0
20150212,20.325,20.325,20.267,20.278,5702,0
20150213,20.24,20.276,20.178,20.178,31755,0
20150217,20.276,20.276,20.113,20.141,23541,0
20150218,20.029,20.107,19.91,20.107,8019,0
20150219,20.14,20.319,20.131,20.319,19714,0
20150220,20.213,20.361,20.213,20.263,29674,0
20150223,20.375,20.375,20.268,20.36,20483,0
20150224,20.263,20.411,20.263,20.344,25591,0
20150225,20.29,20.476,20.29,20.389,31928,0
20150226,20.419,20.486,20.311,20.361,23917,0
20150227,20.47,20.51,20.37,20.51,34150,0
20150302,20.51,20.51,20.37,20.481,22464,0
20150303,20.445,20.502,20.445,20.502,12010,0
20150304,20.494,20.526,20.47,20.494,18367,0
20150305,20.502,20.51,20.481,20.51,9185,0
20150306,20.486,20.486,20.24,20.319,25150,0
20150309,20.51,20.51,20.22,20.22,13706,0
20150310,20.276,20.311,20.171,20.311,25575,0
20150311,20.268,20.438,20.256,20.431,26705,0
20150312,20.426,20.47,20.325,20.332,19923,0
20150313,20.524,20.524,20.327,20.378,11390,0
20150316,20.524,20.524,20.378,20.449,8057,0
20150317,20.524,20.524,20.378,20.479,12635,0
20150318,20.415,20.586,20.415,20.456,16527,0
20150319,20.449,20.516,20.435,20.449,13608,0
20150320,20.506,20.832,20.449,20.832,39024,0
20150323,20.58,20.81,20.557,20.796,28747,0
20150324,20.801,20.801,20.479,20.541,56798,0
20150325,20.516,20.55,20.485,20.524,27081,0
20150326,20.524,20.574,20.485,20.55,17221,0
20150327,20.623,20.659,20.485,20.524,16804,0
20150330,20.524,20.557,20.485,20.541,9582,0
20150331,20.616,20.717,20.53,20.557,41525,0
20150401,20.659,20.673,20.566,20.592,19722,0
20150402,20.693,20.7,20.58,20.65,10137,0
20150406,20.689,20.744,20.586,20.631,33745,0
20150407,20.599,20.717,20.58,20.616,27212,0
20150408,20.631,20.709,20.609,20.7,16944,0
20150409,20.709,20.709,20.659,20.693,14540,0
20150410,20.7,20.731,20.616,20.7,25970,0
20150413,20.7,20.74,20.609,20.74,20554,0
20150414,20.659,20.74,20.637,20.637,10554,0
20150415,20.731,20.751,20.709,20.751,12575,0
20150416,20.751,20.751,20.712,20.717,22695,0
20150417,20.751,20.847,20.631,20.847,41803,0
20150420,20.868,20.868,20.642,20.659,28429,0
20150421,20.689,20.723,20.631,20.65,18752,0
20150422,20.709,20.709,20.58,20.623,65526,0
20150423,20.665,20.796,20.665,20.665,12917,0
20150424,20.723,20.853,20.673,20.673,38609,0
20150427,20.693,20.847,20.631,20.631,14166,0
20150428,20.681,20.7,20.659,20.659,5833,0
20150429,20.7,20.791,20.616,20.631,71104,0
20150430,20.592,20.665,20.53,20.53,35693,0
20150501,20.574,20.574,20.524,20.524,28606,0
20150504,20.53,20.586,20.524,20.53,14582,0
20150505,20.586,20.586,20.485,20.524,24166,0
20150506,20.58,20.58,20.342,20.342,49104,0
20150507,20.372,20.493,20.306,20.378,18560,0
20150508,20.592,20.599,20.485,20.557,15139,0
20150511,20.557,20.566,20.385,20.491,14305,0
20150512,20.423,20.631,20.423,20.58,11095,0
20150513,20.592,20.7,20.53,20.689,41107,0
20150514,20.7,20.861,20.665,20.673,73189,0
20150515,20.681,20.853,20.665,20.796,22457,0
20150518,20.609,20.81,20.609,20.717,13722,0
20150519,20.773,20.773,20.673,20.681,6806,0
20150520,20.84,20.84,20.74,20.744,6944,0
20150521,20.681,20.832,20.681,20.74,5972,0
20150522,20.84,20.84,20.599,20.616,27361,0
20150526,20.642,20.84,20.642,20.817,17028,0
20150527,20.817,20.84,20.689,20.689,5693,0
20150528,20.801,20.84,20.665,20.81,10987,0
20150529,20.773,20.773,20.723,20.723,6525,0
20150601,20.81,20.868,20.74,20.853,11390,0
20150602,20.796,20.84,20.717,20.744,7800,0
20150603,20.791,20.84,20.74,20.84,3054,0
20150604,20.853,20.861,20.65,20.7,29582,0
20150605,20.832,20.832,20.53,20.599,39857,0
20150608,20.7,20.7,20.55,20.58,14862,0
20150609,20.631,20.84,20.516,20.709,37412,0
20150610,20.745,20.847,20.7,20.74,14457,0
20150611,20.829,20.881,20.609,20.843,69176,0
20150612,20.935,20.953,20.759,20.848,12968,0
20150615,20.589,20.796,20.584,20.796,11604,0
20150616,20.868,20.868,20.7,20.731,14746,0
20150617,20.792,20.855,20.533,20.689,34539,0
20150618,20.802,20.802,20.533,20.572,22935,0
20150619,20.658,20.658,20.175,20.268,35631,0
20150622,20.443,20.664,20.225,20.468,52149,0
20150623,20.365,20.476,20.203,20.437,15964,0
20150624,20.437,20.443,20.225,20.443,19248,0
20150625,20.408,20.476,20.29,20.408,11875,0
20150626,20.342,20.4,20.238,20.385,29897,0
20150629,20.378,20.429,20.238,20.238,12559,0
20150630,20.385,20.494,20.327,20.443,24690,0
20150701,20.51,20.51,20.443,20.486,11332,0
20150702,20.502,20.51,20.481,20.51,16929,0
20150706,20.372,20.51,20.372,20.51,15017,0
20150707,20.502,20.584,20.502,20.533,11469,0
20150708,20.459,20.584,20.459,20.481,15017,0
20150709,20.459,20.546,20.451,20.51,14196,0
20150710,20.451,20.546,20.437,20.459,15288,0
20150713,20.51,20.546,20.481,20.51,18023,0
20150714,20.502,20.546,20.451,20.537,17445,0
20150715,20.621,20.648,20.51,20.546,31658,0
20150716,20.584,20.825,20.584,20.796,20478,0
20150717,20.802,20.876,20.767,20.876,18974,0
20150720,20.863,20.876,20.782,20.863,11469,0
20150721,20.868,20.868,20.825,20.855,13925,0
20150722,20.811,20.848,20.792,20.811,22935,0
20150723,20.818,20.825,20.408,20.572,111260,0
20150724,20.584,20.672,20.584,20.629,9008,0
20150727,20.621,20.731,20.584,20.648,12695,0
20150728,20.546,20.716,20.546,20.708,10787,0
20150729,20.672,20.773,20.672,20.708,11059,0
20150730,20.689,20.744,20.689,20.744,10511,0
20150731,20.767,20.818,20.708,20.818,7783,0
20150803,20.708,20.759,20.7,20.731,12446,0
20150804,20.731,20.796,20.731,20.773,12968,0
20150805,20.767,20.796,20.731,20.773,15427,0
20150806,20.74,20.767,20.606,20.708,16465,0
20150807,20.759,20.782,20.708,20.773,7375,0
20150810,20.811,20.876,20.664,20.876,22935,0
20150811,20.863,20.907,20.74,20.907,16701,0
20150812,20.855,20.876,20.767,20.876,14196,0
20150813,20.825,20.868,20.825,20.848,6419,0
20150814,20.876,20.876,20.825,20.876,3959,0
20150817,20.842,20.901,20.842,20.892,6690,0
20150818,20.868,20.868,20.802,20.848,13104,0
20150819,20.811,20.855,20.811,20.848,7375,0
20150820,20.848,20.855,20.773,20.796,5324,0
20150821,20.744,20.802,20.744,20.751,12695,0
20150824,20.621,20.621,20.327,20.424,43785,0
20150825,20.584,20.723,20.327,20.459,18155,0
20150826,20.692,20.692,20.51,20.621,20612,0
20150827,20.692,20.731,20.554,20.664,17474,0
20150828,20.7,20.744,20.614,20.744,4096,0
20150831,20.708,20.811,20.7,20.796,13515,0
20150901,20.606,20.811,20.606,20.802,4912,0
20150902,20.792,20.796,20.68,20.796,2726,0
20150903,20.792,20.818,20.773,20.818,6822,0
20150904,20.811,20.868,20.802,20.863,3412,0
20150908,20.802,20.907,20.773,20.907,9966,0
20150909,20.907,20.915,20.811,20.915,10646,0
20150910,20.901,20.978,20.892,20.919,20938,0
20150911,20.884,20.919,20.792,20.818,10377,0
20150914,21.013,21.013,20.82,20.87,29111,0
20150915,20.948,20.948,20.826,20.826,6304,0
20150916,20.879,20.879,20.826,20.826,1478,0
20150917,20.797,20.922,20.74,20.774,16164,0
20150918,20.783,20.865,20.774,20.826,26697,0
20150921,20.835,20.835,20.768,20.774,15291,0
20150922,20.792,20.826,20.774,20.82,5767,0
20150923,20.835,21.126,20.752,21.126,38369,0
20150924,20.948,21.23,20.948,21.089,16335,0
20150925,21.245,21.245,20.948,21.222,16498,0
20150928,21.179,21.179,20.948,21.027,29399,0
20150929,21.036,21.23,21.036,21.064,16769,0
20150930,21.245,21.245,21.073,21.073,19316,0
20151001,21.238,21.238,20.879,20.879,7918,0
20151002,21.027,21.027,20.879,20.916,4294,0
20151005,21.126,21.126,20.914,21.073,8726,0
20151006,20.962,21.089,20.931,21.013,16233,0
20151007,20.955,21.116,20.955,21.11,16233,0
20151008,21.019,21.126,20.967,21.019,3351,0
20151009,21.058,21.133,21.019,21.073,12878,0
20151012,21.064,21.133,20.985,21.058,7793,0
20151013,21.097,21.133,20.992,21.073,6438,0
20151014,21.027,21.169,21.027,21.155,16904,0
20151015,21.208,21.252,21.208,21.252,6576,0
20151016,21.11,21.312,21.11,21.312,22137,0
20151019,21.214,21.325,21.214,21.319,18649,0
20151020,21.408,21.43,21.323,21.422,16355,0
20151021,21.416,21.416,21.08,21.35,7647,0
20151022,21.416,21.416,21.394,21.416,9926,0
20151023,21.416,21.43,21.201,21.43,13951,0
20151026,21.416,21.43,21.357,21.43,5635,0
20151027,21.341,21.43,21.312,21.408,23613,0
20151028,21.43,21.459,21.365,21.456,16096,0
20151029,21.456,21.468,21.371,21.468,13280,0
20151030,21.416,21.603,21.408,21.408,19184,0
20151102,21.404,21.603,21.404,21.579,15640,0
20151103,21.536,21.835,21.536,21.745,13417,0
20151104,21.835,21.835,21.573,21.603,25898,0
20151105,21.483,21.654,21.483,21.646,10195,0
20151106,21.55,21.579,21.447,21.55,5501,0
20151109,21.36,21.654,21.36,21.654,22290,0
20151110,21.579,21.722,21.52,21.632,27771,0
20151111,21.654,21.654,21.341,21.49,34208,0
20151112,21.579,21.579,21.357,21.52,15161,0
20151113,21.499,21.619,21.499,21.573,7918,0
20151116,21.542,21.557,21.475,21.475,3085,0
20151117,21.459,21.468,21.404,21.43,6576,0
20151118,21.422,21.542,21.422,21.456,10330,0
20151119,21.404,21.514,21.394,21.43,9258,0
20151120,21.506,21.579,21.499,21.506,7381,0
20151123,21.468,21.579,21.468,21.506,7108,0
20151124,21.43,21.542,21.365,21.52,39575,0
20151125,21.377,21.542,21.377,21.542,1342,0
20151127,21.603,21.61,21.499,21.579,8719,0
20151130,21.61,21.61,21.447,21.475,20658,0
20151201,21.483,21.61,21.483,21.603,7936,0
20151202,21.52,21.593,21.459,21.475,12470,0
20151203,21.61,21.61,21.514,21.588,7728,0
20151204,21.593,21.619,21.536,21.61,8316,0
20151207,21.619,21.619,21.567,21.61,3755,0
20151208,21.447,21.726,21.371,21.394,40203,0
20151209,21.43,21.603,21.357,21.447,15428,0
20151210,21.536,21.573,21.49,21.567,13681,0
20151211,21.357,21.619,21.357,21.61,11938,0
20151214,21.733,21.733,20.861,21.058,59347,0
20151215,21.285,21.604,21.232,21.391,18065,0
20151216,21.474,21.528,21.309,21.52,18593,0
20151217,21.558,21.604,21.401,21.401,20705,0
20151218,21.376,21.49,21.347,21.347,10551,0
20151221,21.445,21.445,21.401,21.445,5934,0
20151222,21.459,21.985,21.459,21.702,180065,0
20151223,21.726,21.906,21.612,21.779,86773,0
20151224,21.635,21.949,21.635,21.787,22192,0
20151228,21.877,21.908,21.718,21.867,8671,0
20151229,21.921,21.921,21.71,21.748,15658,0
20151230,21.71,21.741,21.621,21.71,7633,0
20151231,21.814,21.841,21.702,21.841,16048,0
20160104,21.849,21.849,21.763,21.845,15848,0
20160105,21.94,21.993,21.832,21.949,10576,0
20160106,21.94,21.976,21.849,21.949,21468,0
20160107,21.763,21.931,21.763,21.841,10761,0
20160108,21.8,21.906,21.763,21.895,6855,0
20160111,21.849,21.849,21.694,21.841,5729,0
20160112,21.841,21.841,21.384,21.612,85030,0
20160113,21.621,21.765,21.401,21.445,34483,0
20160114,21.459,21.895,21.347,21.391,35128,0
20160115,21.347,21.459,21.24,21.362,34151,0
20160119,21.459,21.483,21.368,21.468,15956,0
20160120,21.316,21.558,20.961,21.558,44086,0
20160121,21.33,21.808,21.026,21.391,92080,0
20160122,21.455,21.604,21.232,21.415,32293,0
20160125,21.339,21.604,21.052,21.058,46888,0
20160126,21.157,21.368,21.105,21.256,44908,0
20160127,21.347,21.407,21.232,21.384,23358,0
20160128,21.527,21.641,20.946,21.641,49049,0
20160129,21.347,21.795,21.117,21.499,129436,0
20160201,21.384,21.421,21.247,21.33,6569,0
20160202,21.33,21.339,21.142,21.301,28728,0
20160203,21.309,21.347,21.225,21.33,11781,0
20160204,21.301,21.362,21.232,21.362,3370,0
20160205,21.232,21.271,21.187,21.187,20072,0
20160208,21.232,21.232,20.919,20.941,24569,0
20160209,21.08,21.08,20.689,20.804,29850,0
20160210,20.982,21.097,20.692,20.748,33171,0
20160211,20.689,21.035,20.607,20.64,28259,0
20160212,20.799,20.915,20.557,20.557,4103,0
20160216,20.771,21.232,20.771,21.187,18898,0
20160217,21.225,21.401,21.225,21.339,15098,0
20160218,21.36,21.362,21.044,21.33,18181,0
20160219,21.401,21.43,20.972,21.144,52775,0
20160222,21.117,21.459,20.937,21.143,11828,0
20160223,21.052,21.209,20.972,21.035,11651,0
20160224,20.972,21.225,19.762,20.602,154350,0
20160225,20.718,20.953,20.263,20.795,12398,0
20160226,20.777,20.963,20.724,20.799,10391,0
20160229,20.799,21.073,20.799,20.937,25946,0
20160301,21.064,21.217,20.822,21.196,20011,0
20160302,21.162,21.291,21.142,21.157,18374,0
20160303,21.271,21.339,21.142,21.33,11643,0
20160304,21.384,21.445,21.157,21.18,20001,0
20160307,21.117,21.407,21.117,21.34,14014,0
20160308,21.401,21.415,21.309,21.354,20512,0
20160309,21.407,21.421,21.354,21.384,5138,0
20160310,21.43,21.568,21.391,21.568,14401,0
20160311,21.612,21.779,21.581,21.581,9477,0
20160314,21.7,21.779,21.612,21.755,12406,0
20160315,21.471,22.127,21.471,21.757,55473,0
20160316,21.657,21.749,21.588,21.743,14908,0
20160317,21.68,21.944,21.68,21.936,8313,0
20160318,21.611,21.798,21.603,21.749,7159,0
20160321,21.641,21.952,21.641,21.917,20429,0
20160322,21.906,21.998,21.85,21.917,9578,0
20160323,22.059,22.059,21.892,21.991,14250,0
20160324,21.972,22.017,21.688,21.688,24248,0
20160328,21.856,22.151,21.695,21.928,32513,0
20160329,21.991,22.144,21.781,22.104,13815,0
20160330,22.104,22.182,22.027,22.144,6637,0
20160331,22.222,22.222,22.046,22.091,24133,0
20160401,22.011,22.202,21.991,21.998,10657,0
20160404,21.991,21.991,21.81,21.899,7154,0
20160405,21.81,21.852,21.688,21.818,11360,0
20160406,21.836,21.952,21.827,21.906,23697,0
20160407,21.836,22.047,21.818,21.938,18979,0
20160408,21.952,22.097,21.917,22.065,7482,0
20160411,22.144,22.283,22.004,22.236,18143,0
20160412,22.149,22.149,21.836,21.945,80032,0
20160413,21.908,22.072,21.882,22.004,42553,0
20160414,21.952,22.113,21.851,21.89,45092,0
20160415,21.802,21.872,21.765,21.872,58594,0
20160418,21.802,21.952,21.798,21.899,18018,0
20160419,21.982,21.991,21.936,21.942,14443,0
20160420,21.952,21.982,21.903,21.952,14905,0
20160421,21.991,21.991,21.908,21.952,25150,0
20160422,21.908,21.989,21.844,21.872,39017,0
20160425,21.851,21.862,21.68,21.75,57924,0
20160426,21.695,21.872,21.695,21.798,68965,0
20160427,21.836,21.936,21.719,21.89,38977,0
20160428,21.952,21.952,21.641,21.641,91367,0
20160429,21.71,21.764,21.644,21.764,41179,0
20160502,21.68,21.818,21.68,21.749,13306,0
20160503,21.81,21.851,21.722,21.789,60408,0
20160504,21.743,21.81,21.743,21.743,12872,0
20160505,21.773,21.851,21.773,21.851,23666,0
20160506,21.851,21.957,21.844,21.957,11793,0
20160509,21.898,21.957,21.836,21.906,14483,0
20160510,21.951,21.96,21.872,21.957,28890,0
20160511,21.952,21.962,21.872,21.962,19890,0
20160512,21.957,21.971,21.908,21.957,20571,0
20160513,21.962,21.982,21.882,21.982,9124,0
20160516,21.982,21.982,21.906,21.982,13578,0
20160517,21.979,21.991,21.945,21.972,22157,0
20160518,21.927,21.998,21.927,21.952,30461,0
20160519,21.962,22.051,21.945,22.051,89969,0
20160520,22.027,22.027,21.957,22.027,7075,0
20160523,22.027,22.127,21.991,22.051,29709,0
20160524,22.119,22.119,22.037,22.119,31679,0
20160525,22.119,22.119,22.046,22.065,23592,0
20160526,22.119,22.182,22.104,22.127,16592,0
20160527,22.182,22.182,22.114,22.114,13502,0
20160531,22.174,22.214,22.144,22.214,39770,0
20160601,22.204,22.259,22.182,22.259,20855,0
20160602,22.239,22.295,22.196,22.276,26395,0
20160603,22.269,22.359,22.255,22.359,21749,0
20160606,22.359,22.359,22.289,22.359,22469,0
20160607,22.359,22.359,22.289,22.289,26794,0
20160608,22.336,22.336,22.292,22.321,25356,0
20160609,22.321,22.341,22.204,22.341,24244,0
20160610,22.314,22.335,22.283,22.331,11720,0
20160613,22.331,22.341,22.305,22.305,21725,0
20160614,22.426,22.474,22.362,22.392,42319,0
20160615,22.558,22.558,22.344,22.353,76284,0
20160616,22.372,22.372,22.228,22.353,24754,0
20160617,22.353,22.353,22.26,22.344,38404,0
20160620,22.362,22.372,22.297,22.297,93248,0
20160621,22.306,22.344,22.26,22.331,49559,0
20160622,22.306,22.418,22.301,22.409,36489,0
20160623,22.399,22.558,22.399,22.474,23337,0
20160624,22.284,22.455,22.204,22.344,45144,0
20160627,22.455,22.455,22.167,22.29,49595,0
20160628,22.306,22.434,22.29,22.344,38106,0
20160629,22.426,22.605,22.391,22.589,33421,0
20160630,22.605,22.832,22.48,22.803,53296,0
20160701,22.803,22.92,22.683,22.912,125380,0
20160705,22.849,22.949,22.778,22.949,45611,0
20160706,22.778,23.07,22.778,22.908,71544,0
20160707,22.959,22.967,22.803,22.92,39172,0
20160708,22.982,23.342,22.959,23.334,25900,0
20160711,23.295,23.295,23.098,23.249,33713,0
20160712,23.265,23.265,23.061,23.202,54057,0
20160713,23.061,23.225,22.771,23.037,75596,0
20160714,23.131,23.146,22.903,22.997,42407,0
20160715,23.005,23.218,22.975,23.218,431368,0
20160718,23.218,23.273,23.131,23.273,51146,0
20160719,23.311,23.334,23.135,23.327,45162,0
20160720,23.327,23.342,23.193,23.232,71202,0
20160721,23.28,23.382,23.232,23.273,35829,0
20160722,23.257,23.273,23.203,23.273,15756,0
20160725,23.321,23.453,23.202,23.386,56437,0
20160726,23.415,23.453,23.28,23.421,29088,0
20160727,23.461,23.531,23.312,23.531,20797,0
20160728,23.531,23.737,23.531,23.681,35771,0
20160729,23.705,23.978,23.472,23.885,22614,0
20160801,23.932,23.948,23.773,23.923,10313,0
20160802,23.894,23.915,23.273,23.444,57469,0
20160803,23.327,23.641,23.321,23.484,50675,0
20160804,23.398,23.642,23.311,23.54,37933,0
20160805,23.547,23.586,23.461,23.461,25631,0
20160808,23.547,23.915,23.515,23.9,80682,0
20160809,23.908,24.168,23.847,24.097,33897,0
20160810,24.026,24.177,23.97,24.158,23935,0
20160811,24.16,24.333,23.625,23.956,73050,0
20160812,23.894,24.081,23.745,23.962,18310,0
20160815,23.97,24.097,23.873,23.894,21797,0
20160816,23.867,24.189,23.718,23.861,21770,0
20160817,23.876,24.026,23.829,23.915,33135,0
20160818,23.915,24.168,23.915,24.158,35772,0
20160819,24.158,24.214,24.097,24.214,23493,0
20160822,24.214,24.214,24.057,24.199,382982,0
20160823,24.207,24.207,24.066,24.199,26648,0
20160824,24.189,24.207,24.131,24.207,12343,0
20160825,24.122,24.254,24.122,24.254,23703,0
20160826,24.245,24.27,24.181,24.27,21618,0
20160829,24.27,24.45,24.232,24.402,261981,0
20160830,24.402,24.402,24.231,24.333,46459,0
20160831,24.254,24.402,24.231,24.231,77294,0
20160901,24.231,24.245,23.705,23.705,72551,0
20160902,23.978,23.978,23.635,23.839,20265,0
20160906,23.948,23.987,23.745,23.97,34065,0
20160907,23.814,24.018,23.783,24.011,35535,0
20160908,23.978,24.002,23.783,23.847,31158,0
20160909,23.948,23.948,23.41,23.41,51991,0
20160912,23.398,23.614,23.398,23.547,7685,0
20160913,23.547,23.657,23.232,23.265,55450,0
20160914,23.602,23.642,23.172,23.497,133947,0
20160915,23.594,23.906,23.497,23.906,19888,0
20160916,23.776,23.985,23.546,23.985,45794,0
20160919,23.922,24.144,23.895,24.144,11416,0
20160920,24.134,24.207,23.953,24.104,21944,0
20160921,24.183,24.343,24.048,24.087,16774,0
20160922,24.201,24.328,24.017,24.226,19814,0
20160923,24.111,24.328,23.946,24.017,13303,0
20160926,23.953,24.281,23.809,23.823,22410,0
20160927,23.89,24.216,23.809,23.88,13337,0
20160928,24.181,24.207,23.817,23.864,15602,0
20160929,23.878,24.225,23.809,23.85,21303,0
20160930,23.976,24.375,23.568,23.642,58798,0
20161003,23.742,23.928,23.742,23.809,18915,0
20161004,23.893,23.905,23.657,23.706,24750,0
20161005,23.776,23.795,23.529,23.529,9615,0
20161006,23.608,23.706,23.482,23.635,12944,0
20161007,23.525,23.672,23.41,23.616,12375,0
20161010,23.546,23.546,23.307,23.393,39055,0
20161011,23.307,23.346,22.986,23.107,54228,0
20161012,23.13,23.178,22.946,23.091,37117,0
20161013,23.135,23.664,22.964,23.529,29036,0
20161014,23.635,23.712,23.441,23.635,18722,0
20161017,23.635,23.682,23.363,23.553,23268,0
20161018,23.546,24.191,23.393,24.112,30311,0
20161019,24.073,24.311,23.914,24.311,32108,0
20161020,24.295,24.295,24.144,24.281,8155,0
20161021,24.087,25.422,24.087,25.301,748963,0
20161024,25.141,25.445,25.079,25.167,333372,0
20161025,25.093,25.253,24.982,25.205,178935,0
20161026,25.079,25.167,24.997,25.119,49239,0
20161027,25.148,25.148,24.903,25.079,63127,0
20161028,25.119,25.119,24.941,24.989,65263,0
20161031,25.031,25.031,24.863,25.031,80877,0
20161101,24.982,24.982,24.678,24.799,111550,0
20161102,24.744,24.744,24.463,24.527,16871,0
20161103,24.614,24.614,24.201,24.226,41688,0
20161104,24.08,24.688,24.08,24.343,19471,0
20161107,24.566,24.725,24.304,24.415,27846,0
20161108,24.48,24.559,24.311,24.328,18258,0
20161109,24.08,24.311,23.946,24.128,42855,0
20161110,24.097,24.112,23.363,23.682,85221,0
20161111,23.682,23.906,23.37,23.815,40452,0
20161114,23.682,23.682,22.82,22.842,44504,0
20161115,22.852,23.146,22.852,22.93,28175,0
20161116,22.93,23.812,22.93,23.586,47122,0
20161117,23.642,24.295,23.083,23.146,43943,0
20161118,23.226,23.793,22.833,22.833,40829,0
20161121,22.946,23.154,22.915,22.924,14812,0
20161122,22.986,23.178,22.972,23.083,21208,0
20161123,22.908,23.205,22.86,23.186,93520,0
20161125,23.146,23.267,23.097,23.267,28849,0
20161128,23.258,23.546,23.211,23.482,15805,0
20161129,23.538,23.546,23.419,23.521,8897,0
20161130,23.505,23.848,23.146,23.146,24634,0
20161201,23.069,23.386,22.986,23.226,24301,0
20161202,23.281,23.706,23.146,23.233,19893,0
20161205,23.402,23.682,23.18,23.419,22341,0
20161206,23.562,23.634,23.324,23.37,7557,0
20161207,23.329,23.706,23.329,23.566,39453,0
20161208,23.546,23.74,23.538,23.712,22016,0
20161209,23.776,23.846,23.393,23.434,23614,0
20161212,23.473,23.474,23.146,23.314,33812,0
20161213,23.348,23.544,23.219,23.454,19905,0
20161214,23.672,23.672,23.088,23.219,51324,0
20161215,23.146,23.332,22.779,23.219,30992,0
20161216,23.283,23.283,23.123,23.123,16686,0
20161219,23.332,23.551,23.097,23.324,41245,0
20161220,23.699,23.699,23.339,23.487,28991,0
20161221,23.372,23.664,23.372,23.462,19126,0
20161222,23.511,23.559,23.348,23.348,14694,0
20161223,23.471,23.795,23.365,23.365,8771,0
20161227,23.697,23.697,23.152,23.309,33104,0
20161228,23.324,23.665,22.829,22.829,40562,0
20161229,22.942,23.194,22.861,22.892,21823,0
20161230,23.096,23.2,22.862,22.942,27731,0
20170103,23.259,23.454,23.185,23.358,13016,0
20170104,23.268,24.25,23.268,24.233,19184,0
20170105,24.192,24.192,23.615,23.875,19591,0
20170106,23.803,23.826,23.544,23.544,12160,0
20170109,23.672,24.047,23.443,23.826,27952,0
20170110,23.893,23.893,23.672,23.697,20341,0
20170111,23.826,23.826,23.664,23.664,17673,0
20170112,23.672,23.916,23.603,23.745,8127,0
20170113,23.559,23.941,23.559,23.745,3731,0
20170117,23.569,23.762,23.569,23.593,15920,0
20170118,23.681,23.826,23.438,23.624,11168,0
20170119,23.421,23.65,22.982,23.114,48232,0
20170120,23.105,23.275,22.854,22.99,98822,0
20170123,22.99,23.268,22.99,23.268,29088,0
20170124,23.268,23.43,23.091,23.153,21815,0
20170125,23.234,23.234,23.08,23.146,12465,0
20170126,23.174,23.421,23.146,23.234,7068,0
20170127,23.379,23.43,23.24,23.421,4739,0
20170130,23.268,23.406,23.211,23.226,13202,0
20170131,23.259,23.389,23.137,23.252,32368,0
20170201,23.234,23.293,23.227,23.259,9722,0
20170202,23.389,23.462,23.303,23.389,7643,0
20170203,23.634,23.826,23.527,23.725,25940,0
20170206,23.519,23.826,23.519,23.706,14885,0
20170207,23.73,23.755,23.646,23.745,39001,0
20170208,23.745,24.014,23.745,23.981,21137,0
20170209,23.989,24.24,23.96,24.24,43272,0
20170210,23.95,24.27,23.95,24.121,31894,0
20170213,24.178,24.178,23.836,23.999,11149,0
20170214,24.007,24.163,23.849,24.134,29990,0
20170215,23.667,24.332,23.667,23.989,20988,0
20170216,24.063,24.086,23.818,23.951,28445,0
20170217,23.981,23.989,23.502,23.796,31440,0
20170221,23.72,23.909,23.706,23.755,13162,0
20170222,23.803,23.875,23.645,23.697,21289,0
20170223,23.706,23.826,23.657,23.755,9790,0
20170224,23.769,23.965,23.692,23.852,11604,0
20170227,23.893,23.999,23.826,23.826,26028,0
20170228,24.071,24.071,23.868,23.973,9917,0
20170301,23.909,23.909,23.634,23.909,19797,0
20170302,23.72,24.096,23.72,23.941,19255,0
20170303,23.829,23.994,23.829,23.983,7343,0
20170306,23.836,23.981,23.828,23.916,3270,0
20170307,23.965,24.153,23.634,23.634,84544,0
20170308,23.65,23.75,23.229,23.316,53793,0
20170309,23.309,23.316,23.219,23.316,28734,0
20170310,23.339,23.466,23.256,23.462,16297,0
20170313,23.487,23.825,23.397,23.73,22983,0
20170314,23.544,24.153,23.397,23.826,37858,0
20170315,24.06,24.109,23.582,23.995,19517,0
20170316,24.06,24.076,23.864,23.986,10777,0
20170317,24.044,24.168,23.946,23.962,18547,0
20170320,24.026,24.184,24.003,24.026,15830,0
20170321,24.069,24.217,23.681,23.73,44924,0
20170322,23.69,23.897,23.59,23.622,36599,0
20170323,23.622,23.779,23.622,23.713,30033,0
20170324,23.798,23.805,23.632,23.746,25243,0
20170327,23.671,23.746,23.648,23.697,25567,0
20170328,23.77,23.861,23.713,23.73,17710,0
20170329,23.779,23.905,23.747,23.747,15783,0
20170330,23.838,23.977,23.748,23.912,14114,0
20170331,23.977,24.017,23.798,23.986,26237,0
20170403,23.986,24.492,23.968,24.392,29240,0
20170404,24.482,24.482,24.072,24.251,19321,0
20170405,24.057,24.266,23.877,23.912,16611,0
20170406,23.962,23.973,23.714,23.805,34878,0
20170407,24.052,24.052,23.762,23.779,24800,0
20170410,23.917,23.94,23.789,23.805,40636,0
20170411,23.813,23.858,23.713,23.72,24652,0
20170412,23.789,23.806,23.697,23.805,7154,0
20170413,23.713,23.82,23.713,23.779,28927,0
20170417,23.798,23.917,23.798,23.854,32192,0
20170418,23.828,23.919,23.706,23.869,42829,0
20170419,23.854,24.102,23.813,23.897,31881,0
20170420,23.912,23.977,23.779,23.912,16831,0
20170421,23.927,23.932,23.713,23.74,69371,0
20170424,23.847,23.977,23.74,23.779,143431,0
20170425,23.74,23.854,23.74,23.762,103632,0
20170426,23.746,23.82,23.74,23.798,49349,0
20170427,23.756,23.873,23.746,23.869,17467,0
20170428,23.857,23.919,23.789,23.862,30299,0
20170501,23.862,23.905,23.77,23.838,54361,0
20170502,23.854,23.854,23.756,23.828,72535,0
20170503,23.838,24.019,23.779,24.019,67035,0
20170504,23.828,23.946,23.828,23.927,14010,0
20170505,23.847,23.969,23.847,23.912,6917,0
20170508,23.927,24.019,23.869,23.897,34044,0
20170509,23.905,24.009,23.869,23.919,39436,0
20170510,23.936,23.976,23.877,23.919,34265,0
20170511,23.887,23.935,23.806,23.82,33740,0
20170512,23.828,23.936,23.762,23.805,39136,0
20170515,23.828,23.869,23.813,23.862,35266,0
20170516,23.862,23.896,23.82,23.877,16260,0
20170517,23.854,23.927,23.847,23.887,30202,0
20170518,23.805,24.026,23.805,24.019,24510,0
20170519,24.035,24.069,23.905,23.946,18107,0
20170522,24.003,24.035,23.977,24.035,7937,0
20170523,24.012,24.109,23.919,24.084,21261,0
20170524,24.065,24.177,24.036,24.143,16504,0
20170525,24.177,24.184,24.035,24.143,4600,0
20170526,24.076,24.2,24.076,24.084,5374,0
20170530,24.109,24.216,23.954,24.012,39274,0
20170531,24.026,24.104,23.877,23.877,29594,0
20170601,23.946,24.069,23.936,23.995,22329,0
20170602,23.995,24.152,23.985,24.152,27336,0
20170605,24.134,24.241,24.119,24.177,13915,0
20170606,24.184,24.23,24.109,24.152,14286,0
20170607,24.109,24.213,24.084,24.109,28548,0
20170608,24.109,24.133,24.069,24.069,19078,0
20170609,24.109,24.224,24.072,24.184,15771,0
20170612,24.218,24.253,24.095,24.192,11528,0
20170613,24.184,24.192,24.102,24.192,19529,0
20170614,24.32,24.471,24.27,24.453,28706,0
20170615,24.361,24.548,24.361,24.498,20869,0
20170616,24.446,24.548,24.394,24.403,8852,0
20170619,24.389,24.571,24.389,24.562,17602,0
20170620,24.462,24.548,24.462,24.548,6703,0
20170621,24.44,24.552,24.407,24.446,28895,0
20170622,24.503,24.571,24.481,24.49,26746,0
20170623,24.446,24.446,24.311,24.338,13424,0
20170626,24.481,24.481,24.32,24.361,74541,0
20170627,24.361,24.44,24.17,24.228,59919,0
20170628,24.204,24.23,24.17,24.215,40101,0
20170629,24.17,24.253,24.17,24.253,77609,0
20170630,24.287,24.389,24.21,24.311,67597,0
20170703,24.204,24.344,24.204,24.32,5787,0
20170705,24.23,24.352,24.23,24.33,15957,0
20170706,24.204,24.253,24.185,24.23,39721,0
20170707,24.185,24.351,24.185,24.261,22533,0
20170710,24.27,24.412,24.27,24.389,27662,0
20170711,24.32,24.44,24.32,24.421,63529,0
20170712,24.44,24.504,24.421,24.498,37126,0
20170713,24.49,24.512,24.446,24.462,24294,0
20170714,24.487,24.567,24.487,24.548,10839,0
20170717,24.526,24.606,24.521,24.548,161889,0
20170718,24.548,24.606,24.54,24.606,9726,0
20170719,24.606,24.799,24.606,24.681,23821,0
20170720,24.691,24.815,24.691,24.8,14332,0
20170721,24.773,24.9,24.583,24.9,41189,0
20170724,24.9,25.077,24.718,24.95,69235,0
20170725,24.778,24.907,24.778,24.846,4498,0
20170726,24.805,24.849,24.562,24.681,12776,0
20170727,24.731,24.841,24.663,24.757,7440,0
20170728,24.724,24.882,24.656,24.82,12360,0
20170731,24.765,24.807,24.606,24.723,16376,0
20170801,24.773,24.826,24.606,24.765,9503,0
20170802,24.773,24.866,24.462,24.581,39822,0
20170803,24.731,24.731,24.598,24.648,27726,0
20170804,24.828,24.828,24.562,24.562,13645,0
20170807,24.631,24.701,24.606,24.641,15049,0
20170808,24.606,24.731,24.598,24.621,16065,0
20170809,24.606,24.633,24.562,24.621,14631,0
20170810,24.606,24.609,24.371,24.396,29167,0
20170811,24.44,24.581,24.303,24.412,41058,0
20170814,24.521,24.621,24.489,24.504,5157,0
20170815,24.49,24.707,24.49,24.691,10021,0
20170816,24.707,24.75,24.681,24.75,9530,0
20170817,24.691,24.722,24.631,24.715,4061,0
20170818,24.591,24.67,24.504,24.54,35987,0
20170821,24.562,24.671,24.486,24.606,11947,0
20170822,24.53,24.571,24.498,24.54,18553,0
20170823,24.591,24.591,24.446,24.531,46422,0
20170824,24.54,24.57,24.498,24.504,14889,0
20170825,24.555,24.581,24.521,24.543,7039,0
20170828,24.521,24.648,24.521,24.648,17884,0
20170829,24.531,24.613,24.531,24.548,18638,0
20170830,24.581,24.652,24.532,24.641,14307,0
20170831,24.571,24.75,24.571,24.75,8098,0
20170901,24.631,24.791,24.631,24.781,27521,0
20170905,24.773,24.8,24.648,24.758,14291,0
20170906,24.741,24.791,24.707,24.791,6003,0
20170907,24.781,24.782,24.731,24.773,10009,0
20170908,24.757,24.8,24.741,24.741,6503,0
20170911,24.731,24.841,24.731,24.815,18670,0
20170912,24.832,24.925,24.824,24.89,12625,0
20170913,24.874,24.969,24.874,24.925,25820,0
20170914,24.841,24.941,24.824,24.941,36395,0
20170915,25.052,25.094,25.018,25.079,17169,0
20170918,25.079,25.079,24.993,25.062,4200,0
20170919,24.95,25.086,24.95,25.079,153168,0
20170920,25.07,25.104,24.96,25.094,13885,0
20170921,25.079,25.104,25.028,25.07,8857,0
20170922,25.07,25.079,24.96,25.034,10803,0
20170925,25.011,25.07,24.95,25.035,12868,0
20170926,24.991,24.991,24.991,24.991,1032,0
20170927,25.035,25.06,24.95,24.96,17572,0
20170928,24.976,25.019,24.95,24.992,22553,0
20170929,24.992,25.043,24.976,24.992,16641,0
20171002,25.104,25.104,24.95,24.95,61049,0
20171003,24.932,24.976,24.89,24.899,18613,0
20171004,24.899,25.034,24.899,24.925,13454,0
20171005,24.98,24.98,24.788,24.813,20151,0
20171006,24.839,24.839,24.558,24.703,102817,0
20171009,24.668,24.711,24.412,24.549,48845,0
20171010,24.523,24.771,24.523,24.719,20328,0
20171011,24.736,24.805,24.565,24.584,28053,0
20171012,24.635,24.839,24.556,24.737,35212,0
20171013,24.66,24.787,24.645,24.762,12727,0
20171016,24.83,24.839,24.762,24.762,7663,0
20171017,24.77,24.77,24.686,24.703,10609,0
20171018,24.719,24.736,24.66,24.66,16496,0
20171019,24.637,24.718,24.637,24.711,8551,0
20171020,24.616,24.813,24.594,24.813,43546,0
20171023,24.806,24.848,24.703,24.844,18651,0
20171024,24.755,24.839,24.755,24.83,5800,0
20171025,24.755,24.838,24.635,24.635,7998,0
20171026,24.676,24.848,24.66,24.822,21411,0
20171027,24.746,24.82,24.746,24.77,13085,0
20171030,24.746,24.803,24.703,24.788,6182,0
20171031,24.695,24.848,24.695,24.711,14645,0
20171101,24.755,24.806,24.711,24.774,11296,0
20171102,24.755,24.786,24.703,24.77,7272,0
20171103,24.759,24.821,24.711,24.727,7285,0
20171106,24.703,24.737,24.566,24.668,17990,0
20171107,24.625,24.703,24.584,24.608,11165,0
20171108,24.601,24.788,24.601,24.696,15232,0
20171109,24.608,24.744,24.561,24.616,24121,0
20171110,24.593,24.625,24.148,24.223,66628,0
20171113,24.245,24.482,24.245,24.482,11635,0
20171114,24.514,24.514,24.31,24.473,35829,0
20171115,24.482,24.635,24.233,24.472,39004,0
20171116,24.533,24.695,24.482,24.584,32739,0
20171117,24.668,24.711,24.556,24.608,26595,0
20171120,24.565,24.848,24.565,24.719,23159,0
20171121,24.645,24.797,24.645,24.733,8233,0
20171122,24.719,24.848,24.719,24.788,10895,0
20171124,24.773,24.773,24.755,24.772,1729,0
20171127,24.816,24.976,24.762,24.976,10081,0
20171128,24.866,24.976,24.866,24.976,6595,0
20171129,24.881,24.881,24.719,24.778,10229,0
20171130,24.762,24.968,24.719,24.719,16305,0
20171201,24.762,25.094,24.762,25.094,15274,0
20171204,25.146,25.146,24.976,25.035,24729,0
20171205,25.019,25.275,25.019,25.189,33862,0
20171206,25.189,25.3,25.146,25.198,33792,0
20171207,25.189,25.251,25.079,25.24,24592,0
20171208,25.351,25.351,25.131,25.189,33041,0
20171211,25.249,25.369,25.164,25.267,102732,0
20171212,25.257,25.311,25.146,25.224,37579,0
20171213,25.215,25.318,24.855,25.318,96317,0
20171214,24.962,25.352,24.962,25.352,28784,0
20171215,25.309,25.395,25.035,25.118,37207,0
20171218,25.17,25.395,25.094,25.231,20592,0
20171219,25.204,25.448,25.204,25.335,7782,0
20171220,25.326,25.474,25.187,25.187,13226,0
20171221,25.37,25.386,25.196,25.267,11572,0
20171222,25.343,25.37,25.231,25.239,7404,0
20171226,25.266,25.334,25.231,25.231,5457,0
20171227,25.309,25.334,25.187,25.326,11438,0
20171228,25.239,25.361,25.1,25.109,18566,0
20171229,25.49,25.49,24.979,25.023,33352,0
20180102,25.057,25.424,25.031,25.256,219102,0
20180103,25.266,25.49,25.187,25.231,23555,0
20180104,25.231,25.279,25.118,25.118,8324,0
20180105,25.187,25.315,25.187,25.196,12415,0
20180108,25.196,25.404,25.196,25.334,25815,0
20180109,25.213,25.37,25.091,25.3,51391,0
20180110,25.231,25.333,25.179,25.256,27008,0
20180111,25.256,25.352,25.198,25.352,17510,0
20180112,25.231,25.466,25.231,25.457,13122,0
20180116,25.386,25.586,25.225,25.57,39252,0
20180117,25.509,25.57,25.231,25.466,22960,0
20180118,25.457,25.466,25.274,25.466,17838,0
20180119,25.422,25.898,25.422,25.49,170202,0
20180122,25.665,25.821,25.447,25.552,7619,0
20180123,25.594,25.698,25.57,25.586,13010,0
20180124,25.579,25.586,25.443,25.552,11176,0
20180125,25.468,25.538,25.377,25.422,7904,0
20180126,25.414,25.57,25.364,25.447,15324,0
20180129,25.309,25.343,25.179,25.266,48079,0
20180130,25.179,25.179,24.797,25.005,77126,0
20180131,25.048,25.091,24.911,24.979,7862,0
20180201,24.935,25.023,24.84,24.896,19860,0
20180202,24.874,24.968,24.657,24.701,27559,0
20180205,24.822,24.962,24.745,24.919,17995,0
20180206,25.011,25.079,24.832,25.039,13860,0
20180207,25.048,25.152,24.883,24.927,34192,0
20180208,24.943,24.943,24.665,24.665,22410,0
20180209,24.657,24.657,24.258,24.329,72805,0
20180212,24.404,24.452,24.301,24.32,12797,0
20180213,24.597,24.597,24.362,24.362,10805,0
20180214,24.338,24.414,24.163,24.169,29422,0
20180215,24.121,24.357,24.121,24.225,25898,0
20180216,24.225,24.561,24.215,24.561,9307,0
20180220,24.476,24.57,24.452,24.528,14115,0
20180221,24.563,24.608,24.404,24.442,10938,0
20180222,24.442,24.745,24.381,24.735,9906,0
20180223,24.623,25.291,24.623,25.152,18615,0
20180226,24.979,25.274,24.955,25.075,15606,0
20180227,25.054,25.204,24.754,25.023,34187,0
20180228,25.274,25.308,24.919,25.109,26422,0
20180301,24.987,25.395,24.987,25.283,17848,0
20180302,25.187,25.513,25.014,25.513,13661,0
20180305,25.343,25.482,25.283,25.457,33566,0
20180306,25.438,25.526,25.309,25.526,17235,0
20180307,25.274,25.57,25.274,25.466,10250,0
20180308,25.613,25.69,25.586,25.587,21855,0
20180309,25.683,25.69,25.414,25.683,5696,0
20180312,25.699,25.699,25.548,25.57,4510,0
20180313,25.656,25.656,25.438,25.561,40100,0
20180314,25.509,25.57,25.447,25.506,32725,0
20180315,25.624,25.64,25.518,25.596,9873,0
20180316,25.605,25.605,25.437,25.526,8109,0
20180319,25.465,25.465,25.208,25.367,12604,0
20180320,25.384,25.447,25.303,25.314,10411,0
20180321,25.369,25.457,25.244,25.412,11152,0
20180322,25.27,25.402,25.183,25.183,8284,0
20180323,25.349,25.402,25.191,25.341,6848,0
20180326,25.35,25.443,25.342,25.422,3564,0
20180327,25.534,25.712,25.393,25.712,10784,0
20180328,25.659,25.659,25.473,25.659,8243,0
20180329,25.922,25.922,25.49,25.906,32255,0
20180402,25.853,25.912,25.668,25.739,4030,0
20180403,25.693,25.693,25.473,25.686,36212,0
20180404,25.596,25.703,25.509,25.693,28855,0
20180405,25.693,25.774,25.526,25.774,9854,0
20180406,25.482,25.728,25.279,25.384,30118,0
20180409,25.447,25.473,25.359,25.367,13839,0
20180410,25.384,25.436,25.306,25.376,7448,0
20180411,25.12,25.12,25.102,25.12,15217,0
20180412,25.334,25.334,25.13,25.138,9018,0
20180413,25.12,25.252,25.098,25.173,21196,0
20180416,25.093,25.288,25.093,25.288,17901,0
20180417,25.306,25.403,25.093,25.403,28710,0
20180418,25.226,25.332,25.155,25.332,8453,0
20180419,25.384,25.393,25.146,25.173,12671,0
20180420,25.183,25.553,25.17,25.553,35933,0
20180423,25.437,25.518,25.323,25.518,19467,0
20180424,25.5,25.5,25.376,25.49,10620,0
20180425,25.384,25.49,25.183,25.43,16187,0
20180426,25.43,25.465,25.35,25.394,8207,0
20180427,25.323,25.473,25.192,25.43,9786,0
20180430,25.173,25.482,25.13,25.173,38014,0
20180501,25.183,25.269,25.093,25.093,10479,0
20180502,25.093,25.209,25.093,25.093,10639,0
20180503,25.158,25.158,25.068,25.077,18822,0
20180504,25.015,25.226,24.996,25.015,40298,0
20180507,25.112,25.191,25.058,25.173,5944,0
20180508,25.102,25.173,25.086,25.13,12374,0
20180509,25.086,25.199,25.086,25.173,25899,0
20180510,25.191,25.203,25.183,25.203,7361,0
20180511,25.252,25.279,25.217,25.217,17732,0
20180514,25.138,25.27,25.138,25.164,5143,0
20180515,25.111,25.12,25.019,25.019,17957,0
20180516,25.049,25.068,25.024,25.04,22110,0
20180517,25.04,25.102,25.032,25.058,11187,0
20180518,25.097,25.138,25.086,25.12,20759,0
20180521,25.164,25.164,25.049,25.075,20734,0
20180522,25.068,25.077,24.996,25.024,21724,0
20180523,25.015,25.077,24.987,25.039,12988,0
20180524,25.005,25.11,24.987,25.049,42079,0
20180525,25.094,25.191,24.865,24.881,41590,0
20180529,24.82,24.99,24.82,24.89,17426,0
20180530,24.92,24.942,24.784,24.793,29321,0
20180531,24.811,24.918,24.811,24.872,25338,0
20180601,24.873,24.962,24.873,24.921,12159,0
20180604,24.952,25.077,24.932,25.024,13480,0
20180605,25.019,25.323,25.019,25.323,22220,0
20180606,25.255,25.395,25.255,25.367,2333,0
20180607,25.332,25.354,25.261,25.354,5580,0
20180608,25.42,25.43,25.341,25.412,22638,0
20180611,25.35,25.35,25.244,25.267,16497,0
20180612,25.351,25.553,25.35,25.473,18416,0
20180613,25.47,25.509,25.457,25.475,17478,0
20180614,25.412,25.509,25.367,25.405,18417,0
20180615,25.546,25.6,25.439,25.591,16535,0
20180618,25.51,25.627,25.51,25.52,5815,0
20180619,25.686,25.686,25.528,25.603,6667,0
20180620,25.528,25.674,25.51,25.659,6167,0
20180621,25.654,25.735,25.654,25.735,6751,0
20180622,25.672,25.71,25.672,25.686,7207,0
20180625,25.743,25.743,25.632,25.645,1886,0
20180626,25.609,25.645,25.581,25.581,5983,0
20180627,25.556,25.654,25.537,25.654,7059,0
20180628,25.69,25.69,25.528,25.614,13412,0
20180629,25.636,25.69,25.627,25.681,8086,0
20180702,26.014,26.093,25.796,25.897,28507,0
20180703,25.843,26.049,25.843,26.039,20970,0
20180705,25.932,26.039,25.847,26.039,14000,0
20180706,26.008,26.138,26.008,26.138,27728,0
20180709,26.093,26.318,26.014,26.22,61598,0
20180710,26.274,26.283,26.234,26.264,50332,0
20180711,26.269,26.283,26.076,26.113,23017,0
20180712,26.22,26.22,26.022,26.147,16019,0
20180713,26.229,26.229,25.951,26.022,26224,0
20180716,25.843,25.894,25.779,25.798,13365,0
20180717,25.771,25.87,25.771,25.843,9457,0
20180718,25.779,25.941,25.779,25.824,4887,0
20180719,25.824,26.005,25.824,25.995,24329,0
20180720,26.089,26.318,26.072,26.318,37634,0
20180723,26.229,26.229,26.049,26.177,9689,0
20180724,26.138,26.192,26.014,26.022,11570,0
20180725,25.932,25.932,25.618,25.824,11497,0
20180726,25.744,25.949,25.735,25.922,11092,0
20180727,25.878,25.915,25.833,25.887,6023,0
20180730,25.824,25.951,25.743,25.906,24410,0
20180731,25.834,25.951,25.771,25.798,10513,0
20180801,25.669,25.779,25.618,25.735,27293,0
20180802,25.735,25.735,25.618,25.69,8694,0
20180803,25.69,25.844,25.69,25.794,12790,0
20180806,25.843,25.867,25.69,25.699,4681,0
20180807,25.771,25.771,25.645,25.725,6418,0
20180808,25.699,25.712,25.681,25.681,2466,0
20180809,25.727,25.728,25.681,25.717,3277,0
20180810,25.69,25.701,25.609,25.636,16029,0
20180813,25.645,25.674,25.645,25.672,3600,0
20180814,25.645,25.751,25.618,25.627,18071,0
20180815,25.6,25.717,25.6,25.618,17608,0
20180816,25.735,25.778,25.636,25.663,15142,0
20180817,25.645,25.735,25.645,25.695,5360,0
20180820,25.753,26.005,25.753,25.779,17926,0
20180821,25.891,26.015,25.891,26.015,7482,0
20180822,25.969,26.049,25.951,26.03,10695,0
20180823,25.96,26.03,25.952,26.018,4474,0
20180824,26.039,26.042,25.951,26.03,13801,0
20180827,26.005,26.049,25.969,26.049,12535,0
20180828,26.04,26.138,25.941,26.138,36132,0
20180829,26.068,26.301,26.049,26.157,73392,0
20180830,26.138,26.227,26.071,26.109,7604,0
20180831,26.113,26.255,26.113,26.166,23790,0
20180904,26.093,26.174,25.771,25.771,11793,0
20180905,25.824,25.927,25.65,25.663,19592,0
20180906,25.735,25.807,25.6,25.672,25754,0
20180907,25.69,25.712,25.52,25.52,29788,0
20180910,25.528,26.108,25.528,25.824,24054,0
20180911,25.816,25.986,25.773,25.986,18100,0
20180912,25.897,25.897,25.762,25.897,9720,0
20180913,26.107,26.242,25.952,26.079,28481,0
20180914,26.088,26.088,25.823,26.006,6977,0
20180917,25.942,25.978,25.851,25.897,12822,0
20180918,25.814,25.933,25.814,25.878,12478,0
20180919,25.878,25.878,25.723,25.805,24191,0
20180920,25.86,25.869,25.777,25.814,5355,0
20180921,25.797,25.997,25.797,25.915,17946,0
20180924,25.906,25.987,25.823,25.936,9388,0
20180925,25.86,25.88,25.777,25.811,8285,0
20180926,25.86,26.006,25.797,25.862,9447,0
20180927,25.86,25.86,25.732,25.742,26940,0
20180928,25.897,25.936,25.744,25.759,29971,0
20181001,25.769,25.866,25.723,25.74,18231,0
20181002,25.805,25.852,25.513,25.54,20302,0
20181003,25.732,25.732,24.681,25.038,57476,0
20181004,24.945,25.414,24.773,24.9,56441,0
20181005,24.9,25.485,24.681,24.836,69273,0
20181008,25.01,25.301,24.874,25.239,23647,0
20181009,24.991,25.266,24.991,25.175,14239,0
20181010,25.147,25.273,24.9,24.991,27598,0
20181011,24.991,25.072,24.691,24.819,30083,0
20181012,24.764,25.358,24.75,24.764,27139,0
20181015,24.845,25.11,24.717,24.865,28308,0
20181016,24.9,24.936,24.745,24.8,24004,0
20181017,24.818,24.818,24.499,24.709,30725,0
20181018,24.669,24.671,24.536,24.581,26791,0
20181019,24.518,24.991,24.518,24.991,44645,0
20181022,24.654,24.991,24.654,24.845,21810,0
20181023,24.81,25.055,24.554,24.882,20811,0
20181024,24.836,24.937,24.764,24.772,5693,0
20181025,24.855,25.036,24.764,24.882,20266,0
20181026,24.855,24.991,24.81,24.923,14141,0
20181029,24.545,25.175,24.252,24.581,22453,0
20181030,24.496,24.671,24.416,24.654,11531,0
20181031,24.527,24.654,24.499,24.626,18221,0
20181101,24.646,24.987,24.646,24.781,15171,0
20181102,24.781,24.855,24.545,24.85,15953,0
20181105,24.836,24.836,24.671,24.805,5872,0
20181106,24.804,24.879,24.804,24.81,9907,0
20181107,24.81,24.962,24.662,24.874,8642,0
20181108,24.926,24.945,24.891,24.9,6003,0
20181109,24.874,24.936,24.836,24.915,13662,0
20181112,24.901,24.932,24.841,24.898,4023,0
20181113,24.928,24.937,24.813,24.928,17686,0
20181114,24.8,24.9,24.671,24.9,11586,0
20181115,24.888,24.888,24.545,24.733,23941,0
20181116,24.82,24.845,24.705,24.81,4879,0
20181119,24.658,24.662,24.554,24.581,26722,0
20181120,24.654,24.654,24.455,24.481,17737,0
20181121,24.611,24.611,24.49,24.552,7843,0
20181123,24.627,24.63,24.581,24.608,2426,0
20181126,24.626,24.691,24.506,24.671,18037,0
20181127,24.49,24.644,24.49,24.594,24990,0
20181128,24.581,24.83,24.581,24.772,17262,0
20181129,24.81,24.81,24.626,24.717,9467,0
20181130,24.717,24.819,24.545,24.545,8155,0
20181203,24.636,24.789,24.536,24.717,12647,0
20181204,24.673,24.673,24.426,24.461,30950,0
20181206,24.426,24.486,24.261,24.27,55992,0
20181207,24.306,24.452,24.051,24.113,86432,0
20181210,24.215,24.215,23.866,24.06,36937,0
20181211,24.087,24.296,23.951,23.951,72839,0
20181212,24.106,24.16,23.922,23.977,53657,0
20181213,23.996,24.132,23.906,24.032,63694,0
20181214,24.209,24.377,24.125,24.256,36528,0
20181217,24.256,24.256,23.837,23.883,50210,0
20181218,23.976,24.256,23.633,23.96,59401,0
20181219,23.818,23.922,23.297,23.651,105178,0
20181220,23.613,23.697,23.139,23.408,94278,0
20181221,23.278,23.511,23.176,23.418,95970,0
20181224,23.297,23.69,23.297,23.633,19067,0
20181226,23.651,24.023,23.557,23.697,31523,0
20181227,23.679,23.768,23.343,23.445,36592,0
20181228,23.529,23.799,23.511,23.679,41776,0
20181231,24.117,24.209,23.837,23.93,67626,0
20190102,23.92,24.601,23.92,24.451,35255,0
20190103,24.443,24.555,24.228,24.451,23966,0
20190104,24.582,24.918,24.582,24.713,37515,0
20190107,24.75,24.991,24.582,24.991,56276,0
20190108,25.094,25.094,24.694,24.721,22655,0
20190109,24.833,25.074,24.562,24.562,44826,0
20190110,24.46,24.871,24.321,24.871,35877,0
20190111,24.918,25.132,24.711,25.01,26926,0
20190114,24.927,25.326,24.927,25.188,22189,0
20190115,25.355,25.504,25.094,25.429,26561,0
20190116,25.54,25.606,25.433,25.569,20858,0
20190117,25.596,25.75,25.419,25.681,23240,0
20190118,25.671,26.119,25.635,26.034,40167,0
20190122,25.849,25.951,25.76,25.82,23884,0
20190123,25.839,25.932,25.699,25.82,14880,0
20190124,25.718,25.764,25.531,25.699,26071,0
20190125,25.745,25.82,25.662,25.708,48736,0
20190128,25.699,25.699,25.252,25.467,34436,0
20190129,25.494,25.556,25.346,25.513,13797,0
20190130,25.56,25.978,25.56,25.718,27252,0
20190131,25.839,26.099,25.625,25.625,103979,0
20190201,25.857,25.857,25.122,25.252,29615,0
20190204,25.141,25.55,25.141,25.457,18224,0
20190205,25.475,25.727,25.392,25.587,16181,0
20190206,25.429,25.801,25.326,25.56,21763,0
20190207,25.373,25.56,25.29,25.308,24153,0
20190208,25.299,25.467,25.205,25.411,14056,0
20190211,25.336,25.526,25.336,25.382,10220,0
20190212,25.411,25.667,25.411,25.475,9385,0
20190213,25.56,25.694,25.527,25.606,14591,0
20190214,25.606,25.773,25.523,25.56,16812,0
20190215,25.683,25.764,25.526,25.69,5936,0
20190219,25.633,25.737,25.56,25.737,10474,0
20190220,25.718,25.788,25.587,25.769,9280,0
20190221,25.699,25.849,25.699,25.839,14815,0
20190222,25.951,26.043,25.699,25.699,33687,0
20190225,25.699,25.978,25.699,25.708,7521,0
20190226,25.795,25.876,25.699,25.699,19906,0
20190227,25.745,25.875,25.606,25.69,27724,0
20190228,25.755,25.8,25.513,25.764,39481,0
20190301,25.922,26.119,25.922,26.016,25602,0
20190304,26.119,26.165,25.761,25.793,4372,0
20190305,25.793,25.944,25.727,25.793,10403,0
20190306,25.811,26.072,25.755,25.793,5040,0
20190307,25.801,26.007,25.801,25.876,4684,0
20190308,25.852,25.857,25.793,25.793,3516,0
20190311,25.849,26.007,25.579,25.774,22928,0
20190312,25.793,25.987,25.745,25.774,19410,0
20190313,25.811,25.987,25.811,25.96,17190,0
20190314,26.424,26.424,26.065,26.139,18574,0
20190315,26.175,26.194,26.008,26.159,14244,0
20190318,26.144,26.349,26.066,26.187,8644,0
20190319,26.175,26.31,26.159,26.159,15056,0
20190320,26.102,26.31,26.017,26.31,11762,0
20190321,26.31,26.31,26.017,26.226,19282,0
20190322,26.159,26.253,26.159,26.169,8789,0
20190325,26.159,26.276,26.159,26.159,11071,0
20190326,26.169,26.244,26.065,26.092,19243,0
20190327,26.092,26.18,25.808,25.827,22736,0
20190328,25.894,26.092,25.808,25.894,55212,0
20190329,26.055,26.178,25.79,25.874,110306,0
20190401,26.035,26.253,25.978,26.253,18103,0
20190402,26.253,26.444,26.035,26.424,25424,0
20190403,26.424,26.481,26.192,26.444,21372,0
20190404,26.519,26.538,26.418,26.519,21116,0
20190405,26.51,26.519,26.419,26.519,21917,0
20190408,26.349,26.5,26.33,26.33,15006,0
20190409,26.365,26.396,26.112,26.216,10149,0
20190410,26.121,26.387,26.121,26.216,9101,0
20190411,26.396,26.396,26.253,26.32,6726,0
20190412,26.367,26.396,26.196,26.273,13035,0
20190415,26.31,26.31,26.178,26.263,7931,0
20190416,26.307,26.349,26.206,26.206,15401,0
20190417,26.268,26.33,26.112,26.112,8409,0
20190418,26.121,26.899,26.112,26.112,16170,0
20190422,26.159,26.196,26.112,26.159,8238,0
20190423,26.13,26.253,26.106,26.159,19381,0
20190424,26.121,26.212,26.102,26.159,14141,0
20190425,26.253,26.253,26.102,26.102,15771,0
20190426,26.092,26.206,25.921,26.045,24072,0
20190429,26.169,26.253,26.121,26.13,12033,0
20190430,26.206,26.277,25.969,25.969,65658,0
20190501,26.017,26.263,25.978,26.235,10849,0
20190502,26.074,26.288,26.074,26.169,6153,0
20190503,26.169,26.244,26.065,26.083,13219,0
20190506,26.017,26.196,26.017,26.074,10742,0
20190507,26.035,26.102,25.941,25.951,27993,0
20190508,25.96,26.064,25.951,25.988,21378,0
20190509,25.951,26.065,25.951,26.065,13912,0
20190510,26.169,26.169,25.951,26.139,8992,0
20190513,26.065,26.196,26.065,26.112,26025,0
20190514,26.083,26.196,26.083,26.112,9619,0
20190515,26.092,26.192,26.065,26.065,21368,0
20190516,26.065,26.33,26.065,26.33,6905,0
20190517,26.139,26.243,26.083,26.159,8443,0
20190520,26.083,26.292,26.065,26.065,20981,0
20190521,26.102,26.2,26.065,26.074,6290,0
20190522,26.083,26.187,26.074,26.092,9678,0
20190523,26.112,26.235,26.083,26.226,20626,0
20190524,26.226,26.235,26.017,26.196,20159,0
20190528,26.187,26.32,26.139,26.139,19929,0
20190529,26.275,26.32,26.192,26.206,14064,0
20190530,26.187,26.349,26.187,26.349,11797,0
20190531,26.33,26.344,25.988,25.988,106599,0
20190603,26.235,26.253,26.026,26.196,19314,0
20190604,26.216,26.387,26.216,26.283,21126,0
20190605,26.387,26.462,26.349,26.444,18291,0
20190606,26.471,26.471,26.301,26.453,14731,0
20190607,26.445,26.491,26.424,26.481,12453,0
20190610,26.51,26.51,26.367,26.367,20553,0
20190611,26.42,26.471,26.301,26.301,10819,0
20190612,26.404,26.471,26.31,26.471,29501,0
20190613,26.569,26.569,26.389,26.491,5856,0
20190614,26.534,26.617,26.516,26.549,25531,0
20190617,26.481,26.688,26.481,26.597,22737,0
20190618,26.569,26.713,26.559,26.597,13246,0
20190619,26.597,26.756,26.597,26.751,10075,0
20190620,26.703,26.795,26.635,26.733,19127,0
20190621,26.713,26.857,26.587,26.761,17251,0
20190624,26.809,26.809,26.549,26.549,10104,0
20190625,26.559,26.723,26.481,26.491,25177,0
20190626,26.577,26.577,26.347,26.355,31227,0
20190627,26.379,26.423,26.153,26.24,28372,0
20190628,26.539,26.583,26.095,26.095,140509,0
20190701,26.337,26.443,26.201,26.351,34910,0
20190702,26.385,26.626,26.347,26.569,39096,0
20190703,26.511,26.569,26.433,26.433,11270,0
20190705,26.462,26.471,26.249,26.395,31605,0
20190708,26.481,26.529,26.355,26.423,30274,0
20190709,26.456,26.501,26.395,26.423,19483,0
20190710,26.431,26.468,26.298,26.347,22691,0
20190711,26.362,26.423,26.289,26.347,9334,0
20190712,26.347,26.481,26.289,26.462,13103,0
20190715,26.443,26.501,26.423,26.462,8168,0
20190716,26.501,26.569,26.482,26.511,7713,0
20190717,26.549,26.597,26.481,26.569,18585,0
20190718,26.569,26.741,26.559,26.665,23211,0
20190719,26.683,26.799,26.645,26.761,18410,0
20190722,26.723,26.799,26.635,26.799,32417,0
20190723,26.667,26.79,26.655,26.665,25526,0
20190724,26.798,26.867,26.683,26.829,23772,0
20190725,26.781,26.829,26.731,26.781,14017,0
20190726,26.693,26.79,26.693,26.741,16283,0
20190729,26.781,26.829,26.713,26.798,14052,0
20190730,26.857,26.857,26.645,26.645,30302,0
20190731,26.645,26.723,26.433,26.433,117506,0
20190801,26.511,26.713,26.501,26.577,31771,0
20190802,26.539,26.617,26.433,26.577,12596,0
20190805,26.46,26.46,26.173,26.284,21195,0
20190806,26.327,26.355,26.279,26.337,43307,0
20190807,26.298,26.298,26.105,26.134,30122,0
20190808,26.143,26.327,26.143,26.307,8466,0
20190809,26.307,26.347,26.239,26.337,7736,0
20190812,26.355,26.413,26.192,26.201,59267,0
20190813,26.298,26.483,26.298,26.453,18639,0
20190814,26.385,26.471,26.24,26.405,25305,0
20190815,26.418,26.593,26.418,26.481,9751,0
20190816,26.529,26.675,26.365,26.433,21180,0
20190819,26.453,26.559,26.443,26.491,6045,0
20190820,26.539,26.626,26.433,26.443,30819,0
20190821,26.559,26.693,26.501,26.529,16079,0
20190822,26.481,26.607,26.423,26.569,19571,0
20190823,26.539,26.635,26.471,26.481,18102,0
20190826,26.617,26.617,26.259,26.324,43155,0
20190827,26.405,26.529,26.29,26.453,48328,0
20190828,26.519,26.529,26.347,26.385,59223,0
20190829,26.423,26.494,26.153,26.269,63690,0
20190830,26.259,26.375,26.143,26.192,136364,0
20190903,26.279,26.375,26.279,26.337,27520,0
20190904,26.385,26.509,26.385,26.395,28415,0
20190905,26.462,26.51,26.405,26.433,24185,0
20190906,26.481,26.529,26.433,26.519,22427,0
20190909,26.559,26.559,26.443,26.453,23171,0
20190910,26.511,26.549,26.385,26.443,30205,0
20190911,26.471,26.534,26.385,26.443,28979,0
20190912,26.511,26.655,26.462,26.655,16623,0
20190913,26.655,26.752,26.36,26.478,76788,0
20190916,26.537,26.748,26.527,26.635,33411,0
20190917,26.694,26.704,26.616,26.684,6716,0
20190918,26.704,26.753,26.625,26.625,49165,0
20190919,26.714,26.733,26.635,26.635,13319,0
20190920,26.763,26.763,26.655,26.675,13884,0
20190923,26.684,26.832,26.684,26.773,32489,0
20190924,26.802,26.822,26.704,26.743,13892,0
20190925,26.773,26.861,26.694,26.812,12746,0
20190926,26.851,26.92,26.762,26.92,19789,0
20190927,26.91,26.91,26.778,26.783,19060,0
20190930,26.9,26.9,26.684,26.763,108064,0
20191001,26.861,26.861,26.684,26.773,22599,0
20191002,26.704,26.831,26.684,26.812,34280,0
20191003,26.812,26.9,26.763,26.851,12073,0
20191004,26.871,26.94,26.861,26.9,26570,0
20191007,26.802,26.848,26.773,26.822,10541,0
20191008,26.822,26.91,26.783,26.832,14884,0
20191009,26.822,26.91,26.684,26.724,12871,0
20191010,26.763,26.812,26.763,26.763,10706,0
20191011,26.802,26.94,26.802,26.871,15031,0
20191014,26.95,26.95,26.881,26.93,14304,0
20191015,26.93,26.959,26.856,26.95,28625,0
20191016,26.959,27.117,26.898,26.959,19150,0
20191017,26.94,27.215,26.891,27.087,38840,0
20191018,27.057,27.058,26.832,26.832,7949,0
20191021,26.944,27.058,26.9,27.038,15257,0
20191022,27.028,27.058,26.876,27.058,18017,0
20191023,27.058,27.244,27.033,27.244,20328,0
20191024,27.031,27.313,27.031,27.306,12416,0
20191025,27.232,27.303,27.232,27.234,13246,0
20191028,27.274,27.274,27.126,27.175,9941,0
20191029,27.254,27.257,27.166,27.225,14691,0
20191030,27.19,27.303,27.136,27.303,36487,0
20191031,27.146,27.5,27.077,27.117,183664,0
20191101,27.146,27.175,27.058,27.097,30022,0
20191104,27.097,27.244,27.078,27.097,16412,0
20191105,27.146,27.234,27.077,27.087,16518,0
20191106,27.195,27.195,27.077,27.107,14608,0
20191107,27.107,27.195,27.009,27.117,435263,0
20191108,27.146,27.146,27.032,27.146,18736,0
20191111,27.166,27.166,27.117,27.117,14687,0
20191112,27.182,27.182,27.077,27.097,13836,0
20191113,27.117,27.254,27.117,27.254,15302,0
20191114,27.254,27.254,27.195,27.234,12911,0
20191115,27.225,27.303,27.225,27.303,5260,0
20191118,27.303,27.303,27.225,27.254,16763,0
20191119,27.303,27.303,27.087,27.087,18722,0
20191120,27.225,27.254,27.225,27.25,7825,0
20191121,27.303,27.303,27.009,27.018,20457,0
20191122,27.284,27.284,27.156,27.156,18912,0
20191125,27.166,27.195,27.121,27.195,23392,0
20191126,27.195,27.195,27.077,27.107,36440,0
20191127,27.195,27.205,27.077,27.077,63882,0
20191129,27.077,27.205,27.077,27.077,70824,0
20191202,27.117,27.117,27.038,27.107,12229,0
20191203,27.097,27.156,27.028,27.067,13908,0
20191204,27.067,27.097,27.058,27.058,17440,0
20191205,27.117,27.133,27.058,27.058,21602,0
20191206,27.058,27.058,27.009,27.048,34955,0
20191209,27.205,27.205,27.038,27.038,10343,0
20191210,27.195,27.195,27.028,27.058,34895,0
20191211,27.126,27.126,27.028,27.048,29348,0
20191212,27.018,27.061,27.018,27.028,7568,0
20191213,27.028,27.126,26.989,27.048,56846,0
20191216,27.5,27.5,27.3,27.37,21587,0
20191217,27.45,27.45,27.3389,27.45,30396,0
20191218,27.45,27.54,27.36,27.36,15768,0
20191219,27.34,27.41,27.34,27.35,13516,0
20191220,27.41,27.41,27.35,27.36,6685,0
20191223,27.48,27.48,27.41,27.435,4776,0
20191224,27.47,27.47,27.42,27.42,2599,0
20191226,27.46,27.46,27.3331,27.4273,22301,0
20191227,27.43,27.44,27.37,27.43,27016,0
20191230,27.38,27.45,27.32,27.32,31854,0
20191231,27.45,27.45,27.24,27.24,54417,0
20200102,27.31,27.49,27.31,27.47,34522,0
20200103,27.36,27.64,27.36,27.64,29911,0
20200106,27.68,27.73,27.5,27.65,22246,0
20200107,27.75,27.75,27.49,27.61,36037,0
20200108,27.6,27.8,27.59,27.8,50329,0
20200109,27.8,27.8,27.5,27.57,25613,0
20200110,27.64,27.7358,27.5301,27.72,14905,0
20200113,27.73,27.75,27.63,27.63,29856,0
20200114,27.61,27.79,27.6,27.66,9166,0
20200115,27.66,27.79,27.55,27.79,18460,0
20200116,27.79,27.79,27.72,27.75,8425,0
20200117,27.74,27.8,27.74,27.8,25409,0
20200121,27.8,27.8,27.78,27.8,18550,0
20200122,27.8,27.84,27.7839,27.82,42699,0
20200123,27.84,27.84,27.7591,27.8307,21640,0
