Date,Open,High,Low,Close,Volume,OpenInt
20171229,28.898,28.984,28.898,28.974,209616,0
20180102,29.254,29.579,29.254,29.579,2502,0
20180103,29.497,29.497,29.497,29.497,886,0
20180104,29.848,29.848,29.848,29.848,220,0
20180105,29.944,30.145,29.944,30.145,1545,0
20180108,29.896,30.059,29.896,30.04,9286,0
20180109,30.04,30.357,30.04,30.222,8374,0
20180110,30.079,30.193,30.061,30.193,4382,0
20180111,30.079,30.443,30.079,30.414,3068,0
20180112,30.462,30.509,30.444,30.457,1845,0
20180116,30.836,30.836,30.61,30.634,3339,0
20180117,30.836,31.037,30.549,31.009,21546,0
20180118,30.709,30.98,30.708,30.932,2793,0
20180119,31.085,31.374,31.018,31.182,12549,0
20180122,31.158,31.379,31.116,31.379,5918,0
20180123,31.21,31.441,31.167,31.229,5048,0
20180124,31.613,31.699,31.182,31.594,9178,0
20180125,31.584,31.632,31.229,31.229,4701,0
20180126,31.432,31.564,31.392,31.564,5238,0
20180129,31.317,31.354,31.28,31.323,2946,0
20180130,31.009,31.009,30.874,30.98,1295,0
20180131,31.047,31.238,31.024,31.024,2423,0
20180201,31.152,31.201,31.076,31.076,1837,0
20180202,31.527,31.527,30.423,30.423,669,0
20180205,30.374,30.374,29.57,29.57,1677,0
20180206,29.311,30.108,29.311,30.108,1,0
20180208,29.55,29.55,28.86,29.003,2473,0
20180209,28.594,28.615,28.544,28.596,549,0
20180212,28.869,29.319,28.869,29.195,1227,0
20180214,29.44,29.727,29.44,29.727,1033,0
20180215,30.145,30.145,29.628,30.062,989,0
20180216,30.099,30.146,29.562,30.011,1784,0
20180220,29.762,29.771,29.724,29.743,2023,0
20180221,29.828,30.01,29.638,29.683,3812,0
20180222,29.676,29.733,29.618,29.733,875,0
20180223,29.973,29.973,29.973,29.973,417,0
20180226,30.205,30.241,30.205,30.213,1277,0
20180305,29.339,29.344,29.339,29.344,386,0
20180306,29.628,29.63,29.628,29.63,208,0
20180307,29.55,29.558,29.55,29.557,1349,0
20180319,29.743,29.743,29.743,29.743,5215,0
20180320,29.686,29.686,29.666,29.666,667,0
20180402,28.716,28.716,28.716,28.716,104,0
20180405,29.225,29.282,29.225,29.282,271,0
20180409,29.368,29.368,29.368,29.368,180,0
20180413,29.695,29.695,29.695,29.695,1056,0
20180416,29.541,29.541,29.186,29.186,583,0
20180420,29.293,29.293,29.293,29.293,208,0
20180425,28.744,28.764,28.744,28.764,295,0
20180426,28.936,28.936,28.869,28.869,781,0
20180427,28.956,28.956,28.956,28.956,104,0
20180509,28.572,28.598,28.572,28.598,260,0
20180511,28.974,28.974,28.974,28.974,736,0
20180523,28.499,28.499,28.499,28.499,108,0
20180529,27.794,27.804,27.794,27.804,1173,0
20180530,28.149,28.149,28.084,28.084,703,0
20180605,28.465,28.465,28.465,28.465,521,0
20180612,28.727,28.731,28.727,28.731,995,0
20180625,26.941,27.076,26.941,26.98,16999,0
20180628,26.692,26.692,26.432,26.432,1479,0
20180629,27.315,27.919,27.066,27.226,32989,0
20180702,27.162,27.162,26.973,27.145,3570,0
20180703,27.363,27.363,27.243,27.335,1533,0
20180709,27.631,27.871,27.631,27.871,1764,0
20180710,27.949,28.035,27.718,28.035,4055,0
20180712,28.073,28.073,27.953,27.953,984,0
20180713,27.804,27.843,27.804,27.843,223,0
20180718,27.698,27.698,27.698,27.698,1041,0
20180719,27.469,27.507,27.433,27.507,747,0
20180720,27.622,27.66,27.597,27.66,2936,0
20180724,27.88,27.929,27.88,27.929,626,0
20180726,28.073,28.073,27.982,28.063,3327,0
20180730,28.11,28.11,28.11,28.11,104,0
20180801,28.083,28.11,28.083,28.11,446,0
20180803,27.555,27.702,27.546,27.663,1639,0
20180806,27.335,27.335,27.335,27.335,20846,0
20180807,27.678,27.708,27.678,27.708,11264,0
20180808,27.612,27.612,27.612,27.612,10424,0
20180809,27.939,27.939,27.939,27.939,277,0
20180814,26.95,27.239,26.95,27.239,969,0
20180815,26.49,26.499,26.49,26.499,277,0
20180816,26.777,26.777,26.538,26.538,8443,0
20180817,26.759,26.759,26.759,26.759,313,0
20180820,26.759,26.899,26.759,26.825,1772,0
20180821,27.143,27.143,27.095,27.095,761,0
20180824,27.718,27.718,27.718,27.718,104,0
20180831,27.315,27.315,27.315,27.315,10424,0
20180905,26.845,26.884,26.778,26.778,1901,0
20180906,26.759,26.855,26.759,26.855,417,0
20180907,26.653,26.682,26.529,26.682,1876,0
20180910,26.461,26.514,26.432,26.461,23139,0
20180911,26.614,26.614,26.548,26.548,1564,0
20180912,26.74,26.74,26.701,26.701,573,0
20180913,27.076,27.105,27.076,27.105,860,0
20180917,27.186,27.186,27.186,27.186,606,0
20180918,27.276,27.276,27.276,27.276,130,0
20180919,27.669,27.669,27.669,27.669,155,0
20180928,27.585,27.618,27.527,27.527,5733,0
20181002,27.411,27.411,27.411,27.411,1282,0
20181004,26.972,26.972,26.825,26.825,1147,0
20181005,26.653,26.653,26.538,26.569,485,0
20181008,26.355,26.355,26.355,26.355,104,0
20181009,26.394,26.394,26.394,26.394,144,0
20181011,25.539,25.539,25.261,25.261,1569,0
20181012,25.819,25.819,25.8,25.8,342,0
20181015,25.943,25.943,25.943,25.943,155,0
20181016,26.309,26.309,26.309,26.309,153,0
20181017,26.03,26.03,26.03,26.03,104,0
20181019,25.692,25.692,25.635,25.635,936,0
20181022,25.549,25.549,25.53,25.539,10631,0
20181024,25.295,25.295,25.214,25.214,979,0
20181031,25.166,25.166,25.166,25.166,5211,0
20181101,25.77,25.77,25.607,25.607,2207,0
20181102,25.78,25.78,25.78,25.78,104,0
20181105,25.904,25.955,25.896,25.914,927,0
20181106,25.91,25.91,25.906,25.906,891,0
20181109,25.721,25.721,25.721,25.721,162,0
20181112,25.491,25.491,25.491,25.491,104,0
20181113,25.569,25.569,25.569,25.569,104,0
20181114,25.635,25.635,25.635,25.635,104,0
20181115,25.924,25.924,25.924,25.924,104,0
20181116,25.981,25.981,25.981,25.981,155,0
20181119,25.78,25.78,25.78,25.78,104,0
20181120,25.146,25.269,25.146,25.269,563,0
20181128,25.761,25.761,25.761,25.761,265,0
20181129,25.777,25.777,25.777,25.777,131,0
20181130,25.599,25.599,25.599,25.599,10805,0
20181206,25.235,25.252,25.235,25.252,208,0
20181207,25.281,25.281,25.049,25.049,16885,0
20181212,25.292,25.325,25.292,25.325,355,0
20181213,25.184,25.271,25.184,25.271,296,0
20181217,24.591,25.012,24.591,24.591,2711,0
20181218,24.88,24.88,24.88,24.88,130,0
20181219,25.095,25.095,24.661,24.661,1147,0
20181220,24.724,24.724,24.641,24.724,253,0
20181221,24.811,24.811,24.495,24.495,1934,0
20181226,24.314,24.314,24.235,24.274,2755,0
20181227,24.01,24.187,23.904,24.187,834,0
20181228,24.229,24.229,24.229,24.229,204,0
20181231,24.285,24.285,24.285,24.285,102,0
20190102,24.334,24.334,24.334,24.334,102,0
20190103,24.805,24.805,24.179,24.207,5901,0
20190107,25.053,25.053,25.053,25.053,256,0
20190109,25.421,25.421,25.421,25.421,613,0
20190110,25.442,25.562,25.432,25.562,3573,0
20190115,25.52,25.52,25.491,25.491,612,0
20190116,25.745,25.745,25.745,25.745,204,0
20190122,25.402,25.442,25.402,25.442,621,0
20190123,25.717,25.717,25.717,25.717,111,0
20190131,26.536,26.536,26.536,26.536,152,0
20190206,26.598,26.608,26.598,26.608,1019,0
20190207,26.099,26.099,26.099,26.099,258,0
20190208,26,26,25.941,25.941,306,0
20190219,25.632,25.632,25.632,25.632,154,0
20190221,26.137,26.137,26.137,26.137,204,0
20190222,26.305,26.48,26.305,26.48,420,0
20190226,27.52,27.52,27.52,27.52,102,0
20190304,25.853,25.96,25.853,25.96,1116,0
20190306,26.174,26.174,26.174,26.174,172,0
20190308,25.637,25.637,25.637,25.637,11104,0
20190313,26.277,26.277,26.264,26.274,592,0
20190318,26.663,26.663,26.663,26.663,510,0
20190322,26.422,26.422,26.422,26.422,255,0
20190329,26.431,26.431,26.431,26.431,306,0
20190402,26.412,26.412,26.412,26.412,166,0
20190403,26.518,26.518,26.518,26.518,837,0
20190405,26.481,26.52,26.441,26.511,2969,0
20190408,26.624,26.624,26.549,26.549,2248,0
20190409,26.574,26.574,26.51,26.51,2295,0
20190411,26.573,26.599,26.541,26.597,2228,0
20190417,26.838,26.838,26.838,26.838,817,0
20190418,26.785,26.785,26.785,26.785,102,0
20190422,26.588,26.787,26.588,26.787,651,0
20190424,26.618,26.618,26.461,26.461,1019,0
20190425,26.402,26.427,26.402,26.427,518,0
20190430,26.668,26.668,26.668,26.668,1544,0
20190503,26.714,26.714,26.668,26.668,302,0
20190506,26.343,26.343,26.343,26.343,102,0
20190507,26,26,26,26,102,0
20190509,23.55,25.843,23.55,25.843,4896,0
20190513,25.785,25.785,25,25.02,37638,0
20190514,25,25.098,25,25.098,826,0
20190516,25.687,25.687,25.687,25.687,306,0
20190522,25.685,25.685,25.685,25.685,220,0
20190604,26.054,26.054,26.054,26.054,213,0
20190614,26.251,26.251,26.251,26.251,634,0
20190619,26.681,26.681,26.681,26.681,151,0
20190702,27.303,27.303,27.303,27.303,250,0
20190709,27.044,27.044,27.044,27.044,354,0
20190712,27.08,27.08,27.056,27.056,369,0
20190715,27.412,27.412,27.189,27.202,1281,0
20190717,27.066,27.066,27.066,27.066,101,0
20190718,27.135,27.135,27.135,27.135,101,0
20190730,26.522,26.522,26.522,26.522,253,0
20190731,26.373,26.373,26.373,26.373,101,0
20190806,25.416,25.416,25.416,25.416,455,0
20190812,25.326,25.435,25.306,25.396,9679,0
20190813,25.455,25.455,25.455,25.455,317,0
20190820,25.66,25.66,25.66,25.66,348,0
20190821,25.603,25.603,25.603,25.603,101,0
20190826,25.308,25.308,25.308,25.308,241,0
20190828,25.366,25.366,25.366,25.366,324,0
20190829,25.682,25.682,25.682,25.682,105,0
20190919,26.237,26.279,25.811,25.811,672,0
20190920,26.274,26.274,26.274,26.274,202,0
20190925,25.91,26.026,25.91,26.026,1177,0
20190926,26.076,26.078,26.076,26.078,580,0
20191018,26.455,26.455,26.455,26.455,121113,0
20191021,26.613,26.613,26.613,26.613,404,0
20191022,26.445,26.742,26.445,26.742,555,0
20191029,26.742,26.742,26.651,26.651,868,0
20191031,26.574,26.574,26.455,26.455,10093,0
20191104,26.801,27.06,26.801,27.021,1852,0
20191105,26.99,27.075,26.99,27.063,462,0
20191111,26.866,26.866,26.866,26.866,101,0
20191115,26.782,26.782,26.554,26.554,25333,0
20191125,26.914,26.914,26.911,26.911,479,0
20191126,26.748,26.757,26.748,26.757,126,0
20191203,26.811,26.811,26.811,26.811,137,0
20191205,26.871,26.912,26.871,26.906,373,0
20191206,26.92,26.92,26.92,26.92,105,0
20191209,26.752,26.752,26.752,26.752,540,0
20191211,27.152,27.162,27.152,27.162,222,0
20191216,27.967,27.971,27.733,27.838,1172,0
20191220,28.001,28.04,28.001,28.04,1514,0
20200103,28.19,28.2601,28.19,28.2601,360,0
20200106,27.64,28.0782,27.64,28.07,853,0
20200107,28.2524,28.2524,28.163,28.163,500,0
20200116,28.79,28.8706,28.79,28.8706,101,0
