Date,Open,High,Low,Close,Volume,OpenInt
20160324,15.9409,16.11,14.79,15.11,12655,0
20160328,15.4,16.5999,15.4,15.75,6730,0
20160329,15.4,15.79,15.21,15.77,10175,0
20160330,16.5,16.5,16.01,16.49,5438,0
20160331,16.34,17.2,16.34,16.77,8228,0
20160401,17.2613,18.55,17.06,18.32,23780,0
20160404,18.53,20,18.33,20,18119,0
20160405,20,20,18.73,19.1,12222,0
20160406,18.8801,20,18.8801,19.75,7185,0
20160407,19.875,20.04,19.64,19.8061,2008,0
20160408,19.65,20,19.65,19.86,6243,0
20160411,20,20,19.74,19.9,1622,0
20160412,19.9,20.45,19.755,20.15,15048,0
20160413,20.28,20.64,20.1,20.38,10812,0
20160414,20.52,20.75,19.93,20.08,11199,0
20160415,19.86,20.5,19.76,19.78,10696,0
20160418,19.77,20.49,19.77,20.27,30710,0
20160419,20.25,20.25,19.89,20.21,83267,0
20160420,19.9605,20.3,19.9605,20.13,4566,0
20160421,20.34,20.58,20.3074,20.5,3910,0
20160422,20.331,20.996,20.331,20.99,10430,0
20160425,20.99,21.3004,20.8173,21.2,16893,0
20160426,21,21.15,20.706,21.01,23626,0
20160427,20.93,21.2,20.68,21.03,9824,0
20160428,21,21.2,21,21.065,4676,0
20160429,21,21.062,20.59,20.64,2942,0
20160502,20.26,20.91,20.21,20.4,7486,0
20160503,20.06,20.06,19.55,20,9754,0
20160504,20.5,20.5,19.38,19.87,7955,0
20160505,19.76,19.76,19.3901,19.5,5067,0
20160506,19.47,19.57,19.1,19.45,3704,0
20160509,19.2444,20.46,19.2444,19.745,3609,0
20160510,19.25,19.85,18.3,19.66,9771,0
20160511,19.3264,19.59,19.15,19.56,8624,0
20160512,19.1501,19.53,19.15,19.48,4496,0
20160513,19.43,19.63,19.17,19.38,5732,0
20160516,19.55,19.56,19.28,19.56,2666,0
20160517,19.2501,19.98,19.2501,19.51,4567,0
20160518,19.48,19.5,19.2977,19.5,2192,0
20160519,19.52,20,19.2897,19.94,7252,0
20160520,19.9,19.94,19.74,19.94,2400,0
20160523,19.99,20,19.7001,20,12563,0
20160524,19.5072,20,19.5072,20,10197,0
20160525,19.8644,20.14,19.638,19.98,7331,0
20160526,19.4769,20.06,19.4769,20.06,3033,0
20160527,20,20.94,20,20.8,43676,0
20160531,20.77,21.225,20.62,21.11,4604,0
20160601,21.21,21.25,21,21.24,2777,0
20160602,21.27,23.1,21.27,23.02,18258,0
20160603,22.3801,23.05,22.3801,22.96,6147,0
20160606,22.74,22.99,22.39,22.96,20871,0
20160607,23,23.04,22.72,23.04,19994,0
20160608,23,23.1,22.4725,23,14200,0
20160609,22.79,22.79,21.478,22.405,9799,0
20160610,22.26,22.58,22,22.5,5308,0
20160613,22.6,22.6,20.83,20.83,16882,0
20160614,20.46,21.57,20.46,21.06,5566,0
20160615,21.17,21.26,20.3,20.39,13363,0
20160616,20.24,20.61,19.27,20.14,17770,0
20160617,18.8021,19.74,18.61,19.73,7078,0
20160620,19.2,20.21,19.2,19.61,19738,0
20160621,19.79,20.22,19.79,20.15,11566,0
20160622,19.97,19.97,18.56,19.35,14820,0
20160623,19.95,19.95,18.79,18.79,17788,0
20160624,18.6,18.99,17.66,17.9,212761,0
20160627,17.6,18.8,17.6,18.3,15438,0
20160628,17.7,18.79,17.58,18.74,11620,0
20160629,18.745,18.98,18.65,18.69,7014,0
20160630,18.5535,20.11,18.5535,19.82,18095,0
20160701,19.9,20.21,19.86,19.91,12170,0
20160705,20.18,20.18,19.77,20.08,11914,0
20160706,20,20.15,19.6,19.63,9492,0
20160707,19.66,19.7,18.66,19.04,6592,0
20160708,19.25,19.25,18.1,18.5,13898,0
20160711,18.71,19.62,18.6017,19.37,9095,0
20160712,19.52,20.3297,18.97,19.9971,11456,0
20160713,20.1,20.1,19.22,19.38,6295,0
20160714,19.15,19.62,18.81,18.81,3251,0
20160715,19.25,19.56,19.08,19.56,4029,0
20160718,18.5401,19.5,18.5401,19.4,3808,0
20160719,18.9623,19.52,18.58,18.8,16076,0
20160720,18.825,19.11,18.81,18.99,10635,0
20160721,19.17,19.17,18.95,19.1,945,0
20160722,19,19.34,19,19.19,2774,0
20160725,19.28,19.34,19.12,19.34,4238,0
20160726,19.1,19.27,19.0801,19.27,3461,0
20160727,19.126,19.885,19,19.77,19805,0
20160728,19.0601,20.09,19.0601,20.01,5540,0
20160729,19.78,20.05,19.43,19.45,6983,0
20160801,19.68,20.49,19.68,20.46,58926,0
20160802,20.63,20.63,19.61,19.72,4962,0
20160803,19.85,19.85,19.42,19.56,6798,0
20160804,19.81,19.81,19.31,19.31,3611,0
20160805,19.31,20.18,19.22,19.49,3243,0
20160808,19.11,19.3011,19.05,19.07,4139,0
20160809,19.024,19.024,18.92,19,1196,0
20160810,18.9439,18.9439,17.62,17.7,13705,0
20160811,18.28,18.28,17.745,17.7501,4600,0
20160812,17.41,18.03,17.41,17.91,2987,0
20160815,17.5,17.9999,17.5,17.9999,1888,0
20160816,17.77,17.98,17.48,17.5,5064,0
20160817,17.46,17.59,17.01,17.19,3476,0
20160818,15.9,15.99,15.26,15.89,387666,0
20160819,15.94,15.99,15.71,15.84,30047,0
20160822,16,16.75,15.98,16.7,53317,0
20160823,16.5,16.78,16.5,16.75,21132,0
20160824,16.75,16.82,16.56,16.64,20711,0
20160825,16.73,16.79,16.5901,16.7,17086,0
20160826,16.75,16.8,16,16.02,68624,0
20160829,15.9,16.23,15.79,16.01,19369,0
20160830,16.01,16.19,15.8901,16.02,15904,0
20160831,16,16.66,14.8,14.92,94195,0
20160901,14.74,15.65,14.5315,14.65,5353,0
20160902,14.94,14.94,14.59,14.64,6876,0
20160906,14.72,14.72,14.12,14.31,10306,0
20160907,14.24,14.59,14.24,14.52,5627,0
20160908,14.46,14.7,14.4,14.49,6863,0
20160909,14.4,14.5,13.81,13.83,15901,0
20160912,13.66,14.3199,13.6,14.26,11825,0
20160913,14.1,14.46,14.1,14.22,11726,0
20160914,14.53,14.6899,14.4,14.42,11857,0
20160915,14.46,14.65,13.87,14,23885,0
20160916,14.03,14.61,13.88,14.57,125073,0
20160919,14.36,14.946,14.11,14.18,31617,0
20160920,14.17,14.669,14.06,14.3,23307,0
20160921,14.0101,14.3009,13.8,14.02,10045,0
20160922,14.03,14.23,13.94,14.05,15006,0
20160923,14.05,14.2181,13.83,14,10328,0
20160926,13.82,14.065,13.8,13.81,21809,0
20160927,14.0232,14.0232,13.8,13.85,14272,0
20160928,13.86,13.97,13.79,13.81,10869,0
20160929,14.1499,14.1499,13.3,13.48,5889,0
20160930,13.15,13.63,13.15,13.39,71056,0
20161003,13.3921,13.5392,13.12,13.35,34714,0
20161004,13.37,13.4,13.01,13.28,27497,0
20161005,13.24,13.24,12.9,13.08,46667,0
20161006,13.15,13.489,12.92,13.02,14187,0
20161007,13.06,13.06,12.81,12.95,12743,0
20161010,13.05,13.11,12.91,12.99,14948,0
20161011,13.02,13.26,13,13.05,11378,0
20161012,13.02,14.15,12.646,12.76,21588,0
20161013,12.5007,12.7,12.04,12.04,34248,0
20161014,12.09,12.79,10.71,11.31,39674,0
20161017,11.3,12.16,11.3,11.98,12185,0
20161018,12.09,12.65,12.09,12.65,15691,0
20161019,12.65,13.0699,12.65,13.04,8852,0
20161020,12.92,14.75,12.92,14.39,64942,0
20161021,14.32,14.56,14.16,14.37,19467,0
20161024,14.33,14.35,13.02,13.17,16739,0
20161025,13.06,13.6399,12.5,12.65,9063,0
20161026,12.62,12.62,12.0501,12.27,16227,0
20161027,12.25,12.25,12,12.03,6719,0
20161028,12.01,12.02,11.4,11.77,16014,0
20161031,11.66,11.75,11.45,11.45,5330,0
20161101,11.55,11.85,11.55,11.7,9305,0
20161102,11.45,11.75,11.35,11.6,9138,0
20161103,11.9,11.9,11.15,11.3,21648,0
20161104,11.45,11.5,10.9,10.9,10681,0
20161107,10.95,11.2435,10.9,11.2,14120,0
20161108,11,11.057,10.8,11,10924,0
20161109,11.35,12,11.25,11.9,26214,0
20161110,11.95,13.5,11.8,12.9,23634,0
20161111,12.9,13.575,12.15,13.55,58588,0
20161114,13.7,13.7,11.52,11.75,77577,0
20161115,11.95,12.5,11.61,12.25,13260,0
20161116,12.075,12.45,11.95,12.45,20415,0
20161117,12.55,12.9,12.4,12.8,40107,0
20161118,12.9,13.3,12.85,13.3,22091,0
20161121,13.1,13.1,12.05,12.9,23388,0
20161122,13,13.1,12.3,12.95,35367,0
20161123,12.65,12.85,12.5,12.75,6686,0
20161125,12.7,13.1,12.65,13,5165,0
20161128,12.6,12.875,12.405,12.5,17506,0
20161129,12.65,12.8,11.8,12.35,9725,0
20161130,12.35,12.85,12.175,12.3,6594,0
20161201,12.15,12.35,11.625,11.85,11269,0
20161202,11.6,12.4444,11.4,11.7,12907,0
20161205,11.45,11.95,11.45,11.75,12426,0
20161206,11.7,12.7,11.7,12.65,10693,0
20161207,12.7,12.7,11.7,11.8,17863,0
20161208,11.75,12.75,11.5,12.65,13849,0
20161209,12.7,12.7,11.8,11.9,23934,0
20161212,12,12.25,11.35,11.55,28413,0
20161213,11.4,11.74,11.1,11.55,24029,0
20161214,11.5215,11.5215,11.1,11.2,7774,0
20161215,11.25,11.85,11.25,11.85,6839,0
20161216,11.75,12.1,11.55,11.55,42292,0
20161219,11.35,12.1,11.15,11.75,19171,0
20161220,11.8,12.3,11.8,12.3,45949,0
20161221,12.2,12.25,11.5,11.55,11918,0
20161222,11.6727,11.6727,11,11.05,19327,0
20161223,11.2004,11.4,11,11.35,9038,0
20161227,11.3,11.45,11.0001,11.2,10833,0
20161228,11.1,11.15,10.85,10.95,11736,0
20161229,11.0735,11.25,10.8,10.85,9959,0
20161230,10.85,11.75,10.75,11.65,20699,0
20170103,11.7,12,11.6,11.9,12045,0
20170104,12,12.2374,11.85,12,13293,0
20170105,12,12.05,11.7202,11.8,5919,0
20170106,11.9,11.95,11.9,11.95,1500,0
20170109,11.95,11.95,11.675,11.7,4935,0
20170110,11.525,11.85,11.45,11.85,2782,0
20170111,11.7192,12.15,11.7192,12.1,8575,0
20170112,12.08,12.08,11.65,11.75,10998,0
20170113,12,12.2,11.7,12.1,10813,0
20170117,12.1,12.45,11.9219,12.25,15491,0
20170118,12.3,12.65,12.2,12.3,14253,0
20170119,12.35,12.35,11.25,11.45,28848,0
20170120,11.5,11.65,10.8,11.15,8742,0
20170123,11.15,11.85,11.15,11.55,10222,0
20170124,11.25,11.6,11.25,11.55,7178,0
20170125,11.95,11.95,11.6,11.8,4521,0
20170126,11.75,11.925,11.65,11.75,4026,0
20170127,11.7,11.7,11.5,11.6,3846,0
20170130,11.5,11.75,11.5,11.7,4227,0
20170131,11.675,12.4,11.675,12.4,4402,0
20170201,12.209,12.209,11.805,11.85,7441,0
20170202,12.3789,12.3789,11.1,12,37996,0
20170203,12.1,12.1,11.65,11.9,7812,0
20170206,11.75,11.9,11.75,11.85,4501,0
20170207,11.95,11.95,11.55,11.6,3884,0
20170208,11.65,11.65,11.05,11.2,13806,0
20170209,11.25,11.812,11.05,11.2,8849,0
20170210,11.25,11.25,11.05,11.1,1964,0
20170213,11.3,11.35,11.1,11.35,6124,0
20170214,11.35,11.45,11.05,11.2,6910,0
20170215,11.2,11.4459,11.1,11.25,5790,0
20170216,11.4,11.4,11.1,11.2,8033,0
20170217,11.3,11.4,11.15,11.35,18171,0
20170221,11.3,11.39,11.05,11.2,14101,0
20170222,11.1166,11.25,11,11.1,10780,0
20170223,11.05,11.1,10.95,10.95,16998,0
20170224,11,11.2,10.95,11.05,20559,0
20170227,11.055,11.3,11.025,11.3,10649,0
20170228,11.3,11.4,11.1,11.3,18141,0
20170301,11.4,11.54,11.1,11.4,11457,0
20170302,11.4,12.1,11.4,11.65,45586,0
20170303,11.65,12.05,11.65,11.75,41599,0
20170306,11.8,11.855,11.3,11.65,69842,0
20170307,11.55,11.7,11.55,11.6,19891,0
20170308,11.75,11.8,11.35,11.6,42269,0
20170309,11.65,11.835,11.6,11.75,20873,0
20170310,11.8,12.05,11.675,11.95,45347,0
20170313,12,12.19,11.575,11.75,12164,0
20170314,11.65,11.7,11.2,11.3,28419,0
20170315,11.3,11.55,11.245,11.35,14098,0
20170316,11.4,11.75,11.25,11.4,15573,0
20170317,11.3,11.3,11.05,11.2,30551,0
20170320,11.19,11.3,11,11.25,27391,0
20170321,11.25,11.255,10.4,10.55,58021,0
20170322,10.6975,10.7508,10.4256,10.5,23467,0
20170323,10.45,10.65,10.15,10.4,16919,0
20170324,10.35,10.55,10.15,10.4,13553,0
20170327,10.4,11.25,10.4,10.8,28177,0
20170328,10.9,11.3,10.79,10.9,39743,0
20170329,11.15,11.8,11.15,11.35,89702,0
20170330,11.45,11.6,11.05,11.25,37764,0
20170331,11.2,11.495,11.1,11.45,77100,0
20170403,11.5,11.6,11.25,11.35,50137,0
20170404,11.45,11.525,10.85,11,73485,0
20170405,11.05,11.05,10.531,10.75,26841,0
20170406,10.8,10.8,9,9.1,166589,0
20170407,9.3,9.3,8.5,8.75,96458,0
20170410,8.85,9.3,8.75,9,54523,0
20170411,9.105,9.3425,8.55,8.85,35189,0
20170412,8.75,8.75,8.5,8.5,30149,0
20170413,8.5,8.9,8.5,8.5,33506,0
20170417,8.4,8.6954,8.25,8.3,30678,0
20170418,8.35,8.45,7.85,8,87848,0
20170419,8,8.45,7.95,8.1,75215,0
20170420,8.1,8.35,7.972,8.1,34864,0
20170421,8,8.3,7.84,7.9,48678,0
20170424,8.05,8.05,7.8,7.85,37699,0
20170425,7.8,7.81,7.45,7.65,61277,0
20170426,7.6,7.8,7.4457,7.7,91259,0
20170427,7.7,7.83,7.6,7.65,30432,0
20170428,7.6,8,7.35,7.9,58528,0
20170501,8,8.05,7.7,7.8,47499,0
20170502,7.85,8,7.675,7.8,62952,0
20170503,7.8,7.875,7.55,7.75,57913,0
20170504,7.8,7.95,7.7,7.8,45256,0
20170505,7.7,7.95,7.7,7.85,18760,0
20170508,7.9,7.95,7.75,7.75,22502,0
20170509,8.3283,8.3283,7.7,7.7,33664,0
20170510,7.75,7.775,7.3,7.65,102643,0
20170511,7.7,7.7,7.35,7.55,21572,0
20170512,7.35,7.45,6.85,7.05,85444,0
20170515,7,7.3,7,7.1,40530,0
20170516,7.2,7.4,6.9204,7.15,56438,0
20170517,7.2,7.2328,7.1,7.15,20467,0
20170518,7.15,7.2,7,7.05,62248,0
20170519,7.05,7.15,6.975,7.05,50589,0
20170522,7.05,7.05,6.9,7,18464,0
20170523,6.95,7.15,6.9,7,46933,0
20170524,7,7.05,6.925,7,18165,0
20170525,6.95,7,6.9,6.9,28119,0
20170526,6.95,6.95,6.9,6.9,23850,0
20170530,6.95,6.95,6.7,6.8,27402,0
20170531,6.85,6.8799,6.5699,6.65,16471,0
20170601,6.7,7,6.65,7,53286,0
20170602,7.05,7.1,6.8,6.95,56101,0
20170605,6.95,7.05,6.85,6.85,47145,0
20170606,7.2796,7.2796,6.8,6.8,18707,0
20170607,6.95,7.1,6.9,6.925,22989,0
20170608,6.95,6.95,6.8,6.9,15619,0
20170609,6.85,7,6.85,6.9,52624,0
20170612,7,7.125,6.45,6.6,57314,0
20170613,6.65,6.75,6.3,6.4,26665,0
20170614,6.55,6.6,6.12,6.45,44770,0
20170615,6.4,6.4,6.1198,6.25,37478,0
20170616,6.15,6.5,6.1,6.5,64997,0
20170619,6.45,6.75,6.35,6.7,48489,0
20170620,6.75,6.85,6.5,6.75,36143,0
20170621,7.1,7.15,6.95,6.95,123442,0
20170622,7.05,7.255,6.96,7.1,183452,0
20170623,7.05,7.3,6.85,6.95,424418,0
20170626,7.15,7.3793,6.9,7,97313,0
20170627,7.1,7.25,7.05,7.05,57531,0
20170628,7.25,7.25,7,7,60152,0
20170629,7.25,7.8,7.11,7.75,69223,0
20170630,7.85,8.15,7.5,7.9,63749,0
20170703,7.9,8.05,7.9,8,15690,0
20170705,8.25,8.5,8,8,41420,0
20170706,8.05,8.1,7.725,7.9,25727,0
20170707,7.8285,7.95,7.6,7.7,27351,0
20170710,7.75,7.87,7.3,7.625,37547,0
20170711,7.6,7.8,7.46,7.5,18485,0
20170712,7.5,7.65,7.3,7.3,27641,0
20170713,7.3,7.5,7.125,7.45,24324,0
20170714,8.4,10.25,8.15,9.25,1063983,0
20170717,9.55,10.45,9.5,9.95,443142,0
20170718,9.75,10.15,9.15,9.55,181605,0
20170719,9.65,9.9,9.25,9.55,94493,0
20170720,9.6,9.99,9.4,9.9,97229,0
20170721,9.85,10.1087,9.7,9.75,40476,0
20170724,9.75,9.933,9.05,9.45,87470,0
20170725,9.45,9.5306,9.1,9.1,43479,0
20170726,9.1,9.2,8.8,9.05,45080,0
20170727,9.15,9.5,8.8,8.9,44152,0
20170728,8.9,8.9,8.2,8.5,99458,0
20170731,8.6,9,8.55,8.7,33035,0
20170801,8.6,8.7,8.5,8.55,20006,0
20170802,8.6,8.6,8.3851,8.4,44624,0
20170803,8.45,8.61,8.4,8.55,30083,0
20170804,8.6,8.65,8.25,8.65,20614,0
20170807,8.65,8.65,8.25,8.25,57338,0
20170808,8.4,8.4,8.1,8.2,27611,0
20170809,8.15,8.245,7.7,7.7,86280,0
20170810,7.65,7.8,7.5,7.8,44292,0
20170811,7.85,8.1,7.73,8.05,28317,0
20170814,8.2,8.2,7.8,8,26568,0
20170815,7.95,8.25,7.8,8.075,26501,0
20170816,8.1,8.15,7.65,8,51191,0
20170817,8,8.145,7.7,7.8,188170,0
20170818,7.7,7.95,7.7,7.825,19053,0
20170821,7.9,7.94,7.7,7.85,14488,0
20170822,7.85,8.15,7.75,8.05,36710,0
20170823,8,8.45,7.95,8.05,47745,0
20170824,8.1,8.25,7.888,8.25,44799,0
20170825,8.0975,8.0975,7.7615,8,66823,0
20170828,8,8.25,7.95,8.2,87229,0
20170829,8.2,8.3,8.1,8.25,66782,0
20170830,8.255,9.1,8.175,9.025,107840,0
20170831,8.9,9.35,8.8,9.25,69514,0
20170901,9.35,9.65,9.15,9.6,93968,0
20170905,9.6,9.7,9.36,9.65,102389,0
20170906,9.7,10,9.6,9.9,63004,0
20170907,9.9,10.15,9.8333,10,29480,0
20170908,10,10.1699,9.65,9.8,45159,0
20170911,9.85,10.2,9.85,10.15,48032,0
20170912,10.25,10.75,10.25,10.5,61122,0
20170913,10.5,10.5,10,10.3,41129,0
20170914,10.25,10.6,10.2,10.5,43064,0
20170915,10.65,11.1678,10.2,11.15,60942,0
20170918,11.3,11.65,10.95,11.55,94266,0
20170919,11.65,12.05,10.46,10.8088,128773,0
20170920,11.1,11.1,10.65,10.75,40954,0
20170921,10.9,11.4,10.4,10.55,57381,0
20170922,10.65,10.9,10.2,10.55,30806,0
20170925,10.5,10.9683,10.5,10.85,53640,0
20170926,10.95,11.15,10.9,10.9,39026,0
20170927,10.85,11.1,10.65,10.95,18135,0
20170928,10.8,11.2,10.7,10.75,26272,0
20170929,10.7,11.15,10.65,11,25691,0
20171002,11.05,11.85,10.94,11.7,85055,0
20171003,11.7,11.7,11.05,11.5,37892,0
20171004,11.45,12,11.4186,12,85042,0
20171005,12,12.5,11.95,12.45,72236,0
20171006,12.38,12.95,12.31,12.85,101046,0
20171009,12.95,13.9,12.7,13.6,159460,0
20171010,13.6,13.6,13.1863,13.3,39083,0
20171011,13.35,13.7,13.35,13.55,45773,0
20171012,13.7,13.95,13.6,13.85,62544,0
20171013,13.9,13.9,13.05,13.2,56223,0
20171016,13.2,13.2,11.75,11.85,86593,0
20171017,11.8,12,11.3,11.5,35517,0
20171018,11.5,11.85,11.4328,11.65,50207,0
20171019,11.95,12.95,11.95,12.25,151523,0
20171020,12.4,13.15,12.1,12.8,121642,0
20171023,12.15,12.8,11.3,12,160786,0
20171024,12,12,10.8,11,90458,0
20171025,11,11.4,10.9,11.2,59098,0
20171026,11.3,11.3,10.8,10.8,40370,0
20171027,10.8,11.75,10.51,11.6,143902,0
20171030,11.5,12,10.9,10.9,81628,0
20171031,10.85,11.3,10.35,11.15,111132,0
20171101,11.25,11.275,10.305,10.6,67813,0
20171102,10.55,11.1,10.261,10.75,55892,0
20171103,11.05,11.8,10.7,11.4,55070,0
20171106,11.5,11.802,11.05,11.3,30859,0
20171107,11.2,11.2,10.55,10.65,38744,0
20171108,10.6,10.85,10.4,10.6,20869,0
20171109,10.55,11.35,10.3,11,30667,0
20171110,11.35,11.35,10.55,10.9,23629,0
20171113,10.95,11.05,10.55,10.85,18067,0
20171114,10.75,10.9,10.35,10.5,32923,0
20171115,10.5,10.9,10.3,10.7,28931,0
20171116,10.5,11.6,10.5,10.9,36688,0
20171117,10.95,10.95,10.4,10.85,31257,0
20171120,10.75,11,10.45,10.7,25567,0
20171121,10.7,11.2,10.6,11.05,34614,0
20171122,11.15,11.35,10.75,11.05,11559,0
20171124,10.95,11.4,10.8,10.95,23052,0
20171127,10.8,11.5,10.8,11.45,64241,0
20171128,11.4,11.95,11.21,11.8,28010,0
20171129,11.869,12,11.5,11.5,42366,0
20171130,11.45,11.85,11.45,11.75,38868,0
20171201,11.65,12,11.4,11.45,104752,0
20171204,11.5,12.5,11.5,11.8,25429,0
20171205,11.7,12,11.6,11.8,23081,0
20171206,11.8,12,11.45,11.85,30062,0
20171207,11.8,12.75,11.8,12.7,113932,0
20171208,12.85,13.4,12.45,12.95,193475,0
20171211,12.9859,12.9859,12.35,12.5,34343,0
20171212,12.45,12.6,12.35,12.35,17613,0
20171213,12.35,12.7,12.3,12.35,25813,0
20171214,12.4,12.45,12.1,12.1,239334,0
20171215,12.1,12.2,12,12,38546,0
20171218,12,12.1,11.75,11.9,29756,0
20171219,11.95,13,11.95,12.45,50046,0
20171220,12.45,13.15,12.45,12.8,34430,0
20171221,12.75,13.15,12.7,12.9,23539,0
20171222,12.9,13.25,12.9,13.15,30673,0
20171226,13.25,14.35,13.155,14.15,162291,0
20171227,14.2,14.5,13.2364,13.45,103076,0
20171228,13.55,14.1022,13.35,13.95,48411,0
20171229,13.95,14.3,13.8197,13.95,39221,0
20180102,14.2,14.25,13.65,14.05,97027,0
20180103,14.2,14.7,14.055,14.35,195726,0
20180104,14.5,14.84,13.6,14.4,125715,0
20180105,14.45,15,13.1,13.7,251464,0
20180108,13.75,13.75,12.875,13.2,125995,0
20180109,13.55,14.3,12.7734,14.2,177384,0
20180110,14,14.9,13.6,14.7,186593,0
20180111,14.9,15.45,14.75,15.35,199990,0
20180112,15.2,16.2,15.2,16,205550,0
20180116,9.6,9.65,8.05,8.1,2661681,0
20180117,8.25,8.65,7.9,8.45,599919,0
20180118,8.6,9.05,8.25,8.9,475418,0
20180119,9.25,9.25,8.7,8.85,180760,0
20180122,9,9.1,8.7,8.75,149896,0
20180123,8.85,9,8.75,8.9,107974,0
20180124,9,9.1,8.75,9.1,188370,0
20180125,8.95,9.45,8.95,9.35,269462,0
20180126,9.35,9.35,8.805,9,136976,0
20180129,8.95,9.25,8.16,9.1,165045,0
20180130,9.05,9.25,8.65,9.05,84803,0
20180131,9.2,9.2,8.55,8.55,99646,0
20180201,8.65,8.8,8.3851,8.5,100591,0
20180202,8.4,8.75,8.15,8.2,99565,0
20180205,8.15,8.7,8.15,8.5,123118,0
20180206,8.35,8.6,8.15,8.4,92924,0
20180207,8.4,8.95,8.4,8.9,61109,0
20180208,8.95,9,8.35,8.5,86612,0
20180209,8.6,8.65,7.46,8.15,114662,0
20180212,8.2,8.85,8.2,8.65,87608,0
20180213,8.65,8.95,8.5,8.85,83884,0
20180214,8.85,8.85,8.65,8.8,54126,0
20180215,8.85,8.85,8.35,8.6,78013,0
20180216,8.6,8.8,8.4,8.65,52399,0
20180220,8.55,8.8,8.55,8.65,52803,0
20180221,8.75,8.75,8.6,8.7,49263,0
20180222,8.7,8.75,8.4,8.5,31497,0
20180223,8.55,8.675,8.35,8.45,47541,0
20180226,8.4,8.95,8.4,8.825,59086,0
20180227,8.8,9.05,8.8,9,57248,0
20180228,9,9.35,8.9,9.25,69478,0
20180301,9.3,9.3,9,9.3,40936,0
20180302,9.2,9.35,9.15,9.3,27462,0
20180305,9.25,9.5,9.2,9.45,28254,0
20180306,9.6,9.6,9.05,9.35,35646,0
20180307,9.35,9.7,9.055,9.55,38519,0
20180308,9.65,9.85,9.4708,9.8,32327,0
20180309,9.8,9.9,9.6,9.75,39102,0
20180312,9.7,9.7,8.75,8.95,118932,0
20180313,9.1,9.525,8.9,9.4,67212,0
20180314,9.4,9.675,9.25,9.5,53125,0
20180315,9.55,9.75,9.35,9.45,84220,0
20180316,9.45,9.6,8.95,9.2,91630,0
20180319,9.2,9.55,9.05,9.5,28340,0
20180320,9.5,9.55,9,9.3,65605,0
20180321,9.5,9.6,9.05,9.5,93598,0
20180322,9.45,10.25,9.45,10,173675,0
20180323,9.95,10.2,9.6,10.1,65330,0
20180326,10.05,10.15,9.8,10.15,35766,0
20180327,10.1,10.45,9.51,9.55,94536,0
20180328,9.728,9.9,9.15,9.35,42373,0
20180329,9.35,9.95,9.35,9.85,59028,0
20180402,9.75,10.2,9.7,10.1,73677,0
20180403,10.05,10.55,9.95,10.25,85847,0
20180404,10.25,10.45,10,10.35,64106,0
20180405,10.25,10.4,10.11,10.3,30593,0
20180406,10.1,10.3,9.1,9.1,64458,0
20180409,9.1,9.9,9.1,9.8,52303,0
20180410,9.9,10.2,9.65,10,42798,0
20180411,10.05,10.25,10.0256,10.05,37784,0
20180412,10.1,10.3,9.998,10.2,77292,0
20180413,10.3,11,10.2492,10.85,72088,0
20180416,11.05,11.35,10.9,11,96156,0
20180417,11.05,11.45,10.8,10.85,139583,0
20180418,10.75,11.4,10.75,11.15,113620,0
20180419,11.2,11.25,10.2,10.3,39247,0
20180420,10.25,10.6,10.15,10.45,34327,0
20180423,10.45,10.45,9.41,9.95,63748,0
20180424,10,10.04,8.9,8.9,128674,0
20180425,8.95,9.545,8.95,9.4,77076,0
20180426,9.4,9.5,8.8,9.1,92605,0
20180427,9.45,9.6,8.95,9.15,66036,0
20180430,9.1,9.4,8.6,8.8,64052,0
20180501,8.85,8.85,8.3,8.75,72478,0
20180502,8.65,8.9,8.55,8.65,74486,0
20180503,8.6,8.6,8.2,8.3,83595,0
20180504,8.4,8.7,8.25,8.5,104460,0
20180507,8.5,9.3,8.25,9.2,195919,0
20180508,9.1,9.25,9,9.2,43949,0
20180509,9.4,10.15,9.3,9.85,147004,0
20180510,9.95,9.95,9.25,9.25,108258,0
20180511,9.35,10,9.155,10,53138,0
20180514,10.1,11.2,10,10.75,179719,0
20180515,11,11.2,10.6,10.95,117951,0
20180516,11.4,11.95,11.25,11.85,229704,0
20180517,12.4,17.345,11.7,16.8,1325749,0
20180518,18,18,13.35,13.9,1327316,0
20180521,14.55,14.95,14.3,14.65,294111,0
20180522,14.5,14.5,13.45,13.7,388907,0
20180523,13.9,15.2,13.6,13.95,413376,0
20180524,13,13.4,12.2,13.1,1558555,0
20180525,13,13.5,12.805,13,304937,0
20180529,13.05,13.65,13.05,13.55,301647,0
20180530,13.75,13.75,13.5,13.75,154974,0
20180531,13.8,14.5,13.55,14.25,252982,0
20180601,14.4,14.65,13.75,13.75,298964,0
20180604,14.15,15.05,13.25,14.85,333752,0
20180605,14.9,15.05,14.25,14.55,152185,0
20180606,14.6,15,14.4,15,181783,0
20180607,14.95,15.095,14.475,14.5,89637,0
20180608,14.4,14.75,14.4,14.6,94257,0
20180611,14.75,14.9,14.55,14.7,146350,0
20180612,14.7,15.2,14.7,15.05,173049,0
20180613,15,15.2,14.625,14.75,202578,0
20180614,14.95,14.95,14.3,14.45,157845,0
20180615,14.35,14.75,14.2,14.55,135630,0
20180618,14.4,14.575,14.236,14.4,124536,0
20180619,14.4,14.4,14.105,14.2,89338,0
20180620,14.2,14.55,14.2,14.5,45443,0
20180621,14.45,14.45,13.8,13.9,62397,0
20180622,13.85,13.85,13.25,13.6,103375,0
20180625,13.55,13.55,12.7,12.85,81705,0
20180626,12.85,13.15,12.55,13.05,50250,0
20180627,13.05,13.3592,12.15,12.2,126657,0
20180628,12.2,12.6,12.1,12.1,100461,0
20180629,12.15,12.3,12,12.2,100249,0
20180702,12.05,12.4,11.75,11.95,112807,0
20180703,11.95,12.05,11.8,11.95,71679,0
20180705,12,12.35,11.9,12,67377,0
20180706,12,12.2,11.8,11.9,37196,0
20180709,11.85,12,11.55,11.85,62254,0
20180710,11.85,11.95,11.5,11.5,60798,0
20180711,11.5,11.7,11.3,11.55,77284,0
20180712,11.65,11.7,11.338,11.6,62960,0
20180713,11.6,11.7,11.405,11.5,64906,0
20180716,11.7,11.75,11,11.2,113117,0
20180717,11.1,11.35,10.9,11,161157,0
20180718,11,11.05,10.55,11.05,93374,0
20180719,11,11.05,10.6,10.8,101478,0
20180720,10.75,10.85,10.55,10.8,90586,0
20180723,10.75,10.75,10.3,10.6,89365,0
20180724,10.6,10.7,10.4,10.45,44329,0
20180725,10.55,10.65,10.455,10.5,24166,0
20180726,10.45,10.65,10.45,10.5,34545,0
20180727,10.5,10.55,10.05,10.2,98835,0
20180730,10.2,10.2,9.95,10.05,76629,0
20180731,10.2,10.245,10.005,10.1,48089,0
20180801,10.1,10.2,10.1,10.15,41989,0
20180802,10.15,10.2,9.85,9.95,52177,0
20180803,9.95,10.05,9.75,9.85,53561,0
20180806,9.85,10,9.8,9.9,44461,0
20180807,9.9,9.9,9.75,9.9,29007,0
20180808,9.85,9.95,9.75,9.85,34845,0
20180809,9.8,10.3,9.8,9.85,33102,0
20180810,9.8,10.1,9.6,9.6,36770,0
20180813,9.55,9.75,9.5,9.6,50401,0
20180814,9.6,10.05,9.5,10.05,47760,0
20180815,9.95,10.41,9.75,10.3,77607,0
20180816,10.45,11.8,10.3342,11.8,155977,0
20180817,11.6,11.895,11.4,11.85,74889,0
20180820,11.95,11.95,11.6,11.75,63519,0
20180821,11.46,11.85,11.3,11.45,86976,0
20180822,11.5,11.9,11.405,11.75,29225,0
20180823,11.795,11.85,11.35,11.5,61085,0
20180824,11.45,12.55,11.15,12.5,239396,0
20180827,12.75,12.85,12.15,12.7,124156,0
20180828,12.9,12.9,12.5851,12.85,38097,0
20180829,12.86,12.9,12.6318,12.85,44283,0
20180830,12.8,12.9,12.6,12.7,73489,0
20180831,12.65,12.95,12.55,12.9,37087,0
20180904,13.35,13.35,12.7,12.9,152069,0
20180905,12.75,12.9,12.2,12.8,232343,0
20180906,12.35,12.795,12.34,12.5,150178,0
20180907,12.5,12.7,12.2,12.3,35370,0
20180910,12.25,12.8,12.05,12.65,41720,0
20180911,12.6,12.7,12.2433,12.35,41871,0
20180912,12.35,12.6,12,12,30339,0
20180913,12,12.25,11.7,11.85,56272,0
20180914,11.85,12,11.55,11.6,29079,0
20180917,11.7,11.85,11.6,11.7,22716,0
20180918,11.7,11.85,11.6,11.7,47253,0
20180919,11.8,12.4,11.7315,12,45297,0
20180920,12.125,12.125,11.75,11.85,41760,0
20180921,11.9003,11.9202,11.4,11.6,77746,0
20180924,11.75,12.35,11.4806,11.85,137271,0
20180925,11.9,12.295,11.9,12,11978,0
20180926,12.15,12.345,12.05,12.05,20644,0
20180927,12.1,12.1,11.8,11.95,26976,0
20180928,11.939,12.25,11.9,12,66059,0
20181001,12.11,12.465,12,12.1,95534,0
20181002,12.18,12.39,11.81,12.38,116803,0
20181003,12.38,12.5,11.5893,12.4,252403,0
20181004,12.42,12.4489,11.95,12.03,263796,0
20181005,12.05,12.18,11.25,11.64,101181,0
20181008,11.6,11.67,10.98,11.25,66879,0
20181009,11.27,11.3565,11.01,11.12,52332,0
20181010,11.08,11.1351,10.1,10.25,72036,0
20181011,10.12,10.4509,9.52,9.74,102401,0
20181012,9.9,10.9187,9.49,10.17,148879,0
20181015,10.22,10.2842,10.03,10.15,22031,0
20181016,10.39,11.11,10.3636,10.87,54411,0
20181017,11.05,12.29,10.6,11.67,318832,0
20181018,12.5,12.5,11.87,12.02,502659,0
20181019,12.1,12.12,11.6342,11.89,117299,0
20181022,12.28,12.3853,10.6401,10.7,63448,0
20181023,10.44,11.6,10.38,11.2,876723,0
20181024,11.1,11.37,10.21,10.25,310806,0
20181025,10.25,11,10.25,10.94,118685,0
20181026,10.93,11.64,10.685,11.46,303700,0
20181029,11.47,11.96,11.28,11.55,101556,0
20181030,11.36,12,11.3026,11.96,102922,0
20181031,11.93,12,11.85,11.98,107507,0
20181101,12,12.425,11.9,12.22,148215,0
20181102,12.24,12.5,11.7485,12.21,300257,0
20181105,12.22,12.2408,11.5,11.69,83615,0
20181106,11.66,12.06,11.23,11.6,104359,0
20181107,11.58,12.05,11.51,11.89,59089,0
20181108,11.75,11.99,11.28,11.63,45286,0
20181109,11.3,11.5,10.75,10.91,91373,0
20181112,10.8,10.85,10,10.04,83028,0
20181113,10.01,10.38,9.66,9.7,82042,0
20181114,9.75,10.07,8.8742,9.27,126523,0
20181115,9.22,9.46,8.83,9.24,198918,0
20181116,9.14,9.54,8.99,9.21,61187,0
20181119,9.22,9.25,8.79,8.85,82609,0
20181120,8.51,8.89,8.4,8.63,89015,0
20181121,8.7,9.1455,8.61,8.91,97823,0
20181123,8.9,9.93,8.9,9.71,78605,0
20181126,9.73,10.16,9.4059,9.96,101088,0
20181127,9.83,10.08,9.34,9.85,77316,0
20181128,9.92,10.49,9.64,10.25,65619,0
20181129,10.64,11,9.85,10.29,148642,0
20181130,10.29,10.61,10,10.61,83077,0
20181203,10.81,11.32,10.47,11.2,119780,0
20181204,11,12,10.9,11.26,154369,0
20181206,11.26,11.73,10.5725,11.68,117872,0
20181207,11.73,11.86,11.11,11.44,126368,0
20181210,11.44,11.5,11.0108,11.22,148495,0
20181211,11.25,11.41,11.09,11.19,166880,0
20181212,11.2,11.8,11.2,11.7,160169,0
20181213,11.7,11.75,11.3,11.67,89768,0
20181214,11.43,11.56,11.04,11.17,98109,0
20181217,11.19,11.56,10.9592,11.13,124141,0
20181218,11.04,11.1,10.24,10.49,266032,0
20181219,10.59,10.78,9.78,9.93,755688,0
20181220,9.83,10.47,9.4772,9.97,348561,0
20181221,10,10.43,9.218,9.41,439145,0
20181224,9.26,9.69,9.12,9.44,70038,0
20181226,9.56,9.87,9.4,9.65,203056,0
20181227,9.4,9.94,8.81,9.32,380396,0
20181228,9.4,10.35,9.4,10,200090,0
20181231,10.03,10.25,9.2901,10.16,168311,0
20190102,9.95,10.72,9.8,10.31,72263,0
20190103,10.31,10.69,10.27,10.46,46315,0
20190104,10.53,11.181,10.53,11.03,110737,0
20190107,10.93,12.1,10.68,12,158753,0
20190108,12.11,12.93,11.75,12.83,140661,0
20190109,12.9,13.265,12.5,12.9,87174,0
20190110,12.89,12.99,12.5726,12.98,154013,0
20190111,12.93,13.24,12.6,12.96,83190,0
20190114,12.91,13.08,12.57,12.7,49459,0
20190115,12.81,12.83,12.55,12.7,92953,0
20190116,12.78,12.9,12.5,12.87,104644,0
20190117,12.82,13.79,12.67,13.54,146593,0
20190118,13.68,13.87,12.96,13.81,121006,0
20190122,13.73,13.86,13.48,13.51,90074,0
20190123,13.64,13.72,12.82,13.47,103685,0
20190124,13.57,13.63,13.395,13.56,107178,0
20190125,13.68,14.5,13.43,14.3,220116,0
20190128,14.16,14.3574,13.54,13.68,105852,0
20190129,14.1,14.2999,13.825,13.86,175726,0
20190130,13.79,14.01,13.61,13.69,145900,0
20190131,13.74,14.01,13.69,13.98,155997,0
20190201,13.96,14.2,13.87,13.96,156794,0
20190204,14,14.2,13.88,14.13,101777,0
20190205,14.28,14.52,14.035,14.38,170036,0
20190206,14.59,14.84,14.16,14.33,129174,0
20190207,14.33,14.48,13.86,14.05,156759,0
20190208,13.96,14.17,13.71,13.83,115197,0
20190211,13.99,14.04,13.73,13.96,75125,0
20190212,14.05,14.05,13.75,13.82,74252,0
20190213,13.82,13.89,13.55,13.57,75768,0
20190214,13.43,13.62,13.29,13.31,62941,0
20190215,13.32,13.42,13.06,13.28,65686,0
20190219,13.29,13.35,13.12,13.18,41297,0
20190220,13.23,13.34,12.77,13.15,125015,0
20190221,13.1,13.75,13.05,13.72,73984,0
20190222,13.73,13.76,13.16,13.18,59796,0
20190225,13.36,13.72,13.36,13.55,68718,0
20190226,13.49,13.63,13.25,13.39,48416,0
20190227,13.35,13.6299,12.9888,13.56,44865,0
20190228,13.51,13.51,13.18,13.2,77700,0
20190301,13.3,13.69,13.22,13.63,89189,0
20190304,13.64,13.84,13.241,13.83,61275,0
20190305,13.83,13.95,13.61,13.76,80220,0
20190306,13.7988,13.7988,13.12,13.35,70984,0
20190307,13.35,13.74,13.1,13.48,49723,0
20190308,13.47,13.48,12.81,12.89,73643,0
20190311,12.97,13.27,12.78,13.14,71455,0
20190312,13.2,13.73,13.045,13.45,54758,0
20190313,13.53,13.87,13.3316,13.8,57968,0
20190314,13.73,13.83,13.19,13.31,30845,0
20190315,13.06,13.49,12.9,13.29,69720,0
20190318,13.29,14.1791,13.15,13.99,79757,0
20190319,14.1,14.15,13.43,13.52,64906,0
20190320,13.68,13.8466,13.25,13.31,52921,0
20190321,13.19,14.33,13.19,14.31,136693,0
20190322,14.21,14.21,13.8,13.9,51956,0
20190325,14,14,13.344,13.5,94611,0
20190326,13.55,13.87,13.54,13.82,49623,0
20190327,13.8,13.8,13.35,13.53,64753,0
20190328,13.54,14.25,13.42,13.57,118380,0
20190329,13.73,14,13.56,13.98,81047,0
20190401,14.11,14.89,13.936,14.8,99991,0
20190402,14.75,14.83,14.461,14.83,52478,0
20190403,14.9,15.33,14.42,14.57,91129,0
20190404,14.47,14.74,14.33,14.63,27999,0
20190405,14.7,15,14.7,14.84,42322,0
20190408,14.82,15.03,14.75,14.96,35912,0
20190409,14.95,15.11,14.75,14.88,49693,0
20190410,14.97,14.99,14.3157,14.54,51185,0
20190411,14.6,14.73,14.07,14.27,50382,0
20190412,14.55,14.57,14.06,14.22,131573,0
20190415,14.23,14.29,13.62,13.79,90794,0
20190416,13.75,14.05,13.56,13.82,59004,0
20190417,13.98,13.98,12.84,13.03,153259,0
20190418,11.5,11.9,10.94,11.03,1275783,0
20190422,11.1,11.16,10.95,10.97,388163,0
20190423,11.26,11.26,11,11.07,326418,0
20190424,10.98,11.55,10.98,11.4,306308,0
20190425,11.41,11.41,11.13,11.25,206431,0
20190426,11.41,11.41,10.855,11.1,203274,0
20190429,11.12,11.26,10.89,10.95,188851,0
20190430,11.04,11.09,10.79,10.93,411363,0
20190501,10.97,11.06,10.585,10.75,180026,0
20190502,10.73,10.88,10.585,10.72,158603,0
20190503,10.76,10.97,10.5,10.5,381110,0
20190506,10.45,11.04,10.45,10.65,234184,0
20190507,10.59,10.73,10.4899,10.6,173421,0
20190508,10.58,10.66,10.47,10.54,108426,0
20190509,10.43,10.97,10.43,10.88,155014,0
20190510,10.84,11.1,10.61,11,268914,0
20190513,10.9,10.97,10.71,10.88,123628,0
20190514,10.89,11.41,10.8,11.2,211593,0
20190515,11.09,11.25,11,11.07,88964,0
20190516,11.09,11.21,10.89,11.01,274383,0
20190517,10.84,11.24,10.81,11.11,109651,0
20190520,11,11.24,10.77,11.18,85870,0
20190521,11.14,11.59,11.01,11.43,265132,0
20190522,11.5,11.68,11.13,11.51,114287,0
20190523,11.46,11.46,11.18,11.3,158691,0
20190524,11.33,11.5,11.33,11.42,124693,0
20190528,11.27,11.59,11.25,11.28,82462,0
20190529,11.21,11.46,11.08,11.33,92333,0
20190530,11.38,11.38,10.92,11.13,218227,0
20190531,10.99,11.02,10.82,10.98,170357,0
20190603,11.01,11.06,10.51,10.52,110931,0
20190604,10.62,10.67,9.72,9.74,189470,0
20190605,9.79,10.07,9.76,9.95,261063,0
20190606,9.97,9.97,9.3801,9.54,1760204,0
20190607,9.54,10.225,9.54,10.16,173061,0
20190610,10.21,10.3352,9.52,10.15,190543,0
20190611,10.16,10.16,9.73,10.07,306583,0
20190612,10.06,10.62,9.93,10.35,178916,0
20190613,10.33,10.5,10.14,10.2,145035,0
20190614,10.17,10.3,10.05,10.13,134260,0
20190617,10.34,10.615,10.2596,10.49,239866,0
20190618,11.36,11.36,10.9,10.99,489531,0
20190619,11,11.16,10.8,10.98,285829,0
20190620,11.12,11.27,10.9,11.07,234495,0
20190621,11.07,11.18,10.8231,11.13,185046,0
20190624,11.1,11.19,10.56,10.61,165290,0
20190625,10.62,10.885,10.58,10.72,88896,0
20190626,11.12,11.12,10.54,10.63,122270,0
20190627,10.84,10.99,10.67,10.7,170937,0
20190628,10.8,10.82,10.47,10.6,3138365,0
20190701,10.64,11.11,10.55,11,256012,0
20190702,10.91,11.147,10.43,10.53,120329,0
20190703,10.55,10.55,10.31,10.42,41163,0
20190705,10.42,10.48,9.87,10.1,191692,0
20190708,10.2,11.495,10.07,11.41,363305,0
20190709,11.39,11.92,11.22,11.78,512491,0
20190710,11.79,11.88,11.25,11.27,122943,0
20190711,11.28,11.415,11.11,11.25,189436,0
20190712,11.27,11.33,11.02,11.29,137102,0
20190715,11.32,11.42,10.9,10.92,159132,0
20190716,10.91,11.36,10.86,11.16,246145,0
20190717,11.15,11.45,10.91,11.41,137152,0
20190718,11.41,11.46,11.1,11.2,66144,0
20190719,11.16,11.2627,10.75,10.77,91376,0
20190722,10.8,11,10.73,10.74,95883,0
20190723,10.67,10.87,10.48,10.67,84576,0
20190724,10.62,11,10.5669,10.99,77442,0
20190725,10.99,11.105,10.88,10.9,71829,0
20190726,10.99,11.25,10.7362,11.19,77345,0
20190729,11.17,11.3,11.07,11.22,100991,0
20190730,11.18,11.49,11.12,11.41,107366,0
20190731,11.43,11.45,11.04,11.07,154662,0
20190801,11.06,11.25,10.71,10.75,101923,0
20190802,10.72,10.72,10.43,10.67,84446,0
20190805,10.44,10.525,9.76,9.99,183955,0
20190806,9.86,10.1,9.55,9.86,122885,0
20190807,9.75,10.33,9.71,10.12,83877,0
20190808,10.26,10.26,9.83,10.03,76975,0
20190809,9.92,10.41,9.87,10.19,93330,0
20190812,10.05,10.05,9.52,9.59,77438,0
20190813,9.64,10.18,9.59,10.05,76356,0
20190814,9.86,10.17,9.67,9.85,261660,0
20190815,9.96,10.02,9.56,9.77,122560,0
20190816,9.85,10.27,9.7,10.26,104325,0
20190819,10.44,10.492,10.105,10.41,106793,0
20190820,10.6,10.85,10.39,10.57,120985,0
20190821,10.68,10.8044,10.44,10.52,92240,0
20190822,10.62,10.62,10.24,10.28,110110,0
20190823,10.25,10.36,9.72,9.8,101090,0
20190826,9.91,10.14,9.75,10.14,57070,0
20190827,10.19,10.44,10.01,10.13,113597,0
20190828,10.1,10.51,10.03,10.5,73235,0
20190829,10.62,10.89,10.6,10.86,103676,0
20190830,10.81,10.935,10.56,10.9,67514,0
20190903,10.7,10.94,10.51,10.87,93437,0
20190904,10.82,10.88,10.34,10.59,103466,0
20190905,10.75,11.57,10.58,11.02,431965,0
20190906,11.08,11.25,10.83,11.03,151080,0
20190909,11.12,11.47,10.97,11.18,137449,0
20190910,11.2,11.7,11.1,11.34,211565,0
20190911,11.36,12.4992,11.36,12,271537,0
20190912,12.05,12.05,11.76,11.83,142957,0
20190913,11.65,11.98,11.65,11.71,132831,0
20190916,11.6,12.21,11.6,11.93,125452,0
20190917,11.9,12.05,11.73,11.86,260299,0
20190918,11.89,11.89,11.25,11.55,99004,0
20190919,11.58,11.92,11.5,11.61,73544,0
20190920,11.6,11.82,11.51,11.58,190696,0
20190923,11.59,11.61,11.2492,11.4,50676,0
20190924,11.44,11.44,10.8401,11.16,113541,0
20190925,11.13,11.18,10.8379,10.97,50418,0
20190926,10.95,10.99,10.46,10.64,85534,0
20190927,10.68,10.86,10.37,10.51,63694,0
20190930,10.6,10.66,10.02,10.25,100020,0
20191001,10.19,10.32,9.75,9.77,103451,0
20191002,9.76,9.9837,9.5109,9.97,104127,0
20191003,9.97,10.16,9.62,9.91,68821,0
20191004,9.89,10.19,9.75,10.16,54361,0
20191007,10.21,10.29,9.953,9.99,68409,0
20191008,9.83,9.93,9.615,9.85,61495,0
20191009,9.91,10.13,9.8,9.88,76975,0
20191010,9.88,10.08,9.81,9.88,40177,0
20191011,10.04,10.3,9.99,10.09,66824,0
20191014,9.92,10.4,9.85,10.09,70343,0
20191015,10.07,10.69,10.07,10.61,74428,0
20191016,10.55,11.03,10.55,11,128273,0
20191017,10.99,11.35,10.91,11,101455,0
20191018,10.92,11.12,10.84,11.05,89623,0
20191021,11.1,11.85,10.59,10.62,280390,0
20191022,10.6,10.7,9.84,10.08,148605,0
20191023,10.07,10.37,9.9,10.09,76109,0
20191024,10.14,10.59,9.9,9.95,71992,0
20191025,9.91,10.437,9.91,10.09,100546,0
20191028,10.22,10.6,10.15,10.44,124244,0
20191029,10.38,10.79,10.245,10.73,100624,0
20191030,10.64,10.98,10.49,10.95,50817,0
20191031,10.85,11.07,10.69,10.9,109156,0
20191101,11.01,11.87,10.91,11.65,121556,0
20191104,11.7,11.79,11.37,11.495,97843,0
20191105,11.52,11.7272,11.16,11.25,58586,0
20191106,11.21,11.6178,11.03,11.1,71383,0
20191107,11.29,11.34,10.72,10.8,172424,0
20191108,11.88,12.55,10.77,10.97,128450,0
20191111,10.82,10.99,10.62,10.7,196372,0
20191112,10.72,11,10.15,10.38,249797,0
20191113,10.2,12.1,10.2,11.64,758878,0
20191114,11.56,12.0799,11.47,11.57,185657,0
20191115,11.67,11.7776,11.23,11.48,111329,0
20191118,11.35,11.4125,10.94,11.24,164045,0
20191119,11.41,11.8,11.38,11.65,123526,0
20191120,11.51,12.28,11.51,11.88,340167,0
20191121,11.9,11.9,11.7,11.86,124670,0
20191122,11.79,12.13,11.64,11.88,175300,0
20191125,11.95,12.89,11.95,12.68,230235,0
20191126,12.68,12.95,12.48,12.62,131814,0
20191127,12.65,13.14,12.59,12.99,156657,0
20191129,12.94,13.38,12.94,13.15,114499,0
20191202,13.15,13.33,12.88,13,249127,0
20191203,12.95,13.79,12.8434,13.4,270717,0
20191204,13.51,13.6399,12.82,13.22,396682,0
20191205,13.3,13.32,12.85,12.99,115073,0
20191206,13.08,13.575,12.98,13.19,172391,0
20191209,13.25,13.36,13.04,13.17,154181,0
20191210,13.13,13.46,12.88,13.1,142850,0
20191211,13.07,13.15,12.715,12.775,93217,0
20191212,12.77,13,12.7,12.77,125701,0
20191213,12.77,13.11,12.55,12.96,220011,0
20191216,13.15,13.4,13.07,13.15,128435,0
20191217,13.16,13.37,13,13.3,178261,0
20191218,13.44,13.44,13.08,13.25,93465,0
20191219,13.25,13.41,13.07,13.2,231171,0
20191220,13.22,13.22,12.67,12.91,298516,0
20191223,12.78,14.11,12.67,14.08,202087,0
20191224,14.11,15.48,13.7258,15.31,252011,0
20191226,15.45,15.82,15.09,15.66,162428,0
20191227,15.72,15.72,14.98,15.4,171580,0
20191230,15.43,15.6,15.09,15.33,112689,0
20191231,15.35,15.52,14.88,14.9,111187,0
20200102,15.07,15.07,14.42,14.55,306186,0
20200103,14.25,14.79,13.73,14.37,134201,0
20200106,14.45,14.45,13.92,13.95,99184,0
20200107,13.9,14.08,13.75,13.96,102932,0
20200108,13.89,14.23,13.89,14.1,153666,0
20200109,14.21,14.36,13.92,14.1,88186,0
20200110,14.18,14.19,13.67,13.84,202796,0
20200113,14.02,14.02,13.54,13.7,596925,0
20200114,13.82,14.82,13.61,14.6,611311,0
20200115,14.59,15.12,14.38,14.7,665404,0
20200116,14.83,15.11,14.35,14.46,480087,0
20200117,14.64,14.64,14.02,14.09,138231,0
20200121,14.1,14.43,13.96,14.18,163263,0
20200122,14.57,14.79,14.04,14.24,267177,0
20200123,14.37,14.37,13.76,13.9,163258,0
