Date,Open,High,Low,Close,Volume,OpenInt
20160523,28.583,28.639,28.583,28.583,522,0
20160527,28.639,28.659,28.601,28.611,1464,0
20160531,28.707,28.707,28.707,28.707,105,0
20160601,28.506,28.506,28.467,28.467,314,0
20160602,29.664,29.664,28.627,28.627,332,0
20160603,28.573,28.573,28.573,28.573,105,0
20160617,28.629,28.629,28.563,28.563,2926,0
20160620,28.467,28.467,28.467,28.467,522,0
20160621,28.237,28.276,28.237,28.276,417,0
20160623,28.324,28.324,28.324,28.324,209,0
20160627,28.276,28.295,28.276,28.295,209,0
20160705,28.659,28.659,28.659,28.659,209,0
20160711,28.639,28.735,28.639,28.735,314,0
20160713,28.726,28.899,28.649,28.899,522,0
20160719,28.348,28.348,28.348,28.348,626,0
20160725,28.142,28.142,28.076,28.076,209,0
20160726,28.218,28.218,28.218,28.218,1045,0
20160801,28.353,28.353,28.35,28.35,366,0
20160802,28.4,28.4,28.4,28.4,1045,0
20160803,28.353,33.49,28.285,28.496,13298,0
20160805,28.496,28.496,28.496,28.496,209,0
20160808,28.534,28.534,28.534,28.534,678,0
20160809,28.496,28.496,28.496,28.496,687,0
20160810,28.516,28.516,28.42,28.448,2090,0
20160812,28.146,28.146,28.146,28.146,281,0
20160819,27.828,27.874,27.828,27.837,314,0
20160823,28.037,28.037,28.036,28.036,314,0
20160824,27.922,27.961,27.904,27.904,387,0
20160825,27.913,27.913,27.9,27.9,1673,0
20160831,27.941,27.941,27.941,27.941,105,0
20160907,27.874,27.874,27.874,27.874,10054,0
20160929,28,28,28,28,278,0
20160930,28.005,28.005,28.005,28.005,836,0
20161003,27.989,27.989,27.989,27.989,209,0
20161007,28.028,28.028,28.028,28.028,105,0
20161010,27.87,27.87,27.829,27.829,941,0
20161101,27.654,27.654,27.654,27.654,223,0
20161102,27.586,27.586,27.586,27.586,126,0
20161104,27.549,27.597,27.496,27.597,1673,0
20161108,27.553,27.553,27.547,27.547,466,0
20161109,27.645,27.645,27.627,27.627,747,0
20161110,27.722,27.722,27.645,27.645,303,0
20161111,27.568,27.568,27.565,27.565,3630,0
20161114,27.544,27.544,27.544,27.544,238,0
20161115,27.627,27.662,27.585,27.623,1315,0
20161116,27.553,27.553,27.538,27.538,485,0
20161118,27.482,27.482,27.482,27.482,261,0
20161121,27.683,27.683,27.627,27.627,1470,0
20161122,27.683,27.741,27.664,27.732,2976,0
20161123,27.788,27.855,27.757,27.855,856,0
20161125,27.951,27.961,27.948,27.961,957,0
20161128,28.075,28.075,27.97,28.066,1799,0
20161129,27.839,27.904,27.839,27.904,1295,0
20161130,27.803,27.803,27.803,27.803,361,0
20161202,27.894,27.894,27.884,27.884,355,0
20161205,27.865,27.865,27.76,27.828,536,0
20161206,27.828,27.874,27.828,27.874,2207,0
20161208,27.566,27.673,27.566,27.673,61028,0
20161209,27.627,27.627,27.627,27.627,2365,0
20161212,27.683,27.683,27.683,27.683,401,0
20161214,27.712,27.712,27.712,27.712,694,0
20161215,27.668,27.683,27.654,27.683,1661,0
20161216,27.617,27.664,27.559,27.627,1651,0
20161219,27.549,27.607,27.507,27.588,22678,0
20161220,27.54,27.559,27.462,27.559,3881,0
20161222,27.559,27.559,27.541,27.549,1788,0
20161223,27.559,27.559,27.54,27.559,1316,0
20161227,27.462,27.54,27.462,27.53,3063,0
20161228,27.53,27.588,27.53,27.588,2281,0
20161229,27.55,27.562,27.55,27.552,1625,0
20161230,27.583,27.583,27.501,27.501,838,0
20170104,27.645,27.645,27.281,27.29,14531,0
20170106,27.224,27.234,27.205,27.234,1710,0
20170109,27.185,27.185,27.033,27.185,7876,0
20170110,27.386,27.425,27.262,27.262,1944,0
20170111,27.501,27.501,27.492,27.492,973,0
20170112,27.43,27.43,27.43,27.43,232,0
20170117,27.607,27.617,27.485,27.597,3123,0
20170118,27.598,27.627,27.573,27.627,2109,0
20170119,27.636,27.709,27.636,27.709,1730,0
20170120,27.722,27.884,27.701,27.838,25091,0
20170123,27.782,27.874,27.782,27.874,393,0
20170124,27.941,27.941,27.853,27.941,2362,0
20170125,27.933,27.933,27.933,27.933,188,0
20170126,27.904,28.707,27.75,27.75,798,0
20170127,27.741,27.884,27.741,27.865,4107,0
20170130,27.627,27.741,27.627,27.741,435,0
20170131,27.781,27.781,27.654,27.654,408,0
20170201,27.733,27.733,27.733,27.733,105,0
20170202,27.789,27.789,27.702,27.76,6960,0
20170203,27.808,27.836,27.808,27.836,266,0
20170206,27.913,27.913,27.889,27.913,1306,0
20170207,27.712,27.933,27.712,27.894,4324,0
20170208,27.874,27.933,27.843,27.933,2912,0
20170209,27.789,27.808,27.727,27.808,1480,0
20170210,27.865,27.865,27.789,27.789,753,0
20170213,27.741,27.741,27.605,27.605,1244,0
20170214,27.693,27.836,27.683,27.779,6428,0
20170215,27.799,27.799,27.597,27.654,1955,0
20170216,27.677,27.799,27.677,27.757,666,0
20170217,27.702,27.779,27.702,27.779,1618,0
20170221,27.961,27.961,27.877,27.933,1506,0
20170222,27.764,27.837,27.764,27.789,1297,0
20170224,27.732,27.741,27.732,27.741,826,0
20170227,27.845,27.845,27.735,27.735,373,0
20170228,27.779,27.779,27.779,27.779,114,0
20170301,27.779,27.779,27.708,27.76,1854,0
20170302,27.741,27.741,27.627,27.627,331,0
20170306,27.492,27.511,27.416,27.511,4424,0
20170307,27.521,27.521,27.517,27.517,330,0
20170308,27.454,27.462,27.387,27.462,1539,0
20170313,27.636,27.636,27.636,27.636,314,0
20170314,27.597,27.607,27.597,27.607,827,0
20170315,27.636,27.636,27.636,27.636,398,0
20170316,27.712,27.712,27.637,27.637,336,0
20170317,27.76,27.76,27.669,27.669,993,0
20170320,27.722,27.778,27.722,27.778,1177,0
20170321,27.722,27.722,27.677,27.677,1232,0
20170322,27.75,27.845,27.664,27.845,3412,0
20170323,27.75,27.828,27.75,27.828,573,0
20170324,27.779,27.779,27.668,27.779,1690,0
20170327,27.75,27.75,27.659,27.659,836,0
20170328,27.683,27.683,27.683,27.683,836,0
20170329,27.611,27.799,27.611,27.799,2399,0
20170330,27.76,27.769,27.693,27.769,1347,0
20170331,27.75,27.75,27.739,27.739,233,0
20170403,27.702,27.741,27.648,27.741,3968,0
20170405,27.712,27.732,27.712,27.732,459,0
20170406,27.732,27.799,27.722,27.722,755,0
20170407,27.636,27.769,27.636,27.748,2487,0
20170410,27.709,27.741,27.636,27.636,3195,0
20170411,27.673,27.769,27.673,27.769,1326,0
20170412,27.722,27.76,27.71,27.719,6265,0
20170413,27.789,27.789,27.684,27.684,1192,0
20170417,27.855,27.933,27.818,27.923,2591,0
20170418,27.779,27.933,27.779,27.837,865,0
20170419,27.828,27.913,27.828,27.913,323,0
20170420,27.933,28.037,27.933,28.037,1957,0
20170421,28.028,28.028,27.99,27.99,1277,0
20170427,28.046,28.218,28.046,28.19,4392,0
20170428,28.01,28.2,28.01,28.161,14242,0
20170501,27.98,27.98,27.722,27.756,2376,0
20170502,27.741,28.037,27.741,27.951,3748,0
20170503,27.899,29.185,27.899,29.185,1222,0
20170504,28.227,28.247,28.043,28.043,1165,0
20170505,27.868,27.868,27.868,27.868,194,0
20170508,27.923,28.012,27.919,28.012,802,0
20170509,27.884,27.884,27.884,27.884,176,0
20170510,27.799,27.951,27.781,27.845,9928,0
20170511,27.868,27.971,27.868,27.961,8038,0
20170512,27.989,28.103,27.989,28.011,568,0
20170515,27.963,27.963,27.963,27.963,188,0
20170517,27.845,27.913,27.76,27.865,5607,0
20170518,27.95,27.95,27.847,27.847,575,0
20170519,27.823,27.849,27.806,27.849,1025,0
20170522,27.75,27.75,27.627,27.627,786,0
20170523,27.855,27.898,27.855,27.898,385,0
20170524,27.818,28.084,27.818,28.084,1138,0
20170525,28.037,28.237,27.884,28.237,2679,0
20170526,28.227,28.233,28.112,28.19,8297,0
20170530,28.296,28.304,28.205,28.205,1270,0
20170531,28.305,28.305,28.305,28.305,166,0
20170601,28.372,28.563,28.37,28.563,6264,0
20170602,28.516,29.262,28.51,28.698,41666,0
20170605,28.467,28.467,27.923,27.99,28419,0
20170606,28.056,28.156,28.01,28.151,7836,0
20170607,28.142,28.276,28.14,28.155,2130,0
20170608,28.147,28.147,28.137,28.137,575,0
20170609,28.438,28.438,28.247,28.391,9654,0
20170612,28.428,28.516,28.428,28.506,2670,0
20170613,28.477,28.496,28.403,28.438,5025,0
20170614,28.343,28.477,28.343,28.477,1226,0
20170615,28.525,28.525,28.399,28.428,4688,0
20170616,28.315,28.315,28.256,28.285,973,0
20170619,28.181,28.224,28.123,28.224,891,0
20170620,28.371,28.42,28.348,28.391,2887,0
20170621,28.413,28.563,28.413,28.56,1574,0
20170622,28.716,28.735,28.672,28.735,17115,0
20170623,28.535,28.616,28.534,28.616,845,0
20170626,28.758,28.843,28.758,28.779,1145,0
20170627,28.697,28.698,28.697,28.698,725,0
20170628,28.583,28.678,28.583,28.611,1361,0
20170629,28.428,28.428,28.31,28.362,6639,0
20170630,28.084,28.084,27.946,27.946,1823,0
20170703,27.607,28.688,27.339,27.377,2809,0
20170705,27.31,27.471,27.31,27.393,2675,0
20170706,27.406,27.454,27.319,27.387,3213,0
20170707,27.234,27.472,27.234,27.462,11992,0
20170710,27.252,27.343,27.252,27.306,1679,0
20170712,27.367,27.559,27.367,27.549,1156,0
20170713,27.588,27.664,27.482,27.664,3171,0
20170714,27.462,27.462,27.439,27.439,2150,0
20170717,27.462,27.521,27.349,27.521,5678,0
20170718,27.299,27.349,27.281,27.31,2734,0
20170719,27.234,27.234,27.234,27.234,105,0
20170720,27.251,27.266,27.166,27.21,2180,0
20170724,27.374,27.374,27.32,27.341,635,0
20170725,27.491,27.491,27.425,27.425,1019,0
20170726,27.664,27.664,27.53,27.559,1883,0
20170728,27.349,27.349,27.267,27.271,6226,0
20170731,27.271,27.3,27.219,27.281,2363,0
20170801,27.248,27.387,27.248,27.367,1463,0
20170802,27.248,27.339,27.248,27.339,380,0
20170803,27.491,27.492,27.435,27.454,2550,0
20170804,27.482,27.482,27.435,27.482,826,0
20170807,27.435,27.435,27.435,27.435,329,0
20170808,27.558,27.558,27.558,27.558,492,0
20170809,27.702,27.702,27.588,27.588,2505,0
20170810,27.741,27.741,27.73,27.739,928,0
20170811,27.845,27.845,27.838,27.838,360,0
20170814,27.712,27.818,27.712,27.722,1292,0
20170816,28.123,28.123,27.932,28.037,894,0
20170817,27.865,27.874,27.865,27.874,965,0
20170818,27.816,27.961,27.816,27.961,804,0
20170821,27.904,27.923,27.806,27.806,4218,0
20170823,28.048,28.056,28.048,28.056,418,0
20170824,28,28,27.941,27.941,580,0
20170825,27.923,27.923,27.923,27.923,1068,0
20170828,28.095,28.095,28.038,28.038,523,0
20170829,28.14,28.14,28.113,28.113,793,0
20170830,28.169,28.169,28.048,28.048,1803,0
20170901,28.276,28.41,28.233,28.344,1788,0
20170905,28.506,28.506,28.498,28.498,575,0
20170906,28.506,28.506,28.457,28.477,999,0
20170907,28.382,28.629,28.382,28.62,859,0
20170908,28.477,28.495,28.446,28.446,1642,0
20170911,28.285,28.42,28.285,28.401,1202,0
20170913,28.192,28.192,28.15,28.189,3739,0
20170914,28.122,28.122,28.122,28.122,367,0
20170915,28.177,28.266,28.177,28.266,987,0
20170918,27.99,28.175,27.99,28.161,705,0
20170919,28.046,28.305,28.046,28.289,8202,0
20170920,28.15,28.227,28.15,28.227,600,0
20170921,28.132,28.142,28.088,28.094,1749,0
20170922,28.161,28.161,28.161,28.161,177,0
20170925,28.343,28.343,28.333,28.333,1562,0
20170926,28.095,28.227,28.095,28.2,742,0
20170927,28.266,28.266,28.067,28.095,2290,0
20170928,28.227,28.237,28.139,28.151,914,0
20170929,28.082,28.171,28.082,28.171,554,0
20171002,28.028,28.028,27.99,27.99,579,0
20171003,28.028,28.028,27.958,27.958,954,0
20171004,28.076,29.856,28,28.028,16684,0
20171005,28.171,28.305,28.171,28.223,2019,0
20171006,28.037,28.095,27.978,28.085,3102,0
20171009,28.056,28.171,28.056,28.136,1406,0
20171010,28.295,28.372,28.295,28.343,1134,0
20171011,28.391,28.391,28.324,28.362,1387,0
20171012,28.315,28.315,28.315,28.315,317,0
20171013,28.601,28.601,28.514,28.514,1301,0
20171016,28.573,28.592,28.544,28.563,4154,0
20171017,28.477,28.496,28.333,28.466,3155,0
20171018,28.448,28.457,28.266,28.457,48057,0
20171019,28.266,28.285,28.209,28.218,20864,0
20171020,28.333,28.391,28.256,28.324,3364,0
20171023,28.4,28.4,28.305,28.305,1147,0
20171024,28.4,28.4,28.185,28.378,1939,0
20171025,28.448,28.448,28.353,28.448,1062,0
20171026,28.436,28.436,28.276,28.42,2259,0
20171030,28.343,28.592,28.343,28.555,4502,0
20171031,28.658,28.658,28.614,28.614,518,0
20171101,29.578,29.578,28.678,28.753,1535,0
20171102,28.745,28.745,28.649,28.678,2720,0
20171103,28.62,28.745,28.562,28.745,1857,0
20171106,28.821,29.004,28.8,29.004,2713,0
20171107,28.765,28.875,28.765,28.875,1939,0
20171108,28.927,29.012,28.84,28.899,3961,0
20171109,28.881,29.012,28.85,28.974,7716,0
20171110,28.987,28.987,28.942,28.942,708,0
20171113,28.978,28.994,28.917,28.92,1510,0
20171114,28.811,28.811,28.323,28.457,18607,0
20171115,28.42,28.471,28.276,28.402,7747,0
20171116,28.467,28.467,28.467,28.467,622,0
20171117,28.487,28.639,28.487,28.639,2120,0
20171120,28.428,28.467,28.398,28.442,2167,0
20171121,28.496,28.499,28.353,28.499,1510,0
20171122,28.726,28.726,28.516,28.629,2030,0
20171124,28.87,28.87,28.87,28.87,208,0
20171127,28.668,28.802,28.659,28.659,12332,0
20171129,28.428,28.428,28.276,28.276,5462,0
20171130,28.391,28.391,28.391,28.391,491,0
20171201,28.451,28.496,28.363,28.384,3992,0
20171204,28.256,28.372,28.256,28.285,9481,0
20171205,28.316,28.316,28.316,28.316,343,0
20171206,28.235,28.235,28.132,28.132,417,0
20171207,28.235,28.315,28.105,28.178,2914,0
20171208,28.438,28.438,28.305,28.394,2575,0
20171211,28.42,28.496,28.42,28.496,431,0
20171212,28.448,28.544,28.343,28.544,1960,0
20171213,28.525,28.525,28.334,28.334,1436,0
20171214,28.266,28.382,28.227,28.382,3451,0
20171215,28.504,28.504,28.367,28.367,2213,0
20171218,28.984,28.984,28.315,28.399,15432,0
20171219,28.571,28.571,28.563,28.563,463,0
20171220,28.477,28.668,28.477,28.605,2087,0
20171221,28.563,28.68,28.483,28.62,2556,0
20171222,28.61,28.7,28.61,28.66,740,0
20171226,34.241,34.241,28.778,29.157,1067,0
20171227,28.837,28.847,28.808,28.847,556,0
20171228,28.86,28.86,28.86,28.86,295,0
20171229,28.864,28.956,28.864,28.907,1520,0
20180102,28.771,28.798,28.681,28.798,1433,0
20180103,28.895,28.936,28.796,28.889,9098,0
20180104,28.956,28.985,26.574,28.827,32592,0
20180105,29.005,29.005,28.827,28.931,14260,0
20180108,29.016,29.029,29.016,29.029,945,0
20180109,29.019,29.052,29.005,29.029,1734,0
20180110,29.281,29.281,29.032,29.152,2811,0
20180111,29.201,29.261,29.19,29.19,656,0
20180112,29.098,29.379,29.083,29.3,3807,0
20180116,29.526,29.526,29.25,29.25,7156,0
20180117,29.221,29.221,29.133,29.201,2567,0
20180118,29.221,29.241,29.16,29.221,5444,0
20180119,29.224,29.241,29.206,29.241,1440,0
20180122,29.043,29.261,29.043,29.261,1213,0
20180123,29.349,29.408,29.325,29.389,5247,0
20180124,29.408,29.566,29.285,29.566,5552,0
20180125,29.862,29.862,29.386,29.418,10019,0
20180126,29.359,29.418,29.345,29.349,4465,0
20180129,29.241,29.241,29.118,29.118,798,0
20180130,29.064,29.064,28.827,28.827,6621,0
20180131,28.798,28.931,28.798,28.931,2087,0
20180201,29.054,29.106,29.054,29.106,1209,0
20180202,28.782,28.817,28.782,28.817,1656,0
20180205,28.837,28.837,28.71,28.71,3208,0
20180206,28.654,28.995,28.493,28.995,3811,0
20180207,28.119,28.119,28.082,28.089,2565,0
20180208,28.07,28.13,28.05,28.13,3371,0
20180209,27.923,27.923,27.825,27.863,1298,0
20180212,28.002,28.002,27.877,27.879,5406,0
20180213,27.892,27.994,27.892,27.989,3679,0
20180214,27.942,28.325,27.942,28.325,2197,0
20180215,28.513,28.513,28.513,28.513,508,0
20180216,28.531,28.803,28.453,28.7,1477,0
20180220,28.729,28.729,28.68,28.68,793,0
20180221,28.552,28.827,28.552,28.71,2709,0
20180222,28.69,28.867,28.69,28.8,1458,0
20180223,28.904,28.904,28.904,28.904,316,0
20180226,28.985,29.044,28.946,28.946,1627,0
20180227,28.897,28.897,28.837,28.866,980,0
20180228,28.65,28.65,28.489,28.489,3090,0
20180301,28.227,28.276,28.143,28.276,1934,0
20180302,28.259,28.325,28.259,28.316,929,0
20180305,28.483,28.493,28.483,28.493,690,0
20180306,28.527,28.552,28.503,28.503,1768,0
20180307,28.911,28.911,28.184,28.268,1317,0
20180308,28.188,28.188,28.154,28.154,1036,0
20180309,28.433,28.453,28.433,28.443,1817,0
20180312,28.335,28.335,28.258,28.296,3094,0
20180313,28.306,28.325,28.236,28.325,2520,0
20180314,28.345,28.345,28.296,28.296,351,0
20180315,28.355,28.414,28.246,28.395,5343,0
20180316,28.462,28.552,28.462,28.552,775,0
20180319,28.433,28.433,28.375,28.433,907,0
20180320,28.443,28.443,28.443,28.443,433,0
20180321,28.71,28.847,28.71,28.837,2781,0
20180322,28.731,28.731,28.683,28.731,1459,0
20180323,28.716,28.81,28.716,28.81,1970,0
20180326,28.819,28.948,28.819,28.869,2817,0
20180327,28.79,28.859,28.712,28.829,3068,0
20180328,28.771,28.771,28.692,28.751,911,0
20180329,28.761,28.889,28.623,28.864,4111,0
20180402,28.819,28.819,28.702,28.702,1360,0
20180403,28.652,28.79,28.652,28.74,11446,0
20180404,28.524,28.554,28.396,28.485,718,0
20180405,28.63,28.682,28.63,28.644,2953,0
20180406,28.632,28.632,28.435,28.435,3090,0
20180409,28.642,28.671,28.642,28.644,1338,0
20180410,28.81,28.81,28.741,28.741,1283,0
20180411,28.918,28.977,28.907,28.918,2807,0
20180412,28.822,28.908,28.822,28.908,1632,0
20180413,28.821,28.938,28.821,28.918,8603,0
20180416,28.922,28.958,28.922,28.958,3088,0
20180417,28.899,29.105,28.899,29.105,8209,0
20180418,29.145,29.194,29.018,29.194,4916,0
20180419,29.143,29.233,29.09,29.09,2617,0
20180420,29.125,29.194,29.081,29.194,898,0
20180423,29.096,29.283,29.096,29.283,963,0
20180424,29.14,29.184,29.14,29.184,456,0
20180425,29.107,29.164,29.107,29.137,2162,0
20180426,29.273,29.273,29.178,29.178,595,0
20180427,29.253,29.341,29.194,29.254,1803,0
20180430,29.252,29.263,29.252,29.263,2164,0
20180501,29.134,29.135,28.979,29.125,2811,0
20180502,29.046,29.046,28.899,28.948,2590,0
20180503,28.917,29.076,28.885,28.948,2511,0
20180504,29.081,29.154,29.056,29.056,4205,0
20180507,29.301,29.304,29.184,29.184,885,0
20180508,29.188,29.203,29.122,29.182,3990,0
20180509,29.361,29.361,29.239,29.361,1433,0
20180510,29.21,29.381,29.21,29.381,3393,0
20180511,29.409,29.413,29.381,29.391,1596,0
20180514,29.48,29.509,29.479,29.508,3039,0
20180515,29.4,29.44,29.241,29.381,2925,0
20180516,29.381,29.519,29.312,29.475,2124,0
20180517,29.42,29.49,29.312,29.425,4689,0
20180518,29.512,29.558,29.42,29.42,4744,0
20180521,29.588,29.715,29.44,29.715,3881,0
20180522,29.775,29.775,29.415,29.415,8380,0
20180523,29.325,29.45,29.325,29.4,3037,0
20180524,29.351,29.44,29.253,29.253,1987,0
20180525,29.021,29.184,29.021,29.076,6261,0
20180529,29.213,29.213,29.016,29.105,13531,0
20180530,29.213,29.293,29.212,29.293,4009,0
20180531,29.243,29.243,29.183,29.183,857,0
20180601,29.056,29.065,29.046,29.065,1119,0
20180604,28.941,28.977,28.924,28.977,2424,0
20180605,28.908,28.918,28.879,28.898,2736,0
20180606,28.751,28.879,28.737,28.879,3480,0
20180607,28.751,28.938,28.751,28.829,1243,0
20180608,28.967,29.046,28.967,29.016,4086,0
20180611,28.849,28.948,28.849,28.938,2527,0
20180612,28.987,28.987,28.846,28.879,9858,0
20180613,28.839,28.936,28.721,28.831,3723,0
20180614,28.767,28.81,28.692,28.755,3174,0
20180615,28.396,28.475,28.396,28.416,4311,0
20180618,28.505,28.593,28.337,28.583,3569,0
20180619,28.387,28.495,28.337,28.485,8844,0
20180620,28.455,28.465,28.327,28.425,44448,0
20180621,28.238,28.337,28.198,28.337,14217,0
20180622,28.454,28.642,28.454,28.642,494,0
20180625,28.318,28.377,28.263,28.334,167756,0
20180626,28.505,28.505,28.504,28.504,1229,0
20180627,28.564,28.603,28.51,28.533,2010,0
20180628,28.583,28.613,28.583,28.613,604,0
20180629,28.622,28.702,28.603,28.671,2133,0
20180702,28.514,28.532,28.513,28.532,1059,0
20180703,28.554,28.554,28.319,28.323,2758,0
20180705,28.465,28.465,28.394,28.455,2129,0
20180706,28.347,28.406,28.347,28.396,4103,0
20180709,28.308,28.485,28.308,28.429,4759,0
20180710,28.574,28.574,28.471,28.554,7210,0
20180711,28.387,28.387,28.274,28.318,7164,0
20180712,28.238,28.337,28.209,28.337,14331,0
20180713,28.301,28.317,28.248,28.308,1722,0
20180716,28.16,28.218,28.15,28.206,3335,0
20180717,28.18,28.276,28.18,28.218,3506,0
20180718,28.244,28.377,28.177,28.357,13397,0
20180719,28.357,28.357,28.106,28.106,7820,0
20180720,28.157,28.2,28.136,28.2,1439,0
20180723,28.238,28.238,28.061,28.2,3009,0
20180724,28.288,28.288,28.204,28.204,8113,0
20180725,27.983,28.2,27.983,28.2,3724,0
20180726,28.003,28.248,27.904,28.238,54381,0
20180727,28.16,28.19,28.042,28.18,9086,0
20180730,28.051,28.13,27.998,28.13,2553,0
20180731,28.003,28.16,28.003,28.16,2903,0
20180801,28.044,28.133,28.044,28.075,1807,0
20180802,28.209,28.288,28.133,28.288,3832,0
20180803,28.209,28.209,28.013,28.101,5673,0
20180806,28.04,28.071,28.022,28.071,5285,0
20180807,28.061,28.17,28.061,28.17,3559,0
20180808,28.013,28.061,27.944,28.022,4103,0
20180809,27.963,27.999,27.855,27.858,5792,0
20180810,27.953,28.219,27.891,28.219,6776,0
20180813,28.081,28.248,28.032,28.248,4875,0
20180814,28.101,28.101,28.009,28.013,4541,0
20180815,28.003,28.14,27.953,28.121,7563,0
20180816,27.864,27.943,27.816,27.927,1661,0
20180817,27.894,28.041,27.857,27.914,6344,0
20180820,27.899,28.14,27.899,28.051,10594,0
20180821,28.041,28.051,27.874,28.017,7048,0
20180822,28.101,28.416,28.101,28.343,4318,0
20180823,28.298,28.403,28.245,28.39,4425,0
20180824,28.214,28.338,28.193,28.318,6257,0
20180827,28.396,28.396,28.09,28.09,3523,0
20180828,28.318,28.327,28.18,28.237,2558,0
20180829,28.216,28.435,28.216,28.378,4587,0
20180830,28.515,28.515,28.327,28.431,5240,0
20180831,28.455,28.455,28.267,28.357,6684,0
20180904,28.376,28.387,28.22,28.22,3261,0
20180905,28.207,28.219,28.141,28.141,3866,0
20180906,28.268,28.268,28.032,28.15,14374,0
20180907,28.061,28.091,28.022,28.091,6428,0
20180910,27.968,27.98,27.884,27.98,2655,0
20180911,27.943,28.188,27.943,28.188,3700,0
20180912,28.268,28.268,28.101,28.219,5873,0
20180913,28.238,28.238,28.111,28.189,7115,0
20180914,28.16,28.298,28.159,28.252,2810,0
20180917,28.354,28.455,28.303,28.455,13821,0
20180918,28.505,28.55,28.505,28.55,704,0
20180919,28.485,28.485,28.445,28.457,1810,0
20180920,28.367,28.367,28.19,28.228,4287,0
20180921,28.212,28.219,28.209,28.209,1506,0
20180924,28.337,28.396,28.318,28.396,2145,0
20180925,28.465,28.475,28.422,28.475,2678,0
20180926,28.416,28.455,28.367,28.455,1093,0
20180927,28.475,28.505,28.435,28.435,4219,0
20180928,28.583,28.583,28.396,28.475,4220,0
20181001,28.367,28.455,28.367,28.396,2730,0
20181002,28.425,31.015,28.111,28.111,21197,0
20181003,28.121,28.296,27.963,28.261,103704,0
20181004,28.228,28.298,28.131,28.298,11700,0
20181005,28.022,28.111,28.02,28.024,11836,0
20181008,27.918,27.918,27.829,27.858,3336,0
20181009,27.892,28.032,27.875,28.022,13438,0
20181010,27.924,28.224,27.864,27.894,11258,0
20181011,27.639,28.041,27.618,27.619,6747,0
20181012,27.619,27.619,27.432,27.569,7500,0
20181015,28.032,28.032,27.302,27.337,5099,0
20181016,27.333,27.382,27.265,27.366,1746,0
20181017,27.243,27.243,27.148,27.212,3078,0
20181018,27.737,27.737,27.154,27.266,4816,0
20181019,27.412,27.412,27.235,27.275,10578,0
20181022,27.126,27.402,27.126,27.402,1694,0
20181023,26.929,27.008,26.918,27.008,15075,0
20181024,26.921,27.058,26.921,27.038,16347,0
20181025,26.998,27.367,26.89,27.048,193405,0
20181026,26.945,27.066,26.944,27.036,9395,0
20181029,26.909,27.086,26.909,26.997,53416,0
20181030,26.851,27.185,26.851,26.968,7055,0
20181031,26.891,27.23,26.867,26.909,11271,0
20181101,26.929,27.018,26.599,26.62,3655,0
20181102,26.644,27.215,26.516,26.683,51967,0
20181105,26.762,26.771,26.614,26.668,7069,0
20181106,26.771,27.273,26.654,26.654,5779,0
20181107,26.841,26.841,26.664,26.781,16072,0
20181108,26.752,26.752,26.594,26.594,5550,0
20181109,26.599,26.742,26.594,26.66,9521,0
20181112,26.664,26.689,26.516,26.516,8084,0
20181113,26.742,26.742,26.426,26.426,2849,0
20181114,26.751,26.751,26.616,26.661,2667,0
20181115,26.575,26.654,26.522,26.59,2792,0
20181116,26.58,26.69,26.477,26.673,13754,0
20181119,26.732,26.732,26.619,26.721,4183,0
20181120,26.624,26.624,26.418,26.452,4055,0
20181121,26.454,26.594,26.422,26.434,4164,0
20181123,26.516,26.516,26.348,26.477,2741,0
20181126,26.407,26.525,26.405,26.505,4102,0
20181127,26.36,26.447,26.309,26.309,50210,0
20181128,26.369,26.369,26.329,26.338,1665,0
20181129,26.211,26.289,26.211,26.249,964,0
20181130,26.949,26.949,26.21,26.309,13087,0
20181203,26.185,26.297,26.185,26.2,5601,0
20181204,26.287,26.348,26.21,26.21,29978,0
20181206,26.171,26.329,26.171,26.319,12690,0
20181207,26.387,26.387,26.25,26.25,9016,0
20181210,26.171,26.348,26.171,26.228,13575,0
20181211,26.181,26.338,26.181,26.262,12052,0
20181212,26.225,26.225,26.186,26.186,2465,0
20181213,26.28,26.28,26.181,26.239,7317,0
20181214,26.19,26.256,26.181,26.256,1879,0
20181217,26.289,26.309,26.24,26.24,4358,0
20181218,26.191,26.239,26.171,26.195,4226,0
20181219,26.181,26.236,26.181,26.217,5540,0
20181220,26.292,26.487,26.126,26.126,3039,0
20181221,26.18,26.26,26.166,26.236,5008,0
20181224,26.161,26.329,26.161,26.275,2487,0
20181226,26.388,26.388,26.19,26.27,3183,0
20181227,26.26,26.28,26.181,26.224,12370,0
20181228,26.237,26.27,26.17,26.197,11481,0
20181231,26.181,26.23,26.151,26.23,5058,0
20190102,26.269,26.339,26.185,26.319,31151,0
20190103,26.174,26.219,26.12,26.219,8831,0
20190104,26.289,26.289,26.157,26.216,4926,0
20190107,26.21,26.279,26.192,26.2,4752,0
20190108,26.141,26.209,26.091,26.19,20134,0
20190109,26.2,26.2,26.062,26.062,19255,0
20190110,26.151,26.21,26.064,26.161,9064,0
20190111,26.091,26.21,26.091,26.174,5093,0
20190114,26.26,26.26,26.091,26.163,6741,0
20190115,26.161,26.2,26.082,26.2,5280,0
20190116,26.181,26.28,26.112,26.28,15449,0
20190117,26.26,26.26,26.112,26.148,8025,0
20190118,26.18,26.19,26.066,26.075,6097,0
20190122,26.092,26.21,26.092,26.13,14951,0
20190123,26.151,26.24,26.15,26.24,7799,0
20190124,26.111,26.25,26.111,26.25,14411,0
20190125,26.26,26.28,26.161,26.25,13031,0
20190128,26.299,26.299,26.141,26.173,9728,0
20190129,26.217,26.319,26.217,26.319,7818,0
20190130,26.359,26.379,26.253,26.379,17334,0
20190131,26.319,26.361,26.23,26.319,10668,0
20190201,26.418,26.418,26.343,26.408,12444,0
20190204,26.428,26.428,26.26,26.329,2847,0
20190205,26.388,26.388,26.228,26.307,111827,0
20190206,26.347,26.428,26.2,26.428,34626,0
20190207,26.398,26.468,26.27,26.468,23044,0
20190208,26.331,26.478,26.331,26.468,4695,0
20190211,26.297,26.497,26.297,26.487,25440,0
20190212,26.547,26.547,26.23,26.23,4777,0
20190213,26.25,26.418,26.25,26.416,6596,0
20190214,26.395,26.428,26.319,26.379,5647,0
20190215,26.369,26.497,26.369,26.428,5779,0
20190219,26.537,26.715,26.468,26.557,2680,0
20190220,26.735,26.854,26.567,26.844,5001,0
20190221,26.744,26.744,26.438,26.537,17244,0
20190222,26.513,26.591,26.478,26.517,4069,0
20190225,26.497,26.525,26.408,26.497,10102,0
20190226,26.497,26.537,26.445,26.449,5260,0
20190227,26.586,26.586,26.458,26.527,2634,0
20190228,26.566,26.577,26.497,26.497,7499,0
20190301,26.53,26.537,26.359,26.359,6258,0
20190304,26.468,26.473,26.428,26.455,8322,0
20190305,26.388,26.487,26.379,26.444,4305,0
20190306,26.497,26.497,26.418,26.469,11598,0
20190307,26.487,26.507,26.448,26.487,3548,0
20190308,26.329,26.438,26.309,26.438,9398,0
20190311,26.388,26.478,26.388,26.455,7247,0
20190312,26.567,26.567,26.482,26.489,87245,0
20190313,26.468,26.517,26.448,26.489,5337,0
20190314,26.507,26.507,26.38,26.38,4850,0
20190315,26.369,26.388,26.29,26.374,4926,0
20190318,26.309,26.408,26.309,26.329,13299,0
20190319,26.418,26.428,26.359,26.408,13504,0
20190320,26.467,26.527,26.438,26.489,8033,0
20190321,26.441,26.444,26.365,26.386,8634,0
20190322,26.301,26.338,26.25,26.316,14868,0
20190325,26.309,26.408,26.26,26.388,22791,0
20190326,26.448,26.448,26.361,26.428,3984,0
20190327,26.411,26.428,26.364,26.418,4560,0
20190328,26.329,26.388,26.299,26.363,15559,0
20190329,26.418,26.458,26.389,26.435,11435,0
20190401,26.517,26.527,26.438,26.467,13901,0
20190402,26.438,26.567,26.438,26.54,5090,0
20190403,26.576,26.606,26.499,26.55,9754,0
20190404,26.478,26.626,26.478,26.586,23264,0
20190405,26.606,26.666,26.55,26.639,91283,0
20190408,26.639,26.706,26.621,26.7,9017,0
20190409,26.725,26.725,26.596,26.636,15848,0
20190410,26.685,26.745,26.685,26.71,6349,0
20190411,26.715,26.735,26.702,26.711,11067,0
20190412,26.774,26.804,26.735,26.774,10853,0
20190415,26.705,26.745,26.656,26.666,9608,0
20190416,26.705,26.755,26.651,26.745,12277,0
20190417,26.824,26.824,26.755,26.804,5451,0
20190418,26.705,26.787,26.695,26.784,452327,0
20190422,26.873,26.893,26.832,26.867,5084,0
20190423,26.804,26.893,26.804,26.883,7937,0
20190424,26.883,26.893,26.838,26.889,2912,0
20190425,26.893,26.913,26.814,26.844,3593,0
20190426,26.824,26.824,26.686,26.744,17436,0
20190429,26.793,26.794,26.721,26.749,3801,0
20190430,26.824,26.853,26.763,26.818,24713,0
20190501,26.824,26.893,26.705,26.755,104144,0
20190502,26.705,26.705,26.636,26.705,5460,0
20190503,26.709,26.814,26.709,26.79,3932,0
20190506,26.792,26.844,26.785,26.801,7766,0
20190507,26.715,26.715,26.661,26.685,4698,0
20190508,26.675,26.718,26.666,26.679,3091,0
20190509,26.652,26.705,26.626,26.702,4886,0
20190510,26.718,26.755,26.704,26.725,7076,0
20190513,26.794,26.809,26.666,26.666,13996,0
20190514,26.725,26.725,26.66,26.697,2992,0
20190515,26.646,26.806,26.646,26.797,4164,0
20190516,26.854,26.854,26.735,26.794,6008,0
20190517,26.784,26.79,26.745,26.784,3918,0
20190520,26.709,26.775,26.702,26.734,5273,0
20190521,26.766,26.776,26.676,26.725,8471,0
20190522,26.719,26.725,26.668,26.684,1425,0
20190523,26.567,26.567,26.478,26.489,13037,0
20190524,26.514,26.517,26.462,26.512,6002,0
20190528,26.517,26.537,26.46,26.494,3666,0
20190529,26.359,26.437,26.339,26.411,3995,0
20190530,26.392,26.431,26.379,26.396,6205,0
20190531,26.357,26.36,26.28,26.338,34232,0
20190603,26.364,26.369,26.257,26.257,7065,0
20190604,26.26,26.26,26.161,26.25,8950,0
20190605,26.199,26.239,26.131,26.2,5834,0
20190606,26.099,26.28,26.099,26.28,4868,0
20190607,26.369,26.408,26.329,26.408,11453,0
20190610,26.418,26.418,26.339,26.339,1904,0
20190611,26.352,26.408,26.309,26.339,6491,0
20190612,26.316,26.316,26.244,26.244,3519,0
20190613,26.32,26.32,26.261,26.292,3018,0
20190614,26.3,26.313,26.26,26.299,8357,0
20190617,26.26,26.388,26.243,26.369,35029,0
20190618,26.418,26.438,26.349,26.387,31645,0
20190619,26.428,26.428,26.349,26.398,13852,0
20190620,26.398,26.507,26.398,26.495,30116,0
20190621,26.576,26.616,26.527,26.576,40344,0
20190624,26.586,26.586,26.476,26.527,14107,0
20190625,26.563,26.563,26.511,26.511,4085,0
20190626,26.537,26.552,26.469,26.552,6863,0
20190627,26.507,26.507,26.438,26.441,5120,0
20190628,26.438,26.458,26.344,26.369,3509,0
20190701,26.369,26.478,26.354,26.468,19577,0
20190702,26.468,26.49,26.369,26.418,22183,0
20190703,26.339,26.457,26.299,26.364,9401,0
20190705,26.25,26.395,26.25,26.395,2674,0
20190708,26.512,26.512,26.388,26.388,7291,0
20190709,26.418,26.507,26.346,26.398,4584,0
20190710,26.438,26.468,26.389,26.418,10894,0
20190711,26.606,26.606,26.408,26.408,3415,0
20190712,26.497,26.502,26.439,26.455,3989,0
20190715,26.537,26.537,26.339,26.401,11921,0
20190716,26.468,26.497,26.329,26.329,3862,0
20190717,26.369,26.448,26.32,26.359,16116,0
20190718,26.398,26.398,26.28,26.314,2303,0
20190719,26.329,26.388,26.296,26.349,5020,0
20190722,26.379,26.41,26.309,26.371,2343,0
20190723,26.352,26.428,26.319,26.352,2985,0
20190724,26.408,26.428,26.321,26.339,6822,0
20190725,26.369,26.369,26.27,26.339,5909,0
20190726,26.275,26.468,26.275,26.298,3951,0
20190729,26.319,26.379,26.27,26.379,4003,0
20190730,26.319,26.428,26.319,26.413,6730,0
20190731,26.369,26.428,26.329,26.359,8153,0
20190801,26.171,26.299,26.156,26.156,2744,0
20190802,26.319,26.319,26.201,26.21,5771,0
20190805,26.349,26.349,26.171,26.188,4685,0
20190806,26.2,26.26,26.164,26.2,4275,0
20190807,26.116,26.18,26.072,26.18,5856,0
20190808,26.108,26.151,26.108,26.151,6322,0
20190809,26.147,26.2,26.101,26.151,4530,0
20190812,26.2,26.309,26.2,26.309,2839,0
20190813,26.214,26.438,26.214,26.383,8597,0
20190814,26.319,26.319,26.181,26.258,9582,0
20190815,26.161,26.19,26.082,26.171,20090,0
20190816,26.181,26.195,26.151,26.151,7683,0
20190819,26.28,26.28,26.22,26.254,2081,0
20190820,26.252,26.329,26.252,26.299,3660,0
20190821,26.359,26.359,26.328,26.328,1780,0
20190822,26.275,26.275,26.21,26.21,3148,0
20190823,26.27,26.349,26.226,26.334,7101,0
20190826,26.299,26.299,26.156,26.22,8417,0
20190827,26.294,26.346,26.26,26.346,1348,0
20190828,26.418,26.468,26.319,26.32,5872,0
20190829,26.458,26.517,26.401,26.516,16993,0
20190830,26.388,26.388,26.309,26.337,2114,0
20190903,26.26,26.398,26.26,26.341,5893,0
20190904,26.457,26.573,26.418,26.566,2911,0
20190905,26.586,26.586,26.471,26.504,4971,0
20190906,26.329,26.489,26.329,26.459,2006,0
20190909,26.509,26.547,26.448,26.448,3964,0
20190910,26.427,26.475,26.366,26.392,1976,0
20190911,26.388,26.408,26.289,26.333,8945,0
20190912,26.185,26.3,26.182,26.27,4648,0
20190913,26.121,26.182,26.121,26.182,1997,0
20190916,26.394,26.527,26.388,26.438,5024,0
20190917,26.344,26.398,26.294,26.36,4316,0
20190918,26.379,26.379,26.266,26.266,4122,0
20190919,26.428,26.428,26.339,26.368,4030,0
20190920,26.428,26.428,26.319,26.356,6263,0
20190923,26.289,26.396,26.275,26.392,2416,0
20190924,26.308,26.308,26.237,26.237,1648,0
20190925,26.122,26.15,26.032,26.032,3077,0
20190926,26.1,26.181,26.09,26.137,1904,0
20190927,26.113,26.141,26.101,26.141,2105,0
20190930,26.091,26.091,25.795,25.92,187905,0
20191001,25.973,25.983,25.824,25.899,34752,0
20191002,25.884,25.921,25.855,25.903,8423,0
20191003,25.884,25.983,25.844,25.98,33981,0
20191004,26.032,26.032,25.894,25.963,74224,0
20191007,26.042,26.042,25.924,25.967,47688,0
20191008,26.062,26.062,25.775,25.996,62833,0
20191009,25.994,26.062,25.988,26.015,4321,0
20191010,25.992,26.171,25.992,26.082,11270,0
20191011,26.125,26.14,26.077,26.133,3297,0
20191014,25.941,26.131,25.941,26.058,4035,0
20191015,26.151,26.151,26.022,26.121,10587,0
20191016,26.171,26.177,26.053,26.119,7463,0
20191017,26.042,26.162,26.002,26.131,4611,0
20191018,26.078,26.101,25.498,25.498,1776,0
20191021,26.111,26.12,25.984,26.12,7129,0
20191022,26.111,26.111,26.003,26.042,6215,0
20191023,26.07,26.189,26.069,26.181,7266,0
20191024,26.215,26.282,26.172,26.23,4792,0
20191025,26.19,26.245,26.152,26.181,6503,0
20191028,26.289,26.29,26.151,26.161,9329,0
20191029,26.19,26.28,26.19,26.279,15982,0
20191030,26.307,26.307,26.307,26.307,574,0
20191031,26.118,26.151,26.091,26.091,7844,0
20191101,26.256,26.284,26.256,26.267,1580,0
20191104,26.369,26.408,26.356,26.374,2708,0
20191105,26.277,26.378,26.221,26.27,6544,0
20191106,26.181,26.25,26.091,26.091,8665,0
20191107,26.091,26.163,26.032,26.032,10563,0
20191108,25.943,26.072,25.943,26.063,3838,0
20191111,26.018,26.08,25.996,26.028,2443,0
20191112,26.082,26.082,25.968,26.006,3953,0
20191113,25.921,25.983,25.831,25.907,5981,0
20191114,25.983,25.983,25.857,25.945,2834,0
20191115,25.905,25.992,25.905,25.93,2250,0
20191118,25.963,25.963,25.854,25.908,2940,0
20191119,25.904,25.992,25.884,25.948,12684,0
20191120,25.881,26.028,25.881,25.978,11840,0
20191121,25.922,25.945,25.854,25.908,4511,0
20191122,25.912,25.912,25.81,25.859,5291,0
20191125,25.864,25.864,25.791,25.819,32671,0
20191126,25.814,25.962,25.814,25.923,13344,0
20191127,25.872,25.896,25.844,25.884,1102,0
20191129,25.853,25.853,25.744,25.744,2404,0
20191202,25.795,25.795,25.626,25.676,11576,0
20191203,25.636,25.714,25.636,25.676,4301,0
20191204,25.745,25.745,25.646,25.705,6754,0
20191205,25.666,25.745,25.666,25.705,35015,0
20191206,25.709,25.711,25.646,25.69,678356,0
20191209,25.696,25.705,25.653,25.671,4405,0
20191210,25.689,25.708,25.636,25.671,4131,0
20191211,25.676,25.764,25.656,25.735,10151,0
20191212,25.715,25.744,25.679,25.72,4683,0
20191213,25.7504,25.83,25.7422,25.78,3989,0
20191216,25.83,25.83,25.73,25.77,5269,0
20191217,25.84,25.84,25.74,25.785,5234,0
20191218,25.7659,25.81,25.73,25.7768,1630,0
20191219,25.85,25.85,25.75,25.795,1321,0
20191220,25.7362,25.7451,25.7278,25.7451,999,0
20191223,25.7,25.82,25.7,25.7896,7435,0
20191224,25.8393,25.8393,25.8098,25.8351,769,0
20191226,25.91,25.969,25.9,25.94,4262,0
20191227,25.936,26,25.9201,25.95,4042,0
20191230,25.9716,25.9716,25.895,25.92,4211,0
20191231,25.92,25.9405,25.895,25.895,2556,0
20200102,25.9374,25.9891,25.32,25.32,5435,0
20200103,26.1092,26.1191,26.0047,26.0323,5588,0
20200106,26.0678,26.089,26.036,26.0501,5297,0
20200107,26.03,26.07,26.01,26.035,29420,0
20200108,26.0479,26.0479,25.8301,25.9267,9577,0
20200109,25.8513,25.918,25.82,25.8851,13313,0
20200110,25.8741,25.93,25.821,25.8702,13883,0
20200113,25.79,25.85,25.75,25.84,6563,0
20200114,25.8,25.86,25.7657,25.82,11356,0
20200115,25.8174,25.86,25.74,25.82,8495,0
20200116,25.86,25.88,25.79,25.8459,17436,0
20200117,25.895,25.91,25.8279,25.8701,7817,0
20200121,25.75,25.88,25.75,25.825,8512,0
20200122,25.755,25.79,25.6795,25.715,8794,0
20200123,25.57,25.62,25.54,25.585,6565,0
