Date,Open,High,Low,Close,Volume,OpenInt
20110215,105840,109680,99600,102180,53,0
20110216,103380,109080,102720,108960,14,0
20110218,117240,133800,117240,120300,24,0
20110222,119520,126000,109560,110220,16,0
20110223,119700,119760,110040,111300,11,0
20110224,112140,115920,110340,115920,10,0
20110225,117600,122280,117180,119640,20,0
20110228,120300,126000,117180,118260,12,0
20110301,119520,119640,111000,113700,10,0
20110302,112500,116040,112200,115500,6,0
20110303,116040,117000,112920,114600,10,0
20110304,115500,115740,112980,114240,5,0
20110307,115500,119160,114300,116460,12,0
20110308,117120,117480,115800,116820,7,0
20110309,115920,117240,109980,113700,10,0
20110310,113400,113940,110580,111600,14,0
20110311,109980,113400,109980,113280,3,0
20110314,113400,113400,109980,111420,6,0
20110315,109980,111900,106860,110880,6,0
20110316,114540,116100,109800,111660,15,0
20110317,112320,118500,111480,116340,4,0
20110318,117780,118500,116700,118380,6,0
20110321,119400,119880,111480,112260,11,0
20110322,111000,116400,109920,115200,5,0
20110323,115620,116580,103860,105180,14,0
20110324,105120,105120,102180,104280,4,0
20110325,103920,107040,103920,107040,3,0
20110328,108360,115500,106140,112560,8,0
20110329,117540,123000,117000,118800,69,0
20110330,120060,121920,113940,120600,125,0
20110331,120960,122340,115380,118200,99,0
20110401,115980,128040,112860,127860,23,0
20110404,126300,141900,126300,140460,39,0
20110405,142680,148980,134280,137760,31,0
20110406,137580,153540,132780,147900,19,0
20110407,148560,158160,145560,153300,23,0
20110408,154800,157860,150000,151800,10,0
20110411,151140,156420,146280,146700,12,0
20110412,146640,148200,138000,140100,12,0
20110413,139980,142500,133560,133560,6,0
20110414,132000,132900,124140,125460,14,0
20110415,121500,131100,118440,122040,13,0
20110418,120300,120300,113280,115620,17,0
20110419,116700,119640,116700,118260,6,0
20110420,121500,126600,118140,126600,6,0
20110421,126540,127200,119460,120660,4,0
20110425,121380,124020,120300,123660,4,0
20110426,123720,123720,117000,121920,8,0
20110427,122160,122160,116400,117780,7,0
20110428,118200,119880,114840,115200,8,0
20110429,114600,118260,111120,116100,10,0
20110502,117420,125760,117060,122460,8,0
20110503,122400,125520,118260,119100,6,0
20110504,123900,123900,114060,114240,6,0
20110505,114000,116100,109560,113400,12,0
20110506,120000,122940,114720,114840,9,0
20110509,115380,119520,113280,114300,5,0
20110510,115200,116700,112380,116460,2,0
20110511,116760,121080,116760,120180,4,0
20110512,120000,121260,119100,120660,7,0
20110513,120060,121860,119100,119940,4,0
20110516,118740,123540,118200,118260,6,0
20110517,116760,120420,116160,119400,4,0
20110518,119280,120300,117540,119160,3,0
20110519,119700,123840,119700,123720,10,0
20110520,120720,122760,119700,121020,2,0
20110523,119640,121440,118920,120240,5,0
20110524,119940,120000,114300,114600,4,0
20110525,114660,118440,114240,117060,6,0
20110526,117300,118980,114180,117600,3,0
20110527,118380,119400,116580,118440,5,0
20110531,118680,119580,114660,115680,14,0
20110601,115860,115860,108900,109620,15,0
20110602,110100,111480,105060,107880,27,0
20110603,106560,108960,102000,102060,7,0
20110606,102480,104700,97920,99000,6,0
20110607,100440,102720,98880,98880,9,0
20110608,98460,100260,96300,98760,4,0
20110609,98580,101160,98580,98700,11,0
20110610,95400,100680,95400,97200,12,0
20110613,97980,102480,97200,102300,8,0
20110614,102840,105600,98460,99000,14,0
20110615,97920,102960,97020,98580,9,0
20110616,99000,101640,93000,97140,16,0
20110617,98520,101460,94920,95160,17,0
20110620,94980,95640,86460,88860,29,0
20110621,89760,89760,76740,80820,349,0
20110622,81000,86100,81000,81240,26,0
20110623,85320,88380,80280,84900,43,0
20110624,85380,90900,84060,88800,108,0
20110627,88920,91260,84420,85860,34,0
20110628,87840,100200,87840,97020,48,0
20110629,97920,97920,91260,93900,42,0
20110630,93780,94980,92100,94380,13,0
20110701,94500,98400,94380,98400,12,0
20110705,98160,99300,95520,98220,14,0
20110706,96240,108300,95940,107160,15,0
20110707,107400,107400,103440,105060,11,0
20110708,102420,106740,102060,105360,7,0
20110711,104640,104640,97680,99300,11,0
20110712,99060,100380,97680,99720,11,0
20110713,102120,107940,100320,107700,13,0
20110714,107400,108240,105000,107160,11,0
20110715,107520,107520,99900,106800,16,0
20110718,105600,106020,102060,104820,8,0
20110719,105060,108120,102960,108120,8,0
20110720,105480,112500,103680,108060,9,0
20110721,108000,110100,102600,107100,11,0
20110722,109980,112380,107820,110160,8,0
20110725,109920,111240,107640,110040,5,0
20110726,109440,109440,102240,104040,5,0
20110727,103200,103380,94500,97140,9,0
20110728,97740,101100,96480,99600,13,0
20110729,92040,100920,90600,99180,23,0
20110801,101040,101100,90000,100200,9,0
20110802,97200,101700,89760,90120,22,0
20110803,93120,93240,89760,90900,8,0
20110804,90060,93420,88080,88440,15,0
20110805,88560,90240,78840,83220,9,0
20110808,79920,81180,72360,74220,14,0
20110809,75960,90300,73320,78660,12,0
20110810,80400,80460,69060,69360,19,0
20110811,70800,73140,62040,63540,20,0
20110812,64440,64440,60300,63540,10,0
20110815,63960,74340,63960,73980,5,0
20110816,74580,76080,66780,69000,9,0
20110817,72720,74040,66780,68520,10,0
20110818,67200,70260,65280,68940,15,0
20110819,67680,70080,66120,68340,14,0
20110822,70920,70920,54540,60600,24,0
20110823,64380,70020,61020,68400,24,0
20110824,68340,68340,60960,65340,5,0
20110825,65700,65700,59580,59820,8,0
20110826,59640,65520,59640,61140,12,0
20110829,64920,65640,62280,65520,7,0
20110830,64560,64560,61980,62700,10,0
20110831,63060,64740,63060,64020,5,0
20110901,64560,65400,61080,62100,5,0
20110902,60420,60960,57420,57840,8,0
20110906,56880,60300,56220,59940,13,0
20110907,60900,60900,58860,59280,5,0
20110908,58440,61440,57600,57720,4,0
20110909,57300,57300,52200,52620,6,0
20110912,52860,54000,51720,51900,11,0
20110913,52260,53400,51840,52200,10,0
20110914,53940,54300,52620,53640,5,0
20110915,56880,56880,52200,52380,6,0
20110916,53040,54000,51840,54000,9,0
20110919,53040,53040,51540,51660,3,0
20110920,53460,53460,49320,49560,3,0
20110921,49980,50880,45000,45420,13,0
20110922,43740,45000,38220,39780,22,0
20110923,37980,40680,37980,40320,16,0
20110926,40740,44040,39000,40860,14,0
20110927,46680,46680,39600,40020,15,0
20110928,39420,39420,35400,37380,41,0
20110929,38100,38100,35220,35400,94,0
20110930,35160,35460,32640,33420,18,0
20111003,34800,35460,33360,33840,18,0
20111004,31920,37560,31920,36900,23,0
20111005,37080,39360,35220,39360,26,0
20111006,39000,40380,37800,40320,11,0
20111007,41340,46260,40500,44340,15,0
20111010,45420,46140,42420,43560,9,0
20111011,48000,53160,44160,49680,30,0
20111012,50280,51900,47820,48900,12,0
20111013,48720,50220,46920,47100,5,0
20111014,47460,49740,44940,49380,13,0
20111017,47700,48600,44640,45120,11,0
20111018,45060,48180,43320,47940,11,0
20111019,47820,48360,45660,47760,7,0
20111020,47700,48000,44400,44880,8,0
20111021,45960,49320,44760,45000,8,0
20111024,45600,46800,44580,46620,7,0
20111025,45780,46080,44160,44700,9,0
20111026,45420,46260,43800,45000,10,0
20111027,47580,50760,44700,50760,12,0
20111028,49620,52560,48360,52020,13,0
20111031,49500,49980,43800,44580,13,0
20111101,43560,48000,36300,40680,11,0
20111102,46680,47700,41100,44280,9,0
20111103,44760,47280,42300,44820,6,0
20111104,44940,45180,43140,43920,4,0
20111107,46620,46620,42240,43860,4,0
20111108,44400,46740,43620,46500,9,0
20111109,45000,46740,44820,46500,8,0
20111110,47220,47220,43140,45720,7,0
20111111,45180,46620,45060,46320,7,0
20111114,47100,47640,44160,45300,7,0
20111115,45000,46920,43440,44280,15,0
20111116,43680,48000,43260,45960,18,0
20111117,46140,46980,42420,42600,8,0
20111118,42660,44520,41520,43260,22,0
20111121,43560,43560,36420,38760,18,0
20111122,38880,39180,36000,36180,15,0
20111123,35820,36360,32400,32880,16,0
20111125,32700,32700,31080,31080,5,0
20111128,35160,36840,32160,35400,21,0
20111129,35640,37980,35460,37140,25,0
20111130,38400,39540,36000,36900,58,0
20111201,36180,37980,36180,36900,24,0
20111202,37320,38700,36660,37740,15,0
20111205,38580,38700,36660,37800,16,0
20111206,37920,38460,36840,38280,17,0
20111207,38220,41160,38220,40560,10,0
20111208,40320,40860,39240,40140,9,0
20111209,40380,41700,37620,38220,11,0
20111212,36840,38400,36000,36660,10,0
20111213,36720,38340,35100,36060,10,0
20111214,36240,37620,33120,33840,13,0
20111215,34260,43500,32100,38220,119,0
20111216,37740,39000,36660,38220,35,0
20111219,38760,38760,34260,35580,24,0
20111220,37680,37680,34440,34980,12,0
20111221,35040,35220,32760,33900,10,0
20111222,33900,36240,33900,35340,18,0
20111223,36000,36000,34500,34800,9,0
20111227,34800,34800,32940,33900,7,0
20111228,34020,34020,32700,33600,6,0
20111229,33600,34440,33480,34440,13,0
20111230,34200,38100,33420,37740,10,0
20120103,38100,38700,36720,38640,7,0
20120104,37560,39360,35580,38760,13,0
20120105,38700,39060,35880,36120,6,0
20120106,36180,38040,34440,34920,13,0
20120109,34500,35220,33000,33180,12,0
20120110,34560,36060,34500,35400,8,0
20120111,35700,37200,35220,36060,12,0
20120112,36120,37920,35520,36300,11,0
20120113,35700,36720,35700,36540,9,0
20120117,37080,37200,36060,36480,7,0
20120118,36480,38700,36000,38100,10,0
20120119,38640,39300,37260,38520,10,0
20120120,38160,40440,37140,39900,17,0
20120123,43800,43800,36660,41160,11,0
20120124,40860,44700,40680,44100,19,0
20120125,44040,49980,42600,48720,26,0
20120126,49320,50400,48780,49260,25,0
20120127,49260,52740,49200,51840,18,0
20120130,51780,52740,50640,51840,20,0
20120131,51960,53100,51780,52020,20,0
20120201,52260,54000,51840,53820,12,0
20120202,52800,57180,52800,56700,23,0
20120203,59040,60000,57600,59400,24,0
20120206,58860,60000,58260,59940,29,0
20120207,60000,60000,57120,58500,34,0
20120208,58500,59940,54120,56400,53,0
20120209,56580,57180,51660,53940,37,0
20120210,53100,54480,50400,50940,20,0
20120213,52500,62100,51420,60660,60,0
20120214,60960,63360,58020,62940,29,0
20120215,65460,67740,60480,61260,67,0
20120216,60960,61680,58620,60120,26,0
20120217,58860,60300,57120,58800,27,0
20120221,59640,59760,56040,57420,28,0
20120222,57420,58440,54120,56820,32,0
20120223,56700,57000,54900,55860,11,0
20120224,55380,56040,53400,54060,10,0
20120227,53640,57120,52200,55620,26,0
20120228,55980,55980,52440,53520,16,0
20120229,54960,66720,54420,60060,75,0
20120301,60420,62400,53460,54600,37,0
20120302,53400,54600,49200,49260,29,0
20120305,49380,49380,45300,46020,26,0
20120306,45000,45420,42120,43020,28,0
20120307,43500,48060,43440,46680,31,0
20120308,47220,55440,47220,54780,49,0
20120309,55320,59400,54660,55980,38,0
20120312,56460,56460,53040,54540,25,0
20120313,55500,59400,55500,58860,46,0
20120314,59760,59880,55800,56460,21,0
20120315,56340,57300,51480,52500,41,0
20120316,52740,55080,51780,53400,14,0
20120319,54360,56220,51900,53100,15,0
20120320,53400,54600,51120,53580,16,0
20120321,54780,57600,53640,56160,33,0
20120322,55860,57960,54000,55800,20,0
20120323,56100,59640,55860,57840,24,0
20120326,58080,62340,58080,61680,35,0
20120327,61440,61980,58020,58320,30,0
20120328,60600,60600,57420,58860,44,0
20120329,58200,61380,56340,58620,78,0
20120330,58860,58860,54060,55140,22,0
20120402,55680,57420,54060,55500,26,0
20120403,56220,59460,55620,56640,28,0
20120404,56520,57180,55440,56220,13,0
20120405,57720,58860,56340,57540,8,0
20120409,56760,56760,54660,55500,21,0
20120410,55680,60120,55320,55320,54,0
20120411,56400,61500,56400,58500,51,0
20120412,59040,60000,56280,58200,19,0
20120413,58320,58320,54300,54840,29,0
20120416,55500,56880,54360,54600,39,0
20120417,55200,57780,55140,57000,34,0
20120418,57000,57960,54060,55620,21,0
20120419,55920,55920,53040,54960,17,0
20120420,55200,57000,54960,55860,15,0
20120423,54720,58140,53400,57840,24,0
20120424,57840,60000,57540,59460,17,0
20120425,60000,60000,56580,58260,9,0
20120426,58680,59700,57900,58500,12,0
20120427,58740,59460,57300,58920,6,0
20120430,59520,61140,57900,58140,19,0
20120501,58440,60600,57000,58620,13,0
20120502,58020,61500,55500,59940,32,0
20120503,59280,59280,53400,53520,29,0
20120504,53400,53400,48060,49020,13,0
20120507,48600,48660,44400,46860,28,0
20120508,46440,47940,46140,46980,17,0
20120509,46380,46860,43200,43380,19,0
20120510,44640,44640,41100,43800,33,0
20120511,43200,43620,41220,42120,18,0
20120514,41280,41280,37800,38160,26,0
20120515,38280,40860,36300,36480,42,0
20120516,36900,38460,34800,35040,30,0
20120517,35520,35520,33120,33600,22,0
20120518,33660,35040,33240,33600,16,0
20120521,33540,34920,32880,34740,24,0
20120522,35340,36300,31920,32400,32,0
20120523,31920,32460,29040,32100,38,0
20120524,32640,36540,32400,35160,46,0
20120525,35580,36120,33000,34620,26,0
20120529,34860,35040,32940,34500,29,0
20120530,33900,34380,31800,33060,32,0
20120531,33300,38215.2,32580,36420,50,0
20120601,35700,35700,32280,33360,20,0
20120604,33600,33600,30960,31680,24,0
20120605,31860,35280,31800,34920,27,0
20120606,36360,37080,33840,34620,25,0
20120607,35880,36960,33660,33780,16,0
20120608,33900,35040,32340,32940,19,0
20120611,33180,36360,32640,34380,30,0
20120612,34860,35340,33300,33900,30,0
20120613,33960,36300,33120,34500,25,0
20120614,34320,37020,33420,35940,26,0
20120615,36000,36420,34920,35760,26,0
20120618,35580,36420,33300,35160,32,0
20120619,35160,36540,34440,35520,45,0
20120620,45000,56640,43500,46500,369,0
20120621,46500,47220,43620,44820,92,0
20120622,45780,48360,43620,46680,382,0
20120625,45960,49620,45960,48660,51,0
20120626,48660,54600,48660,52620,76,0
20120627,51840,52440,40500,40800,289,0
20120628,39960,41400,28860,29700,299,0
20120629,30600,31380,28500,29820,1172,0
20120702,30180,30480,28860,29700,180,0
20120703,29400,29700,29040,29280,103,0
20120705,29400,29580,26220,27120,145,0
20120706,26880,28200,26100,26640,118,0
20120709,26400,26640,24600,25080,215,0
20120710,27000,27000,25080,26220,189,0
20120711,26340,27600,25620,26700,108,0
20120712,26520,26700,25260,26160,73,0
20120713,26340,26580,26100,26340,46,0
20120716,26340,26940,25800,26340,35,0
20120717,26580,27360,25140,26820,105,0
20120718,26880,27300,26040,26100,88,0
20120719,26340,27060,25800,26880,37,0
20120720,26520,27480,25740,27000,74,0
20120723,26340,26640,24480,26580,76,0
20120724,26700,26880.4,24360,24600,71,0
20120725,25020,26340,24900,26160,68,0
20120726,26700,26700,24540,24780,51,0
20120727,24960,25500,23880,25500,56,0
20120730,25680,25680,23340,23700,64,0
20120731,24180,24540,22860,23280,173,0
20120801,23520,24060,21960,21960,77,0
20120802,21840,22860,21420,22080,30,0
20120803,22620,24174,21900,24000,40,0
20120806,24180,28080,20460,22080,214,0
20120807,22560,23520,21900,23100,44,0
20120808,24900,24900,21600,22380,42,0
20120809,21300,22320,21300,22020,38,0
20120810,22020,23700,22020,23220,49,0
20120813,24840,24900,21900,22620,91,0
20120814,22920,24000,22380,23040,37,0
20120815,23100,23220,21960,22200,39,0
20120816,22260,23700,21000,23700,98,0
20120817,23700,24090,23040,23340,33,0
20120820,23340,23880,22560,23460,29,0
20120821,23700,23820,22620,23040,23,0
20120822,22860,23640,22320,23040,72,0
20120823,22980,22980,21900,21900,29,0
20120824,21960,22650,20760,21900,67,0
20120827,22320,22800,21960,22140,38,0
20120828,22260,22680,22200,22440,31,0
20120829,22500,22560,21660,21900,38,0
20120830,21960,22140,21180,21240,20,0
20120831,21360,21540,21000,21240,29,0
20120904,21300,21600,20700,20760,60,0
20120905,20700,21120,19500,20400,72,0
20120906,20520,20764.8,18600,19140,175,0
20120907,19500,20520,18960,19800,123,0
20120910,19980,20339.2,19170,19620,52,0
20120911,19680,20160,19260,19380,48,0
20120912,19440,19860,19080,19680,98,0
20120913,19740,21000,19500,20700,85,0
20120914,21000,21540,19800,20820,100,0
20120917,20880,21960,20760,21000,99,0
20120918,20700,21480,19920,20100,61,0
20120919,20160,20220,19200,19800,63,0
20120920,19620,19920,19320,19740,36,0
20120921,20160,20340,19560,19800,76,0
20120924,19740,20220,19200,19860,36,0
20120925,15480,15660,12600,12840,856,0
20120926,11340,12600,10620,11040,741,0
20120927,10980,12120,10920,12000,280,0
20120928,12060,12840,12000,12840,168,0
20121001,13500,13500,12420,12600,106,0
20121002,12300,12660,11760,12060,193,0
20121003,12060,12960,11700,12660,221,0
20121004,12600,13200,12060,13080,74,0
20121005,13080,13080,12540,12540,46,0
20121008,12540,12900,12240,12720,51,0
20121009,12600,12720,12000,12060,64,0
20121010,12300,12600,12180,12240,43,0
20121011,12420,12475.2,12120,12240,24,0
20121012,12240,13080,12180,12180,42,0
20121015,12240,12360,12060,12300,28,0
20121016,12300,12360,11760,11880,47,0
20121017,12120,12120,11700,12060,28,0
20121018,12360,12600,12000,12005.2,33,0
20121019,12060,12060,11340,11700,70,0
20121022,11400,11520,10800,11400,47,0
20121023,11280,12120,11040,11520,52,0
20121024,11580,12120,11580,11880,50,0
20121025,12600,12780,12000,12540,116,0
20121026,12480,12540,12000,12420,71,0
20121031,12660,12840,11760,12120,57,0
20121101,12060,12240,11760,12060,43,0
20121102,12120,12480,11880,12000,70,0
20121105,12000,12480,11760,12420,50,0
20121106,12480,12660,12300,12480,30,0
20121107,12600,12600,11880,12000,42,0
20121108,11880,12060,11400,11940,56,0
20121109,11520,11940,11400,11460,45,0
20121112,11460,11460,10020,10260,67,0
20121113,10140,10560,9060,9960,79,0
20121114,9840,10020,9120,9720,75,0
20121115,9720,9720,8700,8880,95,0
20121116,8640,9840,8280,8700,119,0
20121119,9360,9479.2,8310,8820,78,0
20121120,8820,9120,8580,8760,102,0
20121121,8820,9420,8700,9120,56,0
20121123,9480,9660,9180,9600,17,0
20121126,9600,9660,8940,9000,73,0
20121127,9240,9720,9180,9480,102,0
20121128,9600,9720,9180,9480,55,0
20121129,9480,10440,9360,10260,133,0
20121130,10260,11040,9300,9600,252,0
20121203,9840,10080,9120,9242.4,61,0
20121204,9300,9720,9000,9240,95,0
20121205,9300,9720,8880,8940,62,0
20121206,8880,9540,8759.2,8760,155,0
20121207,8700,9120,8460,8460,46,0
20121210,8640,8880,8190,8400,71,0
20121211,8640,8880,8160,8700,49,0
20121212,8940,8940,8160,8280,61,0
20121213,8400,8640,8280,8460,72,0
20121214,8400,9180,8340,9120,137,0
20121217,9000,9540,9000,9480,53,0
20121218,9540,9840,9000,9120,57,0
20121219,9120,10020,9120,9720,98,0
20121220,9480,10800,9180,10200,115,0
20121221,10200,10380,9780,10140,57,0
20121224,10140,10140,9660,9960,12,0
20121226,9780,9960.4,9240,9420,64,0
20121227,9480,9600,9120,9360,40,0
20121228,9360,9600,9180,9300,80,0
20121231,9300,9360,9060,9240,48,0
20130102,9720,11460,9720,10920,208,0
20130103,10860,11760,10620,10920,144,0
20130104,11160,13320,10980,13080,502,0
20130107,13260,14580,12600,13260,549,0
20130108,13380,13500,12060,12180,159,0
20130109,12600,12600,11220,11700,146,0
20130110,12060,12420,11460,12420,178,0
20130111,12480,12480,11880,12180,74,0
20130114,12300,12300,11280,11520,126,0
20130115,11400,11760,10920,11580,117,0
20130116,11640,11700,11100,11280,76,0
20130117,11400,12240,11100,12060,225,0
20130118,12180,13500,12180,12720,373,0
20130122,12900,13500,12120,12420,137,0
20130123,12540,12540,11280,11580,126,0
20130124,11520,12900,11400,12720,174,0
20130125,12960,13080,12240,12420,89,0
20130128,12600,12600,12000,12180,85,0
20130129,11940,14700,11940,14280,464,0
20130130,14820,15240,12960,13980,834,0
20130131,13920,14220,13260,13800,151,0
20130201,14100,15780,13920,15180,629,0
20130204,15060,15240,14340,14700,205,0
20130205,14820,15420,13440,14040,224,0
20130206,13800,14580,13440,13800,158,0
20130207,13800,14340,13500,13740,91,0
20130208,13860,14820,13680,14580,230,0
20130211,14640,14819.2,13860,14580,94,0
20130212,14760,16080,14400,15120,409,0
20130213,15300,15900,15120,15540,191,0
20130214,15360,15600,14520,15180,157,0
20130215,15480,16500,15060,15120,386,0
20130219,15420,15420,13800,14220,295,0
20130220,14280,14400,12060,12480,404,0
20130221,12660,13020,12060,12180,283,0
20130222,12600,13320,12270,12600,539,0
20130225,12780,12840,11400,11580,290,0
20130226,11820,12000,10500,11520,393,0
20130227,11400,11700,10800,11400,217,0
20130228,11460,12360,11280,11880,258,0
20130301,11700,12360,11400,11820,156,0
20130304,11760,12180,10920,11580,188,0
20130305,11760,11760,10800,11160,235,0
20130306,12060,12360,11640,11760,219,0
20130307,12120,12720,11880,12600,310,0
20130308,12720,12720,11460,11880,256,0
20130311,12180,12180,11400,11520,130,0
20130312,11460,11880,11460,11700,100,0
20130313,11580,11700,11520,11640,43,0
20130314,11640,11699.2,11220,11580,81,0
20130315,11520,11580,11340,11340,82,0
20130318,11160,11820,11100,11580,104,0
20130319,11400,12720,11340,12360,254,0
20130320,14400,14700,13020,13200,911,0
20130321,14280,14640,13260,13620,669,0
20130322,13740,13920,12840,13380,223,0
20130325,13380,13619.2,12720,12840,128,0
20130326,13320,13320,12720,13020,80,0
20130327,13140,13800,13080,13560,166,0
20130328,13920,14346,13080,13440,230,0
20130401,13440,13560,12900,13320,154,0
20130402,13080,13380,12900,12960,77,0
20130403,12840,13140,12060,12480,224,0
20130404,12540,12900,12180,12540,86,0
20130405,12360,12720,12240,12540,54,0
20130408,12660,12774,12360,12480,33,0
20130409,12540,13140,12360,13020,163,0
20130410,12900,13140,12780,13140,80,0
20130411,13560,14040,12480,13080,486,0
20130412,12900,12960,12360,12540,220,0
20130415,12000,12120,11040,11310,341,0
20130416,11694,11760,10860.4,11340,182,0
20130417,11160,11220,10200,10440,201,0
20130418,10440,10740,9900,10560,139,0
20130419,10620,10800,10320,10590,84,0
20130422,10620,10800,10350,10560,65,0
20130423,10680,10680,10020,10200,136,0
20130424,10320,10500,9900,10170,96,0
20130425,10200,10500,9840,10080,146,0
20130426,10200,10380,9900,10140,200,0
20130429,10440,11280,10320,10740,298,0
20130430,11280,11520,10080,11100,305,0
20130501,10500,10740,9480,9960,289,0
20130502,10260,10320,9840,10200,108,0
20130503,10319.2,10800,10319.2,10800,113,0
20130506,10980,11040,10500,10620,78,0
20130507,10859.2,10860,10140,10800,82,0
20130508,10740,10800,10320,10680,53,0
20130509,10440,10680,9900,10020,126,0
20130510,9600,10500,9180,10440,108,0
20130513,10500,10560,9900,10260,94,0
20130514,10200,10260,9720,9900,107,0
20130515,9960,10019.2,9480,9600,80,0
20130516,9900,10260,9600,10020,53,0
20130517,10200,10200,9720,10020,44,0
20130520,10020,11940,10020,11040,238,0
20130521,10920,11580,10560,10920,142,0
20130522,11040,11460,10920,11100,91,0
20130523,11040,11819.2,10740,11100,112,0
20130524,11040,11460,10800,10920,55,0
20130528,11160,11160,10560,10740,62,0
20130529,10740,10920,10500,10560,39,0
20130530,10560,10920,10500,10860,38,0
20130531,10800,10920,10680,10740,44,0
20130603,10800,10800,10200,10260,51,0
20130604,10200,10500,9960,9960,45,0
20130605,10020,10020,9780,9780,35,0
20130606,9780,10020,9720,9900,34,0
20130607,9960,11400,9840,10920,100,0
20130610,11100,11100,10026,10260,47,0
20130611,10080,10620,10020,10020,26,0
20130612,10140,10680,9900,9960,53,0
20130613,9960,10200,9900,10020,26,0
20130614,10080,10200,9960,10080,28,0
20130617,10140,10500,10020,10380,47,0
20130618,12360,13920,12120,12420,1592,0
20130619,13020,13860,12720,13620,1021,0
20130620,13020,13530,12480,12780,336,0
20130621,13080,13320,12660,13320,224,0
20130624,13140,13200,12480,12660,201,0
20130625,12960,13080,11340,11640,253,0
20130626,11820,12469.6,11520,11880,107,0
20130627,11940,12420,11826,12360,148,0
20130628,12540,12780,12120,12180,851,0
20130701,12420,13200,12060,12840,236,0
20130702,12840,13800,12840,13200,179,0
20130703,13140,13140,12720,12960,41,0
20130705,13080,13080,12600,12720,65,0
20130708,12720,13200,12540,12720,69,0
20130709,12600,12840,11460,12120,217,0
20130710,12360,12420,11940,12000,74,0
20130711,12240,12600,12000,12240,80,0
20130712,12120,12360,11700,12120,115,0
20130715,12300,12300,11760,11940,78,0
20130716,12060,12060,11700,11820,72,0
20130717,12060,12120,11580,11640,142,0
20130718,11640,11820,11460,11460,111,0
20130719,11580,11610,11100,11280,118,0
20130722,11460,11460,10980,10980,122,0
20130723,11040,12180,10800,11340,419,0
20130724,11400,11760,11100,11100,198,0
20130725,11280,11340,10800,10800,111,0
20130726,10920,11700,10800,11220,319,0
20130729,11460,11460,10980,11160,179,0
20130730,11400,11400,10800,11100,172,0
20130731,11040,11220,10800,11040,74,0
20130801,11400,12300,11340,12060,494,0
20130802,12060,12300,11820,12000,114,0
20130805,12000,12660,11880,12180,175,0
20130806,12300,12480,11700,11760,175,0
20130807,10860,11280,10500,10920,184,0
20130808,11160,11220,10800,11220,55,0
20130809,11400,11400,10500,11100,100,0
20130812,11220,11400,10620,10680,80,0
20130813,10920,10920,10620,10740,74,0
20130814,10800,11100,10680,11040,64,0
20130815,10980,10980,10740,10800,74,0
20130816,10680,10740,10200,10200,165,0
20130819,10260,10800,10020,10140,95,0
20130820,10200,10559.2,10140,10260,45,0
20130821,10380,10680,10320,10320,40,0
20130822,10380,10560,10260,10440,26,0
20130823,10440,11400,10440,11340,191,0
20130826,11880,12240,11400,11520,307,0
20130827,11520,11940,11220,11820,74,0
20130828,11820,12480,11760,11880,157,0
20130829,11940,12000,11520,11760,49,0
20130830,11760,12000,11040,11040,90,0
20130903,11220,11640,11100,11220,26,0
20130904,11280,11460,11100,11340,30,0
20130905,11400,11820,11400,11640,74,0
20130906,11700,11880,11460,11700,30,0
20130909,11760,11940,11400,11460,63,0
20130910,11400,11760,11220,11340,54,0
20130911,11220,11639.2,11220,11340,45,0
20130912,11340,11450.4,11160,11160,31,0
20130913,11220,11580,10920,11520,57,0
20130916,11760,11820,11460.4,11700,37,0
20130917,11820,11820,11520,11700,40,0
20130918,11760,12540,11640,12180,189,0
20130919,12000,12120,11460,11700,61,0
20130920,11640,11700,11160,11460,82,0
20130923,11400,11700,11400,11640,31,0
20130924,11700,11700,11400,11520,36,0
20130925,11640,11640,11400,11460,31,0
20130926,11460,12000,11460,11820,108,0
20130927,11700,11820,11580,11820,48,0
20130930,11700,11820,11280,11520,64,0
20131001,11400,11460,11220,11400,53,0
20131002,11280,11460,11220,11400,21,0
20131003,11340,11340,11040,11220,44,0
20131004,11340,11340,11040,11040,60,0
20131007,11100,11220,11040,11100,25,0
20131008,11100,11160,10680,10860,68,0
20131009,10800,11040,10260,10740,60,0
20131010,10860,11220,10740,10800,31,0
20131011,10860,11160,10800,10920,39,0
20131014,10800,11040,10800,10980,23,0
20131015,10560,11040,10500,10800,67,0
20131016,10800,11100,10680,10920,57,0
20131017,10980,11520,10980,11160,77,0
20131018,11100,11160,10800,10800,34,0
20131021,10920,11280,10800,11040,35,0
20131022,11160,11160,10800,10800,35,0
20131023,10860,11040,10560,10740,59,0
20131024,10740,10800,10320,10380,111,0
20131025,10320,10500,10020,10200,76,0
20131028,10200,10800,10140,10680,95,0
20131029,10860,10920,10680,10740,52,0
20131030,10860,10980,10200,10320,64,0
20131031,10320,10440,10200,10200,49,0
20131101,10260,10380,9900,10020,69,0
20131104,10080,10440,10020,10320,74,0
20131105,10380,10500,9900,9960,68,0
20131106,8220,9000,7800,7920,509,0
20131107,8100,8580,8040,8280,105,0
20131108,8280,8460,8100,8160,55,0
20131111,8400,8400,8100,8220,32,0
20131112,8400,8400,7920,8040,73,0
20131113,8100,8400,7920,8100,60,0
20131114,8040,8280,8040,8280,38,0
20131115,8400,13080,8280,10440,1536,0
20131118,10740,10800,8940,9000,323,0
20131119,9120,9300,8400,8880,148,0
20131120,9300,9300,8580,8820,94,0
20131121,8880,9060,8520,8580,54,0
20131122,8700,9720,8280,9180,227,0
20131125,9900,9900,8940,9900,140,0
20131126,10080,10500,9540,9840,225,0
20131127,9840,11220,9840,10860,480,0
20131129,11040,11100,10680,10680,57,0
20131202,11100,11100,10260,10920,138,0
20131203,11100,11100,10200,10620,126,0
20131204,10920,11040,9840,10800,172,0
20131205,10620,10920,9600,10200,233,0
20131206,10260,10320,10020,10080,44,0
20131209,10080,10440,10080,10200,68,0
20131210,10320,10320,9900,9960,81,0
20131211,7200,7500,6780,7260,2797,0
20131212,7260,7320,7080,7140,404,0
20131213,7200,7200,6720,7080,382,0
20131216,7080,7140,6840,6840,285,0
20131217,6840,7380,6840,7200,222,0
20131218,7320,7500,7020,7020,371,0
20131219,7200,7740,7020,7680,428,0
20131220,7800,7860,7320,7620,290,0
20131223,7860,8040,7680,7800,277,0
20131224,8040,8040,7800,7830,92,0
20131226,7980,8100,7800,8040,264,0
20131227,8100,8520,7800,8340,506,0
20131230,8340,8640,8040,8520,265,0
20131231,8520,8700,8400,8580,171,0
20140102,8640,8640,8160,8460,182,0
20140103,8460,8520,8220,8280,185,0
20140106,8400,8460,8160,8280,85,0
20140107,8340,8400,7920,8040,195,0
20140108,8160,8340,8100,8160,159,0
20140109,8220,8280,7980,7980,119,0
20140110,7980,8040,7500,7740,228,0
20140113,7740,8220,7560,7800,193,0
20140114,7860,7860,7680,7740,74,0
20140115,7860,7860,7740,7740,88,0
20140116,7740,7800,7680,7680,65,0
20140117,7680,8040,7680,7800,110,0
20140121,7920,8280,7800,8040,324,0
20140122,8100,8220,7680,7800,141,0
20140123,7740,7920,7740,7800,82,0
20140124,7740,7800,7500,7680,153,0
20140127,7680,7680,7200,7200,196,0
20140128,7320,7633.2,7320,7380,120,0
20140129,7560,8280,7380,8160,650,0
20140130,8160,8700,8040,8220,546,0
20140131,8160,8760,7860,8280,350,0
20140203,8340,8400,7800,7860,162,0
20140204,7920,8040,7800,7860,73,0
20140205,7860,7860,7560,7560,145,0
20140206,7680,7980,7560,7680,43,0
20140207,7740,7920,7620,7740,75,0
20140210,7800,8100,7740,7920,106,0
20140211,8040,8040,7620,7920.4,74,0
20140212,8040,8100,7680,7740,107,0
20140213,7860,8010,7680,7920,68,0
20140214,8040,8100,7740,7740,124,0
20140218,7920,8160,7680,7740,276,0
20140219,7620,7740,7500,7500,140,0
20140220,7680,7680,7200,7260,218,0
20140221,7260,7500,7260,7260,67,0
20140224,7500,7800,7320,7740,115,0
20140225,7980,8040,7800,7980,179,0
20140226,8160,8160,7980,8040,90,0
20140227,8100,9120,7800,8580,1017,0
20140228,8940,8940,8040,8160,286,0
20140303,8220,8400,7740,7920,280,0
20140304,7920,7980,7680,7800,158,0
20140305,7860,8400,7800,8040,254,0
20140306,8580,9180,8400,8520,474,0
20140307,8580,8640,8160,8280,142,0
20140310,8100,8580,8100,8400,139,0
20140311,8640,9240,8280,8700,577,0
20140312,9120,9300,8520,8760,296,0
20140313,8700,8820,8280,8460,163,0
20140314,8400,8760,8040,8580,126,0
20140317,8520,9000,8220,8340,93,0
20140318,8400,8400,8040,8160,103,0
20140319,8160,8340,7800,7800,179,0
20140320,7860,8040,7560,7920,193,0
20140321,8040,8160,7860,7920,80,0
20140324,7860,8100,7560,7620,203,0
20140325,7680,7860,7440,7440,228,0
20140326,6900,7800,6900,7020,405,0
20140327,6960,7080,6840,6960,121,0
20140328,7020,7080,6900,7020,154,0
20140331,7080,7320,6960,7020,171,0
20140401,7140,7440,7020,7140,157,0
20140402,7200,7380,7140,7260,64,0
20140403,7320,7440,7080,7170,46,0
20140404,7140,7248,7080,7080,49,0
20140407,7200,7260,7020,7020,66,0
20140408,7080,7140,6930,7080,45,0
20140409,7080,7140,6960,7080,61,0
20140410,7020,7140,6720,6840,78,0
20140411,6840,6960,6600,6690,122,0
20140414,6660,6840,6180,6180,183,0
20140415,6180,6300,4380.4,5065.2,602,0
20140416,5065.2,5079.6,4620,4962,163,0
20140417,4920,5880,4650,5580,261,0
20140421,5760,5817.6,4980,5220,141,0
20140422,5100,8040,5100,7080,1990,0
20140423,6960,7380,6240,6540,609,0
20140424,6540,7200,6480,6900,359,0
20140425,6960,7020,6480,6660,137,0
20140428,6720,6840,6180,6360,156,0
20140429,6660,6660,6180,6180,94,0
20140430,6300,6360,6120,6180,53,0
20140501,6180,6420,6180,6360,75,0
20140502,6300,6480.4,6180,6300,38,0
20140505,6480,6660,6000,6660,109,0
20140506,6540,6780,6120,6240,105,0
20140507,6180,6420,6120,6180,46,0
20140508,6240,6240,5573.2,5760,156,0
20140509,5820,5820,5400,5400,95,0
20140512,5580,6240,5460,6000,105,0
20140513,6120,6240,5899.2,6120,101,0
20140514,6180,6240,6000,6120,117,0
20140515,6240,6480,5714.8,5879.2,172,0
20140516,6000,6000,5520,5745.6,69,0
20140519,5760,5760,5472,5522.4,59,0
20140520,5520,5670,5340,5421.6,29,0
20140521,5400,5636.4,5400,5400,22,0
20140522,5400,5563.6,5400,5496.4,22,0
20140523,5400,5916,5400,5580,98,0
20140527,5820,5820.4,5400,5460,47,0
20140528,5640,5640,5460,5461.2,27,0
20140529,5640,5940,5280,5460,170,0
20140530,5568,5580,5340,5532.4,49,0
20140602,5520,5640,5350,5400,33,0
20140603,5340,5520,5100,5160,65,0
20140604,5161.6,5388,5100,5160,90,0
20140605,5340,5340,4830,5064,120,0
20140606,5040,5400,4856.4,5212,73,0
20140609,5280,5460,5280,5340,43,0
20140610,5160,5580,5160,5580,58,0
20140611,5460,5940,5460,5760,80,0
20140612,5640,5760,5580,5759.2,35,0
20140613,5760,5856,5533.6,5760,40,0
20140616,5760,5880,5703.6,5760,14,0
20140617,5700,5940,5520,5820,54,0
20140618,5714.8,5817.6,5460,5520,46,0
20140619,5460,5820,5460,5468.4,29,0
20140620,5460.4,5700,5418,5418,59,0
20140623,5400,5520,5280,5280,44,0
20140624,5280,5280,4980.4,5115.6,103,0
20140625,5160,5400,4920,5280,66,0
20140626,5400,5400,5220,5341.2,30,0
20140627,5340,5519.2,4980,5040,153,0
20140630,5160,5436,5041.2,5160,35,0
20140701,5160,5400,5100,5252.4,28,0
20140702,5340,5340,5100,5280,23,0
20140703,5112.4,5334,5112.4,5220,23,0
20140707,5280,5580,5160,5272.8,39,0
20140708,5280,5280,4980,5048.8,55,0
20140709,4980,5100,4980,5100,23,0
20140710,4986,5039.2,4680,4789.6,66,0
20140711,4740,4920,4620,4920,37,0
20140714,4924.8,5220,4806,4969.2,46,0
20140715,4894.8,4920,4702.8,4812.4,22,0
20140716,4800,4800,4560,4628.4,36,0
20140717,4628.4,4752,4500,4504,28,0
20140718,4620,4920,4560,4572,37,0
20140721,4560,4620,4260,4326.4,60,0
20140722,4320,4440,4200,4200,45,0
20140723,4140,4440,3300,3561,248,0
20140724,3600,3654.6,3390,3520.8,130,0
20140725,3363,4291.6,3363,4020,353,0
20140728,4080,4080,3600,3720,83,0
20140729,4560,5028,4088.8,4200,651,0
20140730,4680,4680,4200,4320,121,0
20140731,3480,3480,3000,3060,1005,0
20140801,3180,3180,2658.6,2868,611,0
20140804,3098.4,3120,2935.8,3000,167,0
20140805,3004.8,3071.4,2730,3000.6,139,0
20140806,3060,3060,2880,2991.6,78,0
20140807,3030,3030,2880,2916,53,0
20140808,2826,2970,2730,2730,148,0
20140811,2700,3060,2700,2994,242,0
20140812,2940,3059.4,2940,3001.2,79,0
20140813,3000,3060,2580,2940,153,0
20140814,2880,3000,2736,2880,103,0
20140815,2880,2886.6,2730,2730.6,102,0
20140818,2940,2940,2706,2757.6,78,0
20140819,2940,2940,2730,2796,71,0
20140820,2796,2910,2715,2718,92,0
20140821,2779.2,2838,2700,2700.6,123,0
20140822,2790,2820,2646.6,2701.8,93,0
20140825,2760,2760,2646.6,2670,55,0
20140826,2676,2849.4,2640,2774.4,52,0
20140827,2880,2880,2676,2792.4,51,0
20140828,2817,2937,2730,2826,64,0
20140829,2820,3300,2820,3121.2,342,0
20140902,3240,3450,3089.4,3318,584,0
20140903,3420,3480,2880,3060,490,0
20140904,3090,3180,2850,2953.2,125,0
20140905,2940,2940.6,2589.6,2704.2,280,0
20140908,2700,2904.6,2649,2826,96,0
20140909,2850,2910,2760,2883,67,0
20140910,2790,2937.6,2709.6,2763,75,0
20140911,2736,2867.4,2706,2843.4,42,0
20140912,2820,2877,2730,2730.6,66,0
20140915,2760,2760,2580,2598,165,0
20140916,2589,2640,2520,2580.6,66,0
20140917,2640,2700,2460,2461.8,123,0
20140918,2460,2460,2040,2100,384,0
20140919,2345.4,2640,2220,2406,587,0
20140922,2285.4,2580,2226,2549.4,82,0
20140923,2580,2580,2406,2580,26,0
20140924,2520,2550,2016,2125.8,399,0
20140925,2244,2520,2100,2100.6,94,0
20140926,2160,2244,2040,2040,122,0
20140929,2100,2100,1830,1920.6,558,0
20140930,2034,2117.4,1814.4,2055,157,0
20141001,2088,2100,1931.4,1931.4,52,0
20141002,1936.8,2039.4,1824,1830,141,0
20141003,1860,1998,1807.2,1826.4,62,0
20141006,1830,1978.8,1500,1680,188,0
20141007,1740,1794,1512,1560,107,0
20141008,1674,1674,1546.2,1620,87,0
20141009,1800,2190,1620,1620,124,0
20141010,1620,1740,1560,1620,38,0
20141013,1620,1800,1500,1605,67,0
20141014,1560,1716,1552.2,1716,26,0
20141015,1680,1793.4,1500.6,1753.2,101,0
20141016,1799.4,1860,1650.6,1680,102,0
20141017,1800,1918.8,1692,1752,25,0
20141020,1710,1920,1710,1800.6,119,0
20141021,1980,2050.8,1860,1929,206,0
20141022,2082,2142,1920,2053.2,241,0
20141023,2046,2160,2046,2130,137,0
20141024,2148,2265.6,2101.2,2181,111,0
20141027,2220,2280,2112.6,2190,96,0
20141028,2160,2340,2160,2161.8,110,0
20141029,2338.2,2338.2,2100,2190,79,0
20141030,2109,2280,1680,2123.4,125,0
20141031,1936.8,2220,1921.8,2147.4,68,0
20141103,2202,2217,1920,1926.6,51,0
20141104,2070,2070,1926.6,1950,29,0
20141105,2038.2,2038.2,1860,1860,24,0
20141106,1980,1980,1800,1915.8,69,0
20141107,1860,1980,1801.8,1968,32,0
20141110,2040,2088,1950,1950,86,0
20141111,1950,2004,1919.4,1950,66,0
20141112,2460,2640,2280,2340,582,0
20141113,2340,2340,2118,2160,114,0
20141114,2280,2640,2280,2460,355,0
20141117,2580,2580,2400,2460,130,0
20141118,2400,2460,2310,2340,93,0
20141119,2340,2459.4,2220,2278.8,74,0
20141120,2279.4,2640,2220.6,2580,263,0
20141121,2640,2880,2580,2700,382,0
20141124,2760,3120,2760,3000,530,0
20141125,3120,3240,2880,2940,220,0
20141126,3000,3000,2719.2,3000,124,0
20141128,3000,3024,2640,2640.6,155,0
20141201,2730,2760,2370.6,2457,225,0
20141202,2457,2519.4,2287.2,2340.6,88,0
20141203,2340,2580,2262,2382,146,0
20141204,2334.6,2394,2235,2280,90,0
20141205,2250,2286,2159.4,2220.6,95,0
20141208,2220,2220,1860,1920,160,0
20141209,1980,2100,1920,1920,140,0
20141210,1920,2083.2,1740,1947,200,0
20141211,1747.8,1920,1743,1800,65,0
20141212,1800.6,1889.4,1770,1860.6,96,0
20141215,1920,1920,1608,1680,151,0
20141216,1680,1740,1500,1740,174,0
20141217,1500,1800,1500,1725.6,98,0
20141218,1740,1980,1740,1755.6,25,0
20141219,1920,1920,1760.4,1920,77,0
20141222,1920,2058,1865.4,1980,110,0
20141223,2100,2280,2040,2267.4,270,0
20141224,2250,2340.6,2160.6,2220,110,0
20141226,2160,2310,1920,2190,110,0
20141229,1950,2097.6,1923,2070,77,0
20141230,1932.6,2038.2,1920,1972.8,65,0
20141231,1980,1980,1620,1920,135,0
20150102,1920,2100,1800,2100,44,0
20150105,2100,2220,2040,2100,76,0
20150106,2040,2189.4,1831.2,2040,82,0
20150107,1920,2040,1860,1920,36,0
20150108,2016,2071.2,1860,1980,75,0
20150109,1920,1920,1800,1920,92,0
20150112,1860,1920,1800,1920,63,0
20150113,2070,2100,1870.8,1995.6,76,0
20150114,1920,2034,1800,1842,120,0
20150115,1770,1980,1744.2,1890,50,0
20150116,1920,1920,1680,1809.6,80,0
20150120,1794.6,1860,1681.8,1794,56,0
20150121,1740,1860,1680,1743.6,46,0
20150122,1800,1860,1690.8,1740.6,38,0
20150123,1725,1794,1680,1708.8,57,0
20150126,1740,1842,1692.6,1767,77,0
20150127,1956,2094,1506,1662,694,0
20150128,1680,1719.6,1525.8,1536,192,0
20150129,1020,1020,748.2,811.2,2521,0
20150130,870,899.4,720.6,780,930,0
20150202,840,864,718.8,780,605,0
20150203,804,804,720.6,732,562,0
20150204,738,838.8,726.6,780,996,0
20150205,803.4,864,780,785.4,1019,0
20150206,828,852,765,810,411,0
20150209,840,840,780,780,444,0
20150210,807,837,783,820.2,149,0
20150211,810,975,795.6,959.4,1936,0
20150212,1020,1260,960,1200,4120,0
20150213,1342.2,1440,1208.4,1374,3591,0
20150217,1560,1800,1542,1680,3664,0
20150218,1740,1740,1380,1453.8,1779,0
20150219,1500,1500,1209.6,1410,1037,0
20150220,1440,1680,1440,1620,1268,0
20150223,1740,1800,1507.2,1569,1360,0
20150224,1320,1608,1200,1554,887,0
20150225,1560,1620,1440,1500,385,0
20150226,1500,1680,1410,1620,1176,0
20150227,1650,1674.6,1530.6,1620,418,0
20150302,1680,1680,1440,1560,343,0
20150303,1500,1620,1500,1500,379,0
20150304,1620,1620,1440,1500,530,0
20150305,1500,1560,1380,1560,612,0
20150306,1560,1560,1500,1500,205,0
20150309,1740,1920,1620,1680,3019,0
20150310,1680,1740,1500,1560,809,0
20150311,1620,1620,1500,1500,388,0
20150312,1500,1560,1440,1560,360,0
20150313,1500,1560,1380,1500,474,0
20150316,1380,1500,1320,1500,495,0
20150317,1380,1500,1380,1440,245,0
20150318,1440,1440,1380,1440,262,0
20150319,1380,1500,1380,1440,188,0
20150320,1440,1500,1440,1440,247,0
20150323,1440,1560,1440,1500,403,0
20150324,1620,1740,1500,1620,962,0
20150325,1620,1620,1500,1500,371,0
20150326,1560,1620,1500,1620,582,0
20150327,1560,1620,1440,1500,799,0
20150330,1440,1440,1260,1260,956,0
20150331,1320,1396.2,1200,1206,515,0
20150401,1200,1200,900,1020,1037,0
20150402,1020,1200,1020,1140,526,0
20150406,1140,1320,1140,1260,461,0
20150407,1320,1350,1260,1302,390,0
20150408,1260,1320,1080,1200,394,0
20150409,1200,1200,1138.8,1194,163,0
20150410,1140,1200,1080,1200,336,0
20150413,1200,1200,1080,1140,206,0
20150414,1200,1200,1140,1200,202,0
20150415,1149,1200,1116,1170,256,0
20150416,1170,1170,1080,1080,280,0
20150417,1080,1140,1080,1140,207,0
20150420,1109.4,1120.2,1020,1023,296,0
20150421,904,955.96,528,804,2025,0
20150422,840,1208,840,1114,5706,0
20150423,1168,1200,952,1128,4493,0
20150424,1144,1216,1072,1088,2608,0
20150427,1088,1100,1004,1016,1136,0
20150428,980,1016,900,968,960,0
20150429,960,960,900,920,634,0
20150430,912,1056,912,1004,1650,0
20150501,1008,1024,980,984,451,0
20150504,980,1036,940,1016,1081,0
20150505,1088,1088,980,988,947,0
20150506,1000,1084,980,980,1095,0
20150507,1424,2444,1312,2184,100630,0
20150508,2784,2896,2084,2120,73156,0
20150511,1996,2072,1772,1828,14284,0
20150512,1840,2160,1812,1872,25580,0
20150513,2204,2272,1748,1788,39793,0
20150514,1616,1680,1492,1560,15079,0
20150515,1600,1692,1512,1588,6781,0
20150518,1556,1636,1512,1524,3639,0
20150519,1504,1528,1316,1360,6617,0
20150520,1396,1428,1244,1288,5269,0
20150521,1288,1348,1200,1208,4902,0
20150522,1200,1332,1172,1264,4496,0
20150526,1252,1288,1180,1188,2786,0
20150527,1196,1320,1180,1232,4515,0
20150528,1204,1464,1184,1440,8299,0
20150529,1372,1380,1212,1228,6853,0
20150601,1252,1292,1220,1240,3647,0
20150602,1240,1576,1208,1568,22430,0
20150603,1528,1624,1352,1360,20500,0
20150604,1472,1664,1440,1496,35566,0
20150605,1436,1560,1408,1484,7939,0
20150608,1500,1540,1428,1476,6304,0
20150609,1452,1600,1436,1508,11268,0
20150610,1512,1664,1488,1652,24233,0
20150611,1680,1744,1524,1548,22309,0
20150612,1540,1588,1472,1532,5942,0
20150615,1496,1580,1480,1500,2854,0
20150616,1504,1520,1440,1480,3704,0
20150617,1584,1644,1488,1516,8618,0
20150618,1512,1524,1460,1464,2918,0
20150619,1468,1556,1448,1540,5434,0
20150622,1536,1536,1448,1492,1499,0
20150623,1476,1504,1452,1460,1517,0
20150624,1472,1520,1440,1500,3208,0
20150625,1496,1552,1460,1516,4648,0
20150626,1512,1548,1460,1488,2653,0
20150629,1432,1452,1268,1304,4212,0
20150630,1320,1388,1280,1308,3309,0
20150701,1324,1344,1300,1304,1816,0
20150702,1316,1324,1260,1276,1886,0
20150706,1240,1248,1160,1244,3111,0
20150707,1228,1240,1120,1148,2574,0
20150708,1124,1136,904,912,5484,0
20150709,996,1048,928,980,2859,0
20150710,1040,1124,1008,1084,4914,0
20150713,1064,1096,1028,1036,2583,0
20150714,1024,1064,920,920,4192,0
20150715,872,944,860,928,3117,0
20150716,944,952,880,908,2847,0
20150717,900,908,876,900,1339,0
20150720,888,896,784,796,3957,0
20150721,792,796,724,772,2619,0
20150722,764,860,764,828,3600,0
20150723,820,868,812,844,2022,0
20150724,832,864,804,844,2004,0
20150727,832,832,780,812,1121,0
20150728,824,868,816,824,992,0
20150729,844,900,840,876,2746,0
20150730,972,1200,948,1048,19347,0
20150731,1040,1100,976,1056,2570,0
20150803,1064,1152,1016,1120,3505,0
20150804,1124,1168,1080,1088,2760,0
20150805,932,1056,932,988,1867,0
20150806,976,1040,964,1008,951,0
20150807,996,1012,940,964,1051,0
20150810,964,1024,940,996,1882,0
20150811,996,1020,900,956,1019,0
20150812,1000,1044,924,988,2944,0
20150813,992,992,884,892,1377,0
20150814,896,904,856,868,817,0
20150817,868,892,864,864,610,0
20150818,876,948,860,904,1414,0
20150819,1004,1088,952,980,6493,0
20150820,980,992,904,916,1147,0
20150821,904,948,868,916,830,0
20150824,876,1096,808,952,5838,0
20150825,1036,1036,960,976,3674,0
20150826,976,976,872,880,1773,0
20150827,900,980,884,940,1191,0
20150828,956,984,920,932,1508,0
20150831,920,988,920,964,779,0
20150901,964,984,920,952,911,0
20150902,976,992,932,944,774,0
20150903,1016,1020,900,916,1796,0
20150904,900,940,884,928,729,0
20150908,952,984,904,920,1674,0
20150909,924,936,884,912,725,0
20150910,900,920,884,888,626,0
20150911,888,900,868,888,749,0
20150914,876,900,840,844,1244,0
20150915,836,900,836,896,1192,0
20150916,884,904,880,892,749,0
20150917,884,892,868,888,748,0
20150918,888,916,884,912,881,0
20150921,912,980,888,940,2194,0
20150922,920,936,872,880,779,0
20150923,960,968,824,836,3317,0
20150924,836,852,784.12,836,761,0
20150925,832,844,748,784,1146,0
20150928,816,840,756,794,1180,0
20150929,784,784,740,744,688,0
20150930,748,748,648,688,1714,0
20151001,704,740,668,728,874,0
20151002,776,776,716,768,884,0
20151005,768,814.72,760,808,635,0
20151006,820,840,788,824,586,0
20151007,828,852,804,824,780,0
20151008,812,860,804,856,607,0
20151009,844,876,840,864,492,0
20151012,856,856,808,828,370,0
20151013,820,852,808,848,456,0
20151014,836,868,828,868,550,0
20151015,856,880,824,860,1015,0
20151016,848,872,840,860,264,0
20151019,868,868,836,864,308,0
20151020,864,876,848,856,536,0
20151021,864,896,840,876,545,0
20151022,868,888,860,884,427,0
20151023,876,888,860,876,192,0
20151026,840,876,840,848,286,0
20151027,848,848,780,780,765,0
20151028,792,808,768,800,349,0
20151029,800,832,792,804,176,0
20151030,812,828,800,804,354,0
20151102,800,836,796,804,494,0
20151103,792,824,780,788,863,0
20151104,784,824,784,788,763,0
20151105,804,836,764,768,1227,0
20151106,760,760,632,684,2248,0
20151109,776,780,672,688,1329,0
20151110,720,724,612,636,1263,0
20151111,628,652,600,620,769,0
20151112,620,628,576,588,795,0
20151113,596,600,548,576,753,0
20151116,572,656,564,608,3932,0
20151117,600,628,528,564,2108,0
20151118,564,612,548,588,2761,0
20151119,584,592,540,548,1465,0
20151120,560,564,532,536,1043,0
20151123,536,592,468,576,3078,0
20151124,552,600,552,572,1653,0
20151125,568,604,476,572,4249,0
20151127,576,576,524,564,554,0
20151130,560,616,548,584,5335,0
20151201,576,591.76,528,540,2342,0
20151202,548,556,504,532,3014,0
20151203,528,552,520,524,1078,0
20151204,532,536,508,516,921,0
20151207,516,528,492,500,1434,0
20151208,392,392,320,322,8419,0
20151209,320,320,284,308,2157,0
20151210,308,312,300,300,947,0
20151211,316,316,272,272,2181,0
20151214,268,278,260,271.76,770,0
20151215,268,276,228,244,3114,0
20151216,244,260,220,244,1939,0
20151217,256,260,240,256,1777,0
20151218,248,256,232,256,1187,0
20151221,244,292,240,292,1523,0
20151222,292,296,280,280.88,590,0
20151223,280,296,280,288,578,0
20151224,288,316,288,296,414,0
20151228,296,304,280,280,900,0
20151229,280,286,256.08,264,1253,0
20151230,256,268,252,257.64,881,0
20151231,256,260,240,248,1623,0
20160104,244.96,264,239.6,260,680,0
20160105,260,276,259.96,266.6,958,0
20160106,266.4,266.4,232,238,1390,0
20160107,252,252,220,220,1812,0
20160108,232,236,197.2,212,1683,0
20160111,200,202.8,172.2,192,1520,0
20160112,192,192,164,165.6,939,0
20160113,184,184,152,160,917,0
20160114,164,172,156.4,168,707,0
20160115,168,168,152.12,156.04,1083,0
20160119,160,160,140,140,881,0
20160120,140,144,116,140.04,1160,0
20160121,146,158,144.04,154.28,666,0
20160122,160,200,153.76,184.04,1663,0
20160125,184.04,188,168,176,512,0
20160126,179.6,184,168.04,174,447,0
20160127,170,176,164,166.4,530,0
20160128,168,179.6,168,169.24,376,0
20160129,180,192,172,190,638,0
20160201,170,176,164,168,649,0
20160202,180,180.4,156,156.04,826,0
20160203,160,167.96,152,165.16,516,0
20160204,171.2,171.2,152,170,350,0
20160205,170,178.8,157.36,164.08,672,0
20160208,164.08,164.08,145.2,145.2,740,0
20160209,145.2,151.96,144,144,601,0
20160210,144,144,140,140.44,734,0
20160211,140,143.92,132,132.8,528,0
20160212,136,148,132,140,428,0
20160216,152,170,147,166.28,1773,0
20160217,168,168,152,164,636,0
20160218,164,164,152.44,160,291,0
20160219,152,160,144,146.96,686,0
20160222,146.96,160,146.96,153.24,293,0
20160223,155.2,155.2,146.96,148,284,0
20160224,148,151.16,136.04,149.72,558,0
20160225,152,156,140.84,156,298,0
20160226,148,156,148,153.12,225,0
20160229,152,160,148,152.08,577,0
20160301,156,156.08,150.04,156.08,499,0
20160302,159.2,176,154,168,1451,0
20160303,176,176,160,166,709,0
20160304,167.2,176,160.16,168.04,995,0
20160307,176,180.36,168.4,179.44,834,0
20160308,184,184,160,160,1932,0
20160309,170.04,170.04,140.04,152,1378,0
20160310,154,164,146,156,1628,0
20160311,156,160,148,151.8,953,0
20160314,156,156,148,149.88,516,0
20160315,152,152,136,141.28,1090,0
20160316,144.08,148,144,148,303,0
20160317,150,156,140,154,1007,0
20160318,156,164,148.04,151.56,2457,0
20160321,151.56,160,144.4,148.68,702,0
20160322,150.8,218.8,150.8,204,5217,0
20160323,192,192,164,172,2974,0
20160324,170,203.2,152,184,2151,0
20160328,224,228,168.4,184,7498,0
20160329,132,136,104,112.04,14247,0
20160330,115.4,116,104,104.04,4745,0
20160331,104,112,92.04,108,7972,0
20160401,108,110,100,100.04,2242,0
20160404,102,104,90,95.6,3290,0
20160405,95.6,95.6,88,89.2,2327,0
20160406,92,100,88,96.4,2042,0
20160407,96,99.96,92.4,95.56,1262,0
20160408,94,104,92.04,104,2051,0
20160411,104,106.28,96.92,102,1987,0
20160412,110,121.72,100.44,116,7165,0
20160413,120,120,106.04,106.04,3729,0
20160414,110,110,102,106.2,1791,0
20160415,106,108,101.6,102.04,1518,0
20160418,104,107.88,100,102.6,597,0
20160419,104,110,102.52,108,1007,0
20160420,112,119.52,102,113.6,7795,0
20160421,118,119,104.08,105.6,3992,0
20160422,106,109.96,105.6,108,2290,0
20160425,111.6,112,102.04,104.6,2395,0
20160426,108,110,100,105.96,1930,0
20160427,111.6,112,100.4,103.92,3579,0
20160428,111.4,111.4,100.04,104.24,3739,0
20160429,104,107.2,100,102.04,2550,0
20160502,104,109.6,102,104.56,3014,0
20160503,104.8,109.32,104,104,1933,0
20160504,106,108.8,98.04,107.96,3525,0
20160505,107.48,107.52,98.4,100,1948,0
20160506,103.6,139.04,100,128,20672,0
20160509,140.48,164,124.48,138,25261,0
20160510,147.6,147.6,112,120,12270,0
20160511,124,124,108,117.4,4380,0
20160512,120,134.4,116,128,7566,0
20160513,144.56,175.44,144,156,46601,0
20160516,148,150,116,122.32,21234,0
20160517,126,126,105.2,112.48,6136,0
20160518,112,140,109,134.8,18817,0
20160519,149.2,154.08,120,124.4,22941,0
20160520,124.4,134,120,126.4,5199,0
20160523,122,137.6,122,135.96,5002,0
20160524,136,137.6,126,136,4510,0
20160525,137.6,152,132,144.4,16951,0
20160526,144.4,147.2,136,138,9494,0
20160527,140,148.28,134,140.88,7639,0
20160531,149,152,133.44,140,11857,0
20160601,141.2,143.72,132.84,136.2,3981,0
20160602,136.2,139.8,128,129.6,5708,0
20160603,132,137.6,129.28,136.4,4246,0
20160606,136,162.04,132.04,160.4,18394,0
20160607,188.4,274,180.92,241.32,97570,0
20160608,458,544,368,383.88,308386,0
20160609,331.92,354.8,272.12,280,75520,0
20160610,182,193.96,172,174,79240,0
20160613,176,219.2,174.08,193.84,77163,0
20160614,201,212,180.4,189.8,35104,0
20160615,200,215.8,190,209.44,53582,0
20160616,248,266.8,228.4,239.6,92801,0
20160617,256,264,238,239.6,40612,0
20160620,246.8,248,220,235.76,26727,0
20160621,240,240,216,224,17933,0
20160622,220,224,196,204,22328,0
20160623,200.84,235.2,200.84,233.6,28775,0
20160624,210,247.56,202,244,34429,0
20160627,247.12,257.96,224.92,251.6,36641,0
20160628,256.8,258,236.72,255.6,21667,0
20160629,246.6,252,240.44,243.88,12500,0
20160630,244,244,224.44,236,16302,0
20160701,237.04,249.8,226,240.08,16023,0
20160705,244,244,228,228.8,11283,0
20160706,228.8,232.8,220.2,226,10580,0
20160707,222,227.52,204,211.16,19475,0
20160708,212,230.72,210.04,216,14113,0
20160711,218,231.08,210.6,227.2,19070,0
20160712,234.4,240,224,228,13304,0
20160713,230,232,220.8,225.52,8436,0
20160714,220.4,226.8,216.04,217.96,8317,0
20160715,216,221.52,212.88,220,8399,0
20160718,220,231.2,220,222,10481,0
20160719,222,227.92,217,218.52,5755,0
20160720,218,218.4,208,212,9925,0
20160721,211.96,218,208,209.8,8246,0
20160722,205.96,208,181,202.52,10465,0
20160725,196,232,192.04,219.6,25995,0
20160726,220,222.8,208.08,212.84,6147,0
20160727,220.2,224,216,216,5400,0
20160728,220,220.4,208.4,210.2,6321,0
20160729,212.12,216,200.4,212.88,5162,0
20160801,220,220,208,208,4855,0
20160802,218,220,210,213.56,5546,0
20160803,216,268,212.4,262.8,44909,0
20160804,276,315.6,261.04,272,78599,0
20160805,284,296,272,278.96,18690,0
20160808,308,323.2,290,320,30806,0
20160809,319.36,320,292,301.88,27747,0
20160810,212,244,202,202,48614,0
20160811,214.04,234,208,223.2,27043,0
20160812,226.8,230.4,212.44,217.44,10709,0
20160815,217.44,223.96,210,215.4,9550,0
20160816,212,222,210.44,212.8,9222,0
20160817,216.96,221.96,212,221.96,5739,0
20160818,220,224,213.2,214.4,4568,0
20160819,218,220,210,211.2,5800,0
20160822,218,218,208,210.92,3825,0
20160823,216,216,208.04,210.16,3906,0
20160824,210.68,211.4,206.04,210.32,5403,0
20160825,210.8,210.8,200,204,5055,0
20160826,208,208,202.2,204.4,2715,0
20160829,210,236,208,234.8,15147,0
20160830,234.4,239,212,226.4,23174,0
20160831,227.96,236,220,236,7897,0
20160901,228,231.76,224.2,226.08,4230,0
20160902,224,241.6,223,226.8,11115,0
20160906,231.96,243.2,228,235.2,10065,0
20160907,288.44,319.32,268.92,277.56,101404,0
20160908,212,216,197.6,200.8,103986,0
20160909,204,204.16,188.4,196.88,36437,0
20160912,200,200,184,188,25632,0
20160913,195.72,198,184.6,196.6,26526,0
20160914,198.4,199.2,189.48,190,10944,0
20160915,189.96,191.96,186,186.8,11024,0
20160916,184,186,176.8,182.16,18589,0
20160919,182,185,172.44,184.4,21489,0
20160920,188,199.96,184.72,195.24,40303,0
20160921,197.6,199.12,186,197.56,21807,0
20160922,197.36,197.36,190,192.56,13116,0
20160923,194,198,190,190.28,19314,0
20160926,195.4,195.8,190.56,194.8,18384,0
20160927,195.6,197.96,191.4,192.24,16042,0
20160928,192.32,208,187,192.8,30188,0
20160929,192,198.8,189.2,193.64,9960,0
20160930,196.72,197.92,190,192.8,10448,0
20161003,188,194,187,192.64,15521,0
20161004,190,191.2,187,188.44,12245,0
20161005,188,197.2,182.2,191.6,27806,0
20161006,192,197.2,188,192,20435,0
20161007,192.4,193.96,184,187.6,14438,0
20161010,183.96,187.52,144.16,183.2,27608,0
20161011,191.16,193.8,172.4,182.44,26159,0
20161012,182.84,184,168.4,172,15511,0
20161013,170,171.92,160.8,161.92,11633,0
20161014,163.72,164,145.44,157.64,19237,0
20161017,158.8,164,152,161.04,6093,0
20161018,162.4,168,160.2,162.88,7131,0
20161019,164,188,161.6,176,30852,0
20161020,180,182.8,168,172,7871,0
20161021,160,171.56,155,168.56,8507,0
20161024,168,179.8,166.8,170.8,7386,0
20161025,177.68,177.68,160.44,163.8,7376,0
20161026,165.48,166.12,156.4,163.24,7390,0
20161027,165.92,165.92,158,160.16,3539,0
20161028,160,170,158.04,159.44,10392,0
20161031,163,163,152,154.12,8015,0
20161101,154,159.6,145,146.04,9698,0
20161102,156,156,141.6,144,7651,0
20161103,144,144,124.4,138.6,11989,0
20161104,128.52,150,128.52,143.12,13006,0
20161107,159.16,159.16,144,147.4,8237,0
20161108,146,151.72,137.6,141.56,7570,0
20161109,132,145.96,128.08,140.52,6162,0
20161110,150,160,147.56,158.4,15903,0
20161111,160.2,163,151,156.04,8540,0
20161114,176,179.96,152,155.52,31586,0
20161115,142.8,148,132.8,140.4,21831,0
20161116,139.88,143.16,134,136.36,13047,0
20161117,134,140,133.64,135.2,6470,0
20161118,137,137,120.04,124,17501,0
20161121,120,127.64,120,122.6,5586,0
20161122,126,137.6,122.6,124,12900,0
20161123,123.28,139.6,120.12,134.6,31429,0
20161125,139.6,139.6,128.2,131.52,7506,0
20161128,133.2,133.2,124.92,126.52,6739,0
20161129,128,135.76,124,133.2,13852,0
20161130,136,136,128,131.2,9082,0
20161201,128,135.2,124.08,125.6,10657,0
20161202,129.6,129.6,122,125.96,9602,0
20161205,126,131.2,124,126.6,9902,0
20161206,124.44,128,121.24,124.28,7799,0
20161207,124,126.4,116,121,8570,0
20161208,125.6,125.6,108,116,19230,0
20161209,119.96,119.96,104.4,106.84,11082,0
20161212,107.36,107.4,88.12,93.12,21679,0
20161213,96,97.6,88.08,94.76,8133,0
20161214,96,97.6,86,90,10919,0
20161215,86.4,94,86,91.88,7643,0
20161216,92,94,88.12,92.72,4687,0
20161219,93.12,94,86,86.84,9721,0
20161220,86,88,82,83.2,6969,0
20161221,83.48,84,76.8,79.36,8679,0
20161222,80,81.92,72,75.16,7921,0
20161223,76,77.2,70,72,7503,0
20161227,72,84,71.6,81.64,11655,0
20161228,86,87.92,81.6,83.96,14071,0
20161229,83.16,84,76.08,78.96,7699,0
20161230,72.8,76.24,67.24,69.2,16909,0
20170103,69.16,69.16,64,67.6,10491,0
20170104,68.4,80,68.4,78.76,24557,0
20170105,83.2,87.2,73.2,76,19928,0
20170106,72,107,64,81,155155,0
20170109,95.4,95.4,76.4,81.8,76107,0
20170110,78.6,79,72.4,75,50368,0
20170111,75,94.8,74.202,78.6,189782,0
20170112,81.8,82,76.2,77.2,58302,0
20170113,79,79.394,74.4,74.4,38701,0
20170117,95,99.6,76,76.8,371888,0
20170118,77.2,78.8,71.7,75,51993,0
20170119,74,74.594,70,70.6,26043,0
20170120,69.6,70.8,66.2,66.6,28674,0
20170123,67.2,71,56.8,62.2,87042,0
20170124,63,64,59.2,61,33461,0
20170125,64.2,64.914,59.4,61.4,31207,0
20170126,60.6,61.2,54,54.2,48469,0
20170127,54.2,58.8,54,57.4,31680,0
20170130,57,61.6,56,59.4,29789,0
20170131,59.4,62.4,59.2,60,36512,0
20170201,59.8,60,57,57.2,24009,0
20170202,57,65.4,55.6,65.4,72340,0
20170203,64,64,58.4,59.4,42620,0
20170206,59,59.4,57.2,58.4,12181,0
20170207,58,58.4,55.8,56.8,18567,0
20170208,56.4,57,53.1,54,27702,0
20170209,53.6,55,53.2,53.8,9314,0
20170210,54,56.2,51,52.8,33187,0
20170213,52.6,52.6,43.6,46.6,56925,0
20170214,34.2,34.2,31,31.8,256633,0
20170215,31,31,26.6,27.2,181100,0
20170216,26.8,29,24.8,27.6,94327,0
20170217,27.6,27.798,25.6,26,49919,0
20170221,25.4,25.902,24,24.6,63496,0
20170222,24.4,24.6,20.8,21.2,78181,0
20170223,21,25.4,18.4,23.8,162680,0
20170224,22.4,23,20.8,21.8,55215,0
20170227,21.8,21.8,20,20.6,34164,0
20170228,20.8,20.8,20,20.2,30490,0
20170301,20,22.6,19.4,21.8,104691,0
20170302,21.4,21.4,20,20.2,38587,0
20170303,20.6,20.6,19,20.2,34645,0
20170306,20,20,18.64,19,34298,0
20170307,19.4,20.4,19,20,40283,0
20170308,19.934,20.8,19.006,19.4,33574,0
20170309,19.6,20,19.4,19.47,18873,0
20170310,20,21.2,19.6,19.8,39648,0
20170313,19.8,20.4,19.2,19.87,17008,0
20170314,19.942,20,18.8,18.88,23917,0
20170315,19,19.578,18.4,18.6,19450,0
20170316,19.2,23.332,18.722,21,215635,0
20170317,21,21.198,19.4,20.4,58884,0
20170320,20.2,22.6,20,21.8,63828,0
20170321,21.6,21.8,20,21.2,37048,0
20170322,21,21.462,20,20.8,22065,0
20170323,21,22.2,20.4,21,57617,0
20170324,21,23.6,20.6,22.6,133657,0
20170327,23.2,26,22,25.6,155178,0
20170328,25.6,27.2,22.4,22.4,110968,0
20170329,23.4,23.8,22.4,23.4,42946,0
20170330,19.8,21.6,18.6,21,103779,0
20170331,20.6,22.8,20,22.8,48550,0
20170403,22.6,24.6,21.6,22,61891,0
20170404,21.8,22,21,21.2,21610,0
20170405,21,22.4,20.4,20.4,22633,0
20170406,21,21.6,20.2,21.6,17009,0
20170407,21.4,22,20.4,21.2,13295,0
20170410,21,21.388,20,20.4,15742,0
20170411,20.6,22.2,20.4,21.4,36799,0
20170412,21.6,22.2,20.8,21,16638,0
20170413,21,21,20.6,20.8,12096,0
20170417,20.6,21,20.2,20.6,15452,0
20170418,21.2,21.2,20.4,20.4,11275,0
20170419,20.4,21,20.4,20.8,13897,0
20170420,21.2,24.6,20.8,22.6,164889,0
20170421,22.2,22.4,20.8,21,28774,0
20170424,21.4,21.4,20.2,20.6,19626,0
20170425,20.8,21,20.6,20.6,11894,0
20170426,21.2,22,20.4,20.8,24710,0
20170427,20.6,21.2,20.6,21,15438,0
20170428,20.8,21,20.2,20.8,16473,0
20170501,20.6,20.8,20,20.4,20925,0
20170502,20.2,20.4,19.2,19.8,18104,0
20170503,20,21.2,19.79,20.8,23535,0
20170504,21.4,22,20.2,20.2,39476,0
20170505,20.6,20.8,20.2,20.6,33415,0
20170508,21.2,21.8,20.2,20.2,41524,0
20170509,20.2,20.6,19.6,19.98,33129,0
20170510,20,20.634,17.8,19.1,34662,0
20170511,19.2,20.4,19.2,19.798,10925,0
20170512,19.8,20.118,19.2,19.6,8225,0
20170515,19.2,19.6,18.4,19.1,11784,0
20170516,19.6,19.6,18.602,18.962,9497,0
20170517,19.4,19.4,18.069,18.3,14202,0
20170518,18.4,18.5,18.2,18.5,8532,0
20170519,18.436,18.436,18.2,18.36,5738,0
20170522,18.4,18.48,17,17.106,13756,0
20170523,18.8,19.4,17.598,17.8,69409,0
20170524,17.8,17.9,16.6,16.802,22656,0
20170525,17,17,15.052,15.58,30655,0
20170526,15.4,15.4,14.4,14.9,24401,0
20170530,15,15.038,13.196,13.476,38925,0
20170531,13.6,14.2,12.802,14.18,35839,0
20170601,14.2,14.2,13.226,13.802,5470,0
20170602,13.8,13.88,13.22,13.6,7793,0
20170605,13.54,13.54,12.4,12.68,14643,0
20170606,12.6,12.6,10.684,11.7,32683,0
20170607,11.7,11.8,11.3,11.6,9628,0
20170608,11.42,12.9,11.402,12.404,68308,0
20170609,12.2,13,11.82,12.904,24871,0
20170612,13,14.5,12.906,13.18,58423,0
20170613,13,13.8,12.4,13.1,31369,0
20170614,13.2,14.4,12.42,12.78,23407,0
20170615,12.824,13.378,12.4,12.4,13030,0
20170616,12.6,13.4,12.44,12.452,13472,0
20170619,12.8,13.4,12.454,12.798,7650,0
20170620,12.8,12.96,12.082,12.394,10834,0
20170621,12.2,12.7,11.676,11.676,16185,0
20170622,11.62,13.786,11.48,11.896,24802,0
20170623,11.8,12.752,11.8,12.2,14409,0
20170626,12.2,12.598,12.082,12.44,21665,0
20170627,12.2,13.1,12.2,12.238,22763,0
20170628,12.4,13,12.24,12.742,11854,0
20170629,13,15,12.644,14.644,69677,0
20170630,15,15.376,13.222,13.782,24589,0
20170703,13.4,13.752,12.8,13,8274,0
20170705,13.1,13.8,13,13,7368,0
20170706,12.6,13.054,12.304,12.6,13434,0
20170707,12.6,12.98,12.22,12.6,5802,0
20170710,12.6,13.352,11.802,12,15223,0
20170711,12.39,12.398,11.008,11.122,26817,0
20170712,11.6,11.6,10.86,11.364,12433,0
20170713,11.4,12.2,11.232,11.724,21919,0
20170714,12,12.4,11.36,11.476,10630,0
20170717,11.34,11.98,11.332,11.62,5165,0
20170718,11.8,11.998,11.332,11.8,3840,0
20170719,11.62,12.4,11.4,12,19707,0
20170720,12.6,15.2,12,14.136,112716,0
20170721,13.4,13.8,13.04,13.8,18426,0
20170724,13.8,15,13.2,14.492,40696,0
20170725,16,17.2,13.94,14,334254,0
20170726,13.81,14.6,12.62,12.98,51631,0
20170727,13,13.6,12.73,12.86,14397,0
20170728,12.62,13.54,12.22,13.02,38079,0
20170731,13.6,13.6,12.6,12.62,9935,0
20170801,12.8,13.4,12.6,12.622,18272,0
20170802,12.8,13.1,12.22,12.598,25230,0
20170803,12.96,12.96,12.022,12.322,16797,0
20170804,12.6,12.8,12.022,12.248,17449,0
20170807,12.1,12.8,12.036,12.196,20087,0
20170808,12.2,12.6,12.1,12.4,8425,0
20170809,12.4,12.4,11.62,11.64,21122,0
20170810,12,12,11.2,11.34,8760,0
20170811,11.2,11.6,11,11.38,10978,0
20170814,11.58,12,11.2,11.97,7901,0
20170815,11.96,11.96,11.37,11.6,4977,0
20170816,11.42,11.8,11.22,11.6,8145,0
20170817,11.3,11.6,11.2,11.5,6417,0
20170818,11.4,11.8,11.4,11.48,19265,0
20170821,11.5,11.798,11.2,11.4,6685,0
20170822,11.464,11.464,11.2,11.26,5613,0
20170823,11.2,11.44,11.2,11.4,3565,0
20170824,11.6,11.6,11.304,11.532,4625,0
20170825,11.6,12.554,11.6,11.998,23168,0
20170828,12.1,12.5,11.8,11.8,28519,0
20170829,11.62,12.296,11.6,11.836,11276,0
20170830,12,12.869,11.82,12.81,29027,0
20170831,13,13.4,12.4,13,19331,0
20170901,13.4,13.4,12.602,12.602,7407,0
20170905,12.4,13,12.06,12.11,12458,0
20170906,12.424,12.6,11.8,11.99,11987,0
20170907,12,12.4,11.404,11.6,15369,0
20170908,11.6,11.7,11.206,11.4,14358,0
20170911,11.24,12.4,11.202,11.9,8671,0
20170912,12.4,12.42,11.9,12.42,13590,0
20170913,12.442,12.9,12.14,12.3,11116,0
20170914,12.28,12.5,11.982,11.982,17298,0
20170915,12.2,12.5,11.268,11.268,16213,0
20170918,11.6,12.2,11.402,11.6,17874,0
20170919,12.074,12.2,11.6,11.802,9436,0
20170920,11.8,12.5,11.604,12.1,25229,0
20170921,12.4,19.2,12.1,16.2,644709,0
20170922,16.402,16.6,13.22,14.802,280448,0
20170925,15,16.4,12.56,13.01,123347,0
20170926,13.4,13.402,12.2,12.6,59406,0
20170927,12.9,14.2,12.602,13.6,212329,0
20170928,13.218,13.5,12.5,12.672,67996,0
20170929,12.6,12.974,12.2,12.486,30995,0
20171002,12.48,12.672,11.42,11.904,69284,0
20171003,13.4,13.574,12.6,12.9,121118,0
20171004,12.7,13.2,12.46,12.52,53400,0
20171005,13.026,13.2,12.404,13.17,34178,0
20171006,13.2,14.8,12.6,14.1,251412,0
20171009,16,16.8,13.066,14.2,436229,0
20171010,14,14.4,13.44,13.7,57908,0
20171011,13.8,13.998,13.3,13.4,30498,0
20171012,13.96,14.098,13.4,13.6,35847,0
20171013,13.8,14.38,13.6,13.9,54458,0
20171016,13.98,13.98,13.3,13.42,23420,0
20171017,13.4,13.6,13.06,13.4,12957,0
20171018,13.16,13.3,12.7,13.09,27753,0
20171019,13.58,13.58,12.7,13.2,13182,0
20171020,13.3,13.4,13.04,13.144,12522,0
20171023,13.8,14.8,13.6,14.36,114649,0
20171024,14.2,14.358,13.8,13.902,25350,0
20171025,13.902,13.902,13.232,13.5,21430,0
20171026,13.24,13.958,13.202,13.6,16147,0
20171027,13.6,13.6,12.9,12.996,24158,0
20171030,13.1,13.44,12.7,12.76,21154,0
20171031,12.51,12.964,12.4,12.7,9674,0
20171101,12.8,12.8,12.06,12.2,33641,0
20171102,12.6,12.698,12.2,12.599,9268,0
20171103,13.2,14.488,12.638,13.78,61336,0
20171106,13.236,13.6,13,13.414,38046,0
20171107,12.8,12.98,11.99,12.4,42918,0
20171108,12.8,13.932,12.4,13.598,44786,0
20171109,13.39,13.6,12.5,13.07,17572,0
20171110,13,13.198,12.4,12.6,10017,0
20171113,12.6,12.6,12,12.202,23670,0
20171114,12.2,12.462,11.79,12,27602,0
20171115,12,12.4,11.6,12.348,13969,0
20171116,12.348,12.5,12.04,12.38,18179,0
20171117,12.02,12.4,11.82,12.4,9663,0
20171120,12.5,12.996,12.408,12.464,22157,0
20171121,12.8,13,12.494,12.702,8855,0
20171122,13,13,12.4,12.8,9143,0
20171124,12.8,13.6,12.8,13.042,27354,0
20171127,13.4,13.8,12.42,12.42,38770,0
20171128,12.988,13,12.988,12.988,11766,0
20171129,13,14,12.5,12.6,66917,0
20171130,13,13,12.2,12.372,18898,0
20171201,13,13,12.02,12.6,17899,0
20171204,12.04,12.76,12.04,12.438,6986,0
20171205,12.6,12.6,12.2,12.286,8539,0
20171206,12.4,12.8,12.104,12.29,12574,0
20171207,12.6,12.6,11.9,12.308,23282,0
20171208,12.4,12.4,11.6,12.38,19888,0
20171211,12.78,13.598,11.88,12.698,227692,0
20171212,12.26,12.918,12.2,12.21,26992,0
20171213,12.104,12.4,11.984,12.1,17719,0
20171214,12.4,12.46,11.984,12.06,21737,0
20171215,12,12.4,11.836,12.2,20851,0
20171218,12.194,12.4,12,12.198,13395,0
20171219,12.04,12.2,11.9,12.18,17652,0
20171220,12,12.304,11.736,12.304,15616,0
20171221,12.2,12.4,11.8,12.178,18486,0
20171222,12.2,12.4,12.2,12.38,13717,0
20171226,12.2,12.798,11.86,12.038,15284,0
20171227,12.22,12.6,12.046,12.08,15828,0
20171228,12,12.2,11.8,11.974,32235,0
20171229,12,12,11.8,11.806,27412,0
20180102,11.8,12.22,11.8,12,18626,0
20180103,12.2,12.36,12.1,12.2,18079,0
20180104,12.26,14.14,12.03,13.978,222654,0
20180105,13.978,13.978,12.236,12.794,103882,0
20180108,12.4,12.6,12,12.2,39806,0
20180109,12,12.298,11.82,12.2,59489,0
20180110,12.194,12.2,11.88,12.2,20065,0
20180111,12.2,12.2,11.926,12.2,21251,0
20180112,12.2,12.35,12.022,12.2,13733,0
20180116,12.4,12.4,11.8,11.842,31948,0
20180117,12,12.2,11.8,12.042,47792,0
20180118,12,12.042,11.81,11.822,12683,0
20180119,11.9,12.072,11.8,11.998,18281,0
20180122,12.064,12.12,11.8,11.898,14037,0
20180123,11.9,12.172,11.8,11.936,18313,0
20180124,12,12.1,11.68,11.78,17590,0
20180125,11.872,11.872,11.2,11.38,42381,0
20180126,11.73,11.73,11.22,11.324,21836,0
20180129,11.246,11.406,10.822,11.066,23599,0
20180130,11.06,11.198,10.906,10.944,13638,0
20180131,11,11.12,10.8,10.9,14016,0
20180201,10.9,11.08,10.684,10.954,11554,0
20180202,11.1,11.1,10.25,10.28,28109,0
20180205,10.28,10.6,10.28,10.394,9162,0
20180206,10.4,10.4,9.2,9.202,25262,0
20180207,9.402,9.8,8.4,8.61,45807,0
20180208,8.824,10,8.8,9.602,116315,0
20180209,9.56,10.14,9.1,9.3,43724,0
20180212,9.4,10.2,9.308,9.95,17260,0
20180213,10.184,10.198,9.4,9.402,17189,0
20180214,9.2,9.5,8.82,8.998,24930,0
20180215,8.94,9.39,8.762,9.388,50018,0
20180216,9.4,9.4,9.04,9.266,16255,0
20180220,9.2,9.596,8.702,9.494,19040,0
20180221,9.468,9.7,9,9.5,8134,0
20180222,9.8,9.8,8.8,9.632,5432,0
20180223,9.274,9.614,8.902,9.4,6783,0
20180226,9.132,9.6,9.06,9.298,5193,0
20180227,9.398,9.6,9.2,9.39,6717,0
20180228,9.39,9.488,8.912,9.03,9332,0
20180301,9.198,9.198,8.922,9.04,4778,0
20180302,9.066,9.2,8.82,9.2,7558,0
20180305,9.222,9.478,9.042,9.27,8932,0
20180306,9.6,9.6,9.04,9.042,3307,0
20180307,9,10.198,9,9.38,32398,0
20180308,9.72,9.72,9.262,9.4,6347,0
20180309,9.38,9.7,8.7,9.434,11037,0
20180312,9.6,9.72,9.4,9.56,8659,0
20180313,9.24,9.76,9.24,9.38,3666,0
20180314,9.76,9.76,9.31,9.4,2744,0
20180315,9.76,9.76,9.2,9.22,8209,0
20180316,9.44,11.278,9.4,10.6,223547,0
20180319,10.8,10.8,9.6,10.13,27006,0
20180320,10.2,10.2,9.656,9.822,12086,0
20180321,9.8,10.29,9.8,10.056,7871,0
20180322,10.04,10.04,9.4,9.9,13110,0
20180323,9.7,10.2,9.5,10,9004,0
20180326,10.26,10.26,9.7,9.94,5933,0
20180327,10.14,10.432,9.884,10.2,12239,0
20180328,10.6,11.8,10,10.198,173664,0
20180329,10,10.392,9,9.222,48043,0
20180402,9.204,9.4,7.63,8.802,29028,0
20180403,8.862,9.394,8.402,8.602,24902,0
20180404,8.7,8.858,8.2,8.792,11029,0
20180405,8.8,8.858,8.402,8.812,6954,0
20180406,8.928,9.2,8.708,9.196,3742,0
20180409,9.6,9.89,9,9,27043,0
20180410,9.2,9.2,8.9,8.902,6682,0
20180411,8.8,9.068,8.8,8.8,6802,0
20180412,9,9,7.98,7.98,37007,0
20180413,8.34,8.45,7.754,8.038,152979,0
20180416,8.2,8.2,7,7.38,55815,0
20180417,7.6,7.6,7.042,7.198,24309,0
20180418,7.472,7.472,7.1,7.24,13604,0
20180419,7.4,7.4,7,7.198,16799,0
20180420,7.208,7.32,6.66,6.996,17092,0
20180423,7.2,7.3,6.4,6.86,19589,0
20180424,6.9,6.998,6.6082,6.998,4482,0
20180425,6.96,7.152,6.802,6.804,6140,0
20180426,6.82,7.2,6.806,6.906,7332,0
20180427,7.08,7.2,6.902,7.198,4906,0
20180430,7.128,7.198,6.93,7.198,6790,0
20180501,7.198,7.198,6.904,7.094,3396,0
20180502,7.198,7.198,6.822,6.904,6141,0
20180503,6.96,7.198,6.822,7.1,2128,0
20180504,7.1,7.198,6.8,7,10522,0
20180507,7.2,7.202,6.62,6.7422,10077,0
20180508,6.834,7,6.804,7,3977,0
20180509,7,7.8,6.934,7.198,38022,0
20180510,7.5,7.7,7.1971,7.5,24440,0
20180511,7.4,7.4,6.22,6.6,40172,0
20180514,6.6,7,6.4,6.8054,16843,0
20180515,7,7,6.6,6.9,6603,0
20180516,6.976,6.976,6.8,6.8,5637,0
20180517,6.8,6.89,6.7845,6.8,3124,0
20180518,6.834,7,6.402,6.79,7813,0
20180521,6.76,7.3,6,6,70140,0
20180522,6.4,6.596,6.006,6.394,24268,0
20180523,6.4,6.4,6,6,24257,0
20180524,6,6.3,5.004,5.004,69346,0
20180525,5.36,5.498,4.2,4.8,62630,0
20180529,5,5.194,4.434,4.796,23768,0
20180530,4.62,5.2,4.436,4.982,26161,0
20180531,5.2,5.2,4.61,4.724,13084,0
20180601,4.5,5.2,3.8529,4.602,111859,0
20180604,5.5,6.19,3.98,4.0834,229636,0
20180605,4,4.46,3.95,4.05,123820,0
20180606,4,5.5,3.39,3.53,2140913,0
20180607,3.61,3.61,3.4,3.48,123071,0
20180608,3.65,3.65,3.2301,3.43,106146,0
20180611,3.5,4.74,3.4472,4.27,865871,0
20180612,4.24,4.42,4.03,4.25,164260,0
20180613,4.22,4.23,4,4.04,81238,0
20180614,4.02,4.0488,3.65,3.71,86000,0
20180615,3.81,3.9,3.5,3.51,94306,0
20180618,5.19,21,4.42,12.7,30343985,0
20180619,18.32,24.74,16.17,19.5,17109072,0
20180620,18.75,18.75,12.1,12.53,4006252,0
20180621,11,11.1174,7.62,8.03,8657246,0
20180622,9.3,10.95,8.16,8.43,5874566,0
20180625,8.07,10.75,8.001,9.98,5082599,0
20180626,8.53,8.556,6.9,7.65,6849092,0
20180627,8.1,8.45,7.42,7.57,1730358,0
20180628,7.3,7.45,6.31,6.41,2419576,0
20180629,5.5,5.5,3.8,3.8,9584565,0
20180702,3.96,4.3,3.63,3.94,3288298,0
20180703,4.6,4.69,4.03,4.17,4995077,0
20180705,4,4.18,3.9092,4.06,1697705,0
20180706,4.09,4.1144,3.96,3.98,774602,0
20180709,4,4.83,3.96,4.72,4151006,0
20180710,4.48,4.6799,4.2,4.26,1544447,0
20180711,4.14,4.628,4.07,4.6,859170,0
20180712,4.45,4.77,4.3401,4.47,1136943,0
20180713,4.43,4.615,4.21,4.28,522284,0
20180716,4.31,4.479,4.18,4.35,600447,0
20180717,4.26,4.309,4.14,4.17,646247,0
20180718,4.15,4.32,4.091,4.15,516181,0
20180719,4.24,4.24,4.05,4.1,332764,0
20180720,4.06,4.1677,3.96,4.11,496150,0
20180723,4.1,4.1,3.9,4.06,262840,0
20180724,4.02,4.049,3.9,3.95,383399,0
20180725,3.95,4.02,3.88,3.91,253109,0
20180726,3.9,4.02,3.8,3.84,661821,0
20180727,3.81,3.9212,3.61,3.68,423077,0
20180730,3.73,3.84,3.68,3.74,239253,0
20180731,3.76,3.95,3.6801,3.89,265547,0
20180801,3.78,3.85,3.701,3.77,203370,0
20180802,3.72,3.79,3.6865,3.78,151184,0
20180803,3.75,3.849,3.71,3.78,103179,0
20180806,3.76,3.84,3.63,3.71,191419,0
20180807,3.75,4.11,3.72,3.93,727421,0
20180808,4.02,4.4199,3.9,4.21,1733094,0
20180809,3.58,3.87,3.38,3.45,1443949,0
20180810,3.5,3.53,3.3,3.38,520040,0
20180813,3.41,3.41,3.131,3.21,504895,0
20180814,3.23,3.24,3.0599,3.1,383884,0
20180815,3.05,3.05,2.75,2.84,525655,0
20180816,2.92,3.2895,2.92,3.14,905537,0
20180817,3.2,3.2,2.98,3.18,403264,0
20180820,3.14,3.379,3.111,3.32,397184,0
20180821,3.45,4.12,3.43,3.95,4091420,0
20180822,3.94,4.11,3.75,3.93,869900,0
20180823,3.96,3.9612,3.631,3.85,755623,0
20180824,3.86,4.07,3.8,3.98,720101,0
20180827,3.99,4.05,3.65,4,606464,0
20180828,4.03,4.2,3.86,4.12,606149,0
20180829,4.12,4.139,4,4.06,331839,0
20180830,4.02,4.1,3.8,3.825,339587,0
20180831,3.8,3.9404,3.75,3.85,261548,0
20180904,3.93,3.93,3.81,3.88,148994,0
20180905,3.9,4,3.79,3.9,240228,0
20180906,3.96,3.9966,3.77,3.88,146570,0
20180907,3.81,4.66,3.81,4.17,2838235,0
20180910,4.26,4.49,4.1601,4.18,804329,0
20180911,4.22,4.81,4.11,4.77,1907107,0
20180912,4.8,4.88,4.41,4.56,1335385,0
20180913,4.41,4.49,4.12,4.29,529018,0
20180914,4.3,4.4,4.16,4.18,266433,0
20180917,4.16,4.24,4.01,4.06,268143,0
20180918,4.08,4.1216,4.03,4.04,217625,0
20180919,4.02,4.17,4.01,4.14,349482,0
20180920,4.17,4.35,4.08,4.31,288433,0
20180921,4.34,4.45,4.3,4.4,514387,0
20180924,4.43,4.458,4.0701,4.18,436710,0
20180925,4.19,4.25,4.14,4.18,153983,0
20180926,4.13,4.1951,4.05,4.08,113252,0
20180927,4.1,4.1326,3.85,3.95,283120,0
20180928,3.94,4.05,3.935,3.96,130640,0
20181001,4,4.0144,3.92,3.95,159936,0
20181002,3.96,3.992,3.7,3.75,299667,0
20181003,3.76,3.86,3.64,3.81,128238,0
20181004,3.83,3.99,3.8224,3.98,253486,0
20181005,3.99,3.99,3.85,3.91,125411,0
20181008,3.92,4.58,3.92,4.4,3813034,0
20181009,4.8,4.97,4.15,4.23,6309762,0
20181010,4.02,4.08,3.76,3.83,814750,0
20181011,3.79,3.84,3.7052,3.82,310839,0
20181012,3.95,3.95,3.72,3.72,335137,0
20181015,3.75,3.78,3.71,3.76,170719,0
20181016,3.7,3.7456,3.55,3.66,233118,0
20181017,3.62,3.71,3.53,3.56,176157,0
20181018,3.52,3.77,3.51,3.69,212080,0
20181019,3.72,3.74,3.58,3.59,76945,0
20181022,3.61,3.73,3.5224,3.53,216794,0
20181023,3.51,3.58,3.2641,3.35,179228,0
20181024,3.32,3.4,3.16,3.16,158799,0
20181025,3.16,3.3425,3.16,3.27,132811,0
20181026,3.2,3.31,3.17,3.25,71245,0
20181029,3.27,3.3197,2.9439,2.95,199786,0
20181030,2.92,3.08,2.85,3.08,145202,0
20181031,3.09,3.1844,2.99,3.01,126743,0
20181101,3.15,3.28,3.15,3.25,194482,0
20181102,3.26,3.42,3.1701,3.3,94200,0
20181105,3.4,3.417,3.21,3.27,169909,0
20181106,3.29,3.41,3.2052,3.37,210883,0
20181107,3.25,3.37,3,3.27,347323,0
20181108,3.26,3.4,3.216,3.24,78611,0
20181109,3.27,3.32,3.16,3.24,103080,0
20181112,3.22,3.28,3.1,3.14,100777,0
20181113,3.17,3.36,3.14,3.19,123299,0
20181114,3.19,3.29,3.02,3.02,191085,0
20181115,3.15,3.15,3.02,3.08,54101,0
20181116,3.13,3.13,2.96,3.02,73230,0
20181119,2.97,3.1,2.85,2.88,174128,0
20181120,2.85,2.98,2.64,2.87,179226,0
20181121,2.89,2.99,2.8071,2.98,71594,0
20181123,2.91,2.98,2.91,2.91,31192,0
20181126,2.95,3.06,2.88,2.93,63581,0
20181127,2.91,2.94,2.72,2.83,203970,0
20181128,2.84,2.92,2.8,2.85,95961,0
20181129,2.84,2.95,2.8,2.86,117726,0
20181130,2.87,2.89,2.78,2.83,52330,0
20181203,2.84,2.92,2.84,2.87,69932,0
20181204,2.87,2.92,2.79,2.88,76263,0
20181206,2.96,2.96,2.4245,2.81,188139,0
20181207,2.85,2.85,2.7,2.7,29514,0
20181210,2.67,2.7565,2.56,2.58,86549,0
20181211,2.6,2.6959,2.51,2.54,96219,0
20181212,2.55,2.7,2.55,2.6,78889,0
20181213,2.62,2.6304,2.54,2.575,40700,0
20181214,2.54,2.59,2.495,2.53,72899,0
20181217,2.5,2.5776,2.38,2.39,87710,0
20181218,2.4,2.4,2.1944,2.3,158764,0
20181219,2.26,2.55,2.19,2.35,149116,0
20181220,2.37,2.51,2.15,2.21,115906,0
20181221,2.29,2.29,2.0363,2.1,176843,0
20181224,2.06,2.2,1.79,1.88,154873,0
20181226,1.92,2.2,1.9,1.98,190314,0
20181227,1.97,2.19,1.9544,2.11,139670,0
20181228,2.1,2.2,2.051,2.07,97166,0
20181231,2.05,2.15,1.9397,1.96,141252,0
20190102,1.91,2.15,1.9011,2.15,101263,0
20190103,2.14,2.2999,2.12,2.16,116181,0
20190104,2.22,2.38,2.1201,2.36,145579,0
20190107,2.38,2.58,2.3286,2.53,102187,0
20190108,2.58,2.58,2.45,2.55,38760,0
20190109,2.58,2.8,2.52,2.52,123566,0
20190110,2.56,2.75,2.5,2.6,66429,0
20190111,2.6,2.71,2.54,2.68,101685,0
20190114,2.68,2.74,2.64,2.72,58393,0
20190115,2.74,2.74,2.65,2.65,25256,0
20190116,2.61,2.74,2.5705,2.695,61080,0
20190117,2.67,2.88,2.58,2.88,153445,0
20190118,4.19,4.25,2.76,2.86,14092769,0
20190122,2.88,2.91,2.65,2.88,985779,0
20190123,2.87,2.87,2.65,2.67,397292,0
20190124,2.71,2.8,2.66,2.76,262740,0
20190125,2.75,2.79,2.7,2.71,186521,0
20190128,2.94,2.95,2.72,2.78,1164182,0
20190129,2.72,2.7408,2.6,2.63,335211,0
20190130,2.61,2.74,2.55,2.68,243833,0
20190131,2.69,2.69,2.56,2.61,108654,0
20190201,2.63,2.6482,2.53,2.54,170009,0
20190204,2.56,2.5999,2.41,2.49,250165,0
20190205,2.5,2.57,2.47,2.51,255541,0
20190206,2.51,2.5457,2.42,2.5,97969,0
20190207,2.37,2.465,2.27,2.32,277439,0
20190208,2.3,2.3899,2.25,2.25,111548,0
20190211,2.27,2.35,2.26,2.3,160111,0
20190212,2.3,2.49,2.3,2.43,298511,0
20190213,2.44,2.45,2.35,2.4,128888,0
20190214,2.39,2.5,2.3807,2.41,227396,0
20190215,2.45,2.52,2.416,2.45,134843,0
20190219,2.4,2.48,2.4,2.4,111872,0
20190220,2.45,2.65,2.41,2.6,578476,0
20190221,2.67,2.72,2.55,2.62,168807,0
20190222,2.64,2.64,2.45,2.54,120235,0
20190225,2.54,2.5699,2.48,2.54,116563,0
20190226,2.56,2.56,2.48,2.52,69255,0
20190227,3.06,3.14,2.41,2.48,12323247,0
20190228,2.28,2.39,2.25,2.33,1114018,0
20190301,2.3,2.3262,2.21,2.28,647508,0
20190304,2.25,2.28,2.11,2.21,587885,0
20190305,2.19,2.22,2.16,2.17,251058,0
20190306,2.19,2.29,2.13,2.24,722786,0
20190307,2.22,2.26,2.15,2.22,286659,0
20190308,2.17,2.6,2.16,2.39,2327586,0
20190311,2.28,2.3899,2.19,2.33,569131,0
20190312,2.29,2.51,2.24,2.47,1426519,0
20190313,2.55,2.5799,2.3201,2.36,1331373,0
20190314,2.27,2.38,2.26,2.34,346664,0
20190315,2.31,2.34,2.26,2.3,274532,0
20190318,2.33,2.6,2.26,2.49,2267101,0
20190319,2.5,2.5,2.34,2.39,654170,0
20190320,2.37,2.39,2.33,2.37,247466,0
20190321,2.36,2.36,2.3,2.32,222241,0
20190322,2.32,2.4016,2.28,2.3,279796,0
20190325,2.3,2.3,2.17,2.24,431624,0
20190326,2.26,2.26,2.16,2.17,344936,0
20190327,2.24,2.27,2.15,2.24,436115,0
20190328,2.02,2.23,1.98,2.18,581419,0
20190329,2.2,2.21,2.08,2.19,269159,0
20190401,2.23,2.29,2.2,2.26,422325,0
20190402,2.25,2.27,2.2,2.25,153310,0
20190403,2.25,2.43,2.2253,2.37,960853,0
20190404,2.35,2.55,2.35,2.47,681936,0
20190405,2.45,2.48,2.39,2.44,258592,0
20190408,2.42,2.42,2.35,2.35,152597,0
20190409,2.33,2.49,2.33,2.44,468549,0
20190410,2.48,2.56,2.4298,2.49,393194,0
20190411,2.45,2.54,2.42,2.43,245569,0
20190412,2.51,2.51,2.42,2.44,169815,0
20190415,2.44,2.49,2.35,2.38,131277,0
20190416,2.38,2.3992,2.31,2.35,139796,0
20190417,2.35,2.4,2.25,2.25,135201,0
20190418,2.25,2.3,2.18,2.19,215842,0
20190422,2.21,2.22,2.14,2.17,114272,0
20190423,2.2,2.26,2.15,2.24,135848,0
20190424,2.21,2.22,2.17,2.17,95701,0
20190425,2.19,2.19,2.1,2.14,172397,0
20190426,2.11,2.22,2.07,2.21,181889,0
20190429,2.21,2.24,2.17,2.19,88393,0
20190430,2.23,2.23,2.15,2.17,73053,0
20190501,2.17,2.21,2.06,2.12,146186,0
20190502,2.09,2.0999,2.02,2.05,134300,0
20190503,2.06,2.15,2.06,2.1225,86942,0
20190506,2.1,2.19,2.07,2.17,114661,0
20190507,2.18,2.18,2.12,2.15,104061,0
20190508,2.2,2.29,2.11,2.21,481302,0
20190509,2.12,2.16,2.04,2.16,147071,0
20190510,2.05,2.16,2.05,2.08,140378,0
20190513,2.05,2.09,1.8926,1.94,249424,0
20190514,1.93,2.07,1.93,2.05,125663,0
20190515,2.02,2.105,2.02,2.05,134739,0
20190516,2.19,2.33,2.03,2.05,1253005,0
20190517,2.05,2.1411,2,2.02,274542,0
20190520,2.04,2.08,1.9296,2.03,138634,0
20190521,2.01,2.11,2.01,2.05,135451,0
20190522,2.03,2.11,1.96,2.01,88230,0
20190523,1.99,1.99,1.91,1.95,96996,0
20190524,1.97,2.03,1.94,1.99,91305,0
20190528,1.96,2.0316,1.91,1.99,95502,0
20190529,1.98,1.98,1.9,1.95,90310,0
20190530,1.96,1.98,1.91,1.93,119476,0
20190531,1.9,1.9243,1.86,1.87,101995,0
20190603,1.84,1.92,1.84,1.9,80075,0
20190604,1.93,2.01,1.8633,1.915,430268,0
20190605,1.89,1.9556,1.85,1.95,354719,0
20190606,1.91,1.95,1.8601,1.87,106584,0
20190607,1.88,1.91,1.85,1.88,103358,0
20190610,1.96,1.96,1.88,1.92,85689,0
20190611,1.93,1.95,1.91,1.95,71434,0
20190612,1.92,1.95,1.885,1.94,71596,0
20190613,1.93,2.024,1.92,2.01,157712,0
20190614,1.99,2.04,1.99,2,56831,0
20190617,2.01,2.0765,1.99,1.99,200224,0
20190618,2.03,2.1,1.97,2.05,184956,0
20190619,2.05,2.092,2.05,2.05,88227,0
20190620,2.08,2.09,2.04,2.07,130280,0
20190621,2.07,2.0804,2.04,2.04,98602,0
20190624,2.04,2.072,1.9,1.9,315644,0
20190625,1.94,1.9523,1.9,1.9,49338,0
20190626,1.9,1.95,1.9,1.94,51338,0
20190627,1.97,2,1.91,1.97,128869,0
20190628,1.99,1.99,1.97,1.97,91382,0
20190701,1.99,2.03,1.9358,2.02,123380,0
20190702,2.03,2.12,2.03,2.07,163035,0
20190703,2.08,2.2,2.0547,2.16,172086,0
20190705,2.16,2.313,2.1063,2.27,292968,0
20190708,2.25,2.5574,2.2,2.5,823370,0
20190709,2.52,2.55,2.28,2.34,329810,0
20190710,2.34,2.43,2.29,2.37,129457,0
20190711,2.4,2.4,2.2514,2.26,68419,0
20190712,2.3,2.35,2.28,2.28,122530,0
20190715,2.29,2.2901,2.18,2.19,147226,0
20190716,2.19,2.2,2.13,2.18,80959,0
20190717,2.18,2.23,2.18,2.22,42535,0
20190718,2.21,2.48,2.19,2.47,447658,0
20190719,2.45,2.45,2.3706,2.43,85519,0
20190722,2.41,2.67,2.41,2.62,486532,0
20190723,2.62,2.7,2.51,2.52,308726,0
20190724,2.52,2.7839,2.51,2.7,293261,0
20190725,2.68,2.82,2.62,2.67,220507,0
20190726,2.69,2.6902,2.5108,2.6,229681,0
20190729,2.64,2.64,2.39,2.39,171296,0
20190730,2.39,2.64,2.39,2.57,131636,0
20190731,2.58,2.5999,2.43,2.45,230787,0
20190801,2.47,2.5,2.35,2.35,90444,0
20190802,2.34,2.42,2.31,2.36,121153,0
20190805,2.3,2.4651,2.25,2.4,101009,0
20190806,2.41,2.4715,2.33,2.35,119336,0
20190807,2.34,2.56,2.34,2.55,185990,0
20190808,2.55,2.62,2.47,2.52,92771,0
20190809,2.55,2.55,2.43,2.46,66776,0
20190812,2.46,2.4851,2.4,2.43,43764,0
20190813,2.43,2.54,2.41,2.51,233498,0
20190814,2.71,2.84,2.34,2.53,913254,0
20190815,2.39,2.5,2.2793,2.45,341206,0
20190816,2.39,2.64,2.33,2.55,237327,0
20190819,2.58,2.6,2.45,2.58,137953,0
20190820,2.54,2.69,2.49,2.67,185034,0
20190821,2.67,2.79,2.66,2.78,331646,0
20190822,2.71,2.87,2.708,2.79,381185,0
20190823,2.74,2.83,2.71,2.74,116151,0
20190826,2.75,2.77,2.717,2.75,84402,0
20190827,2.75,2.75,2.62,2.63,88008,0
20190828,2.63,2.7,2.56,2.67,98744,0
20190829,2.71,2.71,2.5889,2.61,76082,0
20190830,2.6,2.67,2.57,2.67,131103,0
20190903,2.64,2.72,2.63,2.67,65556,0
20190904,2.82,3.23,2.73,3.055,2983235,0
20190905,3.06,3.11,2.9335,2.99,432843,0
20190906,3,3.07,2.91,3.02,149293,0
20190909,3.05,3.36,3.0218,3.29,524217,0
20190910,3.3,3.38,3.12,3.18,405739,0
20190911,3.16,3.41,3.13,3.35,258398,0
20190912,3.31,3.39,3.26,3.26,132277,0
20190913,3.3,3.39,3.26,3.36,208022,0
20190916,3.43,3.52,3.25,3.35,348165,0
20190917,3.35,3.36,3.27,3.28,117904,0
20190918,3.28,3.48,3.28,3.46,128992,0
20190919,3.5,3.5,3.32,3.44,187032,0
20190920,3.44,3.55,3.4,3.55,231547,0
20190923,3.55,3.58,3.46,3.56,148789,0
20190924,3.56,3.6,3.48,3.53,123712,0
20190925,3.49,3.57,3.43,3.43,72858,0
20190926,3.42,3.4555,3.23,3.39,157049,0
20190927,3.35,3.54,3.3,3.44,91990,0
20190930,3.4,3.51,3.27,3.35,143604,0
20191001,3.38,3.4649,3.0199,3.03,317330,0
20191002,3.02,3.2,2.9064,2.94,127862,0
20191003,2.93,3.05,2.77,2.96,205056,0
20191004,2.98,3.08,2.96,3.03,105398,0
20191007,3.06,3.1796,2.954,2.98,148804,0
20191008,3,3.02,2.85,2.92,92107,0
20191009,2.98,2.99,2.79,2.9,80110,0
20191010,2.85,2.95,2.81,2.83,97430,0
20191011,2.88,2.9,2.83,2.85,41577,0
20191014,2.83,2.9003,2.8231,2.85,31295,0
20191015,2.85,2.93,2.8,2.8,46246,0
20191016,2.79,2.84,2.72,2.74,72677,0
20191017,2.73,2.83,2.67,2.83,50685,0
20191018,2.81,2.8542,2.7622,2.84,52135,0
20191021,2.81,2.82,2.77,2.79,33563,0
20191022,2.8,2.827,2.7258,2.76,34073,0
20191023,2.73,2.75,2.67,2.74,42736,0
20191024,2.72,2.72,2.6163,2.64,36181,0
20191025,2.63,2.64,2.5,2.53,76620,0
20191028,2.51,2.55,2.41,2.52,71855,0
20191029,2.52,2.67,2.4886,2.58,74194,0
20191030,2.57,2.57,2.4877,2.5,41123,0
20191031,2.49,2.5,2.35,2.36,57698,0
20191101,2.38,2.44,2.36,2.38,27880,0
20191104,2.36,2.44,2.33,2.39,142880,0
20191105,2.61,2.79,2.41,2.68,965597,0
20191106,2.65,2.69,2.56,2.56,132113,0
20191107,2.6,2.627,2.51,2.58,80143,0
20191108,2.64,2.64,2.52,2.54,50407,0
20191111,2.54,2.557,2.5,2.52,48496,0
20191112,2.54,2.57,2.5,2.55,100899,0
20191113,2.47,2.5085,2.4,2.43,136716,0
20191114,2.48,2.62,2.43,2.56,169552,0
20191115,2.6,2.6129,2.46,2.49,60047,0
20191118,2.45,2.52,2.28,2.335,217223,0
20191119,2.41,2.42,2.25,2.38,73870,0
20191120,2.36,2.44,2.26,2.26,60928,0
20191121,2.27,2.3221,2.26,2.3,52386,0
20191122,2.3,2.3683,2.27,2.295,37042,0
20191125,2.32,2.45,2.3,2.38,152431,0
20191126,2.4,2.5,2.33,2.35,91298,0
20191127,2.33,2.3885,2.3,2.35,63543,0
20191129,2.35,2.3772,2.29,2.29,57820,0
20191202,2.5,2.528,2.305,2.37,256156,0
20191203,2.3,2.45,2.28,2.37,127667,0
20191204,2.36,2.4,2.355,2.37,56581,0
20191205,2.37,2.4,2.31,2.36,82801,0
20191206,2.36,2.42,2.32,2.32,120868,0
20191209,2.35,2.35,2.21,2.22,121277,0
20191210,2.19,2.27,2.14,2.22,54299,0
20191211,2.24,2.35,2.2,2.34,109660,0
20191212,2.3,2.42,2.2805,2.39,89133,0
20191213,2.39,2.39,2.27,2.2999,43415,0
20191216,2.3,2.41,2.3,2.3,65331,0
20191217,2.45,2.5816,2.36,2.45,1396224,0
20191218,2.54,2.91,2.46,2.64,633319,0
20191219,2.7,2.72,2.56,2.56,337778,0
20191220,2.65,2.66,2.5666,2.65,183782,0
20191223,2.66,2.69,2.61,2.63,118869,0
20191224,2.63,2.63,2.51,2.56,81191,0
20191226,2.57,2.65,2.45,2.45,97392,0
20191227,2.51,2.5556,2.45,2.45,117790,0
20191230,2.42,2.5078,2.3101,2.32,241492,0
20191231,2.32,2.35,2.27,2.31,144918,0
20200102,2.37,2.47,2.34,2.4,212086,0
20200103,2.46,2.4725,2.37,2.41,118900,0
20200106,2.33,2.41,2.31,2.35,107571,0
20200107,2.36,2.385,2.3,2.34,106734,0
20200108,2.32,2.3401,2.25,2.29,109291,0
20200109,2.3,2.34,2.22,2.22,141170,0
20200110,2.22,2.33,2.22,2.27,88370,0
20200113,2.29,2.29,2.22,2.24,84217,0
20200114,2.26,2.33,2.18,2.27,362832,0
20200115,2.33,2.34,2.18,2.19,1165483,0
20200116,2.24,2.32,2.22,2.26,434216,0
20200117,2.3,2.3,2.18,2.19,340484,0
20200121,2.22,2.22,2.1,2.15,296556,0
20200122,2.14,2.23,2.13,2.16,225175,0
20200123,2.16,2.17,2.1,2.13,144684,0
