Date,Open,High,Low,Close,Volume,OpenInt
20140206,7.2414,7.9458,7.218,7.4827,492122,0
20140207,7.3371,7.7567,7.3371,7.5487,212664,0
20140210,7.4787,7.6872,7.4337,7.5005,83209,0
20140211,7.6191,7.6191,7.4687,7.5075,61806,0
20140212,7.6872,7.6872,7.3643,7.4066,171294,0
20140213,7.3371,7.5261,7.3031,7.4314,84193,0
20140214,7.436,7.568,7.2036,7.3266,94498,0
20140218,7.5635,7.568,7.2497,7.3724,96390,0
20140219,7.3694,7.5261,7.3371,7.5005,99919,0
20140220,7.4873,8.0662,7.3832,7.5962,71094,0
20140221,7.5727,7.8086,7.4066,7.6159,134694,0
20140224,7.568,7.7159,7.4787,7.5307,23078,0
20140225,7.5727,7.7159,7.4547,7.5727,75447,0
20140226,7.5821,7.5962,7.4594,7.5261,56564,0
20140227,7.5727,7.5727,7.464,7.5185,55070,0
20140228,7.5643,7.568,7.3371,7.3454,101890,0
20140303,7.331,7.5635,7.218,7.3694,83365,0
20140304,7.3371,7.5541,7.3371,7.4174,124651,0
20140305,7.4174,7.4174,7.218,7.279,70886,0
20140306,7.3077,7.4012,7.2414,7.3226,83303,0
20140307,7.3129,7.3371,7.2277,7.2888,70905,0
20140310,7.331,7.5261,7.331,7.3832,65922,0
20140311,7.426,7.4314,7.2843,7.3832,78129,0
20140312,7.356,7.3832,7.2233,7.3832,92844,0
20140313,7.3832,7.3832,7.218,7.3077,43477,0
20140314,7.3832,7.426,7.2233,7.426,46527,0
20140317,7.4314,7.4314,7.0988,7.1144,114085,0
20140318,7.2556,7.3521,7.1224,7.1326,162343,0
20140319,7.1224,7.356,7.1224,7.3371,64070,0
20140320,7.4221,7.4221,7.2074,7.2737,51225,0
20140321,7.4182,7.5175,7.2314,7.4764,370360,0
20140324,7.4383,7.4462,7.2737,7.3415,55355,0
20140325,7.3594,7.3648,7.2314,7.2977,17031,0
20140326,7.2737,7.3226,7.2314,7.2603,83943,0
20140327,7.2353,7.3031,7.1833,7.2405,61222,0
20140328,7.2277,7.255,7.1833,7.193,61245,0
20140331,7.3031,7.5572,7.1436,7.4657,363541,0
20140401,7.3226,7.3521,7.2074,7.2186,71293,0
20140402,7.2639,7.5035,7.1885,7.3994,244603,0
20140403,7.4515,7.4515,7.193,7.3521,70116,0
20140404,7.2314,7.279,7.1356,7.1735,119044,0
20140407,7.0879,7.1122,6.9441,6.9821,240046,0
20140408,6.9004,6.967,6.7037,6.815,595498,0
20140409,6.8243,6.8625,6.7087,6.7718,265292,0
20140410,6.7863,6.8292,6.6576,6.7275,185080,0
20140411,6.6659,6.6848,6.2636,6.3703,291679,0
20140414,6.5702,6.8009,6.5702,6.6815,317973,0
20140415,6.8675,6.8675,6.5506,6.6603,194909,0
20140416,6.7346,6.8575,6.4763,6.7227,140943,0
20140417,6.7037,6.8009,6.5506,6.6039,205714,0
20140421,6.6094,6.7472,6.5304,6.6764,46164,0
20140422,6.6815,6.8046,6.5978,6.7953,111724,0
20140423,6.6174,6.8675,6.6174,6.7346,195063,0
20140424,6.7346,6.7535,6.5844,6.5905,184934,0
20140425,6.5905,6.7346,6.5324,6.6659,107142,0
20140428,6.6132,6.8575,6.5978,6.7897,221844,0
20140429,6.7037,7.0584,6.6708,6.7227,577239,0
20140430,6.7953,6.8243,6.6417,6.7718,124989,0
20140501,6.6132,6.7563,6.6132,6.6659,110054,0
20140502,6.7002,6.7375,6.6174,6.6897,126145,0
20140505,6.6576,6.8675,6.6477,6.7897,148381,0
20140506,6.6329,6.8009,6.6329,6.6576,106929,0
20140507,6.6469,6.6576,6.3304,6.3441,269395,0
20140508,6.0343,6.3441,6.0343,6.2688,345299,0
20140509,6.2498,6.2733,6.1057,6.2015,237252,0
20140512,6.2393,6.3111,6.1302,6.2453,127267,0
20140513,6.1385,6.3304,6.1057,6.2202,175359,0
20140514,6.2256,6.4316,6.1385,6.351,149918,0
20140515,6.158,6.351,6.1536,6.158,103919,0
20140516,6.173,6.4126,6.173,6.3743,73295,0
20140519,6.3111,6.6276,6.3111,6.6132,95163,0
20140520,6.5905,6.6576,6.5417,6.5796,97001,0
20140521,6.7037,7.1735,6.5033,6.8243,224310,0
20140522,6.9399,6.9441,6.6815,6.9004,136443,0
20140523,6.9148,6.967,6.8488,6.967,131419,0
20140527,6.9004,6.9923,6.8194,6.9256,120882,0
20140528,6.8009,6.967,6.7897,6.8675,68459,0
20140529,6.7897,6.9628,6.5844,6.6132,284873,0
20140530,6.8009,6.9291,6.6329,6.6961,137391,0
20140602,6.7346,6.9197,6.6815,6.8869,66882,0
20140603,6.7339,6.967,6.7339,6.8625,195171,0
20140604,6.8766,6.911,6.7472,6.8766,142970,0
20140605,7.0159,7.0159,6.5844,6.9399,144691,0
20140606,6.9778,7.0159,6.8575,6.9541,147719,0
20140609,6.9256,6.9923,6.7626,6.9821,108138,0
20140610,6.9871,6.9923,6.8243,6.9923,104407,0
20140611,6.9923,7.04,6.8102,6.9069,191633,0
20140612,6.8025,7.04,6.8025,6.919,243556,0
20140613,6.8989,7.0012,6.8654,6.9821,105838,0
20140616,6.8654,6.988,6.8654,6.9098,145314,0
20140617,6.8897,7.1475,6.8897,7.1113,149575,0
20140618,6.9946,7.0747,6.7869,7.0012,207727,0
20140619,6.988,7.0997,6.9061,7.0762,233881,0
20140620,6.9348,7.1787,6.9285,7.0953,283678,0
20140623,6.9185,7.1592,6.9162,7.1113,117880,0
20140624,6.988,7.1113,6.9055,7.038,155732,0
20140625,7.038,7.1386,6.9055,7.1304,109503,0
20140626,7.0997,7.2444,7.038,7.0953,97577,0
20140627,7.0857,7.135,7.038,7.0608,219321,0
20140630,7.0608,7.3067,7.0608,7.1394,243339,0
20140701,7.1504,7.2977,7.1304,7.2668,189423,0
20140702,7.2526,7.2775,7.1304,7.1742,54039,0
20140703,7.0857,7.2586,7.0754,7.1615,87428,0
20140707,7.1445,7.2239,7.04,7.0857,143078,0
20140708,7.0608,7.2285,6.9241,7.1742,124114,0
20140709,7.0717,7.1833,6.9391,6.9778,97439,0
20140710,6.9139,7.2104,6.9139,7.0717,47706,0
20140711,6.957,7.2586,6.957,7.154,47665,0
20140714,7.1253,7.2775,6.9621,7.0469,67701,0
20140715,6.9939,7.2466,6.9939,7.1592,75272,0
20140716,7.1304,7.2285,7.038,7.1113,52809,0
20140717,7.0121,7.1833,7.0121,7.018,142909,0
20140718,7.0121,7.1765,6.9391,6.9391,106881,0
20140721,6.9139,7.0269,6.8654,6.8704,148521,0
20140722,6.9055,7.0527,6.8208,7.0527,60295,0
20140723,7.007,7.0814,6.8654,6.9506,78079,0
20140724,6.9098,6.988,6.8654,6.9391,77683,0
20140725,6.9098,7.038,6.7724,6.8467,68939,0
20140728,6.8164,6.9821,6.6815,6.8552,141754,0
20140729,6.8263,6.8654,6.6349,6.7829,143444,0
20140730,6.7829,6.7829,6.694,6.7184,77832,0
20140731,6.7184,6.7184,6.5708,6.5708,118085,0
20140801,6.5161,6.606,6.4479,6.4479,143739,0
20140804,6.4236,6.6438,6.4236,6.5653,36274,0
20140805,6.4236,6.8009,6.375,6.5317,108733,0
20140806,6.5357,6.6193,6.415,6.415,57090,0
20140807,6.4513,6.8185,6.4513,6.5621,46172,0
20140808,6.5916,6.7869,6.4965,6.5216,65631,0
20140811,6.5276,6.7626,6.4378,6.7227,46221,0
20140812,6.6349,6.7227,6.4965,6.6792,107536,0
20140813,6.6548,6.8509,6.5082,6.6438,72495,0
20140814,6.6193,6.659,6.4283,6.4777,210710,0
20140815,6.5216,6.5276,6.4439,6.5276,47798,0
20140818,6.4365,6.6323,6.4365,6.5993,30254,0
20140819,6.6438,6.7073,6.475,6.6148,71702,0
20140820,6.6828,6.8315,6.6329,6.7275,57073,0
20140821,6.7675,7.038,6.7675,6.8989,52720,0
20140822,6.9241,7.018,6.6492,6.9139,60098,0
20140825,6.8989,6.9478,6.6883,6.7829,80106,0
20140826,6.7626,6.919,6.6303,6.9098,119572,0
20140827,6.9098,6.9736,6.7275,6.7437,53281,0
20140828,6.7563,6.8654,6.639,6.668,129365,0
20140829,6.7422,6.8164,6.6828,6.8066,65378,0
20140902,6.7422,6.988,6.7422,6.8315,86158,0
20140903,6.8208,6.9055,6.6828,6.7535,73136,0
20140904,6.9821,7.0659,6.6193,6.6303,123668,0
20140905,6.5993,6.7913,6.5809,6.7675,31234,0
20140908,6.6438,6.7905,6.639,6.7675,11507,0
20140909,6.7913,6.8243,6.6193,6.7375,49902,0
20140910,6.7227,6.8654,6.7073,6.7563,75994,0
20140911,6.8509,6.8509,6.7472,6.7535,61240,0
20140912,6.6548,6.8409,6.5708,6.7073,126886,0
20140915,6.7073,6.8604,6.668,6.7563,110382,0
20140916,6.7869,6.8869,6.7164,6.7366,80548,0
20140917,6.9218,6.9621,6.7108,6.8273,67624,0
20140918,6.9226,6.9226,6.6562,6.7718,109804,0
20140919,6.6702,6.7255,6.6349,6.7255,108720,0
20140922,6.6349,6.71,6.6349,6.6659,52219,0
20140923,6.6659,6.8025,6.6597,6.6933,79743,0
20140924,6.6856,6.7108,6.6106,6.6961,66047,0
20140925,6.6856,6.6856,6.4548,6.5465,69508,0
20140926,6.5465,6.6702,6.533,6.6106,42892,0
20140929,6.606,6.6815,6.5608,6.5608,131854,0
20140930,6.533,6.7612,6.533,6.6404,156355,0
20141001,6.6815,6.7821,6.5465,6.7752,80691,0
20141002,6.7718,6.8715,6.7002,6.8567,83712,0
20141003,6.8567,6.9069,6.6815,6.7255,68311,0
20141006,6.7366,6.7422,6.5109,6.5109,105380,0
20141007,6.4188,6.606,6.4188,6.5649,93728,0
20141008,6.5256,6.7869,6.4352,6.6303,108823,0
20141009,6.6148,6.6758,6.5608,6.6255,14181,0
20141010,6.5493,6.606,6.4602,6.5756,68495,0
20141013,6.5399,6.5533,6.4385,6.4843,41668,0
20141014,6.479,6.5189,6.2537,6.2537,89487,0
20141015,6.2141,6.2479,5.3082,6.0172,206686,0
20141016,5.9321,6.173,5.8211,6.112,98948,0
20141017,6.1573,6.3547,6.0323,6.1033,66563,0
20141020,6.0525,6.0913,5.8048,5.9369,41877,0
20141021,5.856,5.9664,5.7502,5.8614,150801,0
20141022,5.9321,6.4494,5.9066,6.4096,94020,0
20141023,6.4843,6.4843,6.2636,6.4494,61094,0
20141024,6.4049,6.6349,6.3404,6.6349,63961,0
20141027,6.6349,6.6349,6.3743,6.4188,32580,0
20141028,6.5047,6.5109,6.2537,6.289,49423,0
20141029,6.3404,6.4642,6.1184,6.2224,54734,0
20141030,6.2185,6.4494,6.2185,6.2432,31258,0
20141031,6.3577,6.3848,6.1836,6.3339,51386,0
20141103,6.3893,6.446,6.1775,6.1882,38161,0
20141104,6.2986,6.2986,6.0913,6.268,46228,0
20141105,6.3586,6.3586,6.2141,6.3039,28447,0
20141106,6.2075,6.3058,6.1631,6.183,36459,0
20141107,6.1365,6.3848,6.122,6.3084,32599,0
20141110,6.3638,6.3697,6.2075,6.2922,86426,0
20141111,6.2784,6.3743,6.1631,6.1983,103696,0
20141112,6.193,6.3547,6.193,6.3489,94499,0
20141113,6.2733,6.3577,6.1957,6.1983,90610,0
20141114,6.1631,6.3697,6.143,6.3404,43217,0
20141117,6.3788,6.5276,6.2836,6.2836,88689,0
20141118,6.3577,6.3586,6.2141,6.3196,59342,0
20141119,6.2836,6.3547,6.183,6.183,67059,0
20141120,6.1283,6.2252,6.0323,6.143,125094,0
20141121,6.1523,6.3241,6.0071,6.0266,134705,0
20141124,6.047,6.2336,6.0374,6.0831,129380,0
20141125,6.0831,6.3278,6.0831,6.3278,128908,0
20141126,6.1078,6.6443,6.1078,6.4697,95632,0
20141128,6.1365,6.5608,6.1365,6.3788,13342,0
20141201,6.3697,6.5086,6.1523,6.2479,63779,0
20141202,6.2479,6.4385,6.1631,6.289,58426,0
20141203,6.3039,6.3938,6.0718,6.112,44083,0
20141204,6.0626,6.2636,6.0525,6.1365,70311,0
20141205,6.0676,6.2029,6.0569,6.0676,59075,0
20141208,5.9664,6.183,5.8662,6.0374,121093,0
20141209,5.9973,6.1484,5.8658,6.0977,62513,0
20141210,6.1329,6.1329,5.8658,5.912,58104,0
20141211,5.9973,5.9973,5.6652,5.7653,57238,0
20141212,5.6295,5.7557,5.4192,5.5494,126069,0
20141215,5.5298,5.7653,5.3386,5.3442,197734,0
20141216,5.1969,5.4148,5.1969,5.3055,67841,0
20141217,5.2639,5.3218,5.0049,5.2072,237807,0
20141218,5.2225,5.3218,5.2023,5.2849,158767,0
20141219,5.3164,5.5138,5.2225,5.4464,137296,0
20141222,5.4199,5.5088,5.2591,5.3372,140764,0
20141223,5.2799,5.4561,5.1709,5.4351,115993,0
20141224,5.347,5.7007,5.3218,5.6278,88794,0
20141226,5.6174,5.7744,5.5602,5.6587,92213,0
20141229,5.6798,5.8125,5.5348,5.5348,193123,0
20141230,5.4978,5.6535,5.4514,5.4978,215684,0
20141231,5.4725,5.8203,5.4514,5.7107,348184,0
20150102,5.7624,5.893,5.6856,5.8354,76836,0
20150105,6.0688,6.1482,5.8354,5.856,100058,0
20150106,5.8772,5.9465,5.7213,5.8048,49374,0
20150107,5.9442,5.9814,5.7678,5.8252,50789,0
20150108,5.8662,5.8662,5.7264,5.7733,42212,0
20150109,5.9496,5.955,5.6384,5.8354,21755,0
20150112,5.9598,5.9598,5.737,5.7992,30430,0
20150113,5.695,5.8354,5.6856,5.7786,58430,0
20150114,5.8143,5.8143,5.6587,5.7107,41013,0
20150115,5.737,5.7465,5.6587,5.7164,22156,0
20150116,5.7316,5.9026,5.7316,5.8772,25075,0
20150120,5.8143,5.9395,5.7624,5.8409,57377,0
20150121,5.8379,5.9598,5.8354,5.8976,92223,0
20150122,5.9526,6.001,5.8662,5.893,92884,0
20150123,5.8464,5.9652,5.8409,5.9395,69501,0
20150126,5.9442,5.9442,5.8464,5.9395,49453,0
20150127,5.8814,5.9345,5.8409,5.9141,26610,0
20150128,5.9026,6.0124,5.893,5.9702,49119,0
20150129,5.9237,5.9702,5.893,5.9237,36313,0
20150130,5.893,5.9702,5.8409,5.8717,108136,0
20150202,5.8814,5.9652,5.8717,5.893,46489,0
20150203,5.9702,6.1267,5.9702,6.1203,121955,0
20150204,6.1359,6.3235,6.0228,6.24,130049,0
20150205,6.173,6.7807,6.173,6.4169,138124,0
20150206,6.5566,6.7746,6.5512,6.7184,192832,0
20150209,6.6603,6.8998,6.6186,6.8738,137208,0
20150210,6.9061,6.9061,6.7701,6.8488,147706,0
20150211,6.8223,6.8529,6.7128,6.8025,105657,0
20150212,6.8025,6.8977,6.8025,6.8173,110351,0
20150213,6.9061,7.0967,6.8529,6.957,134852,0
20150217,6.9778,7.0512,6.9363,6.988,102942,0
20150218,7.0342,7.1652,6.8888,6.9363,119812,0
20150219,6.8998,7.0342,6.8888,7.0342,87411,0
20150220,7.0247,7.2685,6.9621,7.1165,113436,0
20150223,7.0138,7.1848,6.9098,7.0203,51383,0
20150224,7.0562,7.2156,7.0446,7.1534,98049,0
20150225,7.0873,7.2217,6.9621,7.0247,93367,0
20150226,7.2217,7.2466,7.0562,7.1077,58067,0
20150227,7.1137,7.1378,7.04,7.1283,78442,0
20150302,7.1283,7.1283,7.0086,7.1283,44108,0
20150303,7.1224,7.346,7.06,7.2685,65489,0
20150304,7.2428,7.2526,7.1137,7.2156,92266,0
20150305,7.1955,7.3046,7.0925,7.1697,55858,0
20150306,7.2058,7.3098,7.0027,7.1333,117880,0
20150309,7.1803,7.3248,7.1224,7.2156,70307,0
20150310,7.1652,7.2994,7.0342,7.2217,69729,0
20150311,7.2277,7.2994,7.2217,7.2685,40063,0
20150312,7.3214,7.3214,7.2156,7.2428,51042,0
20150313,7.2466,7.346,7.2428,7.346,100550,0
20150316,7.2541,7.3926,6.9291,7.0358,90940,0
20150317,7.1893,7.356,7.0247,7.1637,55431,0
20150318,7.0732,7.2375,7.0732,7.1796,32691,0
20150319,7.1159,7.3129,7.1113,7.1637,32131,0
20150320,7.2375,7.4446,7.2323,7.3825,57499,0
20150323,7.3341,7.4446,7.1518,7.2112,27810,0
20150324,7.1637,7.1796,7.0469,7.0784,32317,0
20150325,7.0358,7.3445,7.0358,7.3015,48664,0
20150326,7.2865,7.2963,7.1202,7.1482,68959,0
20150327,7.1113,7.3183,7.0895,7.1113,77599,0
20150330,7.0988,7.2752,7.0578,7.1848,30437,0
20150331,7.1893,7.3129,6.7905,7.0578,153325,0
20150401,7.0732,7.3872,6.8977,7.2164,81169,0
20150402,7.4135,7.4135,7.2375,7.356,104847,0
20150406,7.3981,7.409,7.2058,7.3825,48287,0
20150407,7.3497,7.3872,7.0844,7.1518,29295,0
20150408,7.2692,7.2692,6.9506,7.0988,69146,0
20150409,7.1269,7.3445,7.0247,7.3445,77319,0
20150410,7.2692,7.3926,7.0143,7.1518,48476,0
20150413,7.3129,7.4515,7.1518,7.3926,27620,0
20150414,7.3825,7.4135,7.2541,7.3183,34384,0
20150415,7.2225,7.3183,7.0988,7.1955,55801,0
20150416,7.2225,7.5261,7.0469,7.4834,95003,0
20150417,7.478,7.5307,7.3129,7.4515,39645,0
20150420,7.4564,7.5261,7.3625,7.4672,36865,0
20150421,7.499,7.499,7.3279,7.3926,33987,0
20150422,7.4035,7.4515,7.2225,7.377,35419,0
20150423,7.3445,7.5153,7.2444,7.2911,29500,0
20150424,7.2752,7.3445,7.0247,7.2164,56745,0
20150427,7.2444,7.3341,7.0306,7.1049,21420,0
20150428,7.0938,7.2323,7.0247,7.1848,24054,0
20150429,7.0469,7.1893,7.0143,7.1482,49416,0
20150430,7.068,7.4189,7.0578,7.3981,28749,0
20150501,7.4236,7.5464,7.4035,7.499,34764,0
20150504,7.499,7.499,7.1364,7.2164,24054,0
20150505,7.2375,7.4236,7.1322,7.2112,35134,0
20150506,7.2812,7.4267,7.1322,7.2058,62565,0
20150507,7.1431,7.4236,7.0844,7.3656,40547,0
20150508,7.3129,7.4515,7.0203,7.4515,105220,0
20150511,7.2911,7.8243,7.1113,7.4937,217956,0
20150512,7.4353,7.6375,7.1585,7.2865,65284,0
20150513,7.2225,7.4834,7.1637,7.2541,42651,0
20150514,7.4298,7.4446,7.1637,7.3077,138665,0
20150515,7.1585,7.4515,7.1585,7.4515,72976,0
20150518,7.4515,7.4515,7.1893,7.4408,43642,0
20150519,7.4353,7.5035,7.3129,7.4189,65951,0
20150520,7.4515,7.5035,7.3129,7.4408,45658,0
20150521,7.4515,7.6375,7.3872,7.4515,93761,0
20150522,7.4353,7.6008,7.1955,7.2692,68389,0
20150526,7.2021,7.5153,7.0306,7.1269,46548,0
20150527,7.068,7.4408,7.068,7.4189,50353,0
20150528,7.3341,7.4672,7.3279,7.4672,33284,0
20150529,7.3341,7.4515,7.3341,7.3718,46033,0
20150601,7.3656,7.409,7.1848,7.3279,31382,0
20150602,7.4515,7.4515,7.3279,7.3981,26178,0
20150603,7.4189,7.4618,7.3279,7.3393,28188,0
20150604,7.3183,7.4515,7.3183,7.3926,39458,0
20150605,7.3279,7.4408,7.2375,7.4236,70837,0
20150608,7.2911,7.4515,7.2911,7.377,46974,0
20150609,7.4189,7.4446,7.2865,7.377,75247,0
20150610,7.3393,7.4236,7.2164,7.2225,68408,0
20150611,7.1848,7.3183,7.1431,7.2692,56247,0
20150612,7.2692,7.4881,7.2692,7.3656,80794,0
20150615,7.4035,7.5836,7.3981,7.5836,119690,0
20150616,7.7359,7.8284,7.3753,7.5122,52065,0
20150617,7.5549,7.6959,7.4353,7.5005,84328,0
20150618,7.5649,7.6648,7.4795,7.5333,70210,0
20150619,7.5757,7.6261,7.4687,7.5885,63246,0
20150622,7.593,7.604,7.3694,7.3806,53896,0
20150623,7.3529,7.5885,7.2458,7.3378,42730,0
20150624,7.2775,7.5005,7.2775,7.3643,43079,0
20150625,7.3424,7.5992,7.3424,7.3909,37946,0
20150626,7.4687,7.4687,7.255,7.255,48949,0
20150629,7.2646,7.4687,7.2225,7.2225,63794,0
20150630,7.2985,7.4454,7.146,7.4236,83755,0
20150701,7.3963,7.4725,7.288,7.4687,52979,0
20150702,7.4687,7.5122,7.331,7.4687,49864,0
20150706,7.4725,7.6261,7.3694,7.4959,44549,0
20150707,7.4408,7.4408,7.1181,7.2014,112741,0
20150708,7.1621,7.1621,6.7535,6.8409,91476,0
20150709,6.8344,6.8509,6.2784,6.8467,230801,0
20150710,6.8467,6.8734,6.6492,6.7576,69297,0
20150713,6.7863,7.015,6.7863,6.9069,38130,0
20150714,6.9441,7.0209,6.8292,6.8791,43561,0
20150715,6.9391,7.0864,6.9226,7.015,30306,0
20150716,7.0637,7.457,7.0482,7.2827,74795,0
20150717,7.3582,7.5122,7.245,7.245,91296,0
20150720,7.3529,7.3529,7.0209,7.0703,35749,0
20150721,7.1407,7.2014,6.9004,7.0549,40884,0
20150722,7.0637,7.2985,6.9167,7.0637,51693,0
20150723,7.015,7.2164,6.6438,6.677,60863,0
20150724,6.8074,6.8074,6.3991,6.5405,118606,0
20150727,6.4859,6.6828,6.2836,6.3658,82490,0
20150728,6.3926,7.0254,6.3331,6.6329,52795,0
20150729,6.5951,6.9939,6.5951,6.7863,50964,0
20150730,6.8467,7.2112,6.7375,6.8734,83596,0
20150731,6.8185,7.0916,6.492,6.5951,44365,0
20150803,6.6877,6.6877,6.3267,6.5471,36847,0
20150804,6.5182,6.7317,6.5182,6.6167,20346,0
20150805,6.5836,6.6167,6.431,6.4371,48949,0
20150806,6.382,6.5539,6.3267,6.3493,42096,0
20150807,6.382,6.5128,6.0437,6.3111,55547,0
20150810,6.3058,6.5243,6.0003,6.3991,55179,0
20150811,6.356,6.4203,6.1912,6.3658,34985,0
20150812,6.3007,6.4043,6.1317,6.3331,63062,0
20150813,6.382,6.5898,5.6184,6.0387,97708,0
20150814,6.1423,6.4586,5.9242,6.126,32448,0
20150817,6.1096,6.3717,5.8917,5.9947,86159,0
20150818,5.9947,6.3717,5.8917,6.3058,52065,0
20150819,6.3398,6.5128,6.0662,6.3761,55179,0
20150820,6.2673,6.4958,6.2236,6.2733,26398,0
20150821,6.2193,6.4796,6.2193,6.431,44549,0
20150824,6.1807,6.4958,6.1365,6.4154,74441,0
20150825,6.4154,6.4958,6.028,6.028,58477,0
20150826,6.0551,6.492,5.8095,5.946,73875,0
20150827,6.0059,6.4096,6.0059,6.3926,83045,0
20150828,6.5006,6.5405,6.2799,6.3247,64455,0
20150831,6.3991,6.5471,6.24,6.5471,44323,0
20150901,6.4216,6.5572,6.2569,6.4378,16603,0
20150902,6.5128,6.5304,6.1499,6.4614,22605,0
20150903,6.4559,6.5572,6.3991,6.4096,31964,0
20150904,6.3137,6.5128,6.2967,6.3756,27022,0
20150908,6.3814,6.6141,6.2967,6.3756,25431,0
20150909,6.5405,6.6653,6.4216,6.5169,119730,0
20150910,6.5641,6.6582,6.4049,6.6024,42800,0
20150911,6.5689,6.738,6.4216,6.7164,69051,0
20150914,6.7339,6.9033,6.4439,6.7946,182953,0
20150915,6.7612,7.3266,6.5641,6.6764,96245,0
20150916,6.8552,6.8853,6.479,6.5054,90841,0
20150917,6.512,6.622,6.2836,6.3247,50906,0
20150918,6.3717,6.4816,6.1145,6.1673,148604,0
20150921,6.2896,6.3542,6.1373,6.1844,47304,0
20150922,6.1323,6.2485,6.0907,6.1373,61529,0
20150923,6.1145,6.2661,6.0683,6.1546,51420,0
20150924,6.1546,6.2719,6.0732,6.1723,72352,0
20150925,6.2199,6.3586,6.1323,6.3013,49876,0
20150928,6.3122,6.4115,6.0683,6.0683,68039,0
20150929,6.0856,6.19,5.7235,5.8637,136435,0
20150930,5.8808,6.2896,5.8404,5.9747,101811,0
20151001,5.9629,6.4466,5.8518,6.4413,78673,0
20151002,6.3013,6.6856,5.8404,6.4358,120836,0
20151005,6.4182,6.5235,6.2836,6.4115,46734,0
20151006,6.3717,6.5161,6.3013,6.4358,69416,0
20151007,6.4466,6.6806,6.4466,6.622,38220,0
20151008,6.6397,6.8552,6.5933,6.8552,36165,0
20151009,6.7792,7.0306,6.7689,7.007,55362,0
20151012,7.007,7.2586,6.7913,6.8315,59548,0
20151013,6.7729,6.9478,6.5809,6.6337,32394,0
20151014,6.6337,6.7444,6.4816,6.4992,52106,0
20151015,6.4358,6.6451,6.4182,6.5689,70272,0
20151016,6.5054,6.6918,6.4289,6.6576,31367,0
20151019,6.6337,6.8263,6.4816,6.4992,62729,0
20151020,6.4702,6.6856,6.4242,6.622,35053,0
20151021,6.6451,6.6451,6.4289,6.5296,40449,0
20151022,6.5471,6.7556,6.4289,6.512,35825,0
20151023,6.5336,6.8552,6.4115,6.4466,73529,0
20151026,6.4816,6.5986,6.3938,6.4532,41134,0
20151027,6.4002,6.5933,6.1083,6.2543,70102,0
20151028,6.2252,6.4236,6.1499,6.2948,55362,0
20151029,6.2661,6.2661,6.0093,6.1083,76273,0
20151030,5.9803,6.19,5.9803,6.1433,48850,0
20151102,6.1546,6.4182,6.0443,6.1433,47300,0
20151103,6.1196,6.4002,5.9978,6.0732,73187,0
20151104,6.0907,6.3247,5.9278,5.9803,69261,0
20151105,5.9508,6.0907,5.9159,5.9978,77128,0
20151106,6.0036,6.2948,5.9569,6.2022,26227,0
20151109,6.2141,6.5986,6.0387,6.5471,75056,0
20151110,6.4702,6.5649,6.0387,6.2426,87755,0
20151111,6.4182,6.5809,6.319,6.4938,98043,0
20151112,6.5054,6.6856,6.4763,6.5336,119979,0
20151113,6.5512,6.6513,6.3476,6.4002,69929,0
20151116,6.3938,6.668,6.1963,6.5871,59133,0
20151117,6.6397,6.6513,6.4532,6.5405,43363,0
20151118,6.6159,6.6159,6.33,6.3364,49194,0
20151119,6.4115,6.4358,6.2485,6.2661,48335,0
20151120,6.3586,6.5229,6.3122,6.3761,44735,0
20151123,6.3542,6.6159,6.33,6.4816,50560,0
20151124,6.4702,6.7156,6.4182,6.4358,62729,0
20151125,6.4876,6.6451,6.4702,6.5581,24854,0
20151127,6.5986,6.7729,6.4876,6.5296,35654,0
20151130,6.1433,6.622,6.1433,6.5986,208935,0
20151201,6.6513,6.6513,6.4466,6.5229,21888,0
20151202,6.5689,6.6806,6.33,6.3542,51236,0
20151203,6.4586,6.5465,6.3542,6.4938,46037,0
20151204,6.5336,6.5933,6.3417,6.4002,20568,0
20151207,6.3364,6.3586,6.2369,6.307,25025,0
20151208,6.2719,6.3577,6.173,6.2311,39438,0
20151209,6.19,6.3476,6.19,6.19,69416,0
20151210,6.1787,6.3586,6.1723,6.1963,38565,0
20151211,6.1499,6.2602,5.9569,5.9803,44049,0
20151214,5.9803,6.0907,5.7351,5.8808,42758,0
20151215,5.9042,6.1433,5.8343,5.9218,65645,0
20151216,6.1317,6.3423,5.9622,6.289,51484,0
20151217,6.3304,6.3911,6.1317,6.1736,61086,0
20151218,6.1673,6.24,6.0714,6.1856,49993,0
20151221,6.2341,6.4337,6.1317,6.1433,39396,0
20151222,6.3065,6.3247,6.1673,6.1918,54228,0
20151223,6.1856,6.4816,6.1433,6.3736,61581,0
20151224,6.3551,6.4816,6.2341,6.3247,15048,0
20151228,6.2707,6.3703,6.1918,6.2036,52922,0
20151229,6.1918,6.3951,6.047,6.1373,60855,0
20151230,6.1252,6.3423,6.0586,6.0586,41342,0
20151231,6.0404,6.2219,5.9141,6.0531,83017,0
20160104,6.0531,6.2159,5.9141,6.1072,49379,0
20160105,6.077,6.3423,6.0714,6.1983,66561,0
20160106,6.1072,6.2707,5.9141,6.2036,41533,0
20160107,6.1617,6.2824,6.0718,6.2707,44994,0
20160108,6.24,6.3372,6.0952,6.3065,55601,0
20160111,6.2824,6.2824,5.9321,6.0047,55666,0
20160112,5.9983,6.2283,5.7267,5.8112,39587,0
20160113,5.8174,6.1673,5.5455,5.6785,51583,0
20160114,5.6723,5.7146,5.4427,5.618,83982,0
20160115,5.5516,5.5816,5.0501,5.3405,86745,0
20160119,5.3884,5.6601,5.0199,5.1166,48836,0
20160120,5.032,5.0744,4.6577,4.8991,95648,0
20160121,4.9173,5.2856,4.8084,4.9413,77999,0
20160122,4.9716,5.3931,4.9716,5.3522,18629,0
20160125,5.4185,5.4549,5.1649,5.4549,38517,0
20160126,5.4367,5.5816,5.3099,5.4307,23568,0
20160127,5.5214,5.5575,5.2495,5.3278,84838,0
20160128,5.3403,5.5455,5.1649,5.1649,55076,0
20160129,5.2916,5.5273,5.2886,5.3825,57109,0
20160201,5.5243,5.7115,5.3978,5.5877,14299,0
20160202,5.5877,5.6723,5.4367,5.4367,40184,0
20160203,5.4911,5.5997,5.3763,5.5455,13138,0
20160204,5.4729,5.5332,5.3763,5.5033,18662,0
20160205,5.467,6.1599,5.4367,5.5394,21852,0
20160208,5.5033,6.3273,5.2555,5.2856,32027,0
20160209,4.9534,5.2736,4.6817,4.7783,64115,0
20160210,4.7179,4.9898,4.3011,4.3434,138693,0
20160211,4.1199,4.2284,3.8238,4.1802,186569,0
20160212,4.1077,4.3915,4.0422,4.3434,56816,0
20160216,4.5247,4.5909,4.3734,4.4885,57957,0
20160217,4.4702,4.5488,4.3441,4.4038,54835,0
20160218,4.3915,4.3915,4.1983,4.2588,58499,0
20160219,4.2369,4.3675,4.2284,4.3191,50554,0
20160222,4.5003,4.6153,4.3856,4.5789,126904,0
20160223,4.6272,4.6757,4.5247,4.5247,58914,0
20160224,4.4702,4.5608,4.3796,4.5608,68446,0
20160225,4.3312,4.4098,4.2284,4.265,181672,0
20160226,4.2284,4.4098,4.2224,4.4098,184629,0
20160229,4.265,4.4461,4.1791,4.307,169396,0
20160301,4.2529,4.5307,4.2529,4.4823,89050,0
20160302,4.4218,4.5668,4.4218,4.4702,49208,0
20160303,4.5126,4.6455,4.4581,4.5909,22541,0
20160304,4.6213,4.7904,4.5307,4.7179,94463,0
20160307,4.6817,4.8326,4.6817,4.8326,139231,0
20160308,4.8569,4.8569,4.6877,4.6877,75471,0
20160309,4.7421,4.7783,4.6817,4.7118,33170,0
20160310,4.7783,4.8871,4.7482,4.857,107952,0
20160311,4.8629,5.0321,4.8629,4.9898,60526,0
20160314,4.9837,5.207,4.9837,5.207,101601,0
20160315,5.2253,5.7328,5.2253,5.5816,151522,0
20160316,5.5263,5.6077,4.9736,5.5829,50068,0
20160317,5.5326,5.6454,5.3386,5.5072,48599,0
20160318,5.5514,5.7584,5.451,5.7209,161395,0
20160321,5.6832,5.6832,5.1808,5.3692,264314,0
20160322,5.3251,5.3692,5.0302,5.2248,121952,0
20160323,5.1871,5.2626,4.8982,4.9736,106279,0
20160324,4.9044,5.092,4.9044,5.0051,40438,0
20160328,4.9862,5.0991,4.8982,4.9109,30211,0
20160329,4.8982,5.0363,4.8858,4.961,51720,0
20160330,4.9171,5.1935,4.9171,5.0363,49846,0
20160331,5.0302,5.319,5.0302,5.275,114117,0
20160401,5.2498,5.4321,5.1995,5.2185,47757,0
20160404,5.3001,5.3316,5.0614,5.1244,34367,0
20160405,5.1244,5.1973,5.0302,5.0741,37440,0
20160406,5.0553,5.1432,5.0553,5.1369,49297,0
20160407,5.1558,5.1681,5.0991,5.162,34081,0
20160408,5.1995,5.5263,5.0991,5.4195,40832,0
20160411,5.4571,5.6235,5.2876,5.5012,36550,0
20160412,5.4947,5.6017,5.3441,5.6017,42857,0
20160413,5.6141,5.6266,5.4791,5.5703,9892,0
20160414,5.4947,5.6266,5.4133,5.4634,22519,0
20160415,5.457,5.457,5.1902,5.3379,55718,0
20160418,5.2876,5.5005,5.275,5.275,24591,0
20160419,5.319,5.3943,5.2123,5.2123,25247,0
20160420,5.2123,5.5576,5.2123,5.5199,40795,0
20160421,5.4697,5.8026,5.3065,5.7837,47325,0
20160422,5.6896,5.7963,5.5451,5.7584,12009,0
20160425,5.7083,5.7964,5.6581,5.7335,12801,0
20160426,5.7273,5.8082,5.6581,5.7584,9725,0
20160427,5.7083,5.7824,5.6581,5.6581,20026,0
20160428,5.7083,5.7083,5.6454,5.6454,8292,0
20160429,5.6266,5.7459,5.5451,5.7459,13077,0
20160502,5.7146,5.8026,5.5953,5.5953,11661,0
20160503,5.5576,5.7584,5.3379,5.4571,40166,0
20160504,5.4571,5.5451,5.3504,5.4947,42616,0
20160505,5.5012,5.7083,5.4133,5.6644,18249,0
20160506,5.6454,5.7146,5.4007,5.4383,52263,0
20160509,5.4822,5.7964,5.4007,5.4321,10831,0
20160510,5.3441,5.6051,5.3379,5.4383,37073,0
20160511,5.4383,5.4571,5.3065,5.363,47931,0
20160512,5.363,5.4007,5.2815,5.2876,28634,0
20160513,5.275,5.275,5.0239,5.1494,59513,0
20160516,5.1056,5.2688,5.1056,5.162,62956,0
20160517,5.1369,5.1681,5.093,5.1116,29343,0
20160518,5.0867,5.1432,5.0239,5.1181,46099,0
20160519,5.0678,5.1432,4.9171,5.1056,82740,0
20160520,5.1181,5.1181,4.8669,5.0051,65614,0
20160523,4.9485,5.0867,4.9485,4.9798,46871,0
20160524,5.0363,5.0363,4.9295,5.0112,15140,0
20160525,5.0051,5.1369,4.9359,5.1116,102664,0
20160526,5.1116,5.2003,5.0803,5.1747,36968,0
20160527,5.1558,5.1868,5.0991,5.1747,21886,0
20160531,5.2123,5.2123,5.1116,5.1558,36983,0
20160601,5.1681,5.319,5.1681,5.319,41839,0
20160602,5.319,5.5565,5.275,5.3441,52318,0
20160603,5.3379,5.53,5.3379,5.4007,32415,0
20160606,5.3754,5.7964,5.3692,5.5451,161515,0
20160607,5.564,5.7146,5.5576,5.6204,33152,0
20160608,5.6204,5.7398,5.6204,5.7398,51129,0
20160609,5.7459,5.8152,5.6677,5.7899,48963,0
20160610,5.8403,5.8811,5.7585,5.8214,97392,0
20160613,5.8152,5.9533,5.8026,5.9533,84841,0
20160614,5.9722,6.0913,5.9029,6.0662,106398,0
20160615,6.1519,6.1519,5.8655,5.8913,49188,0
20160616,5.8655,5.963,5.8655,5.8979,43238,0
20160617,5.9042,5.911,5.8655,5.888,17200,0
20160620,5.9042,6.1912,5.7675,5.8458,235036,0
20160621,5.8523,5.8523,5.7675,5.7871,27672,0
20160622,5.7675,5.9289,5.7557,5.8392,57188,0
20160623,5.8066,5.963,5.5719,5.5851,81778,0
20160624,5.4287,5.6631,5.357,5.357,47160,0
20160627,5.4091,5.5607,5.3765,5.3765,81975,0
20160628,5.4417,5.5002,5.3765,5.4091,38422,0
20160629,5.4808,5.709,5.4808,5.6177,86950,0
20160630,5.6371,5.7871,5.5851,5.7871,38899,0
20160701,5.8001,5.963,5.7675,5.8847,54091,0
20160705,5.8588,5.9582,5.8588,5.937,35398,0
20160706,5.9501,6.0934,5.8659,5.9565,72463,0
20160707,6.0934,6.1131,6.0217,6.0999,58062,0
20160708,6.1651,6.1651,6.0348,6.0999,49533,0
20160711,6.1651,6.4777,6.1585,6.3476,76827,0
20160712,6.3802,6.3802,6.2563,6.289,15640,0
20160713,6.3346,6.367,6.0348,6.1455,34148,0
20160714,6.2236,6.4216,6.0021,6.1912,23925,0
20160715,6.1912,6.1912,6.0283,6.1717,105545,0
20160718,6.1912,6.1912,6.1261,6.1781,12104,0
20160719,6.1519,6.1717,6.1261,6.1519,14904,0
20160720,6.1585,6.165,6.1261,6.1455,21759,0
20160721,6.1519,6.1585,6.1261,6.1455,39894,0
20160722,6.1486,6.1846,6.1261,6.1519,21472,0
20160725,6.1912,6.3606,6.1212,6.1324,134277,0
20160726,6.1455,6.2118,6.0607,6.1624,14744,0
20160727,6.1717,6.1944,6.0096,6.0803,8293,0
20160728,6.0934,6.1063,6.0021,6.0673,32243,0
20160729,6.0803,6.2661,6.0164,6.2172,42158,0
20160801,6.2498,6.3148,6.0445,6.2824,23227,0
20160802,6.3216,6.3216,6.1717,6.2042,23459,0
20160803,6.1846,6.3216,6.1846,6.2955,26293,0
20160804,6.3084,6.3542,6.2498,6.289,17048,0
20160805,6.3148,6.3216,6.1651,6.3216,14895,0
20160808,6.3148,6.3216,6.1912,6.3216,29942,0
20160809,6.3278,6.3542,6.289,6.3346,27823,0
20160810,6.3148,6.3736,6.289,6.3084,32712,0
20160811,6.3084,6.3084,6.2629,6.2629,15549,0
20160812,6.3084,6.3084,6.2534,6.2791,16815,0
20160815,6.2369,6.289,6.1912,6.2432,27379,0
20160816,6.2824,6.289,6.1324,6.1846,64563,0
20160817,6.1519,6.289,6.1519,6.2629,35523,0
20160818,6.289,6.289,6.1651,6.2236,22778,0
20160819,6.1912,6.289,6.1728,6.289,29779,0
20160822,6.1912,6.2824,6.1651,6.1781,27356,0
20160823,6.2236,6.2693,6.1847,6.2498,43387,0
20160824,6.2563,6.289,6.1912,6.2498,38793,0
20160825,6.2563,6.2824,6.1854,6.2498,25621,0
20160826,6.2302,6.3019,6.1912,6.2563,77370,0
20160829,6.289,6.289,6.2172,6.2563,67942,0
20160830,6.2563,6.289,6.2302,6.2498,63873,0
20160831,6.3216,6.3216,6.2236,6.2693,92200,0
20160901,6.2759,6.3019,6.2563,6.3019,29899,0
20160902,6.289,6.3728,6.2862,6.3728,36164,0
20160906,6.289,6.3736,6.289,6.3247,20651,0
20160907,6.3736,6.5169,6.3346,6.4522,70248,0
20160908,6.4581,6.5169,6.4385,6.5109,36754,0
20160909,6.4843,6.6019,6.4188,6.4487,95364,0
20160912,6.4522,6.4522,6.3996,6.4257,84840,0
20160913,6.4188,6.7192,6.3866,6.6079,191252,0
20160914,6.6094,6.6323,6.3729,6.3865,60872,0
20160915,6.3596,6.481,6.1163,6.1772,54686,0
20160916,6.1772,6.3091,6.1504,6.2583,37801,0
20160919,6.2516,6.3257,6.103,6.1504,52566,0
20160920,6.2176,6.4742,6.1367,6.2448,82440,0
20160921,6.2583,6.3865,6.1163,6.2717,79162,0
20160922,6.2649,6.2987,6.1504,6.1731,27747,0
20160923,6.211,6.2313,6.1433,6.1704,29935,0
20160926,6.1772,6.2293,6.1433,6.1839,13303,0
20160927,6.1504,6.2516,6.069,6.1569,59858,0
20160928,6.1098,6.1839,6.069,6.1614,59667,0
20160929,6.0962,6.1908,6.0761,6.1639,58585,0
20160930,6.1504,6.3461,6.0826,6.1433,42518,0
20161003,6.1299,6.2036,6.0826,6.0962,25836,0
20161004,6.1098,6.1772,6.0761,6.103,28308,0
20161005,6.103,6.2448,6.0826,6.2379,69528,0
20161006,6.1639,6.3865,6.1639,6.3461,90206,0
20161007,6.2785,6.3683,6.1772,6.2379,53676,0
20161010,6.2043,6.3325,6.1908,6.211,20492,0
20161011,6.1569,6.2176,6.0761,6.1504,104206,0
20161012,6.1639,6.1639,6.0017,6.0626,42778,0
20161013,6.0084,6.1772,6.0084,6.1299,14734,0
20161014,6.1179,6.1976,6.1163,6.1976,9112,0
20161017,6.1704,6.1772,6.022,6.1428,34172,0
20161018,6.1163,6.2717,6.0761,6.2717,41036,0
20161019,6.2448,6.2723,6.1772,6.1772,9131,0
20161020,6.2516,6.319,6.1299,6.2313,61124,0
20161021,6.2987,6.352,6.1805,6.2502,92890,0
20161024,6.2717,6.3596,6.2717,6.3325,37118,0
20161025,6.3325,6.3999,6.219,6.3933,68725,0
20161026,6.3729,6.4135,6.2521,6.4068,79179,0
20161027,6.427,6.5417,6.2607,6.2607,23300,0
20161028,6.2649,6.4337,6.2583,6.3526,17199,0
20161031,6.3799,6.4135,6.211,6.2785,35894,0
20161101,6.3121,6.4135,6.1098,6.211,50628,0
20161102,6.3121,6.3799,5.7384,6.1433,87980,0
20161103,6.1772,6.1772,5.941,6.0761,36062,0
20161104,5.8061,6.1098,5.8061,6.0422,47418,0
20161107,5.9748,6.1098,5.9748,6.0422,16665,0
20161108,6.0761,6.1098,5.941,6.0422,30536,0
20161109,6.0084,6.211,5.8432,6.1433,26258,0
20161110,6.1433,6.1433,5.941,6.0761,58125,0
20161111,6.0761,6.2785,6.0761,6.211,15016,0
20161114,6.3461,6.3461,6.0422,6.1772,66378,0
20161115,6.1433,6.5317,6.1433,6.3121,28057,0
20161116,6.3121,6.4135,6.2448,6.3799,37959,0
20161117,6.3799,6.4135,6.2785,6.363,25295,0
20161118,6.5147,6.5147,6.3461,6.3799,17771,0
20161121,6.3799,6.5147,6.3799,6.481,21593,0
20161122,6.5485,6.6834,6.4169,6.5485,75781,0
20161123,6.481,6.5823,6.481,6.5823,38899,0
20161125,6.6497,6.7513,6.5313,6.7171,33629,0
20161128,6.5823,6.6834,6.4472,6.5485,139155,0
20161129,6.6834,6.7171,6.481,6.6159,66815,0
20161130,6.7513,6.7513,6.4472,6.6159,86196,0
20161201,6.6159,6.724,6.5485,6.5823,60314,0
20161202,6.6497,6.6834,6.3799,6.5147,56967,0
20161205,6.6497,6.7513,6.481,6.7171,72839,0
20161206,6.6159,6.6159,6.5147,6.5823,66644,0
20161207,6.6159,6.6905,6.5823,6.6834,54000,0
20161208,6.7171,6.7513,6.6159,6.6834,63427,0
20161209,6.7171,6.785,6.5485,6.785,99942,0
20161212,6.785,6.785,6.6497,6.7171,80268,0
20161213,6.7171,6.9197,6.7002,6.7171,179009,0
20161214,6.6486,7.0328,6.3685,6.7184,127350,0
20161215,6.6486,6.7535,6.3685,6.5436,150538,0
20161216,6.5436,6.5784,6.3685,6.5784,73169,0
20161219,6.6486,6.6486,6.4035,6.4735,88621,0
20161220,6.4385,6.6486,6.4035,6.5084,72562,0
20161221,6.5436,6.5436,6.4035,6.4735,60551,0
20161222,6.5436,6.6205,6.4385,6.4385,58396,0
20161223,6.4035,6.5436,6.3685,6.5436,54546,0
20161227,6.5436,6.5436,6.4648,6.5436,72294,0
20161228,6.5436,6.5784,6.4735,6.5784,50291,0
20161229,6.5784,6.5784,6.4035,6.4385,110661,0
20161230,6.5084,6.5784,6.4035,6.5084,63698,0
20170103,6.5436,6.5784,6.4385,6.5784,47431,0
20170104,6.5784,7.0328,6.5784,7.0328,151160,0
20170105,6.9991,6.9991,6.6486,6.6486,101926,0
20170106,6.6486,6.7535,6.6486,6.6486,48876,0
20170109,6.7184,6.8202,6.6486,6.7184,77606,0
20170110,6.6834,6.7535,6.6486,6.7184,31728,0
20170111,6.7184,6.858,6.7115,6.7884,43000,0
20170112,6.8235,6.8933,6.7535,6.8933,35200,0
20170113,6.8235,6.8795,6.7355,6.858,31722,0
20170117,6.7884,6.8235,6.7184,6.7184,54110,0
20170118,6.8235,6.8235,6.7184,6.8235,41170,0
20170119,6.7884,6.9285,6.7535,6.8235,25237,0
20170120,6.8235,6.8933,6.7535,6.7884,20337,0
20170123,6.7184,6.8235,6.6834,6.6834,73454,0
20170124,6.7184,6.7884,6.5084,6.6134,66997,0
20170125,6.7535,6.7535,6.5436,6.5436,57675,0
20170126,6.5436,6.6315,6.5436,6.5784,89443,0
20170127,6.6486,6.6486,6.5436,6.6486,64395,0
20170130,6.6834,6.6834,6.5784,6.6134,59063,0
20170131,6.6134,6.6486,6.5084,6.6486,64970,0
20170201,6.6134,6.6834,6.5084,6.5784,57664,0
20170202,6.5084,6.6134,6.5084,6.5436,40007,0
20170203,6.5784,6.6486,6.5084,6.5784,42499,0
20170206,6.6134,6.6486,6.5084,6.6134,55145,0
20170207,6.6486,6.7884,6.6134,6.7535,33379,0
20170208,6.8235,6.9285,6.7221,6.9285,63341,0
20170209,6.9637,7.0048,6.8235,6.9285,52672,0
20170210,6.9637,6.9637,6.7972,6.9637,56893,0
20170213,6.858,7.1735,6.7884,7.0328,133490,0
20170214,7.068,7.1386,6.9637,6.9991,45069,0
20170215,7.0328,7.0439,6.8933,6.9275,16007,0
20170216,6.8933,7.0997,6.8933,6.9991,36727,0
20170217,6.9991,7.068,6.9808,7.0328,37498,0
20170221,7.068,7.1386,7.0328,7.1069,21423,0
20170222,7.1033,7.1945,7.068,7.1735,27402,0
20170223,7.1386,7.2082,7.0328,7.0328,30847,0
20170224,7.0328,7.0328,6.858,6.9991,40556,0
20170227,7.068,7.1033,6.9285,7.1033,33504,0
20170228,7.1033,7.1033,6.9285,7.1033,40310,0
20170301,7.1033,7.3484,6.9991,7.1386,78987,0
20170302,7.1386,7.3138,7.0533,7.2782,72938,0
20170303,7.3138,7.3484,7.1735,7.2782,49973,0
20170306,7.2782,7.2782,7.068,7.2428,35736,0
20170307,7.2782,7.3138,7.1386,7.2488,33512,0
20170308,7.2782,7.3484,7.1386,7.2082,41939,0
20170309,7.2082,7.2082,6.9917,7.0328,32141,0
20170310,7.0328,7.1386,6.9991,6.9991,27300,0
20170313,7.1454,7.2428,6.9637,7.2428,45018,0
20170314,7.1735,7.2256,7.1033,7.187,22922,0
20170315,7.2088,7.5316,7.1908,7.3879,94023,0
20170316,7.3879,7.3879,6.9218,6.9939,63179,0
20170317,7.065,7.1735,7.0298,7.1011,32955,0
20170320,7.1373,7.3129,7.0298,7.1373,35816,0
20170321,7.1011,7.288,7.1011,7.1049,20946,0
20170322,7.1011,7.2806,7.065,7.2444,25990,0
20170323,7.2088,7.3166,7.1735,7.1735,21557,0
20170324,7.2088,7.2806,7.1735,7.2088,33120,0
20170327,7.2088,7.3521,7.1373,7.3521,22887,0
20170328,7.2444,7.3879,7.1735,7.2088,23617,0
20170329,7.2444,7.3879,7.227,7.3521,18821,0
20170330,7.2088,7.3521,7.2088,7.2806,42169,0
20170331,7.3166,7.3166,7.2088,7.2806,34316,0
20170403,7.3166,7.3521,7.2088,7.2444,26834,0
20170404,7.1735,7.2444,7.1373,7.2444,8838,0
20170405,7.2088,7.3879,7.1373,7.2806,53056,0
20170406,7.2806,7.3879,7.2806,7.3521,46677,0
20170407,7.3879,7.4026,7.3166,7.3521,14287,0
20170410,7.3879,7.4236,7.2806,7.3879,21799,0
20170411,7.3521,7.3879,7.3166,7.3879,19230,0
20170412,7.3879,7.3879,7.3166,7.3701,27206,0
20170413,7.3521,7.3879,7.2444,7.3521,37839,0
20170417,7.3879,7.4601,7.3166,7.4236,30639,0
20170418,7.3879,7.6031,7.3879,7.5316,69064,0
20170419,7.5673,7.7287,7.5494,7.6751,20418,0
20170420,7.7111,7.7471,7.6399,7.6751,74728,0
20170421,7.7111,7.7111,7.4524,7.6751,22028,0
20170424,7.6751,7.7111,7.4236,7.4959,33574,0
20170425,7.4601,7.5673,7.2088,7.2806,70522,0
20170426,7.2806,7.4275,7.2088,7.3166,77422,0
20170427,7.2088,7.2806,7.1735,7.2088,79185,0
20170428,7.1735,7.2767,7.1735,7.2444,32251,0
20170501,7.2444,7.3166,7.1735,7.2088,52259,0
20170502,7.2444,7.3521,7.1735,7.3521,49293,0
20170503,7.3879,7.3879,7.1735,7.2444,32035,0
20170504,7.2806,7.3166,7.1735,7.3166,81952,0
20170505,7.3879,7.4959,7.2088,7.4959,36934,0
20170508,7.4959,7.586,7.3166,7.5673,37008,0
20170509,7.6399,7.6751,7.3521,7.3879,27665,0
20170510,7.4236,7.6751,7.2633,7.6751,58745,0
20170511,7.4959,7.7111,7.4066,7.5673,22818,0
20170512,7.5673,7.5999,7.1735,7.3166,46099,0
20170515,7.3879,7.5673,7.2985,7.5673,48767,0
20170516,7.4236,7.5246,7.3521,7.3879,15711,0
20170517,7.3521,7.3879,7.1735,7.2088,76642,0
20170518,7.2806,7.3848,7.1735,7.3166,13441,0
20170519,7.3521,7.3879,7.2444,7.3521,16512,0
20170522,7.1735,7.5673,7.1735,7.4959,26952,0
20170523,7.5673,7.7111,7.3879,7.6751,30981,0
20170524,7.6751,7.7111,7.5673,7.6399,16750,0
20170525,7.6751,7.7111,7.3879,7.5316,22988,0
20170526,7.4236,7.6205,7.4236,7.4959,9138,0
20170530,7.4601,7.6751,7.4236,7.5316,13469,0
20170531,7.5673,7.7471,7.4236,7.4601,57749,0
20170601,7.4959,7.5673,7.4236,7.4236,20693,0
20170602,7.3879,7.5316,7.3879,7.4959,50590,0
20170605,7.4959,7.5316,7.3521,7.4601,36776,0
20170606,7.3879,7.4959,7.3879,7.4236,18703,0
20170607,7.4601,7.492,7.4017,7.4601,30134,0
20170608,7.4601,7.4959,7.3879,7.4236,20291,0
20170609,7.4236,7.5316,7.2806,7.4601,54739,0
20170612,7.3879,7.5735,7.3879,7.4601,35022,0
20170613,7.4236,7.7431,7.4236,7.4959,63931,0
20170614,7.6792,7.6792,7.3491,7.4959,48318,0
20170615,7.4594,7.569,7.4221,7.569,24754,0
20170616,7.6064,7.6431,7.4959,7.4959,15798,0
20170619,7.4959,7.6792,7.4959,7.5325,38606,0
20170620,7.6792,7.6792,7.4594,7.569,14256,0
20170621,7.5325,7.5325,7.4221,7.4594,11816,0
20170622,7.4594,7.5325,7.3491,7.5325,26376,0
20170623,7.5325,7.5325,7.3855,7.4221,14272,0
20170626,7.4554,7.4594,7.3855,7.4221,14419,0
20170627,7.3855,7.4959,7.3855,7.4594,10370,0
20170628,7.4221,7.4594,7.3855,7.4221,22452,0
20170629,7.3855,7.4594,7.3491,7.3855,31528,0
20170630,7.3855,7.4221,7.3491,7.3491,31083,0
20170703,7.3491,7.4594,7.3491,7.4594,10002,0
20170705,7.4221,7.6431,7.3491,7.4959,51194,0
20170706,7.4959,7.6431,7.3886,7.5325,47343,0
20170707,7.4959,7.5325,7.4594,7.4959,9826,0
20170710,7.569,7.569,7.3855,7.4959,23413,0
20170711,7.4959,7.5325,7.3855,7.4221,17191,0
20170712,7.4221,7.4594,7.4221,7.4594,9846,0
20170713,7.4959,7.5325,7.4221,7.4959,10066,0
20170714,7.4959,7.4959,7.3855,7.4733,7578,0
20170717,7.4959,7.5325,7.4221,7.4221,22736,0
20170718,7.3855,7.4959,7.3855,7.3855,18009,0
20170719,7.3855,7.4594,7.3855,7.4594,8080,0
20170720,7.3855,7.5325,7.3491,7.4959,60036,0
20170721,7.4221,7.5325,7.4221,7.5325,31111,0
20170724,7.4959,7.4959,7.3855,7.4594,37474,0
20170725,7.4221,7.6064,7.3491,7.5325,94107,0
20170726,7.5325,7.569,7.4221,7.4221,31504,0
20170727,7.3855,7.569,7.3855,7.5325,29379,0
20170728,7.4594,7.569,7.4594,7.4959,30735,0
20170731,7.569,7.569,7.4221,7.4959,17539,0
20170801,7.5325,7.5325,7.4594,7.4959,20218,0
20170802,7.4594,7.5325,7.3491,7.3855,27873,0
20170803,7.3491,7.4959,7.3121,7.4959,30128,0
20170804,7.4594,7.6431,7.3491,7.569,42836,0
20170807,7.4594,7.6431,7.4594,7.569,9195,0
20170808,7.4959,7.4959,7.2752,7.4221,19270,0
20170809,7.3855,7.3886,7.279,7.3825,24523,0
20170810,7.3491,7.4221,7.2384,7.4221,33055,0
20170811,7.0549,7.4959,6.614,7.4594,43591,0
20170814,7.3855,7.4594,7.2384,7.3491,26370,0
20170815,7.3491,7.4959,7.2752,7.3121,21050,0
20170816,7.2752,7.4221,7.2752,7.4221,15539,0
20170817,7.3855,7.3855,7.2752,7.3491,21548,0
20170818,7.3491,7.3855,7.3121,7.3491,19845,0
20170821,7.2752,7.3855,7.2021,7.3491,31518,0
20170822,7.3491,7.3491,7.2933,7.3121,10816,0
20170823,7.3491,7.3855,7.2384,7.3121,13471,0
20170824,7.3491,7.3491,7.2021,7.2384,18830,0
20170825,7.2384,7.3491,7.2021,7.3491,47857,0
20170828,7.2021,7.3491,7.2021,7.3491,27295,0
20170829,7.2752,7.3491,7.2384,7.3121,36513,0
20170830,7.2752,7.3855,7.2384,7.3491,14537,0
20170831,7.3121,7.3855,7.2384,7.2752,41950,0
20170901,7.2752,7.3121,7.2752,7.2933,41935,0
20170905,7.3121,7.3121,7.2677,7.3121,44288,0
20170906,7.3491,7.4959,7.2752,7.3671,82610,0
20170907,7.499,7.499,7.3295,7.3484,69034,0
20170908,7.3484,7.3706,7.2353,7.3484,64648,0
20170911,7.3863,7.3863,7.1221,7.2729,91470,0
20170912,7.2353,7.3223,7.2353,7.2353,30493,0
20170913,7.1221,7.3108,7.1221,7.2353,76358,0
20170914,7.2729,7.3108,7.1976,7.3108,14674,0
20170915,7.2729,7.4618,7.2729,7.3108,30623,0
20170918,7.1976,7.3784,7.1976,7.2729,65219,0
20170919,7.2353,7.2918,7.2353,7.2729,42042,0
20170920,7.1976,7.2729,7.1976,7.2277,19008,0
20170921,7.2353,7.2729,7.1976,7.2729,27388,0
20170922,7.2353,7.2729,7.1976,7.1976,16764,0
20170925,7.1976,7.3108,7.1599,7.2353,74198,0
20170926,7.2353,7.2729,7.1976,7.2353,20302,0
20170927,7.1976,7.2435,7.1221,7.1599,66910,0
20170928,6.7831,7.1938,6.7831,6.9716,120338,0
20170929,6.9716,7.1221,6.9716,7.047,38230,0
20171002,7.1006,7.1599,7.0169,7.1599,28681,0
20171003,7.1976,7.2729,7.1599,7.1599,22317,0
20171004,7.1599,7.3825,7.1221,7.2729,58054,0
20171005,7.4618,7.4618,7.1599,7.2729,43238,0
20171006,7.2729,7.3108,7.126,7.2353,14370,0
20171009,7.2353,7.2353,7.1599,7.1976,27473,0
20171010,7.2353,7.2353,7.1221,7.1221,86776,0
20171011,7.1976,7.2314,7.0846,7.1409,122767,0
20171012,7.1221,7.2353,7.047,7.1221,16007,0
20171013,7.1599,7.1976,7.1221,7.1976,20882,0
20171016,7.1976,7.2353,7.1599,7.2164,18351,0
20171017,7.1599,7.1976,7.0393,7.1221,55776,0
20171018,7.1221,7.1221,6.9716,7.0658,19964,0
20171019,7.0846,7.1599,7.047,7.1221,16110,0
20171020,7.0846,7.0884,6.8623,6.8961,60541,0
20171023,6.8961,6.9716,6.8582,6.9376,28176,0
20171024,7.0091,7.0922,6.8582,6.8961,29143,0
20171025,6.8961,7.047,6.7076,6.8582,56345,0
20171026,6.8582,6.8582,6.5193,6.6323,67582,0
20171027,6.5569,6.6323,6.3307,6.5382,94315,0
20171030,6.6154,6.7453,6.5569,6.67,29499,0
20171031,6.5945,6.7076,6.5945,6.5945,40958,0
20171101,6.67,6.67,6.5569,6.5945,31752,0
20171102,6.5569,6.5945,6.5193,6.5193,29148,0
20171103,6.5004,6.5193,6.4439,6.5193,20874,0
20171106,6.4439,6.5569,6.4063,6.4816,43317,0
20171107,6.4439,6.5155,6.4063,6.4063,16146,0
20171108,6.3307,6.6513,6.3307,6.5945,47618,0
20171109,6.6323,6.6705,6.4816,6.5945,28012,0
20171110,6.5193,6.5945,6.4063,6.5569,53760,0
20171113,6.4439,6.4816,6.3307,6.3307,41562,0
20171114,6.2931,6.5193,6.0293,6.2177,76134,0
20171115,6.2556,6.2556,6.067,6.2556,83153,0
20171116,6.2177,6.4063,6.1425,6.3685,33654,0
20171117,6.3685,6.4439,6.2556,6.4063,36556,0
20171120,6.4063,6.4816,6.2556,6.2931,31566,0
20171121,6.4063,6.4063,6.1801,6.2177,35125,0
20171122,6.1801,6.3307,6.1801,6.2556,12151,0
20171124,6.2931,6.3307,6.2177,6.2931,13572,0
20171127,6.2556,6.4722,6.2556,6.4063,61281,0
20171128,6.3685,6.5155,6.3685,6.4063,35295,0
20171129,6.4589,6.5945,6.3685,6.4439,63123,0
20171130,6.4439,6.4816,6.3685,6.4816,43486,0
20171201,6.4816,6.6323,6.2556,6.5945,81763,0
20171204,6.5945,6.6323,6.4063,6.4816,51883,0
20171205,6.4439,6.4439,6.3307,6.3685,50303,0
20171206,6.3307,6.4816,6.3307,6.3307,31669,0
20171207,6.2931,6.4439,6.2556,6.2931,47868,0
20171208,6.2177,6.3685,6.2177,6.2931,40210,0
20171211,6.4063,6.4063,6.2177,6.3307,46971,0
20171212,6.3685,6.3685,6.2177,6.2556,63168,0
20171213,6.2556,6.4401,6.1425,6.2931,65867,0
20171214,6.3709,6.3786,6.2155,6.2931,94161,0
20171215,6.2543,6.3709,6.1766,6.2155,53882,0
20171218,6.2155,6.3322,5.9824,5.9824,145964,0
20171219,5.9824,6.2077,5.7493,6.0212,118230,0
20171220,6.0212,6.2543,5.8271,6.1766,75296,0
20171221,6.1377,6.2558,6.1377,6.2155,25928,0
20171222,6.2931,6.4097,6.2194,6.2543,30053,0
20171226,6.2543,6.3322,6.2155,6.3322,51838,0
20171227,6.3709,6.3709,6.1766,6.2155,45427,0
20171228,6.2155,6.3515,6.1377,6.1377,56535,0
20171229,6.1377,6.3709,6.1377,6.3322,71378,0
20180102,6.3709,6.471,6.3322,6.468,28226,0
20180103,6.4873,6.5651,6.3709,6.5262,60323,0
20180104,6.604,6.6429,6.4486,6.4873,36814,0
20180105,6.3709,6.4873,6.3709,6.4486,34349,0
20180108,6.4873,6.4873,6.2194,6.4486,27975,0
20180109,6.4486,6.5729,6.3748,6.4873,42963,0
20180110,6.5262,6.5262,6.4097,6.429,21581,0
20180111,6.4873,6.5651,6.2543,6.3322,42158,0
20180112,6.3709,6.4486,6.2931,6.4097,37827,0
20180116,6.4097,6.4486,6.3358,6.4486,40208,0
20180117,6.4097,6.5651,6.3709,6.5457,41386,0
20180118,6.5651,6.5651,6.4097,6.4873,18924,0
20180119,6.4136,6.6995,6.4097,6.6429,80445,0
20180122,6.604,6.7204,6.5651,6.6429,48160,0
20180123,6.604,6.7555,6.5262,6.6817,23568,0
20180124,6.6623,6.6817,6.604,6.6429,17896,0
20180125,6.6429,6.7981,6.6429,6.6817,26606,0
20180126,6.6817,6.701,6.604,6.6429,19165,0
20180129,6.604,6.604,6.4097,6.4873,46254,0
20180130,6.4097,6.4097,6.2931,6.3322,29745,0
20180131,6.4446,6.4446,6.2543,6.3709,48077,0
20180201,6.2931,6.4058,6.2155,6.2543,47803,0
20180202,6.2155,6.2931,6.1766,6.2543,22792,0
20180205,6.1766,6.2155,6.099,6.099,36459,0
20180206,6.0212,6.2854,5.8658,6.0602,74644,0
20180207,6.1377,6.2894,5.9824,5.9824,20692,0
20180208,6.099,6.3709,6.099,6.3709,42278,0
20180209,6.1092,6.2897,5.8271,6.0602,143928,0
20180212,6.099,6.1377,5.9086,5.9436,63879,0
20180213,6.0212,6.1766,5.9047,6.1377,37418,0
20180214,6.1377,6.2543,5.9824,6.1377,30358,0
20180215,6.099,6.1766,6.0602,6.1377,26372,0
20180216,6.1766,6.4486,6.1766,6.3709,30987,0
20180220,6.3709,6.4486,6.2931,6.3322,34364,0
20180221,6.3325,6.5185,6.3325,6.4486,27695,0
20180222,6.4097,6.4486,6.3358,6.3709,20690,0
20180223,6.3515,6.5262,6.3319,6.4496,23342,0
20180226,6.5651,6.5651,6.4399,6.4873,9260,0
20180227,6.5262,6.5262,6.4097,6.4097,22683,0
20180228,6.4486,6.4486,6.2931,6.2931,17044,0
20180301,6.3322,6.4486,6.3322,6.4486,13088,0
20180302,6.4486,6.4997,6.3709,6.4136,14046,0
20180305,6.4873,6.4873,6.3322,6.3322,16821,0
20180306,6.4486,6.4873,6.3709,6.4486,11958,0
20180307,6.4097,6.5262,6.4097,6.4873,30820,0
20180308,6.508,6.604,6.4873,6.5572,28453,0
20180309,6.7981,6.7981,6.5651,6.7594,69571,0
20180312,6.7594,6.8369,6.6429,6.6429,56448,0
20180313,6.6817,6.7204,6.604,6.604,17388,0
20180314,6.7204,6.7204,6.604,6.6234,32586,0
20180315,6.6834,6.6834,6.4473,6.5232,22954,0
20180316,6.4433,6.5194,6.4433,6.4433,23149,0
20180319,6.4433,6.4833,6.4033,6.4433,21917,0
20180320,6.4433,6.8835,6.4433,6.6834,53634,0
20180321,6.7233,6.7634,6.6033,6.6634,15981,0
20180322,6.6834,6.6834,6.4033,6.4433,18816,0
20180323,6.4433,6.5232,6.4033,6.4033,7013,0
20180326,6.4033,6.5232,6.4033,6.4433,11218,0
20180327,6.4433,6.5232,6.4033,6.4833,16456,0
20180328,6.4433,6.6033,6.4254,6.4433,32341,0
20180329,6.4433,6.6033,6.4433,6.5633,26692,0
20180402,6.5232,6.6834,6.5232,6.6033,20330,0
20180403,6.6434,6.8835,6.5232,6.8835,28344,0
20180404,6.8835,7.0035,6.6434,6.8835,82029,0
20180405,6.9636,7.0035,6.6434,6.7634,39665,0
20180406,6.7233,6.8035,6.5633,6.5633,17538,0
20180409,6.5633,6.6434,6.4433,6.4833,31695,0
20180410,6.4872,6.6434,6.4833,6.5633,27084,0
20180411,6.4833,6.5633,6.4833,6.4833,7642,0
20180412,6.5232,6.5633,6.4433,6.5232,16599,0
20180413,6.4833,6.5633,6.051,6.4033,67380,0
20180416,6.4433,6.4833,6.3233,6.4033,18029,0
20180417,6.4033,6.4906,6.4033,6.4433,16173,0
20180418,6.4433,6.4652,6.3632,6.4233,26909,0
20180419,6.3632,6.4833,6.3233,6.3832,11442,0
20180420,6.3632,6.4833,6.3632,6.4433,17326,0
20180423,6.4433,6.4433,6.3632,6.4033,15795,0
20180424,6.4433,6.4833,6.4233,6.4433,13131,0
20180425,6.4033,6.456,6.4033,6.4433,9183,0
20180426,6.4033,6.4497,6.3632,6.4033,21141,0
20180427,6.3632,6.3953,6.2033,6.3632,27630,0
20180430,6.3632,6.4393,6.3233,6.4033,19810,0
20180501,6.3632,6.4433,6.3632,6.4033,10269,0
20180502,6.3672,6.3827,6.2832,6.3233,34921,0
20180503,6.2897,6.3433,6.2432,6.3233,7648,0
20180504,6.2832,6.4033,6.2832,6.4033,23675,0
20180507,6.4033,6.4433,6.3233,6.4033,9295,0
20180508,6.4433,6.5232,6.4033,6.4433,26329,0
20180509,6.4833,6.9236,6.4473,6.8435,53636,0
20180510,6.8835,7.1195,6.8035,7.0436,74551,0
20180511,7.0436,7.1237,6.8835,7.1237,68691,0
20180514,7.1237,7.2037,7.0035,7.0035,24539,0
20180515,7.0436,7.0436,6.9236,7.0035,20051,0
20180516,6.9636,7.0836,6.9236,7.0035,18027,0
20180517,7.0035,7.0436,6.9236,6.9636,18444,0
20180518,6.9636,7.0035,6.6834,6.8835,83919,0
20180521,7.2037,7.5959,7.2037,7.4438,238267,0
20180522,7.4839,7.4839,7.3238,7.4039,61583,0
20180523,7.3638,7.5239,7.3238,7.4839,39165,0
20180524,7.4438,7.5239,7.4039,7.4039,41397,0
20180525,7.4039,7.5239,7.2037,7.4039,56707,0
20180529,7.4839,7.76,7.3638,7.644,153217,0
20180530,7.684,7.724,7.4839,7.5639,66503,0
20180531,7.644,7.7641,7.5239,7.644,70458,0
20180601,7.684,7.724,7.604,7.724,51840,0
20180604,7.4438,7.5239,7.1637,7.4039,157410,0
20180605,7.4438,7.4839,7.2437,7.4839,85487,0
20180606,7.4839,7.5239,7.3238,7.4438,33544,0
20180607,7.5639,7.724,7.4839,7.5639,97511,0
20180608,7.604,7.8038,7.604,7.684,121861,0
20180611,7.644,7.9237,7.644,7.9039,188013,0
20180612,7.9237,7.9237,7.684,7.7641,62049,0
20180613,7.8842,7.8842,7.7641,7.8442,127577,0
20180614,7.9672,7.9672,6.7351,7.6796,133169,0
20180615,7.5154,7.7618,7.5154,7.5565,60948,0
20180618,7.5565,7.7208,7.2691,7.4333,130694,0
20180619,7.4333,7.4333,7.2691,7.3512,42608,0
20180620,7.3923,7.3923,7.1048,7.3101,59175,0
20180621,7.3257,7.4292,7.3101,7.3512,24822,0
20180622,7.3512,7.4087,7.2691,7.3923,15484,0
20180625,7.3923,7.3923,7.228,7.3101,19715,0
20180626,7.3101,7.3512,7.0267,7.228,58856,0
20180627,7.2691,7.3512,7.1088,7.3512,39229,0
20180628,7.3512,7.3923,7.2156,7.3101,19569,0
20180629,7.3512,7.3512,7.2691,7.3101,23823,0
20180702,7.3101,7.3923,7.3101,7.3923,45691,0
20180703,7.3923,7.6796,7.3101,7.6796,25591,0
20180705,7.7618,7.7618,7.4744,7.5565,19318,0
20180706,7.3512,7.4744,7.3512,7.3923,59180,0
20180709,7.3512,7.4333,7.3512,7.3512,14928,0
20180710,7.3923,7.3923,7.2773,7.3512,45081,0
20180711,7.3512,7.4416,7.228,7.3512,23150,0
20180712,7.3101,7.3512,7.228,7.2691,39813,0
20180713,7.3101,7.3512,7.228,7.228,28343,0
20180716,7.2691,7.3512,7.228,7.2691,20620,0
20180717,7.3101,7.3101,7.1869,7.228,62982,0
20180718,7.228,7.298,7.1459,7.2362,83042,0
20180719,7.2691,7.3512,7.1869,7.3101,24869,0
20180720,7.3101,7.3101,7.1869,7.2896,19921,0
20180723,7.3101,7.3512,7.2074,7.228,29204,0
20180724,7.3101,7.3138,7.1869,7.3101,45104,0
20180725,7.228,7.2691,7.1869,7.1869,22735,0
20180726,7.1869,7.3101,7.1869,7.2691,11169,0
20180727,7.2691,7.2691,7.1869,7.2691,13870,0
20180730,7.228,7.2691,7.2238,7.228,11468,0
20180731,7.228,7.3101,7.1869,7.3101,31780,0
20180801,7.228,7.3101,7.228,7.2691,16173,0
20180802,7.228,7.3101,7.228,7.2691,7603,0
20180803,7.2691,7.3512,7.2691,7.2955,20875,0
20180806,7.3101,7.3512,7.306,7.3512,17296,0
20180807,7.3923,7.4744,7.3512,7.4744,15050,0
20180808,7.4744,7.5113,7.3512,7.3923,36891,0
20180809,7.3923,7.4703,7.3512,7.3923,10323,0
20180810,7.4333,7.4744,7.3923,7.4744,15140,0
20180813,7.4744,7.4744,7.3593,7.4333,25994,0
20180814,7.3923,7.4333,7.3512,7.3512,18265,0
20180815,7.3923,7.4292,7.3593,7.3923,15594,0
20180816,7.4333,7.5565,7.4333,7.5565,61229,0
20180817,7.5154,7.5565,7.4827,7.5154,26756,0
20180820,7.5565,7.5565,7.4744,7.4744,28283,0
20180821,7.4744,7.5565,7.4744,7.536,12712,0
20180822,7.5154,7.5565,7.4744,7.5565,24125,0
20180823,7.5154,7.5565,7.4744,7.4744,20768,0
20180824,7.4333,7.5154,7.3782,7.4744,39696,0
20180827,7.5154,7.5565,7.3923,7.5565,32447,0
20180828,7.5565,7.5565,7.4333,7.495,25582,0
20180829,7.4744,7.5154,7.4333,7.5034,26181,0
20180830,7.5154,7.5565,7.4744,7.536,15653,0
20180831,7.5565,7.5565,7.4744,7.5565,17222,0
20180904,7.5565,7.7208,7.5154,7.7208,52121,0
20180905,7.7618,7.885,7.6387,7.6387,74403,0
20180906,7.7208,7.7248,7.6387,7.6796,33040,0
20180907,7.6387,7.6796,7.5565,7.5976,32345,0
20180910,7.5154,7.6387,7.5154,7.5565,54609,0
20180911,7.6387,7.6387,7.5154,7.5565,35258,0
20180912,7.5154,7.5976,7.4744,7.4744,57105,0
20180913,7.5565,7.5565,7.4744,7.5565,31848,0
20180914,7.5976,7.6796,7.5565,7.6796,58396,0
20180917,7.5531,7.7178,7.5531,7.6796,36083,0
20180918,7.6375,7.7219,7.473,7.511,51399,0
20180919,7.511,7.6375,7.511,7.5531,23931,0
20180920,7.5953,7.6375,7.5531,7.5953,21973,0
20180921,7.5953,7.5953,7.4687,7.4687,16217,0
20180924,7.511,7.5953,7.4687,7.511,21053,0
20180925,7.511,7.5245,7.4265,7.4687,24432,0
20180926,7.4876,7.5067,7.4265,7.4654,8956,0
20180927,7.4265,7.4687,7.3422,7.3844,30904,0
20180928,7.3422,7.4265,7.2494,7.2578,29959,0
20181001,7.2578,7.2578,7.1734,7.2409,30469,0
20181002,7.2071,7.3001,7.2071,7.2155,21234,0
20181003,7.2494,7.4014,7.2494,7.3591,17367,0
20181004,7.3084,7.4265,7.2494,7.4014,33379,0
20181005,7.3507,7.4265,7.3168,7.3168,24683,0
20181008,7.3001,7.3844,7.3001,7.3001,17733,0
20181009,7.3001,7.379,7.3001,7.3759,25080,0
20181010,7.3674,7.3758,7.2662,7.2916,15971,0
20181011,7.2578,7.3405,7.1312,7.1734,26617,0
20181012,7.1734,7.2578,7.1312,7.1312,23760,0
20181015,7.1734,7.2778,7.0215,7.1397,12092,0
20181016,7.2071,7.2325,7.1734,7.1734,10844,0
20181017,7.1565,7.1655,7.0975,7.1059,16991,0
20181018,7.089,7.089,6.9033,7.0469,30526,0
20181019,7.0299,7.0821,6.9623,6.9623,17565,0
20181022,6.9623,6.9992,6.8949,6.9287,10832,0
20181023,6.878,6.9708,6.8358,6.8738,13573,0
20181024,6.9117,6.9371,6.6099,6.7092,22248,0
20181025,6.7092,6.8358,6.7092,6.743,39248,0
20181026,6.7682,6.785,6.667,6.6924,16689,0
20181029,6.6585,6.8358,6.6334,6.667,15779,0
20181030,6.667,6.7429,6.5404,6.667,36957,0
20181031,6.6333,6.8273,6.6333,6.726,27569,0
20181101,6.7092,6.8349,6.7092,6.7514,16497,0
20181102,6.7598,6.7598,6.7092,6.743,4666,0
20181105,6.743,6.9,6.743,6.8148,12998,0
20181106,6.8443,6.9202,6.7514,6.7514,17243,0
20181107,6.7852,6.9538,6.7682,6.8695,35288,0
20181108,6.7514,6.9615,6.7514,6.8443,25557,0
20181109,6.8443,6.9287,6.8443,6.8655,11067,0
20181112,6.8695,6.878,6.7937,6.8526,19346,0
20181113,6.8358,6.9477,6.8189,6.8358,14493,0
20181114,6.8358,6.9202,6.7514,6.878,26360,0
20181115,6.878,6.878,6.7682,6.8189,16713,0
20181116,6.7852,6.9287,6.7092,6.8695,19006,0
20181119,6.8949,6.8949,6.7345,6.7767,13575,0
20181120,6.7682,6.8604,6.7092,6.7345,19623,0
20181121,6.8611,6.878,6.7176,6.7176,19711,0
20181123,6.667,6.8189,6.6333,6.6416,16417,0
20181126,6.7514,6.7784,6.6248,6.6333,19563,0
20181127,6.6333,6.6577,6.5404,6.5657,29134,0
20181128,6.6416,6.6544,6.5404,6.5404,31410,0
20181129,6.5404,6.655,6.5404,6.5489,16781,0
20181130,6.5404,6.8358,6.4982,6.8358,53863,0
20181203,6.8358,6.8358,6.5235,6.7472,19075,0
20181204,6.726,6.743,6.5404,6.7008,26801,0
20181206,6.5657,6.7135,6.5657,6.5827,37210,0
20181207,6.5742,6.6996,6.5572,6.5657,10863,0
20181210,6.7092,6.7345,6.5994,6.6585,50458,0
20181211,6.7092,6.7514,6.6755,6.6796,29269,0
20181212,6.6924,6.7008,6.5657,6.667,52032,0
20181213,6.7454,6.7454,6.4666,6.5538,36259,0
20181214,6.5624,6.6235,6.4055,6.4491,28654,0
20181217,6.4491,6.4491,5.9262,5.9262,135888,0
20181218,5.9262,6.0395,5.6285,5.6648,108308,0
20181219,5.7519,5.7519,5.5516,5.5516,60312,0
20181220,5.5253,5.643,5.1767,5.2464,68403,0
20181221,5.2291,5.3511,5.1245,5.1419,61565,0
20181224,5.0025,5.2901,4.9327,5.2029,93340,0
20181226,5.2464,5.4955,5.2291,5.3946,45820,0
20181227,5.4294,5.5602,4.863,5.3598,60798,0
20181228,5.4382,5.8357,5.4382,5.5253,37604,0
20181231,5.5428,5.7345,5.3093,5.4469,62850,0
20190102,5.3075,5.5776,5.0748,5.4121,60541,0
20190103,5.534,5.534,5.3598,5.4207,29963,0
20190104,5.4557,5.8391,5.4121,5.8391,44277,0
20190107,5.8391,6.2313,5.8391,6.2313,25815,0
20190108,6.2313,6.4055,6.2313,6.3272,18346,0
20190109,6.362,6.4055,6.2749,6.2749,36771,0
20190110,6.2835,6.2835,6.0658,6.0918,18446,0
20190111,6.057,6.057,5.8477,5.9002,33860,0
20190114,5.8391,6.0134,5.7519,5.8391,28320,0
20190115,5.9002,6.1043,5.8712,6.057,56265,0
20190116,6.0658,6.1877,6.0658,6.1267,15286,0
20190117,6.1267,6.2486,6.1267,6.2139,30313,0
20190118,6.2749,6.3968,6.2051,6.2139,20149,0
20190122,6.1703,6.2226,6.1441,6.2226,13696,0
20190123,6.2226,6.362,6.1877,6.362,19129,0
20190124,6.362,6.362,6.1721,6.3184,10585,0
20190125,6.3795,6.4491,6.3184,6.3968,21938,0
20190128,6.4143,6.4754,6.3357,6.4666,19178,0
20190129,6.4055,6.5189,6.362,6.4491,19684,0
20190130,6.4839,6.7106,6.4317,6.7106,40263,0
20190131,6.7106,6.7106,6.5041,6.6758,37220,0
20190201,6.667,7.129,6.5014,7.1028,70061,0
20190204,7.1028,7.1028,6.9154,7.0331,23573,0
20190205,7.0418,7.0944,6.8893,6.9721,89680,0
20190206,7.0156,7.0156,6.8942,6.9459,59494,0
20190207,6.9459,7.0331,6.7194,6.7804,79424,0
20190208,6.8065,6.9545,6.7716,6.8587,6856,0
20190211,6.7629,6.8849,6.7454,6.7454,33995,0
20190212,6.7716,6.8763,6.7629,6.7977,16512,0
20190213,6.8413,6.8413,6.7629,6.7629,29097,0
20190214,6.7977,6.8421,6.7977,6.8238,27136,0
20190215,6.8326,6.8509,6.7977,6.8152,35252,0
20190219,6.7977,6.8413,6.7977,6.8413,58674,0
20190220,6.85,6.85,6.7106,6.7977,35132,0
20190221,6.7629,6.8037,6.6931,6.7106,18119,0
20190222,6.7106,7.0591,6.7106,6.9285,243790,0
20190225,6.9721,6.9721,6.7716,6.9459,90629,0
20190226,6.9721,7.0767,6.8413,6.9197,94166,0
20190227,6.9372,6.9634,6.8413,6.8849,34109,0
20190228,6.9808,6.9808,6.85,6.9285,41276,0
20190301,7.0069,7.0191,6.85,6.9023,43246,0
20190304,6.8763,6.913,6.7977,6.7977,38751,0
20190305,6.85,6.9285,6.7411,6.789,37638,0
20190306,6.7914,6.8107,6.7629,6.7804,13158,0
20190307,6.7454,6.9154,6.7367,6.7541,40118,0
20190308,6.8152,6.8152,6.7194,6.7541,16432,0
20190311,6.8152,6.9285,6.8152,6.8413,58221,0
20190312,6.9721,7.0767,6.8843,7.0504,68199,0
20190313,7.0679,7.081,6.9546,7.0156,97738,0
20190314,7.0246,7.0955,6.9301,7.0156,34921,0
20190315,7.0516,7.0516,6.9077,6.9257,31155,0
20190318,6.8897,6.9257,6.8178,6.8357,45364,0
20190319,6.8447,6.9572,6.8178,6.9167,38484,0
20190320,6.8716,6.9617,6.7817,6.8357,25026,0
20190321,6.7908,6.8617,6.748,6.7998,50943,0
20190322,6.7458,6.7458,6.6297,6.6649,14213,0
20190325,6.6558,6.7638,6.6558,6.7548,16481,0
20190326,6.7817,6.8897,6.7061,6.8178,31172,0
20190327,6.8357,6.8357,6.7548,6.7908,13081,0
20190328,6.6918,6.8178,6.6918,6.7458,29702,0
20190329,6.7998,6.8537,6.6378,6.6378,29078,0
20190401,6.7188,6.7518,6.431,6.431,80495,0
20190402,6.4759,6.6374,6.4759,6.5569,30881,0
20190403,6.602,6.7009,6.4939,6.5929,53053,0
20190404,6.6649,6.7458,6.6199,6.6199,42841,0
20190405,6.6288,6.7127,6.5838,6.6108,34956,0
20190408,6.6738,6.7022,6.5479,6.5479,156611,0
20190409,6.5569,6.6199,6.53,6.5659,49501,0
20190410,6.5569,6.602,6.5209,6.5749,70296,0
20190411,6.5749,6.708,6.5389,6.5389,59187,0
20190412,6.5479,6.6468,6.5479,6.6108,23227,0
20190415,6.5838,6.6468,6.494,6.6108,270766,0
20190416,6.6199,6.6334,6.4759,6.6108,263259,0
20190417,6.6108,6.6108,6.5389,6.6108,16727,0
20190418,6.6558,6.7343,6.5659,6.5659,30235,0
20190422,6.602,6.6198,6.5569,6.5569,45335,0
20190423,6.6738,6.6738,6.5209,6.5209,41038,0
20190424,6.5499,6.602,6.5119,6.5119,85895,0
20190425,6.5209,6.5209,6.4399,6.4728,72234,0
20190426,6.503,6.5569,6.4399,6.4759,62747,0
20190429,6.5119,6.6378,6.458,6.4759,69390,0
20190430,6.4759,6.5973,6.4399,6.467,58360,0
20190501,6.503,6.503,6.395,6.467,136827,0
20190502,6.4759,6.6714,6.296,6.341,67436,0
20190503,6.5574,6.5574,6.4041,6.4041,27736,0
20190506,6.4041,6.6108,6.4041,6.5479,49099,0
20190507,6.5389,6.6108,6.5209,6.5479,53707,0
20190508,6.5569,6.6348,6.485,6.5569,68934,0
20190509,6.6738,6.6738,6.5234,6.602,53304,0
20190510,6.5929,6.5929,6.431,6.5569,41135,0
20190513,6.5569,6.6828,6.4849,6.5659,65209,0
20190514,6.6199,6.6918,6.5838,6.6199,36852,0
20190515,6.6649,6.6738,6.6091,6.6468,41876,0
20190516,6.6649,6.7188,6.5659,6.6558,65360,0
20190517,6.6148,6.7278,6.6148,6.6378,31577,0
20190520,6.6558,6.7941,6.6336,6.7098,81771,0
20190521,6.7548,6.8222,6.7188,6.7458,35748,0
20190522,6.7367,6.7683,6.7098,6.7458,15085,0
20190523,6.7367,6.7548,6.6558,6.6649,26640,0
20190524,6.7458,6.7728,6.6836,6.7367,9602,0
20190528,6.7367,6.7434,6.6717,6.6918,17149,0
20190529,6.6378,6.7543,6.5385,6.5749,59422,0
20190530,6.6918,6.6918,6.5569,6.5838,45397,0
20190531,6.5659,6.5929,6.395,6.4849,49640,0
20190603,6.5389,6.8097,6.449,6.4849,37593,0
20190604,6.5209,6.5569,6.467,6.5389,39949,0
20190605,6.5659,6.5795,6.4759,6.5119,29870,0
20190606,6.5209,6.623,6.4759,6.5749,43272,0
20190607,6.5479,6.8178,6.5479,6.7458,95338,0
20190610,6.7458,6.7995,6.6558,6.6558,29447,0
20190611,6.6918,6.7367,6.5209,6.6738,68489,0
20190612,6.7278,6.7278,6.5838,6.6649,70423,0
20190613,6.7579,7.0651,6.5629,6.8975,95575,0
20190614,6.851,7.1675,6.5624,6.6276,88826,0
20190617,6.6555,6.7021,6.4228,6.609,48051,0
20190618,6.5159,6.7021,6.339,6.6741,118718,0
20190619,6.7486,6.9809,6.6276,6.7486,78590,0
20190620,6.8324,6.8324,6.6281,6.7393,31520,0
20190621,6.7951,6.7951,6.7114,6.7114,24522,0
20190624,6.73,6.7859,6.6276,6.6928,55188,0
20190625,6.7021,6.7668,6.6276,6.6509,36028,0
20190626,6.6369,6.7486,6.5624,6.5996,35087,0
20190627,6.9813,7.1489,6.9347,7.0837,176666,0
20190628,7.0744,7.1675,7.0744,7.0837,58852,0
20190701,7.1116,7.1116,6.7951,7.0744,20155,0
20190702,6.8975,7.0279,6.8975,6.9161,16546,0
20190703,6.9255,7.0738,6.8517,6.8882,41268,0
20190705,7.0092,7.0651,6.851,6.851,31839,0
20190708,6.8324,7.0627,6.8137,6.9906,14409,0
20190709,6.9813,7.0465,6.972,7.0092,22710,0
20190710,7.0837,7.1675,7.0651,7.121,21049,0
20190711,7.121,7.121,6.9161,6.9813,16842,0
20190712,6.9813,7.0744,6.9813,7,6866,0
20190715,7,7.0362,6.972,6.9813,17296,0
20190716,6.9627,6.9813,6.9255,6.9255,9706,0
20190717,6.9161,6.972,6.9069,6.972,15946,0
20190718,6.9534,6.964,6.9069,6.9069,20836,0
20190719,6.9069,6.9347,6.7859,6.8505,16608,0
20190722,6.7951,6.8882,6.7951,6.7951,10007,0
20190723,6.8045,6.8417,6.8045,6.8416,115277,0
20190724,6.8137,6.879,6.7951,6.8604,23277,0
20190725,6.8045,6.8231,6.7951,6.8137,3570,0
20190726,6.8392,6.8696,6.7765,6.8045,10624,0
20190729,6.8045,6.8882,6.7951,6.8882,19354,0
20190730,6.854,6.9347,6.8426,6.9069,30153,0
20190731,6.8882,6.9161,6.7486,6.8417,22388,0
20190801,6.7951,6.8695,6.7859,6.7999,9394,0
20190802,6.817,6.8882,6.7643,6.8882,21206,0
20190805,6.7765,6.8561,6.6649,6.6835,24030,0
20190806,6.7207,6.8324,6.6649,6.6835,21559,0
20190807,6.6649,6.7951,6.6649,6.7579,14913,0
20190808,6.7579,6.836,6.6649,6.7796,10879,0
20190809,6.8362,6.8362,6.7207,6.744,20777,0
20190812,6.7552,6.7552,6.6928,6.7156,11996,0
20190813,6.8137,6.8137,6.7021,6.7579,14409,0
20190814,6.8193,6.8193,6.6835,6.6928,17113,0
20190815,6.7021,6.8091,6.6369,6.6462,21235,0
20190816,6.6257,6.6776,6.6257,6.6276,18998,0
20190819,6.6649,6.7532,6.5531,6.5718,62470,0
20190820,6.581,6.7951,6.5718,6.6369,22880,0
20190821,6.7486,6.7765,6.6974,6.7346,9238,0
20190822,6.6928,6.7486,6.6303,6.7486,16498,0
20190823,6.7486,6.7486,6.5718,6.581,19690,0
20190826,6.609,6.6315,6.5718,6.5997,19535,0
20190827,6.5996,6.7054,6.5718,6.5718,17540,0
20190828,6.5624,6.5996,6.5531,6.581,19435,0
20190829,6.5624,6.8417,6.5159,6.7393,34661,0
20190830,6.6555,6.7066,6.5252,6.5439,23475,0
20190903,6.5159,6.5159,6.4228,6.5066,23784,0
20190904,6.5066,6.5624,6.4694,6.4973,22121,0
20190905,6.4809,6.6555,6.4809,6.5066,20584,0
20190906,6.5252,6.5894,6.5066,6.5252,20758,0
20190909,6.5159,6.5169,6.4786,6.488,23091,0
20190910,6.4786,6.4786,6.2817,6.3763,66669,0
20190911,6.367,6.5252,6.3298,6.4089,64831,0
20190912,6.3856,6.4459,6.2459,6.3298,56809,0
20190913,6.3298,6.5141,6.2925,6.3298,50791,0
20190916,6.3298,6.3484,6.2366,6.2739,52830,0
20190917,6.4135,6.4135,6.2645,6.2832,16528,0
20190918,6.2832,6.3199,6.1902,6.2366,31895,0
20190919,6.1994,6.3576,6.1994,6.3018,44222,0
20190920,6.2832,6.4118,6.2832,6.2925,24973,0
20190923,6.3298,6.3946,6.2925,6.3763,41212,0
20190924,6.3967,6.6741,6.339,6.5954,58926,0
20190925,6.5612,6.631,6.3972,6.5612,43388,0
20190926,6.4165,6.6288,6.4165,6.6288,28770,0
20190927,6.4358,6.5846,6.4262,6.4454,39582,0
20190930,6.4165,6.5334,6.4165,6.4165,26859,0
20191001,6.4165,6.4698,6.2621,6.349,33997,0
20191002,6.3393,6.5033,6.2139,6.2428,32087,0
20191003,6.2525,6.3003,6.2525,6.2718,24839,0
20191004,6.2718,6.3779,6.2621,6.3114,17247,0
20191007,6.2235,6.3007,6.2235,6.2525,37247,0
20191008,6.2525,6.3123,6.2525,6.3007,14256,0
20191009,6.2345,6.2911,6.2345,6.2718,20991,0
20191010,6.2718,6.3562,6.2332,6.2718,18921,0
20191011,6.2718,6.32,6.2235,6.2718,33693,0
20191014,6.2332,6.3139,6.1849,6.2187,14693,0
20191015,6.2235,6.3683,6.1463,6.3007,48306,0
20191016,6.3297,6.3683,6.2621,6.2718,30470,0
20191017,6.2332,6.5489,6.1753,6.484,42813,0
20191018,6.513,6.5314,6.3972,6.4069,14458,0
20191021,6.3104,6.4744,6.3104,6.4262,13860,0
20191022,5.9534,6.4262,5.9148,6.2766,43046,0
20191023,6.2428,6.4744,6.2428,6.4262,18704,0
20191024,6.4551,6.4551,6.3731,6.3972,6749,0
20191025,6.3779,6.4603,6.3683,6.4165,14488,0
20191028,6.32,6.4642,6.2783,6.3972,37133,0
20191029,6.3972,6.513,6.3972,6.513,14470,0
20191030,6.4647,6.5419,6.4165,6.4744,22995,0
20191031,6.4262,6.5419,6.4069,6.4358,7145,0
20191101,6.4172,6.5226,6.4172,6.4744,14934,0
20191104,6.4358,6.5323,6.4358,6.4454,10557,0
20191105,6.4262,6.513,6.4203,6.5033,8383,0
20191106,6.5136,6.5136,6.427,6.5033,10665,0
20191107,6.5323,6.5323,6.4358,6.4358,7933,0
20191108,6.4647,6.5805,6.438,6.5612,43316,0
20191111,6.5612,6.6191,6.4551,6.5902,13024,0
20191112,6.5419,6.6481,6.4744,6.6481,10194,0
20191113,6.4744,6.9471,6.4647,6.6191,36197,0
20191114,6.5709,6.7097,6.5709,6.6288,20944,0
20191115,6.5709,6.677,6.484,6.5516,10264,0
20191118,6.4741,6.6579,6.4647,6.6577,8364,0
20191119,6.6577,6.7446,6.5239,6.7446,15149,0
20191120,6.7832,6.8025,6.7349,6.8025,7406,0
20191121,6.9182,6.9182,6.727,6.8025,21998,0
20191122,6.8045,6.8314,6.7542,6.7542,20785,0
20191125,6.8121,6.8218,6.706,6.8217,39209,0
20191126,6.7156,7.0147,6.706,6.9954,55655,0
20191127,6.9858,7.034,6.87,7.0003,12245,0
20191129,6.9424,6.9568,6.8121,6.9568,12669,0
20191202,6.9954,7.0319,6.8121,6.9665,18260,0
20191203,6.9182,6.9704,6.8507,6.8604,23350,0
20191204,6.8604,6.9278,6.8604,6.8917,20473,0
20191205,6.9279,7.0863,6.8796,7.063,19383,0
20191206,6.9858,7.028,6.9182,6.9182,18552,0
20191209,7.2077,7.2077,6.9665,6.9761,30283,0
20191210,6.9761,6.9954,6.7986,6.8393,81875,0
20191211,6.8989,6.9691,6.7542,6.87,88560,0
20191212,6.81,7,6.81,6.99,25074,0
20191213,6.91,6.99,6.91,6.95,27572,0
20191216,7,7,6.95,6.99,26529,0
20191217,6.96,6.99,6.96,6.97,20498,0
20191218,7,7.069,7,7.05,70699,0
20191219,7.02,7.06,6.91,6.93,29070,0
20191220,6.87,7.0107,6.87,6.96,23597,0
20191223,6.96,7.06,6.96,7,20259,0
20191224,7.05,7.05,6.95,6.95,8784,0
20191226,7.03,7.03,6.77,6.8,58052,0
20191227,6.81,6.9589,6.8,6.8,38944,0
20191230,6.84,6.885,6.71,6.77,52921,0
20191231,6.74,6.85,6.69,6.7,168726,0
20200102,6.84,6.84,6.7,6.73,47524,0
20200103,6.74,6.99,6.74,6.99,23871,0
20200106,6.96,6.98,6.92,6.95,12904,0
20200107,6.9626,7.09,6.92,6.93,13000,0
20200108,6.82,7.01,6.82,7.01,22661,0
20200109,7.01,7.09,6.95,7.04,17075,0
20200110,7.07,7.1,7.02,7.1,5258,0
20200113,7.1,7.1,7.055,7.1,17224,0
20200114,7.0156,7.0488,6.91,6.93,15435,0
20200115,6.9372,7.06,6.9372,7.04,20264,0
20200116,7.04,7.05,7.03,7.03,7785,0
20200117,7.0382,7.05,7,7.01,5506,0
20200121,7.01,7.05,6.95,7.04,27457,0
20200122,7.01,7.0499,7,7.01,20728,0
20200123,7.01,7.11,7.01,7.11,32715,0
