Date,Open,High,Low,Close,Volume,OpenInt
20190718,16.5,16.51,15.75,16.5,1819869,0
20190719,16.74,16.845,16.2,16.35,1155989,0
20190722,16.44,16.6,16.1194,16.25,81123,0
20190723,16.329,16.5,16.25,16.35,104708,0
20190724,16.26,16.44,15.5,15.72,36096,0
20190725,15.81,15.81,15.14,15.62,44253,0
20190726,15.43,15.43,14.65,14.74,76992,0
20190729,14.84,14.85,13.8,14.25,61216,0
20190730,14.36,14.9,14.07,14.5,109251,0
20190731,14.7,15.04,14.48,14.96,10611,0
20190801,15.33,15.59,14,14.99,34721,0
20190802,15.57,15.58,14.48,14.75,34840,0
20190805,14.58,14.585,13.93,14,113812,0
20190806,13.85,14.4,13.4011,13.85,122161,0
20190807,13.86,14,13.52,13.8,217642,0
20190808,13.87,15.38,12.87,13,203832,0
20190809,12.98,13.3783,12.725,12.87,99522,0
20190812,15.3899,15.39,13.2,13.25,742219,0
20190813,13.6484,13.9,13.07,13.1,532849,0
20190814,13.1,13.585,13.03,13.46,586598,0
20190815,14.68,14.68,13.28,13.39,374749,0
20190816,13.32,13.4898,13.12,13.25,604124,0
20190819,13.4,13.7192,13.11,13.15,463465,0
20190820,13.29,13.4299,13.15,13.25,410385,0
20190821,13.25,13.25,12.9,12.97,176981,0
20190822,13.27,13.27,12.93,12.97,675577,0
20190823,12.98,13.38,12.93,13.07,354174,0
20190826,13.07,13.45,12.93,13.21,177989,0
20190827,13.16,13.47,13,13.1,264329,0
20190828,13.07,13.68,13.07,13.24,338208,0
20190829,13.2,13.82,13.1,13.72,332527,0
20190830,13.64,13.93,13.46,13.8,140360,0
20190903,13.78,13.94,13.61,13.91,298133,0
20190904,13.95,14.195,13.61,13.98,348583,0
20190905,14.07,14.28,13.51,13.86,316337,0
20190906,13.9,14,13.56,13.93,311122,0
20190909,14.02,14.67,13.71,13.93,470730,0
20190910,13.89,14.251,13.81,14.04,241513,0
20190911,14.01,14.58,14,14.51,504484,0
20190912,14.41,15.04,14.175,14.43,535861,0
20190913,14.45,15.32,14.14,14.46,439931,0
20190916,14.36,14.8,13.93,14.21,398518,0
20190917,14.19,15.07,14.19,14.66,348964,0
20190918,14.66,15.23,14.51,14.83,793199,0
20190919,14.82,15.085,14.5527,14.91,802194,0
20190920,14.95,15.42,14.73,14.77,2410218,0
20190923,14.77,15.07,13.87,13.95,543652,0
20190924,14.05,14.3455,13.75,14.21,545788,0
20190925,14.2,15.23,14.2,14.96,635077,0
20190926,14.98,15.08,14.42,14.62,118347,0
20190927,14.59,14.96,14.43,14.65,146754,0
20190930,14.65,15.13,14.63,15,199514,0
20191001,15.02,15.26,14.88,14.98,393781,0
20191002,14.9,15.66,14.89,15.3,576891,0
20191003,15.32,15.7703,15.09,15.53,340444,0
20191004,15.65,16.0085,15.26,15.38,601104,0
20191007,15.38,15.52,14.72,14.92,221150,0
20191008,14.77,14.98,14.46,14.54,132659,0
20191009,14.54,14.98,14.25,14.54,114408,0
20191010,14.5,15,14.4044,14.74,101256,0
20191011,14.76,15.14,14.57,14.87,61019,0
20191014,14.82,15,14.42,14.79,72901,0
20191015,14.62,14.94,14.28,14.29,146800,0
20191016,14.29,14.67,14.26,14.35,116166,0
20191017,14.44,14.7086,14.25,14.5,163528,0
20191018,14.69,14.71,14.29,14.5,130801,0
20191021,14.5,14.6999,14.36,14.69,127886,0
20191022,14.69,14.85,14.57,14.67,213634,0
20191023,14.56,14.82,14.3902,14.54,80717,0
20191024,14.62,14.65,14.31,14.44,243449,0
20191025,14.38,14.5,14.245,14.32,119658,0
20191028,14.38,14.5,14.15,14.34,108131,0
20191029,14.32,14.68,14.16,14.39,232854,0
20191030,14.46,14.63,14.14,14.28,202622,0
20191031,14.28,14.41,14.23,14.34,180911,0
20191101,14.41,15,14.295,14.96,218416,0
20191104,15.25,15.31,14.75,14.76,423403,0
20191105,14.98,15.05,14.76,14.84,315829,0
20191106,14.77,15,14.55,14.81,148136,0
20191107,14.93,15.11,14.3,14.8,819213,0
20191108,15,15.25,14.7544,15.14,777746,0
20191111,15.22,16.08,15.04,16.04,423354,0
20191112,16,16.58,15.65,16.37,502343,0
20191113,16.11,16.36,15.75,15.87,383590,0
20191114,15.83,16.05,15.625,15.77,154050,0
20191115,15.85,15.98,15.235,15.6,271929,0
20191118,15.58,15.8,15.14,15.42,127859,0
20191119,15.39,15.6,15.285,15.33,129725,0
20191120,15.26,15.45,14.96,15.15,321007,0
20191121,15.04,15.29,14.815,15.11,368822,0
20191122,15.11,15.3,14.98,15.15,139951,0
20191125,15.17,15.44,15.04,15.3,228216,0
20191126,15.27,15.305,14.83,14.91,935474,0
20191127,15.01,15.5988,15,15.5,272071,0
20191129,15.51,15.5496,15.23,15.39,62431,0
20191202,15.27,15.6,15.26,15.47,186192,0
20191203,15.4,15.77,15.31,15.36,128607,0
20191204,15.4,15.515,15.02,15.19,208738,0
20191205,15.41,15.41,14.78,14.82,180912,0
20191206,14.88,14.99,14.56,14.58,283260,0
20191209,14.55,14.99,14.45,14.55,341676,0
20191210,14.56,14.7874,14.245,14.5,222357,0
20191211,14.52,14.78,14.29,14.77,205034,0
20191212,14.65,14.88,14.51,14.56,282753,0
20191213,15.92,16.64,15.465,15.64,1848475,0
20191216,15.78,16.24,15.45,15.98,472820,0
20191217,15.98,16.2,15.65,15.71,235149,0
20191218,15.73,15.93,15.4,15.7,298296,0
20191219,15.83,15.84,15.49,15.66,426875,0
20191220,15.69,15.88,15.56,15.75,405984,0
20191223,15.87,16.34,15.8026,16.29,282068,0
20191224,16.29,16.5,16.025,16.5,48510,0
20191226,16.5,16.65,16.14,16.28,68425,0
20191227,16.35,16.64,15.91,16.01,161336,0
20191230,15.89,16.13,15.61,16.06,136100,0
20191231,16.05,16.95,16.0032,16.9,203460,0
20200102,16.97,16.97,16.16,16.56,300362,0
20200103,16.6,16.73,16.11,16.61,270839,0
20200106,16.54,16.87,16.23,16.84,499601,0
20200107,16.97,17.33,16.86,17.27,986104,0
20200108,17.35,17.49,16.9,16.97,464873,0
20200109,17.25,17.43,17.14,17.28,242605,0
20200110,17.39,17.58,17.2,17.32,717732,0
20200113,17.37,17.45,17.0545,17.14,242078,0
20200114,17.16,17.315,16.88,17.1,501125,0
20200115,17.1,17.65,17,17.57,583965,0
20200116,17.64,17.66,17.3543,17.57,387907,0
20200117,17.58,18.34,17.58,17.99,327698,0
20200121,18.2,18.2757,17.86,17.96,309333,0
20200122,18.13,18.35,17.9869,18.22,623344,0
20200123,18.18,18.38,17.66,17.85,394244,0
