Date,Open,High,Low,Close,Volume,OpenInt
20181214,12.11,12.4,12,12.03,2784293,0
20181217,12.1,13.2,12,12.15,223111,0
20181218,12.14,12.4,12,12.04,103651,0
20181219,12.3399,12.3399,12,12,132951,0
20181220,12.01,12.0489,11.8,12,247883,0
20181221,11.95,12,11.56,11.56,69086,0
20181224,11.55,11.55,11.18,11.19,47503,0
20181226,11.15,11.9642,11.05,11.13,100790,0
20181227,11.1,11.49,11.1,11.21,5663,0
20181228,11.11,11.97,11.05,11.27,27258,0
20181231,11.41,11.99,11.11,11.93,62440,0
20190102,11.84,12.0773,11.75,11.99,28248,0
20190103,11.89,12.07,11.62,11.63,52928,0
20190104,11.74,12.5,11.74,12,72282,0
20190107,12.11,12.4,12.1,12.33,135677,0
20190108,12.33,12.5,12.141,12.43,163213,0
20190109,12.41,12.5,12.3,12.3,44964,0
20190110,12.3,12.5,12.3,12.31,64553,0
20190111,12.31,12.5,12.25,12.5,93648,0
20190114,12.38,12.7744,12.371,12.42,113706,0
20190115,12.39,12.67,12.39,12.4,48162,0
20190116,12.36,12.7299,12.36,12.45,44007,0
20190117,12.87,12.9,12.41,12.9,47414,0
20190118,12.87,13.15,12.83,13.15,37807,0
20190122,13.14,13.14,12.81,12.95,29348,0
20190123,13,13.01,12.82,12.91,7982,0
20190124,12.85,13.14,12.85,12.91,12226,0
20190125,13,13.15,12.9667,13.15,13338,0
20190128,13.12,13.7,12.82,13.3,65330,0
20190129,13.76,13.785,13.305,13.53,129377,0
20190130,13.55,13.75,12.8664,13.46,76786,0
20190131,13.46,14.99,13.4,14,75288,0
20190201,14.13,14.7396,13.77,14.14,82936,0
20190204,14.06,14.68,13.8,13.81,39940,0
20190205,13.82,14.37,13.5,13.82,37600,0
20190206,13.68,14.145,13.56,13.63,63305,0
20190207,13.51,13.705,13.4,13.46,32955,0
20190208,13.44,13.86,13.3,13.59,35169,0
20190211,13.5,13.96,13.3311,13.45,32515,0
20190212,13.79,13.9076,13.3,13.5,48202,0
20190213,13.52,13.67,13.38,13.41,35834,0
20190214,13.36,13.75,13.36,13.73,36801,0
20190215,13.65,13.75,13.36,13.39,39718,0
20190219,13.41,13.7499,13.38,13.5,52826,0
20190220,13.435,13.99,13.35,13.45,83192,0
20190221,13.46,14.5,13.46,14.25,68510,0
20190222,14.31,14.73,13.82,14.25,106127,0
20190225,14.39,14.75,13.95,14,100308,0
20190226,14,14.4427,13.2,13.73,117380,0
20190227,13.72,14.32,13.33,14.17,90062,0
20190228,14.16,14.16,13.37,14.05,63808,0
20190301,14,14.17,13.74,14.02,74934,0
20190304,13.97,14.72,13.82,14.14,190805,0
20190305,14.15,14.3995,13.55,13.78,82074,0
20190306,13.79,14.43,13.75,13.975,55420,0
20190307,14.03,14.39,13.5,13.91,43256,0
20190308,14.12,14.25,13.69,13.98,26771,0
20190311,13.97,14.24,13.61,13.66,103823,0
20190312,13.73,14.25,13.61,14.22,87032,0
20190313,14.21,14.43,14,14.15,94089,0
20190314,14.16,14.305,13.03,13.58,231420,0
20190315,13.58,14.1,12.95,13.11,520684,0
20190318,13.01,13.5,13.01,13.28,94833,0
20190319,13.47,13.66,13.4001,13.58,97450,0
20190320,13.59,13.9,13.3,13.62,89306,0
20190321,13.61,13.825,13.42,13.71,42367,0
20190322,13.74,13.74,13.305,13.4,34255,0
20190325,13.49,13.74,13.1,13.19,16152,0
20190326,13.93,13.93,12.85,13.07,12856,0
20190327,13.2,13.3,12.82,13.12,52747,0
20190328,13.1,13.1,12.7,12.83,10849,0
20190329,12.8569,13.03,11.56,11.9,72864,0
20190401,12.12,12.385,11.76,11.82,35803,0
20190402,11.88,12.5432,11.64,12.49,26810,0
20190403,12.48,12.65,11.07,11.17,77236,0
20190404,11.28,12.07,11.19,11.76,75722,0
20190405,11.905,12.08,11.2,11.4,43823,0
20190408,11.4,11.79,10.201,10.48,248099,0
20190409,10.21,11,8.93,9.03,629497,0
20190410,9.1,9.9,9.0689,9.23,233783,0
20190411,9.2,9.57,8.95,9.55,299357,0
20190412,9.6,10.22,9.45,10.22,203178,0
20190415,10.5,11.25,10.03,11.23,218157,0
20190416,11.16,11.7705,10.96,11.7,138104,0
20190417,11.72,12.07,11.581,12,313656,0
20190418,12.04,12.1,11.82,12.02,230344,0
20190422,11.55,12.01,10.5601,11.87,54161,0
20190423,11.86,11.87,11.246,11.79,79712,0
20190424,11.79,12,10.7139,11.99,73063,0
20190425,11.75,12.05,11.67,12.05,91360,0
20190426,12.06,12.29,11.57,12.07,33214,0
20190429,11.64,12.21,11.64,12.21,36338,0
20190430,12.2,12.2,11.78,12.13,67235,0
20190501,12.14,12.2,11.695,12.02,37446,0
20190502,12.105,12.34,12,12.26,12337,0
20190503,11.9851,12.1,11.84,11.94,12836,0
20190506,11.68,12.35,11.68,12.3,38319,0
20190507,12,12.25,11.99,12,56044,0
20190508,11.5225,12.0483,11.5211,11.82,17432,0
20190509,11.83,11.95,11.7051,11.78,4714,0
20190510,11.57,11.9,11.54,11.78,24121,0
20190513,11.61,11.76,11.4,11.69,48159,0
20190514,11.83,12.35,11.36,11.97,30464,0
20190515,12.07,12.255,10.97,12.1,31101,0
20190516,12.18,12.485,12.1105,12.27,113126,0
20190517,12.28,12.47,11.145,12.37,118960,0
20190520,12.36,12.51,12.16,12.36,70990,0
20190521,12.41,12.84,12.165,12.84,27897,0
20190522,12.65,12.89,12.505,12.85,34435,0
20190523,12.65,12.93,12.46,12.52,19055,0
20190524,12.58,13.05,12.5655,12.92,27144,0
20190528,13.01,13.15,13.01,13.13,51402,0
20190529,13.14,13.15,12.74,13.14,41185,0
20190530,13.14,13.14,12.96,13.05,25182,0
20190531,13.13,13.13,12.7,12.92,25145,0
20190603,12.78,12.99,12.475,12.88,28934,0
20190604,13.14,13.15,12.675,12.82,21308,0
20190605,13,13,12.4,12.5,6973,0
20190606,12.42,12.745,12.21,12.29,33742,0
20190607,12.78,12.78,12.4,12.6,40640,0
20190610,12.69,12.69,12.23,12.35,10462,0
20190611,12.39,12.97,12.3,12.97,19923,0
20190612,12.94,13.13,12.92,12.95,13588,0
20190613,13.057,13.21,12.79,12.97,24237,0
20190614,13.02,13.07,12.9,12.97,11241,0
20190617,12.73,13.18,12.72,13.09,21295,0
20190618,12.95,13.27,12.895,13.25,20557,0
20190619,13,13.33,12.82,13.15,193477,0
20190620,13.33,13.34,12.95,13.14,30872,0
20190621,13.12,13.33,12.48,12.76,363915,0
20190624,12.76,13.145,12.62,12.64,96604,0
20190625,12.78,12.78,12.1,12.31,23100,0
20190626,12.615,12.615,12.24,12.34,15664,0
20190627,12.36,12.5194,12.25,12.44,16893,0
20190628,12.685,12.685,12.26,12.45,150598,0
20190701,12.58,12.72,12.37,12.53,22568,0
20190702,12.5,12.79,12.45,12.65,22075,0
20190703,12.74,12.74,12.37,12.55,6537,0
20190705,12.51,12.75,12.5,12.57,47515,0
20190708,12.53,12.79,12.25,12.54,15214,0
20190709,12.48,12.73,12.36,12.65,20343,0
20190710,12.61,12.85,12.6,12.84,86614,0
20190711,12.8,12.93,12.58,12.76,39720,0
20190712,12.85,13.13,12.825,12.85,42337,0
20190715,12.85,12.86,12.56,12.86,51158,0
20190716,12.84,12.85,12.7,12.84,260518,0
20190717,12.83,12.84,12.73,12.77,24017,0
20190718,12.74,12.85,12.6,12.68,12612,0
20190719,12.62,12.69,12.35,12.5,25792,0
20190722,12.46,12.6,12.31,12.49,18733,0
20190723,12.385,12.6,12.365,12.6,20941,0
20190724,12.58,12.76,12.33,12.61,7332,0
20190725,12.69,12.85,12.65,12.8,24208,0
20190726,12.84,12.85,12.5559,12.67,16854,0
20190729,12.59,12.82,12.555,12.75,12846,0
20190730,12.63,12.85,12.56,12.63,39582,0
20190731,12.67,12.83,12.59,12.59,35238,0
20190801,12.61,12.85,12.35,12.65,27218,0
20190802,12.63,12.725,12.51,12.56,8374,0
20190805,12.43,12.65,12.3,12.55,36135,0
20190806,12.5,12.85,12.5,12.51,10323,0
20190807,12.43,12.85,12.43,12.79,7039,0
20190808,12.82,12.96,12.74,12.74,9029,0
20190809,12.81,12.93,12.78,12.85,14044,0
20190812,12.8,12.91,12.5,12.85,17201,0
20190813,12.84,12.98,12.79,12.95,11878,0
20190814,13.25,13.45,12.85,13.03,120986,0
20190815,12.99,13.4196,12.68,12.68,38841,0
20190816,12.69,12.94,12.69,12.94,31876,0
20190819,13.22,13.22,12.535,12.85,29656,0
20190820,12.77,12.83,12.57,12.57,5264,0
20190821,12.75,12.84,12.555,12.68,8267,0
20190822,12.755,12.85,12.68,12.68,7543,0
20190823,12.79,12.79,12.55,12.56,2773,0
20190826,12.7,13.88,12.7,13.87,58228,0
20190827,13.9,14.18,13.635,13.86,26777,0
20190828,13.84,14.16,13.6,13.85,20123,0
20190829,14,14.74,13.45,14.52,49200,0
20190830,14.46,14.89,14.15,14.77,15869,0
20190903,14.74,14.98,14.2,14.76,35613,0
20190904,14.99,14.99,13.95,14.19,39892,0
20190905,14.05,14.94,14.05,14.32,12354,0
20190906,14.62,14.82,14.38,14.46,15014,0
20190909,14.5,15.09,14.245,14.99,35916,0
20190910,15.1049,15.2,14.97,15.13,41817,0
20190911,15.23,15.36,14.79,15.25,28379,0
20190912,15.25,15.92,15.04,15.77,85797,0
20190913,15.92,15.99,15.63,15.74,44049,0
20190916,16.02,16.04,15.83,15.88,25174,0
20190917,16.31,17.12,16.04,17.11,95456,0
20190918,17.39,17.4,16.6385,16.67,108002,0
20190919,16.5,16.65,16.25,16.47,56988,0
20190920,16.35,16.5,15.41,15.55,122963,0
20190923,15.65,15.82,15.33,15.62,26277,0
20190924,15.61,15.82,15.245,15.32,17455,0
20190925,15.2,15.88,15.2,15.63,27439,0
20190926,15.801,16.24,15.75,16.18,9790,0
20190927,16.06,16.78,15.95,16.07,10482,0
20190930,16.03,16.47,15.85,16.2,49319,0
20191001,16.3,16.48,16,16.14,7042,0
20191002,16.07,16.24,16.04,16.17,14337,0
20191003,16.23,16.23,15.905,15.99,24446,0
20191004,16.1,16.18,15.95,15.99,32166,0
20191007,15.88,15.95,15.745,15.85,11105,0
20191008,15.86,16,15.6,15.83,15568,0
20191009,15.97,16.13,15.865,15.97,25411,0
20191010,16,16.4,16,16.19,8394,0
20191011,16.2,16.3,15.63,15.64,44674,0
20191014,15.78,15.96,15.77,15.96,6069,0
20191015,15.96,16,15.75,15.82,6569,0
20191016,15.67,15.86,15.5,15.55,10008,0
20191017,15.6117,15.91,15.5183,15.7,4739,0
20191018,15.63,15.985,15.63,15.98,4564,0
20191021,16,16,15.765,15.98,12916,0
20191022,15.82,16,15.72,15.89,6338,0
20191023,15.99,15.99,15.87,15.95,3277,0
20191024,15.74,15.84,15.71,15.84,5807,0
20191025,15.83,16.16,15.83,16.16,31745,0
20191028,16.19,16.58,16.19,16.43,6228,0
20191029,16.515,16.565,15.58,15.96,13691,0
20191030,15.94,16.09,15.68,16,8580,0
20191031,16,16.13,15.6406,15.85,20126,0
20191101,15.82,15.85,15.73,15.83,12206,0
20191104,16,16.2175,15.8,15.845,4575,0
20191105,15.86,15.86,15.6,15.84,14382,0
20191106,16,16,15.1,15.12,23298,0
20191107,15.11,15.54,14.16,14.5,21862,0
20191108,14.9,14.9,13.71,13.96,20628,0
20191111,13.9,14.28,13.73,13.9,6436,0
20191112,13.25,14.8,12.79,14.1,10914,0
20191113,14,14.8,13.9,14.8,40961,0
20191114,14.63,14.85,14.63,14.73,13074,0
20191115,14.77,14.77,14.364,14.71,21785,0
20191118,15.91,15.91,14.42,15.51,15657,0
20191119,15.13,17.3,13.97,16.55,91135,0
20191120,16.91,17.3,16.36,16.39,94608,0
20191121,16.52,16.6,15.5,15.58,36368,0
20191122,15.61,15.9598,15.16,15.33,32435,0
20191125,15.3,15.705,15,15.09,35173,0
20191126,15.15,16.48,15.15,15.64,26735,0
20191127,15.85,15.9138,15.75,15.85,7025,0
20191129,15.86,16.22,15.8,16.02,9628,0
20191202,16,16.05,15.3,15.3,19612,0
20191203,15.3,15.74,15.12,15.74,28251,0
20191204,15.91,16.21,15.8283,16,20412,0
20191205,16.16,16.16,15.52,15.9,25269,0
20191206,16,16.5,15.647,15.99,32813,0
20191209,16,16.2414,15.26,15.31,27281,0
20191210,15.3,15.315,14.75,14.94,33394,0
20191211,15.16,15.54,14.605,15.02,36812,0
20191212,15.2,15.39,14.85,14.96,40188,0
20191213,15.13,15.18,14.93,15.03,30650,0
20191216,15.29,15.355,14.74,14.77,71141,0
20191217,14.83,15.1173,14.6006,15.09,83532,0
20191218,15.11,15.1202,14.66,15.08,27589,0
20191219,15.1,16.11,14.8795,16.05,58423,0
20191220,16.13,16.96,15.8,16.65,141619,0
20191223,16.81,16.82,16.01,16.06,47559,0
20191224,16.1,16.7065,16.1,16.3,9716,0
20191226,16.42,16.83,16.3121,16.6,18113,0
20191227,16.51,16.78,16.4205,16.76,13864,0
20191230,16.9,17.4986,16.9,17,151706,0
20191231,17.2,17.24,16.25,16.64,34408,0
20200102,16.88,16.92,16.06,16.44,18354,0
20200103,16.22,16.4886,15.55,15.63,42021,0
20200106,15.7,15.8648,15.355,15.42,25691,0
20200107,15.625,15.625,15.245,15.28,19557,0
20200108,15.3,15.38,15.16,15.24,8365,0
20200109,15.24,15.3,15,15.08,22030,0
20200110,15.17,15.1872,14.9348,15.07,9277,0
20200113,15.17,15.25,15.15,15.2,24697,0
20200114,15.28,15.28,14.92,15,14419,0
20200115,15.1,15.3,14.92,15.02,11851,0
20200116,15.11,15.24,14.55,14.74,40214,0
20200117,14.88,15.22,14.785,14.96,38450,0
20200121,14.83,14.9699,14.6562,14.88,32023,0
20200122,15,15.1491,14.29,14.41,34449,0
20200123,14.5,15.2147,14.4066,14.7,39301,0
