Date,Open,High,Low,Close,Volume,OpenInt
20150622,37.51,37.51,37.51,37.51,100,0
20150701,60,60,60,60,100,0
20150702,52.76,56.1,44.01,49.61,750800,0
20150706,49.49,50.12,46.64,50,799600,0
20150707,49.86,50.44,46.35,46.91,426700,0
20150708,45.92,46.97,44.29,44.63,801500,0
20150709,44.42,45.02,42.72,43.06,648600,0
20150710,41.61,45.17,41.6,44.45,848500,0
20150713,44.38,48.03,43.24,47.83,693700,0
20150714,47.39,47.73,45.18,46.11,378013,0
20150715,45.75,45.94,45,45.78,211467,0
20150716,45.81,46.14,45.33,45.85,324200,0
20150717,46.02,50.19,45.69,49.61,300100,0
20150720,49.77,49.77,47.81,48.39,187300,0
20150721,48.59,48.62,47.13,47.35,149300,0
20150722,47.57,48.65,46.78,47.08,224000,0
20150723,47,47.15,46.5,46.59,95200,0
20150724,46.54,47,45.09,45.1,173400,0
20150727,44.9,45.3,43.5,43.76,200600,0
20150728,44.06,45.05,42.4,43.89,254800,0
20150729,43.91,44.31,42.72,43.06,140600,0
20150730,42.76,45.04,42.76,43.38,88300,0
20150731,43.03,45,42.53,42.76,231300,0
20150803,43.6,44.46,42.32,42.55,106992,0
20150804,42.55,43.09,42.41,42.96,204100,0
20150805,43.06,44,42.56,42.72,302200,0
20150806,42.7,42.7,41.06,41.58,194976,0
20150807,41.56,41.71,39.54,40.06,204300,0
20150810,40.28,40.44,39.72,40.12,309800,0
20150811,40,40.39,39.25,39.54,440540,0
20150812,39.53,39.63,38.74,38.9,361300,0
20150813,38.91,39.04,38.5,38.93,396600,0
20150814,38.94,39.63,38.73,39.31,104300,0
20150817,39.25,39.73,38.97,39.04,283000,0
20150818,39.02,39.23,38.7,38.88,205800,0
20150819,38.45,38.73,38.05,38.19,173800,0
20150820,38,38.04,36.99,37.06,149400,0
20150821,36.68,37.16,36.45,36.7,122300,0
20150824,34.8,36.59,33.82,35.14,171170,0
20150825,36.08,36.08,33.15,33.63,267600,0
20150826,34.36,34.36,33.13,33.5,144900,0
20150827,33.62,34.63,33.62,34.55,158900,0
20150828,34.34,35.15,34.34,34.92,104600,0
20150831,34.91,34.99,34.1,34.37,86100,0
20150901,33.47,34.33,32.15,32.25,147900,0
20150902,33.02,33.02,32.13,32.55,76300,0
20150903,32.43,33.58,32.38,33,41500,0
20150904,32.61,32.74,31.93,32.61,113600,0
20150908,33.2,35.2,33.2,34.91,116600,0
20150909,35.23,36.31,35.08,35.71,63500,0
20150910,35.65,38.65,35.65,38.37,104231,0
20150911,38,39.21,37.87,38.77,238800,0
20150914,38.77,39.25,36.36,36.6,91800,0
20150915,36.41,37.015,36.3,36.94,74298,0
20150916,37.03,37.08,36.06,36.49,66800,0
20150917,36.55,37.21,36.5,36.94,117729,0
20150918,35.79,36.65,35.79,36.33,268500,0
20150921,36.57,36.75,35.82,36.06,104500,0
20150922,35.57,35.62,34.37,34.44,83200,0
20150923,34.5,34.5,33.95,34.15,52000,0
20150924,33.8,35.045,33.18,34.86,160309,0
20150925,34.67,35.36,34.44,35.09,100200,0
20150928,34.94,35.05,33.57,33.75,65059,0
20150929,33.69,34.04,33.52,33.68,77500,0
20150930,34,34,33.14,33.69,78500,0
20151001,33.82,34.21,33.65,33.98,81500,0
20151002,33.66,34.97,33.66,34.94,53600,0
20151005,35.18,36.2,35.18,36.06,76629,0
20151006,36.02,36.63,36.02,36.52,41500,0
20151007,36.64,37.31,36.4,36.48,132000,0
20151008,36.5,36.8,35.27,35.61,54800,0
20151009,35.63,35.96,35.01,35.74,125500,0
20151012,35.8,36.29,34.85,35,100486,0
20151013,34.87,34.87,33.82,34.63,226000,0
20151014,34.7,35.83,34.34,34.95,72400,0
20151015,34.92,35.34,34.1,34.73,33800,0
20151016,34.78,34.97,33.76,34.34,119400,0
20151019,34.22,36.13,34.22,34.43,312103,0
20151020,34.35,34.76,33.03,33.78,48862,0
20151021,33.91,33.91,32.82,33,177500,0
20151022,33.09,38.1,32.28,37.54,709300,0
20151023,37.69,42.19,37.34,40.96,243600,0
20151026,40.78,41.02,38.4,38.88,119600,0
20151027,39,39,37.66,38.57,127700,0
20151028,38.92,40.05,38.7,39.51,34500,0
20151029,39.37,39.64,38.73,38.96,34900,0
20151030,38.86,39.39,37.08,38.62,69300,0
20151102,38.79,38.99,38.16,38.34,34147,0
20151103,38.12,38.66,38,38.52,78700,0
20151104,38.64,39.49,37.12,37.19,97832,0
20151105,37.19,37.5,36.24,36.61,46500,0
20151106,36.5,38.21,35.99,37.42,59800,0
20151109,37.83,37.83,36.62,37.17,42815,0
20151110,37.34,38.19,37,37.37,92000,0
20151111,37.67,38.21,36.37,36.97,59900,0
20151112,36.5,36.95,35.88,36.04,55200,0
20151113,35.86,36.61,35.32,36.41,94600,0
20151116,36.41,38.42,35.58,38,89000,0
20151117,38.43,38.86,36.7,36.99,114200,0
20151118,37.13,37.48,36.43,37.34,116400,0
20151119,37.26,38.07,36.85,37.87,57900,0
20151120,38.28,38.28,37.31,37.81,54200,0
20151123,37.73,37.84,36.13,36.97,117100,0
20151124,36.72,37.59,35.01,36.04,157000,0
20151125,36.16,38.18,36.03,36.45,265400,0
20151127,36.36,36.95,35.71,36.49,36900,0
20151130,36.45,37.64,36.45,37.55,144400,0
20151201,37.71,39.42,37.455,38.99,241117,0
20151202,39,41,39,40.77,151740,0
20151203,41.04,41.08,39.4,39.55,148199,0
20151204,39.45,39.45,37.94,38.56,56200,0
20151207,38.46,39.2,37.32,37.72,105500,0
20151208,37.22,37.58,36.83,37.39,112065,0
20151209,37.22,37.82,37.18,37.45,114500,0
20151210,37.34,37.89,37.05,37.34,209200,0
20151211,36.95,37.3,36.75,36.85,98500,0
20151214,36.8,36.91,35.26,35.87,262390,0
20151215,35.67,36.52,35.18,36.38,146200,0
20151216,36.92,37.93,36.4,37.41,144300,0
20151217,37.16,37.54,36.97,37.36,122200,0
20151218,37.15,38.54,36.01,38.08,741900,0
20151221,38.59,39.43,38.49,39.35,155600,0
20151222,39.25,40.73,39.13,40.67,119808,0
20151223,40.75,40.89,40.01,40.09,92400,0
20151224,40.62,40.62,40,40.22,25860,0
20151228,40.11,40.33,39.37,39.99,38178,0
20151229,40.14,40.51,39.35,40.37,91043,0
20151230,40.26,40.89,40.175,40.36,24803,0
20151231,40.34,41.9,40.14,41.37,68005,0
20160104,40.82,41.14,38.93,39.1,110484,0
20160105,39.19,39.57,37.92,38.9,89566,0
20160106,38.33,39,37.56,38.73,19172,0
20160107,38.1,38.53,37.41,37.75,73293,0
20160108,37.85,38.23,37.34,37.89,62116,0
20160111,37.84,38.31,37.4,37.87,95377,0
20160112,38.21,38.21,37.28,37.74,140457,0
20160113,37.86,38.3,37,37.1,62543,0
20160114,37.14,38.38,36.69,37.52,57528,0
20160115,36.54,36.74,34.61,35.34,105227,0
20160119,35.83,36.07,35.1,35.91,91700,0
20160120,35.27,35.27,33.2325,33.84,350438,0
20160121,33.94,34.231,32.92,33.38,166996,0
20160122,33.88,34.33,33.32,34.07,91556,0
20160125,33.93,34.3099,32.79,33.84,133968,0
20160126,34.04,34.3,32.53,34.25,91045,0
20160127,34.2,34.68,33.71,33.84,119027,0
20160128,34.1,34.41,33.2,33.65,98729,0
20160129,33.84,35.24,30.965,35.2,31681,0
20160201,35.05,36.26,34.12,36.07,47956,0
20160202,35.65,36.04,34,35.87,88508,0
20160203,36.01,36.01,34.71,35.58,47597,0
20160204,35.45,37.15,33.94,36.54,51770,0
20160205,36.45,36.49,35.21,36.03,47356,0
20160208,35.52,36,33.26,33.75,70363,0
20160209,33.16,34.45,32.04,32.5,61620,0
20160210,32.74,33.13,32.42,32.8,36788,0
20160211,32.38,32.69,31.92,32.27,31911,0
20160212,32.48,32.48,32.05,32.18,60071,0
20160216,32.69,33.38,32.2,33.16,125166,0
20160217,33.23,34.27,32.105,33.99,123232,0
20160218,34.4,34.59,33.38,33.46,33565,0
20160219,33.34,33.34,32.505,32.67,84595,0
20160222,33.08,33.62,32.6,33.55,91269,0
20160223,33.48,33.79,32.165,32.77,50387,0
20160224,32.28,32.53,31.32,32.01,144463,0
20160225,32.29,32.57,31.72,32.38,77405,0
20160226,32.57,33.35,32.215,33.15,46095,0
20160229,33.33,34.03,32.4,33.95,61242,0
20160301,34.21,35.01,33.65,34.56,29007,0
20160302,34.57,35.22,34.2,35.05,19176,0
20160303,35.02,35.47,34.36,35.31,67905,0
20160304,35.44,35.6001,34.05,34.61,52607,0
20160307,34.33,34.8799,33.5,34.27,47594,0
20160308,34.09,34.53,33.51,33.77,31672,0
20160309,33.64,34.15,33.33,33.87,38926,0
20160310,34.04,34.31,33.476,33.71,48072,0
20160311,34.12,34.69,33.61,34.19,53311,0
20160314,34.19,34.4,33.98,34.07,32176,0
20160315,33.88,34.16,33.39,33.6,52875,0
20160316,33.4,34.67,33.4,34.49,31672,0
20160317,34.69,35.55,34.63,35.18,61693,0
20160318,35.07,35.655,34.9,34.95,80090,0
20160321,34.76,35.39,34.76,35.19,30463,0
20160322,34.81,35.49,34.13,35.18,24774,0
20160323,34.98,35.525,34.93,35.25,48171,0
20160324,35.04,35.32,34.91,35.22,52365,0
20160328,35.39,35.45,34.89,35.22,15592,0
20160329,35.2,36,35.03,35.6,12810,0
20160330,35.95,36.12,34.555,35.65,50926,0
20160331,35.635,35.7,34.73,35.06,42240,0
20160401,34.72,35.01,34.72,34.94,44260,0
20160404,34.93,34.93,33.999,34.2,17111,0
20160405,33.84,33.92,33.5,33.6725,18365,0
20160406,33.56,33.92,33.46,33.55,35313,0
20160407,33.35,33.97,33.18,33.85,52817,0
20160408,34.26,34.48,33.49,34.25,133598,0
20160411,34.39,34.63,33.97,34.19,21717,0
20160412,34.14,34.725,34.14,34.57,37617,0
20160413,34.75,35.21,34.72,34.72,32804,0
20160414,34.71,35.2,33.68,34.67,100394,0
20160415,34.7,35,33.85,34.63,236382,0
20160418,34.7,35.26,34.7,34.91,310599,0
20160419,34.96,35.31,34,34.3,100071,0
20160420,34.16,35.64,34.05,34.85,96268,0
20160421,34.72,35.98,34.65,35.94,72537,0
20160422,35.89,36.7,35.63,36.43,68938,0
20160425,36.31,36.66,36.07,36.58,24001,0
20160426,36.57,37.26,36.25,36.95,58117,0
20160427,36.83,38.28,36.83,37.98,52465,0
20160428,37.72,38.9,37.47,38.47,118937,0
20160429,38.43,38.82,37.12,37.53,52076,0
20160502,37.66,37.71,37.28,37.6299,14281,0
20160503,37.43,37.8189,37.05,37.19,41904,0
20160504,37,37.5,36.66,37.28,19039,0
20160505,37.34,38.02,37.15,37.37,32907,0
20160506,37.34,38.14,36.87,38,82965,0
20160509,38,39.21,37.65,38.8,101859,0
20160510,39.1,39.6,37.96,39.34,52825,0
20160511,39.29,40.05,38.94,39.45,96935,0
20160512,39.64,40.15,39.6,39.92,30228,0
20160513,39.98,40.1,39.17,39.57,48364,0
20160516,39.5,40.08,39.47,40.06,243545,0
20160517,40.01,42.63,39.88,40.79,388835,0
20160518,40.4,41.145,39.43,40.44,142086,0
20160519,40.09,40.51,39.45,39.74,147522,0
20160520,40.13,40.42,39.79,39.91,29059,0
20160523,39.96,40.22,39.79,39.79,50649,0
20160524,39.99,40.62,39.85,40.5,114495,0
20160525,40.62,41,40.54,40.66,53215,0
20160526,40.79,40.82,39.54,40.63,91986,0
20160527,40.59,41.29,40.59,41.11,20084,0
20160531,41.32,41.37,40.7,41.07,69243,0
20160601,40.85,41.7,40.69,41.17,130956,0
20160602,40.82,42.0299,38.76,39.22,886708,0
20160603,39,39.8485,36.93,37.04,368929,0
20160606,37.26,37.26,36.4,36.79,57320,0
20160607,36.59,37.44,36.59,37.33,152933,0
20160608,37.27,37.63,37.16,37.5,158060,0
20160609,37.5,37.64,36.86,37.29,40542,0
20160610,37.04,37.19,36.59,37.04,44007,0
20160613,37,37,36.02,36.6,79895,0
20160614,36.57,36.68,36.15,36.6,77470,0
20160615,36.65,36.98,36.61,36.81,64221,0
20160616,36.78,37.02,36.42,36.94,116165,0
20160617,36.85,37.04,36.43,36.97,130382,0
20160620,37.29,37.73,35.56,35.68,88398,0
20160621,35.65,35.9,33.73,34.81,1525927,0
20160622,34.69,34.77,33.03,33.13,599912,0
20160623,33.35,34.42,32.125,34.2,932784,0
20160624,32.57,33.8249,32.25,33.43,1104641,0
20160627,33.11,33.35,32.45,32.95,1541338,0
20160628,33.4,33.86,32.06,32.12,1347241,0
20160629,32.45,32.78,32.1,32.46,712997,0
20160630,32.58,33.06,31.89,32.26,801173,0
20160701,31.98,33.22,31.75,33.1,573909,0
20160705,32.53,32.78,31.87,31.99,3245616,0
20160706,31.47,33.3,30.35,33.18,2722856,0
20160707,32.87,34.83,32.82,34.08,1386065,0
20160708,33.63,35.4,33.33,35.27,1010876,0
20160711,34.99,35.02,33.33,34.47,1194672,0
20160712,34.45,34.78,34.18,34.24,665643,0
20160713,34.38,34.44,33.29,33.37,828401,0
20160714,33.86,34.23,33.39,34,1192489,0
20160715,34.04,34.78,33.58,34,449724,0
20160718,33.86,34.64,33.55,34.46,387188,0
20160719,34.45,34.75,34.35,34.73,501974,0
20160720,34.48,35.8,34.38,35.62,452146,0
20160721,35.81,36.38,35.63,36.15,629424,0
20160722,36.18,36.57,36.01,36.27,306955,0
20160725,36.1,36.29,35.48,35.57,269017,0
20160726,35.32,36.15,35.18,35.95,243624,0
20160727,35.8,36,35.17,35.23,161510,0
20160728,34.88,35.12,34.62,34.79,413316,0
20160729,34.84,35.07,34.32,34.35,268304,0
20160801,34.23,35.295,33.99,34.85,224894,0
20160802,34.99,35.05,34.45,34.64,578471,0
20160803,34.67,35.36,34.51,35.17,256152,0
20160804,34.95,35.23,34.61,34.88,119505,0
20160805,33.98,35.2225,32.23,32.46,1018042,0
20160808,32.21,32.74,28.7607,29.21,1217160,0
20160809,29.99,30.11,29.33,29.64,1049816,0
20160810,29.61,29.72,28.46,29.32,598994,0
20160811,29.33,29.65,29,29.37,344876,0
20160812,29.37,29.75,28.94,28.97,292687,0
20160815,29.19,30.13,28.91,29.2,285313,0
20160816,29.4,29.69,29.21,29.27,361031,0
20160817,29.35,29.59,28.44,28.55,716509,0
20160818,28.67,28.77,27.62,27.72,690801,0
20160819,27.53,27.78,27.23,27.29,442260,0
20160822,27.23,27.99,26.75,27.9,643637,0
20160823,28.06,28.25,27.19,27.2,454588,0
20160824,27.24,27.79,26.44,26.54,666113,0
20160825,26.6,27.2,26.48,27.11,558745,0
20160826,27.04,27.18,26.685,26.82,408644,0
20160829,26.92,27.59,26.91,27.57,266503,0
20160830,27.71,27.86,27.44,27.75,249844,0
20160831,27.83,28.24,27.46,28.13,352905,0
20160901,28.01,28.44,27.67,27.86,205529,0
20160902,28,28.55,27.81,28.44,259977,0
20160906,28.5,29.14,28.37,28.93,790467,0
20160907,28.95,29.35,28.7,29.29,598929,0
20160908,29.21,29.4706,28.81,29.19,751858,0
20160909,28.99,29.1901,28.63,29.08,492275,0
20160912,28.98,29.37,28.71,29.3,219439,0
20160913,29.03,29.23,28.48,28.86,272818,0
20160914,28.74,29.29,28.65,28.9,200322,0
20160915,28.8,29.3801,28.71,29.24,131252,0
20160916,29.09,29.39,28.19,28.64,484456,0
20160919,28.71,29.23,28.63,28.91,164091,0
20160920,28.89,29.22,28.32,28.88,89246,0
20160921,28.85,29.305,28.43,28.61,210833,0
20160922,28.56,28.9089,28.44,28.46,228196,0
20160923,28.34,28.48,27.99,28.24,309043,0
20160926,28.06,28.18,27.58,28.05,337996,0
20160927,28.12,28.24,27.715,27.76,316271,0
20160928,27.81,28.09,27.71,28.09,221242,0
20160929,27.94,28.21,27.75,27.85,274169,0
20160930,27.75,28.12,27.54,27.59,323855,0
20161003,27.45,28.095,27.45,28.06,238426,0
20161004,28.18,28.42,28.02,28.24,416069,0
20161005,28.38,28.68,28.22,28.38,235376,0
20161006,28.33,28.33,27.85,27.95,367427,0
20161007,27.98,28.18,27.93,28.03,393696,0
20161010,28.07,28.13,28.02,28.07,80216,0
20161011,28.05,28.18,27.89,27.91,263203,0
20161012,28.02,28.13,27.78,27.99,158161,0
20161013,27.95,28.18,27.69,27.86,147482,0
20161014,27.88,28.11,27.64,27.71,115799,0
20161017,27.72,27.81,27.56,27.66,213898,0
20161018,27.89,27.95,27.68,27.72,86791,0
20161019,27.66,27.985,27.5,27.95,125037,0
20161020,27.88,27.89,27.45,27.59,57657,0
20161021,27.36,27.8,27.32,27.62,95008,0
20161024,27.59,27.82,27.4,27.55,159419,0
20161025,27.42,27.68,27.17,27.27,226137,0
20161026,27.19,27.28,26.69,27.04,244713,0
20161027,27.13,27.15,26.6,26.84,114355,0
20161028,26.92,27.41,26.74,27.16,439375,0
20161031,27.15,27.77,26.975,27.64,322067,0
20161101,27.67,27.81,27.17,27.4,189412,0
20161102,27.26,27.73,26.95,27.05,215902,0
20161103,27.05,27.3699,26.44,26.52,286193,0
20161104,26.45,26.45,19.1,19.1,3912546,0
20161107,19.51,20.26,19.51,19.91,1483842,0
20161108,19.91,20.47,19.9,20.27,1057518,0
20161109,20.13,20.59,19.99,20.42,709095,0
20161110,20.39,20.74,20.02,20.2,772133,0
20161111,20.2,20.26,19.86,20.22,598663,0
20161114,20.31,20.73,20.16,20.36,487589,0
20161115,20.45,20.5,20.03,20.17,197114,0
20161116,20.21,20.25,19.9,20.09,188069,0
20161117,20,20.29,19.93,20.2,387584,0
20161118,20.18,21.14,20.17,20.98,294345,0
20161121,21.03,22.01,21.03,21.85,453029,0
20161122,22.01,22.085,21.64,21.69,408315,0
20161123,21.71,21.98,21.3321,21.95,156056,0
20161125,21.9,22.59,21.71,22.55,112478,0
20161128,22.46,22.66,22.22,22.48,284089,0
20161129,22.55,22.9,22.09,22.1,250954,0
20161130,22.1,22.4,21.55,21.58,395868,0
20161201,21.49,21.64,20.87,21.02,550152,0
20161202,20.94,21.19,20.63,21.09,549446,0
20161205,21.17,21.38,20.965,21.33,441789,0
20161206,21.31,21.6,20.87,21.02,376943,0
20161207,20.93,21.32,20.79,21.18,1328023,0
20161208,21.24,21.41,20.78,21.13,1007757,0
20161209,21.21,21.465,20.65,20.85,317388,0
20161212,20.67,20.9,20.03,20.15,513497,0
20161213,20.2,21.82,20.03,21.68,981287,0
20161214,21.56,22.37,21.526,22.15,345211,0
20161215,22.18,22.47,21.8,22.04,409655,0
20161216,21.98,22.24,21.91,22.06,924812,0
20161219,22.04,22.29,21.8,22.2,471434,0
20161220,22.25,22.48,21.8,21.95,275442,0
20161221,21.87,22.31,21.79,22.3,428092,0
20161222,22.37,22.66,22.04,22.45,575837,0
20161223,22.44,22.95,22.27,22.66,145199,0
20161227,22.76,23.15,22.54,22.65,287278,0
20161228,22.67,22.67,22.31,22.6,275464,0
20161229,22.6,22.8,22.16,22.26,221192,0
20161230,22.23,22.23,21.76,21.96,264104,0
20170103,22.1,23.55,22.1,23.31,382435,0
20170104,23.27,23.62,23.09,23.59,300780,0
20170105,23.55,23.855,23.47,23.62,224579,0
20170106,23.72,23.85,23.14,23.36,256646,0
20170109,23.4,23.4,22.93,22.96,158524,0
20170110,22.91,22.91,22.52,22.53,114568,0
20170111,22.55,22.575,21.94,22.18,180142,0
20170112,22.15,22.42,21.86,22.38,185810,0
20170113,22.43,22.81,22.4,22.65,133880,0
20170117,22.66,23.07,22.65,22.93,181326,0
20170118,23.04,23.04,22.34,22.51,229226,0
20170119,22.47,22.53,22.19,22.51,146051,0
20170120,22.68,22.91,22.3,22.59,159089,0
20170123,22.61,22.72,22.39,22.64,176846,0
20170124,22.66,23.07,22.51,22.72,222614,0
20170125,22.81,23.16,22.7,23.13,244221,0
20170126,23.1,23.57,23.1,23.36,378671,0
20170127,23.44,23.865,23.135,23.35,614794,0
20170130,23.28,23.56,22.69,23.07,370887,0
20170131,23.07,23.19,22.73,23.02,275522,0
20170201,23.1,23.32,22.61,22.9,124777,0
20170202,22.79,22.92,22.59,22.9,191744,0
20170203,23.02,23.61,23.02,23.54,177527,0
20170206,23.44,23.56,23.28,23.32,158316,0
20170207,23.34,23.37,22.68,23.01,187485,0
20170208,22.98,22.98,22.49,22.55,128393,0
20170209,22.55,22.77,22.19,22.66,222864,0
20170210,22.76,23.24,22.6,23.2,129574,0
20170213,23.31,23.33,22.58,22.62,121785,0
20170214,22.67,22.85,22.301,22.48,286641,0
20170215,22.36,22.51,22.08,22.32,484236,0
20170216,23.58,25.95,23,25.89,1438022,0
20170217,25.81,26.9,25.2801,26.73,765205,0
20170221,26.63,28.11,26.5,27.35,705231,0
20170222,27.35,27.46,26.45,26.5,261864,0
20170223,26.44,26.62,25.73,26.13,443160,0
20170224,26.06,26.2,25.18,25.31,285326,0
20170227,25.2,25.51,24.99,25.18,320012,0
20170228,25.08,25.12,24.31,24.45,321479,0
20170301,24.5,24.62,23.71,24.37,294794,0
20170302,24.35,24.35,23.44,23.46,283352,0
20170303,23.4,23.77,23.09,23.45,190121,0
20170306,23.63,24.18,23.19,24.05,385304,0
20170307,24.08,24.26,23.475,23.64,267131,0
20170308,23.6,23.6448,23,23.03,346934,0
20170309,23.09,23.19,22.65,22.86,364703,0
20170310,22.99,23.005,22.58,22.64,304209,0
20170313,22.54,22.75,22.3,22.39,216808,0
20170314,22.28,22.28,21.81,22.07,340506,0
20170315,22.15,22.6,22.14,22.48,345647,0
20170316,22.55,22.995,22.48,22.69,184800,0
20170317,22.81,22.81,22.429,22.69,389945,0
20170320,22.74,22.74,22.28,22.41,196286,0
20170321,22.42,22.56,21.94,22,268758,0
20170322,22,22.09,21.41,21.64,353927,0
20170323,21.67,21.72,21.37,21.51,463903,0
20170324,21.51,21.81,21.205,21.44,435993,0
20170327,21.24,21.67,21.1,21.61,410848,0
20170328,21.61,22.12,21.43,22.02,329834,0
20170329,21.97,22.88,21.82,22.8,440422,0
20170330,22.77,22.88,22.32,22.58,232860,0
20170331,22.49,22.49,21.77,22.24,329909,0
20170403,22.24,22.29,21.7,22.09,289494,0
20170404,22.06,22.5298,21.89,22.35,245471,0
20170405,22.45,22.83,22.45,22.65,217856,0
20170406,22.65,23.18,22.47,22.94,248801,0
20170407,23,23.21,22.43,22.47,169739,0
20170410,22.52,22.94,22.52,22.8,79726,0
20170411,22.83,22.89,22.44,22.64,152571,0
20170412,22.64,22.76,22.27,22.62,233243,0
20170413,22.59,22.59,22.24,22.34,110831,0
20170417,22.4,22.67,22.24,22.45,200733,0
20170418,22.35,23,21.79,21.86,167798,0
20170419,22,22.25,21.7399,21.82,118790,0
20170420,22,22.18,21.77,21.96,139745,0
20170421,22.02,22.02,21.68,21.79,178241,0
20170424,22.1,22.17,21.56,21.66,177995,0
20170425,21.67,21.9,21.46,21.53,262245,0
20170426,21.61,21.94,21.5,21.84,188756,0
20170427,21.92,21.92,21.4,21.62,292546,0
20170428,21.64,21.7,21.395,21.47,313233,0
20170501,21.48,21.8,21.3,21.43,191091,0
20170502,21.47,21.62,21.05,21.34,308089,0
20170503,21.35,21.49,21.16,21.4,504325,0
20170504,21.38,21.41,20.14,20.24,743152,0
20170505,20.29,20.76,20.25,20.73,475751,0
20170508,20.68,22.255,19.65,22.07,912743,0
20170509,22.09,22.1,21.27,21.66,630798,0
20170510,21.56,21.72,21.12,21.5,603152,0
20170511,21.5,21.64,20.82,21.29,599884,0
20170512,21.34,21.405,20.32,21.03,360384,0
20170515,21,21.73,20.98,21.48,205761,0
20170516,21.59,21.83,21.28,21.35,261119,0
20170517,21.19,21.4,20.21,20.24,434783,0
20170518,20.24,20.34,19.8,20.2,345263,0
20170519,20.2,20.82,20.07,20.5,514126,0
20170522,20.53,21.39,20.51,21.34,312461,0
20170523,21.33,21.85,21.23,21.34,261852,0
20170524,21.34,21.46,20.99,21.15,147961,0
20170525,21.17,21.4299,20.9,21,256391,0
20170526,21.06,21.31,20.83,21.16,243059,0
20170530,21.18,21.19,20.9585,21.01,124422,0
20170531,21.04,21.31,20.78,21.11,739262,0
20170601,21.13,22.15,21.1,21.98,268833,0
20170602,21.99,22.04,21.511,21.97,155617,0
20170605,21.8,22.08,21.72,21.96,173920,0
20170606,21.92,21.92,21.54,21.54,161591,0
20170607,21.6,21.6,20.75,21.03,141460,0
20170608,20.97,21.08,20.73,20.94,122584,0
20170609,21.03,21.03,20.37,20.4,217267,0
20170612,20.31,21,20.1,20.39,172911,0
20170613,20.42,20.77,20.26,20.48,190915,0
20170614,20.62,20.685,19.91,20.08,492942,0
20170615,19.95,20.13,19.8,20.11,104195,0
20170616,19.89,20.52,19.79,20.3,371637,0
20170619,20.41,20.64,20.29,20.59,114712,0
20170620,20.49,20.49,19.88,20.08,165543,0
20170621,20.28,20.77,20.19,20.71,158378,0
20170622,20.77,20.94,20.5,20.54,134402,0
20170623,20.47,20.86,20.13,20.72,158300,0
20170626,20.79,21.4,20.61,21.22,488862,0
20170627,21.14,21.58,21.08,21.29,241486,0
20170628,21.36,21.56,21.03,21.51,219087,0
20170629,21.47,21.83,21.2,21.48,210307,0
20170630,21.64,21.86,21.39,21.78,252300,0
20170703,21.86,22.24,21.77,22.1,261031,0
20170705,22.09,22.25,21.71,22.09,206798,0
20170706,21.99,22.25,21.925,22.045,303364,0
20170707,22.1,22.3899,22.01,22.3,223935,0
20170710,22.95,25.74,22.95,24.49,1260982,0
20170711,24.48,25.02,24.1101,24.98,413759,0
20170712,25.23,25.4,24.58,24.7,533221,0
20170713,25.5,26.4,25.3,25.79,1248457,0
20170714,25.92,26.16,25.6605,26.1,300347,0
20170717,26.1,26.67,26.1,26.17,283375,0
20170718,26.16,26.16,25.79,25.91,257473,0
20170719,25.94,26.143,25.39,25.39,282278,0
20170720,25.5,25.9699,25.28,25.3,238530,0
20170721,25.26,25.56,24.86,25.35,356547,0
20170724,25.27,25.61,24.83,24.86,437450,0
20170725,24.9,25.21,24.77,24.96,162981,0
20170726,24.99,25.58,24.5801,25.44,341890,0
20170727,25.31,25.8046,25.01,25.26,166092,0
20170728,25.15,25.58,24.955,25.53,199736,0
20170731,25.53,25.8299,25.05,25.72,209113,0
20170801,25.91,25.96,25.62,25.82,234600,0
20170802,25.88,26.25,25.565,26.03,191390,0
20170803,26.1,26.32,25.93,26.3,220724,0
20170804,26.23,26.49,26.07,26.34,314697,0
20170807,26.37,26.61,26.14,26.29,295703,0
20170808,26.27,27.8499,26.15,26.61,660861,0
20170809,26.54,26.89,26.2,26.7,527503,0
20170810,26.25,26.76,26.15,26.55,480163,0
20170811,26.48,27.13,26.47,26.99,360238,0
20170814,27.18,27.25,26.51,26.55,236225,0
20170815,26.54,26.63,25.98,26.08,212851,0
20170816,26.22,26.32,25.8,26.22,152306,0
20170817,26.18,26.41,25.927,26.02,384803,0
20170818,26.01,26.35,25.7601,26.25,107512,0
20170821,26.2,26.35,25.7,25.91,159592,0
20170822,25.93,26.2,25.86,25.92,81586,0
20170823,25.81,26.06,25.75,25.8,105359,0
20170824,25.78,26.0875,25.67,25.84,242489,0
20170825,25.92,26.05,25.67,25.99,104655,0
20170828,25.93,26.04,25.57,25.71,129955,0
20170829,25.61,26.06,25.4701,25.98,113386,0
20170830,25.93,26.275,25.76,26.15,103436,0
20170831,26.14,26.27,25.95,26.01,153628,0
20170901,26.11,26.5025,26.08,26.41,168662,0
20170905,26.36,26.415,25.16,25.21,320720,0
20170906,25.28,25.615,25.16,25.5,326296,0
20170907,25.5,25.7377,25.305,25.46,194947,0
20170908,25.45,25.58,25.15,25.52,139762,0
20170911,25.63,26.085,25.59,25.62,395288,0
20170912,25.67,25.69,25.03,25.43,279925,0
20170913,25.42,25.71,25.31,25.64,226728,0
20170914,25.51,25.68,25.4,25.45,366862,0
20170915,25.45,25.45,24.86,24.97,695723,0
20170918,25.05,25.1,24.42,24.43,390693,0
20170919,24.42,24.5506,24.16,24.22,525459,0
20170920,24.25,24.46,23.8201,23.91,373010,0
20170921,23.92,23.92,23.56,23.59,186129,0
20170922,23.47,23.76,23.4491,23.75,199437,0
20170925,23.61,23.61,23.17,23.46,216666,0
20170926,23.46,24.07,23.2901,23.83,222166,0
20170927,23.27,23.85,23.27,23.52,347148,0
20170928,23.39,23.5592,22.95,23.31,396905,0
20170929,23.47,23.92,23.15,23.76,237830,0
20171002,24.55,25.32,24.25,25.05,616679,0
20171003,24.98,25.76,24.98,25.61,373586,0
20171004,25.61,25.77,25.42,25.53,254318,0
20171005,25.52,25.775,25.26,25.38,298140,0
20171006,25.15,25.15,24.45,24.65,285326,0
20171009,24.31,24.59,23.89,23.94,365081,0
20171010,24,24.29,23.75,24.26,220758,0
20171011,24.17,24.25,23.42,23.63,201164,0
20171012,23.54,23.54,23.06,23.18,133602,0
20171013,23.2,23.41,22.93,23.33,370060,0
20171016,23.34,23.49,22.71,22.77,509978,0
20171017,22.75,22.85,21.74,21.91,470710,0
20171018,22.01,22.09,21.5501,21.79,430215,0
20171019,21.74,21.91,21.03,21.29,514857,0
20171020,21.46,22.05,21.31,21.99,305485,0
20171023,21.9,22.32,21.735,21.83,305324,0
20171024,21.83,21.98,21.17,21.51,369639,0
20171025,21.5,21.84,21.185,21.73,223731,0
20171026,21.71,21.75,21.08,21.23,256217,0
20171027,21.19,21.5,20.93,21.2,616191,0
20171030,21.55,21.55,20.94,21.21,306301,0
20171031,21.3,21.73,21.17,21.72,352505,0
20171101,22.1,23.05,21.55,22.61,1130122,0
20171102,22,23.78,21.68,22.44,1037535,0
20171103,22.45,22.45,21.56,22.01,678114,0
20171106,21.12,22.0196,21.12,21.9,695461,0
20171107,21.84,21.91,21.68,21.87,515690,0
20171108,21.93,22.34,21.78,22.16,255103,0
20171109,21.99,22.33,21.66,22.19,169720,0
20171110,22.12,22.92,22.03,22.16,366550,0
20171113,22.19,22.26,21.69,21.96,206345,0
20171114,22.05,22.65,21.88,22.04,375451,0
20171115,21.99,22.43,21.87,22.17,267428,0
20171116,22.12,22.15,21.63,21.8,657491,0
20171117,21.81,22.04,21.4,21.42,268846,0
20171120,21.46,21.86,21.44,21.81,162794,0
20171121,21.83,21.9,21.33,21.55,155592,0
20171122,21.51,21.74,21.08,21.56,236528,0
20171124,21.56,21.75,21.49,21.65,88944,0
20171127,21.64,21.64,20.97,21.07,119920,0
20171128,21.07,21.46,20.91,21.42,165420,0
20171129,21.37,22.02,21.37,21.72,355502,0
20171130,21.65,21.8,20.69,20.8,551093,0
20171201,20.73,21.57,20.73,21.51,393329,0
20171204,21.51,21.65,20.79,21.04,351989,0
20171205,21.08,21.34,20.8601,21.27,192701,0
20171206,21.23,21.57,20.95,21.53,330296,0
20171207,21.47,21.47,20.97,21.31,222806,0
20171208,21.42,21.43,20.87,21.14,231263,0
20171211,21.12,21.72,21.12,21.54,231792,0
20171212,21.52,21.7,21.29,21.57,262642,0
20171213,21.66,21.92,21.38,21.6,422671,0
20171214,21.7,21.83,21.37,21.66,265426,0
20171215,21.62,21.8099,21.22,21.7,653506,0
20171218,21.84,22.37,21.84,22.17,413300,0
20171219,22.18,22.29,21.75,21.87,446876,0
20171220,21.9,21.95,21.2195,21.89,246386,0
20171221,21.84,22.04,21.81,21.89,388126,0
20171222,21.82,21.97,21,21.05,265270,0
20171226,21.2,21.71,21.02,21.39,306580,0
20171227,21.29,21.45,20.68,20.71,212516,0
20171228,20.79,20.79,20.05,20.46,564527,0
20171229,20.5,20.61,19.97,20.15,1683671,0
20180102,20.43,21.79,20.09,21.58,194860,0
20180103,21.45,22.16,20.915,21.85,444225,0
20180104,21.78,22.2199,21.25,21.38,128017,0
20180105,21.36,21.67,21.01,21.09,169136,0
20180108,21.09,21.62,21.01,21.35,241409,0
20180109,21.35,21.42,21.06,21.06,122487,0
20180110,20.98,20.98,20.57,20.88,122607,0
20180111,20.96,21.08,20.67,20.87,91668,0
20180112,20.98,21.22,20.58,21.16,259133,0
20180116,21.22,21.39,21.0374,21.12,92889,0
20180117,21.11,21.19,20.97,21.06,81590,0
20180118,20.91,21.47,20.72,21.34,72030,0
20180119,21.2,21.435,21.1401,21.17,56662,0
20180122,21.2,21.54,21.08,21.18,138470,0
20180123,21.06,21.54,21,21.45,257436,0
20180124,21.56,22.87,21.56,22.73,411698,0
20180125,22.82,23.84,22.82,23.55,536172,0
20180126,23.54,24,22.87,23.32,305397,0
20180129,23.37,23.87,23.12,23.48,83896,0
20180130,23.28,23.67,22.86,22.88,142589,0
20180131,22.9,23.15,22.44,22.45,430896,0
20180201,22.4,22.62,22.03,22.5,125528,0
20180202,22.5,23.255,22.18,22.3,342141,0
20180205,22.38,22.73,21.59,21.73,130065,0
20180206,21.32,22.19,21.3,22.02,119024,0
20180207,22.01,22.21,21.795,21.96,157260,0
20180208,22.11,22.27,20.89,20.89,137456,0
20180209,21.21,21.985,20.55,21.81,284820,0
20180212,21.87,22.54,21.75,22.18,146019,0
20180213,22.23,22.4,21.98,22.21,110620,0
20180214,22.23,23.4,22.095,23.14,323888,0
20180215,22.81,23.78,21.37,23.43,499879,0
20180216,23.44,23.66,22.76,23.43,297641,0
20180220,23,23,23,23,341979,0
20180221,23.1,23.42,22.87,23.11,180120,0
20180222,23.17,23.44,22.51,22.79,190929,0
20180223,22.85,23.03,22.56,22.58,341178,0
20180226,22.72,22.72,21.09,21.45,582968,0
20180227,21.3,21.95,21.03,21.06,147067,0
20180228,21.05,21.07,20.36,20.7,457284,0
20180301,20.79,20.79,20.17,20.48,209113,0
20180302,20.4,20.525,20.21,20.5,180297,0
20180305,20.37,21.42,20.2946,21.37,175188,0
20180306,21.46,21.71,21.16,21.31,238303,0
20180307,21.15,21.43,20.98,21.27,79026,0
20180308,21.25,21.41,21.05,21.31,73704,0
20180309,21.36,21.41,20.87,21.33,103791,0
20180312,21.36,22,21.36,21.57,175211,0
20180313,21.62,21.7,21.31,21.45,101456,0
20180314,21.54,21.67,21.3,21.63,95535,0
20180315,21.7,21.72,21.3075,21.59,106270,0
20180316,21.66,21.66,21.15,21.35,242541,0
20180319,21.22,21.38,21.01,21.22,177454,0
20180320,21.21,21.37,20.8,21.07,95054,0
20180321,21.06,21.58,20.97,21.39,244841,0
20180322,21.22,21.48,20.47,20.59,179648,0
20180323,20.6,21,20.47,20.51,67812,0
20180326,20.71,20.92,20.4139,20.89,107100,0
20180327,20.98,21.34,20.64,20.92,324930,0
20180328,20.89,20.89,19.61,19.66,175582,0
20180329,19.71,20.05,19,19.45,298525,0
20180402,19.37,19.99,19.37,19.75,142196,0
20180403,20.7,20.7,19.45,19.6,142324,0
20180404,19.41,20.16,19.35,19.88,98634,0
20180405,20,20.3,19.79,20.14,64985,0
20180406,20.04,20.33,19.95,20.2,72329,0
20180409,20.34,20.46,19.56,19.58,112930,0
20180410,19.71,19.87,19.55,19.58,234347,0
20180411,19.55,19.94,19.53,19.55,124503,0
20180412,19.62,19.66,19.15,19.17,223528,0
20180413,19.24,19.52,19.18,19.34,96927,0
20180416,19.36,19.49,19.18,19.37,213702,0
20180417,19.46,20.27,19.37,20.23,73291,0
20180418,20.3,20.43,20.17,20.19,121790,0
20180419,20.15,20.16,19.81,19.86,160909,0
20180420,19.95,20.21,19.74,19.81,78138,0
20180423,19.82,19.959,19.66,19.74,138975,0
20180424,19.73,19.81,19.4399,19.5,137559,0
20180425,19.45,19.87,19.3,19.79,87481,0
20180426,19.79,20.16,19.48,19.49,188322,0
20180427,19.58,19.64,18.76,18.78,192078,0
20180430,18.77,18.96,18.27,18.4,325505,0
20180501,18.52,18.72,18.26,18.63,156735,0
20180502,18.58,19.78,18.58,19.72,209477,0
20180503,19.68,19.92,19.39,19.86,170099,0
20180504,19.85,20.55,19.85,20.48,89495,0
20180507,20.49,21.13,20.43,20.86,140053,0
20180508,20.85,20.97,20.51,20.77,125642,0
20180509,20.7,22.0225,20.42,21.28,182481,0
20180510,21.24,21.68,19.6898,21.49,106188,0
20180511,21.48,21.79,21.27,21.45,189211,0
20180514,21.37,21.8399,21.22,21.7,111803,0
20180515,21.52,21.52,20.6,20.77,199397,0
20180516,20.8,21.36,20.7,20.73,187052,0
20180517,20.73,21.37,20.73,21.18,187907,0
20180518,21.16,21.4,21.01,21.32,137720,0
20180521,21.4,21.74,21.19,21.6,156038,0
20180522,21.68,21.83,21.42,21.7,136098,0
20180523,21.6,22.23,21.5,22.19,351302,0
20180524,22.29,22.29,21.82,22.02,96946,0
20180525,21.95,22.21,21.69,21.78,142397,0
20180529,21.66,22.12,21.59,21.9,93469,0
20180530,21.93,22.18,21.65,21.75,210210,0
20180531,21.78,22.335,21.4,21.67,440272,0
20180601,21.61,21.61,21.02,21.07,244746,0
20180604,21.12,21.54,21.04,21.51,134536,0
20180605,21.46,21.98,20.9,21.61,151308,0
20180606,21.6,22.15,21.44,21.99,327233,0
20180607,22.13,22.24,22,22.1,96367,0
20180608,22.05,22.16,21.85,21.95,79749,0
20180611,21.95,22.1,21.73,21.73,137989,0
20180612,21.72,22.27,21.5238,21.77,196193,0
20180613,21.88,21.96,21.42,21.54,142629,0
20180614,21.62,21.8798,21.62,21.74,175509,0
20180615,21.68,21.8,21.35,21.42,257422,0
20180618,21.4,21.53,21.06,21.25,252400,0
20180619,21.07,21.18,20.915,20.94,254516,0
20180620,21.07,21.07,20.16,20.23,670115,0
20180621,20.21,20.38,19.23,19.61,447957,0
20180622,19.73,19.88,19.41,19.79,5520720,0
20180625,19.59,20.04,19.48,19.54,300777,0
20180626,19.55,20.01,19.23,19.91,154880,0
20180627,19.87,20.7,19.87,20.29,338600,0
20180628,20.15,20.25,19.05,19.5,763733,0
20180629,19.51,19.84,19.11,19.12,697380,0
20180702,19.06,19.39,18.61,19.38,290229,0
20180703,19.41,19.838,19.38,19.46,196042,0
20180705,19.52,19.89,19.45,19.58,347607,0
20180706,19.49,20.45,19.4375,20.34,389314,0
20180709,20.29,20.69,19.74,20.38,233502,0
20180710,20.37,20.67,20.24,20.48,262764,0
20180711,20.34,20.61,20.125,20.46,223092,0
20180712,20.4,20.73,20.26,20.38,236703,0
20180713,20.51,20.9,20.32,20.48,214011,0
20180716,20.55,20.87,20.3754,20.66,180642,0
20180717,20.51,20.73,20.3,20.31,182336,0
20180718,20.23,20.35,19.5,19.52,174675,0
20180719,19.39,19.55,19.2,19.22,234364,0
20180720,19.25,19.52,18.82,19.49,179771,0
20180723,19.41,19.64,19.17,19.32,121653,0
20180724,19.32,19.39,18.58,18.61,329687,0
20180725,18.62,18.96,18.31,18.88,239738,0
20180726,18.87,19.25,18.5538,18.87,167259,0
20180727,18.8,19.16,18.69,18.7,206188,0
20180730,18.72,19.085,18.6,18.62,281350,0
20180731,18.69,19.27,18.69,19.08,378147,0
20180801,19.03,19.2335,18.72,18.73,119912,0
20180802,18.64,18.93,18.5,18.58,149355,0
20180803,18.63,18.98,18.58,18.68,99630,0
20180806,18.76,19.05,18.76,18.83,94443,0
20180807,18.91,19.17,18.72,19.08,145437,0
20180808,19.04,19.32,18.79,19.3,157915,0
20180809,18,19.62,18,18.86,252646,0
20180810,18.82,18.97,18.3854,18.54,271291,0
20180813,18.52,18.69,18.27,18.49,381284,0
20180814,18.49,18.7,18.32,18.63,198150,0
20180815,18.55,18.59,18.08,18.38,213184,0
20180816,18.44,18.68,18.2,18.56,197303,0
20180817,18.48,18.51,17.91,17.96,244084,0
20180820,18,18.02,17.37,17.5,249165,0
20180821,17.5,18.31,17.39,18.02,225761,0
20180822,18,18.2,17.8601,17.94,127596,0
20180823,17.91,18.1,17.76,18.01,140960,0
20180824,18.2,18.4,18,18.29,180821,0
20180827,18.46,18.96,18.37,18.51,255163,0
20180828,18.63,19.34,18.63,19.26,287381,0
20180829,19.27,19.97,19.11,19.96,378528,0
20180830,19.96,20.02,19.375,19.76,307481,0
20180831,19.68,19.87,19.28,19.71,296455,0
20180904,19.63,19.87,19.31,19.81,125844,0
20180905,19.85,20.27,19.68,20.14,143873,0
20180906,20.16,20.39,20.081,20.23,179306,0
20180907,20.2,20.455,20.12,20.2,138996,0
20180910,20.19,20.37,19.99,20.27,188019,0
20180911,20.15,20.52,20.01,20.07,214529,0
20180912,20.01,20.59,20.01,20.48,294718,0
20180913,20.57,21.02,20.54,20.78,177865,0
20180914,20.77,20.87,20.25,20.26,153681,0
20180917,20.26,20.645,20.12,20.41,150105,0
20180918,20.49,20.79,20.3638,20.78,231004,0
20180919,20.8,21.64,20.251,21.45,285066,0
20180920,21.58,21.7,21.41,21.62,254285,0
20180921,21.6,21.9,21.47,21.75,819372,0
20180924,21.6,21.79,21.4,21.77,265667,0
20180925,21.72,21.82,21.54,21.54,153129,0
20180926,21.51,21.75,21.34,21.37,177703,0
20180927,21.42,21.57,21.12,21.18,177832,0
20180928,21.1,21.536,20.53,20.84,236656,0
20181001,20.99,21.46,20.82,21.12,267227,0
20181002,21.18,22.15,21.03,21.87,239017,0
20181003,21.96,22.2,21.71,21.89,232034,0
20181004,21.89,21.89,21.507,21.61,157492,0
20181005,21.54,21.85,21.21,21.52,135182,0
20181008,21.52,21.94,21.36,21.86,213082,0
20181009,21.83,22,21.57,21.6,179814,0
20181010,21.61,21.64,20.25,20.28,271408,0
20181011,20.23,20.505,19.66,19.69,261289,0
20181012,19.99,20.09,19.72,20.02,297598,0
20181015,20.07,20.13,19.68,19.75,301762,0
20181016,19.93,20.02,19.401,19.77,347820,0
20181017,19.92,19.93,19.39,19.39,241845,0
20181018,19.38,19.48,18.88,18.89,215160,0
20181019,18.89,19.33,18.73,18.74,294768,0
20181022,18.84,19.19,18.3,18.37,206772,0
20181023,18.31,18.33,17.92,18.07,264451,0
20181024,18.11,18.11,17.225,17.29,368572,0
20181025,17.53,17.62,17.31,17.42,337709,0
20181026,17.15,17.52,16.8823,17.18,192485,0
20181029,17.44,17.72,17.18,17.29,211778,0
20181030,17.28,17.64,17.28,17.57,150751,0
20181031,17.79,18.12,17.77,17.98,229318,0
20181101,18.1,18.56,18.07,18.15,380872,0
20181102,18.26,18.57,18.26,18.35,216600,0
20181105,18.35,18.72,18.2,18.62,303821,0
20181106,18.71,19.13,18.53,18.59,182246,0
20181107,18.71,19.22,18.64,19.16,273425,0
20181108,18.56,20.01,18.56,19.75,742158,0
20181109,19.62,19.67,19.18,19.39,423089,0
20181112,19.4,19.4,18.5,18.55,175760,0
20181113,18.76,18.85,17.94,17.97,290317,0
20181114,18.23,18.37,17.8605,17.94,138353,0
20181115,17.91,18.09,17.71,18.05,149099,0
20181116,17.91,18.17,17.91,18.15,154645,0
20181119,18.06,18.24,17.84,17.89,137460,0
20181120,17.7,17.85,17.1,17.58,156129,0
20181121,17.68,17.84,17.59,17.67,112047,0
20181123,17.46,17.82,17.3,17.56,110154,0
20181126,17.77,18.27,17.77,18.06,430132,0
20181127,18.01,18.14,17.88,17.98,1686936,0
20181128,17.98,18.09,17.98,18.03,1228217,0
20181129,17.99,18.35,17.97,18.28,1939017,0
20181130,18.28,18.35,18.19,18.25,906758,0
20181203,18.5,18.5,18.21,18.3,593235,0
20181204,18.28,18.4,17.55,17.605,1231468,0
20181206,17.36,17.36,16.72,16.98,398017,0
20181207,17.01,17.38,16.72,16.9,276238,0
20181210,16.91,17.25,16.3,17.17,290038,0
20181211,17.37,17.37,16.35,16.84,575690,0
20181212,17.03,17.3,16.9,17.12,951912,0
20181213,17.17,17.23,16.21,16.3,219100,0
20181214,16.18,16.34,16.07,16.33,246059,0
20181217,16.32,16.57,15.81,15.99,468657,0
20181218,16,16.38,15.89,16.28,439692,0
20181219,16.28,16.42,15.39,15.58,268543,0
20181220,15.58,15.71,14.99,15.03,656333,0
20181221,15.06,15.355,14.52,14.68,816784,0
20181224,14.69,14.69,14.07,14.13,282492,0
20181226,14.24,14.57,13.96,14.51,1067526,0
20181227,14.42,14.585,13.9873,14.52,437948,0
20181228,14.58,14.88,14.27,14.36,221206,0
20181231,14.43,14.87,14.09,14.48,237759,0
20190102,14.28,15.19,14.28,15.12,188025,0
20190103,15,15.45,14.75,15.1,175200,0
20190104,15.31,16.06,14.95,15.8,269641,0
20190107,15.81,16.42,15.62,16.27,195232,0
20190108,16.44,16.74,16.2,16.52,191856,0
20190109,16.6,16.8838,16.45,16.81,252953,0
20190110,16.69,17,16.43,16.69,161009,0
20190111,16.52,16.83,16.43,16.63,172039,0
20190114,16.44,17.36,16.44,16.9,342686,0
20190115,16.85,16.85,15.8,15.83,829751,0
20190116,15.77,16.45,15.61,16.27,771999,0
20190117,16.07,16.54,16.02,16.34,307060,0
20190118,16.33,16.62,16.17,16.43,253182,0
20190122,16.15,16.65,15.215,15.26,730317,0
20190123,15.6,16.49,15.6,16.33,530747,0
20190124,16.31,16.47,16.06,16.14,418493,0
20190125,16.25,16.385,16.1,16.17,516186,0
20190128,16.03,16.29,15.7835,16.1,761310,0
20190129,16.23,16.36,15.98,16.15,419251,0
20190130,16.25,16.25,15.79,15.98,330216,0
20190131,16.1,17.44,16.1,17.435,457959,0
20190201,17.6,17.82,17.46,17.57,567539,0
20190204,18,18.85,17.89,18.19,967167,0
20190205,18.37,18.69,18.32,18.41,586021,0
20190206,18.5,18.6,18.26,18.39,269587,0
20190207,18.32,18.44,17.95,18.32,472417,0
20190208,18.23,18.3,18.04,18.15,342136,0
20190211,18.34,18.49,18.15,18.27,353752,0
20190212,18.63,18.92,18.34,18.5,551681,0
20190213,18.82,18.8274,18.31,18.51,351664,0
20190214,18.49,18.66,18.28,18.43,251732,0
20190215,18.5,19.0745,18.3301,18.85,268047,0
20190219,18.95,19.0435,18.45,18.49,529018,0
20190220,18.5,18.77,18.28,18.68,409605,0
20190221,18.53,18.99,18.2,18.92,554698,0
20190222,19.12,19.37,18.9,19.07,384517,0
20190225,19.25,19.35,18.95,19.01,898908,0
20190226,18.95,19.26,18.73,19.12,667779,0
20190227,19.12,19.35,18.78,18.98,347408,0
20190228,19.13,19.76,18.89,19.62,594978,0
20190301,19.7,20.24,19.57,20.22,399661,0
20190304,20.3,20.48,19.8,20.03,279980,0
20190305,20.01,20.3,19.805,19.83,326587,0
20190306,19.89,20.05,19.83,19.92,260259,0
20190307,19.89,20,19.68,19.71,333902,0
20190308,19.49,19.74,19.3878,19.59,289369,0
20190311,19.73,20,19.6004,19.96,238565,0
20190312,20,20.03,19.77,19.82,235504,0
20190313,19.91,20,19.59,19.8,275960,0
20190314,19.74,19.86,19.595,19.75,128219,0
20190315,19.81,20,19.81,20,412890,0
20190318,20,20.54,20,20.48,268627,0
20190319,20.54,20.67,20.08,20.26,279109,0
20190320,20.24,20.3646,19.9321,20.02,285785,0
20190321,20,20.44,20,20.38,185461,0
20190322,20.23,20.323,19.5407,19.68,250675,0
20190325,19.58,19.99,19.341,19.58,204695,0
20190326,19.69,19.9207,19.3,19.34,231415,0
20190327,19.33,19.4,18.95,19.16,329011,0
20190328,19.1,19.25,18.97,19.17,175902,0
20190329,19.25,19.41,18.87,19.34,285132,0
20190401,19.52,20.05,19.5,19.91,173647,0
20190402,19.91,20.18,19.8,20.07,594180,0
20190403,20.21,20.56,20.13,20.19,175252,0
20190404,20.4,21.26,20.18,21.24,275076,0
20190405,21.34,21.895,21.06,21.25,522648,0
20190408,21.21,21.21,20.68,20.86,222611,0
20190409,20.78,20.93,20.62,20.64,595393,0
20190410,20.68,21.3,20.66,21.21,388983,0
20190411,21.16,21.206,20.63,20.71,173493,0
20190412,20.72,21.03,20.53,20.87,117870,0
20190415,20.94,21.055,20.52,20.98,161427,0
20190416,21.11,21.11,20.52,20.62,167211,0
20190417,20.74,20.91,20.4,20.43,168834,0
20190418,20.43,20.76,20.2425,20.68,147245,0
20190422,20.67,20.81,20.22,20.43,116250,0
20190423,20.46,20.85,20.3,20.66,235448,0
20190424,20.66,20.76,20.32,20.65,291576,0
20190425,20.73,20.8,20.1704,20.29,269044,0
20190426,20.35,20.7,20.15,20.56,483312,0
20190429,20.6,21,20.54,20.87,141779,0
20190430,20.9,20.98,20.41,20.93,873439,0
20190501,21,21.24,20.73,20.76,135120,0
20190502,20.75,20.86,20.54,20.8,120624,0
20190503,20.69,21.54,20.69,21.54,154991,0
20190506,21.09,21.63,21.01,21.5,132930,0
20190507,21.59,21.6,21.01,21.27,280002,0
20190508,21.01,21.01,19.16,19.68,547661,0
20190509,19.56,19.69,18.82,19.1,279039,0
20190510,19.16,19.18,18.53,19.14,831924,0
20190513,18.84,18.84,18.09,18.12,241331,0
20190514,18.16,18.41,17.74,17.85,248071,0
20190515,17.89,18.59,17.62,18.49,203606,0
20190516,18.29,18.63,18.11,18.2,336859,0
20190517,18.11,18.29,17.94,18.02,119968,0
20190520,17.9,18.005,17.66,17.97,188842,0
20190521,18.02,18.28,17.94,18,432009,0
20190522,17.99,17.99,17.62,17.77,420847,0
20190523,17.6,17.71,17.25,17.39,185925,0
20190524,17.47,17.59,17.3407,17.4,103963,0
20190528,17.52,17.71,17.41,17.64,219831,0
20190529,17.65,17.71,17.23,17.26,244597,0
20190530,17.33,17.5,16.9,17.04,254273,0
20190531,16.78,17.06,16.73,17.05,295972,0
20190603,17.04,17.23,16.68,16.98,179657,0
20190604,17.14,17.35,17.08,17.2,208343,0
20190605,17.27,17.47,17.15,17.29,236698,0
20190606,17.18,17.89,17.18,17.74,299629,0
20190607,17.81,17.8222,17.53,17.53,233277,0
20190610,17.51,17.91,17.51,17.77,159453,0
20190611,17.86,17.89,17.62,17.78,233554,0
20190612,17.69,18.045,17.66,17.92,106471,0
20190613,17.99,18.29,17.92,18.29,145940,0
20190614,18.28,18.36,18.08,18.08,153611,0
20190617,18.02,18.43,17.88,18.41,119518,0
20190618,18.38,18.84,18.33,18.37,200171,0
20190619,18.37,18.54,18.34,18.52,88416,0
20190620,18.55,18.91,18.548,18.87,117762,0
20190621,18.81,19.01,18.68,18.79,337524,0
20190624,18.7,18.94,18.52,18.59,116680,0
20190625,18.55,18.5999,18.08,18.08,246420,0
20190626,16.8,17.36,16.77,17.2,373043,0
20190627,17.18,17.37,16.94,17.28,345713,0
20190628,17.27,17.32,16.95,17.23,684071,0
20190701,17.54,17.83,17.27,17.32,240494,0
20190702,17.29,17.31,16.89,17.13,189406,0
20190703,17.27,17.48,17.18,17.44,65708,0
20190705,17.46,17.83,17.42,17.45,186453,0
20190708,17.45,17.46,16.78,16.86,257335,0
20190709,16.85,16.88,16.56,16.88,235331,0
20190710,16.95,17.13,16.86,16.87,167042,0
20190711,16.91,17.03,16.83,16.9,174778,0
20190712,17,17.16,16.92,17.05,172736,0
20190715,17.15,17.15,16.8,17,249826,0
20190716,16.91,17.16,16.89,16.98,129925,0
20190717,16.9,17.14,16.72,16.96,169101,0
20190718,16.81,16.99,16.6615,16.81,146335,0
20190719,16.8,16.9,16.49,16.52,186234,0
20190722,16.52,16.87,16.3,16.47,266031,0
20190723,16.56,16.69,16.23,16.31,130398,0
20190724,16.38,16.5,16.1,16.38,152386,0
20190725,16.61,16.98,16.4,16.49,301919,0
20190726,16.48,16.76,16.29,16.68,200048,0
20190729,16.69,16.84,16.38,16.45,196856,0
20190730,16.42,16.8,16.2471,16.67,230346,0
20190731,16.61,16.8,16.28,16.39,341740,0
20190801,16.39,16.46,15.84,15.84,297866,0
20190802,15.71,15.79,15.369,15.56,293793,0
20190805,15.35,15.36,14.89,15.22,438434,0
20190806,15.17,15.62,15.17,15.58,251272,0
20190807,15.75,16.75,15.75,16.5,426217,0
20190808,16.62,17.22,16.6,16.99,229748,0
20190809,16.85,16.92,16.47,16.54,176642,0
20190812,16.37,16.605,16.07,16.1,171836,0
20190813,16.01,16.56,16,16.37,148601,0
20190814,16.18,16.3,15.58,15.59,283261,0
20190815,15.555,15.62,15.28,15.48,206074,0
20190816,15.5,16.04,15.43,15.91,202618,0
20190819,16.15,16.315,15.95,16.28,162096,0
20190820,16.3,16.31,16.03,16.24,181228,0
20190821,16.28,16.39,16.06,16.21,128134,0
20190822,16.31,16.74,16.29,16.67,211637,0
20190823,16.53,16.6599,15.29,15.31,389307,0
20190826,15.49,16.05,15.4302,16.02,172475,0
20190827,16.09,16.11,15.5,15.51,168085,0
20190828,15.42,15.81,15.4,15.71,111297,0
20190829,15.95,16.36,15.81,16.22,130783,0
20190830,16.27,16.48,16.25,16.42,165980,0
20190903,16.39,16.44,16.09,16.39,227183,0
20190904,16.5,16.63,16.3,16.43,103657,0
20190905,16.65,16.96,16.44,16.47,260908,0
20190906,16.55,16.7028,16.43,16.58,169617,0
20190909,16.67,17.39,16.59,17.38,164955,0
20190910,17.24,17.66,17.14,17.58,178439,0
20190911,17.67,18.56,17.555,18.51,253298,0
20190912,18.64,18.83,18.33,18.49,249298,0
20190913,18.54,18.77,18.38,18.53,174340,0
20190916,18.44,18.9,18.26,18.7,165621,0
20190917,18.67,18.67,18.24,18.46,106987,0
20190918,18.42,18.61,18.36,18.51,128957,0
20190919,18.53,18.79,18.4464,18.48,147577,0
20190920,18.45,18.47,17.87,17.99,451421,0
20190923,17.83,18.26,17.83,18.1,115792,0
20190924,18.1,18.1574,17.57,17.59,286799,0
20190925,17.57,17.76,17.43,17.44,159871,0
20190926,17.36,17.4,16.96,17.16,173647,0
20190927,17.25,17.43,17.04,17.16,212056,0
20190930,17.08,17.26,16.96,17.07,247653,0
20191001,17.17,17.31,16.64,16.66,143070,0
20191002,16.51,16.78,16.3508,16.76,150756,0
20191003,16.73,16.9,16.58,16.77,80525,0
20191004,16.82,17.03,16.82,16.97,130137,0
20191007,16.8791,17.17,16.73,16.93,112096,0
20191008,16.84,16.9,16.435,16.65,113343,0
20191009,16.68,17.66,16.68,17.16,275440,0
20191010,17.15,17.335,17.0944,17.26,165894,0
20191011,17.53,18.08,17.36,17.78,253207,0
20191014,17.68,17.81,17.52,17.805,96489,0
20191015,17.86,18.01,17.77,17.995,129324,0
20191016,17.94,18.18,17.89,18.12,145301,0
20191017,18.57,18.64,18.23,18.46,267370,0
20191018,18.39,18.555,18.17,18.53,221637,0
20191021,18.62,19.17,18.62,18.92,255425,0
20191022,18.96,19.3,18.78,18.96,214118,0
20191023,19.04,19.078,18.82,19.01,215499,0
20191024,19.14,19.14,18.66,18.78,216579,0
20191025,18.8,18.99,18.6,18.61,123395,0
20191028,18.66,18.87,18.58,18.79,170844,0
20191029,18.71,19.12,18.71,18.95,180135,0
20191030,18.94,18.95,18.6794,18.7,158813,0
20191031,18.6,18.71,18.33,18.69,163715,0
20191101,18.87,19.28,18.679,19.28,137192,0
20191104,19.37,19.53,19.28,19.45,164138,0
20191105,19.57,19.77,19.355,19.52,233661,0
20191106,19.43,19.43,18.37,19.38,790849,0
20191107,19.58,19.58,18.44,18.49,228390,0
20191108,18.45,18.57,18.14,18.21,172500,0
20191111,18.46,18.99,18.23,18.89,199694,0
20191112,18.91,18.9892,18.51,18.56,211132,0
20191113,18.51,18.745,18.45,18.635,148758,0
20191114,18.64,18.775,18.375,18.47,101146,0
20191115,18.61,18.61,18.09,18.1,183514,0
20191118,18.14,18.14,17.67,17.78,185009,0
20191119,17.88,18.09,17.69,17.69,198115,0
20191120,17.55,17.81,17.43,17.63,256448,0
20191121,17.71,18.02,17.44,17.74,290063,0
20191122,17.85,18.02,17.746,17.9,183779,0
20191125,17.88,18.12,17.88,17.95,189016,0
20191126,17.86,18.06,17.69,17.93,228761,0
20191127,17.73,17.94,17.34,17.39,222335,0
20191129,17.29,17.94,17.18,17.8,114503,0
20191202,17.42,17.55,17.09,17.18,233115,0
20191203,17,17.01,16.63,16.71,234083,0
20191204,16.78,17.07,16.76,16.86,165423,0
20191205,16.91,17.26,16.85,17.08,180256,0
20191206,17.24,17.36,17.14,17.15,121998,0
20191209,17.17,17.31,17.08,17.13,103703,0
20191210,17,17.18,16.88,17.18,223366,0
20191211,17.13,17.37,17.1,17.24,131711,0
20191212,17.31,17.72,17.26,17.57,120810,0
20191213,17.55,17.79,17.4,17.65,139770,0
20191216,17.71,18.1,17.69,18.1,167994,0
20191217,18.1,18.21,18.06,18.14,162511,0
20191218,18.12,18.55,18.12,18.45,165647,0
20191219,18.47,18.87,18.3671,18.82,129430,0
20191220,18.85,19.51,18.8205,19.41,490248,0
20191223,19.35,19.61,19.2667,19.59,112763,0
20191224,19.66,19.69,19.4621,19.62,48072,0
20191226,19.69,19.83,19.5542,19.7,78966,0
20191227,19.68,19.91,19.38,19.5,173499,0
20191230,19.62,19.64,19.2,19.24,216171,0
20191231,19.21,19.43,19.01,19.3,233638,0
20200102,19.48,19.57,19.32,19.55,90588,0
20200103,19.27,19.75,19.27,19.48,250318,0
20200106,19.4,19.69,19.2894,19.61,99746,0
20200107,19.59,19.66,19.39,19.4,142428,0
20200108,19.45,19.6,18.89,18.99,119355,0
20200109,19.22,19.22,18.78,19.06,157256,0
20200110,18.98,19.06,18.68,18.78,131754,0
20200113,18.78,18.855,18.4405,18.8,126780,0
20200114,18.74,18.865,18.54,18.61,128223,0
20200115,18.64,19.05,18.57,19.05,120697,0
20200116,19.05,19.34,18.94,19.13,82694,0
20200117,19.28,19.31,18.75,18.77,120852,0
20200121,18.66,18.75,18.565,18.59,147884,0
20200122,18.62,18.82,18.29,18.37,179014,0
20200123,18.26,18.3488,18.02,18.12,146024,0
