Date,Open,High,Low,Close,Volume,OpenInt
20180627,25,25.01,19.33,23.99,2082070,0
20180628,24,24,21.0538,21.33,201667,0
20180629,20.98,21.679,20.38,20.75,104203,0
20180702,20.79,21.2,20.35,20.44,39665,0
20180703,20.59,20.795,20.41,20.59,12448,0
20180705,20.83,22.39,20.2,21.94,55350,0
20180706,21.78,22,20.18,21.08,25053,0
20180709,20.01,21.9,20.01,21.5,34406,0
20180710,21.31,21.31,20.8735,21.25,10654,0
20180711,21.01,21.75,20.8275,21.75,33453,0
20180712,21.75,21.75,20.8,21.12,19253,0
20180713,21,21.45,20.85,21.19,12764,0
20180716,21.04,21.75,21,21.32,22276,0
20180717,21.03,21.4003,20.8,20.92,14789,0
20180718,20.7,21.43,20.5,20.765,34851,0
20180719,20.8,21.1757,20.75,20.85,58063,0
20180720,20.85,20.85,20.75,20.84,28303,0
20180723,21.43,21.66,20.79,21,10039,0
20180724,20.78,20.8839,20.75,20.75,67335,0
20180725,20.73,20.8136,20.12,20.5,18491,0
20180726,20.8,20.8,19.68,20,49760,0
20180727,20.1,20.5,20,20.48,10382,0
20180730,20.43,20.43,20,20,8669,0
20180731,20,20.4,20,20,9153,0
20180801,20.235,20.65,20.2,20.2,1644,0
20180802,20.75,20.75,20,20.05,17630,0
20180803,20.0395,20.26,20,20,5311,0
20180806,20.5592,20.5592,20,20.06,15280,0
20180807,20.1235,22.07,20,20.34,14376,0
20180808,20.29,20.86,20.01,20.75,10680,0
20180809,20.02,21.8712,20,20,5220,0
20180810,20.34,21,19.95,20.75,17990,0
20180813,20,20.48,20,20.11,3268,0
20180814,20.75,20.75,20,20,32060,0
20180815,20.24,20.93,20,20.25,8369,0
20180816,20.35,20.55,20,20.52,23213,0
20180817,21.4778,21.4778,20.15,20.15,3119,0
20180820,20.5,20.6957,19.8,20.12,45521,0
20180821,20,20.49,20,20.23,14131,0
20180822,20.5,20.5,20.2386,20.39,15790,0
20180823,20.49,20.605,20.2,20.48,44943,0
20180824,20.3,20.53,20.2,20.42,6352,0
20180827,20.48,20.5,20.1111,20.42,5918,0
20180828,20.54,20.708,20.01,20.26,11331,0
20180829,20.11,20.25,20.105,20.25,1824,0
20180830,20.23,20.23,19.735,19.79,62911,0
20180831,20.02,20.8388,19.76,20.64,68914,0
20180904,20.71,21.75,20.251,20.55,54999,0
20180905,21.2,21.2,20.5,21,24152,0
20180906,21,21.39,20.6636,20.94,46112,0
20180907,20.7,21.5,20.5,21.15,42141,0
20180910,20.87,21.37,20.5,20.8,46884,0
20180911,21,21.19,20.61,20.85,49672,0
20180912,21.7499,21.7499,20.7,21.02,51870,0
20180913,21.55,21.75,19.86,20,217441,0
20180914,19.87,20.25,19.62,20.11,148854,0
20180917,20.11,20.26,19.65,19.92,101173,0
20180918,20.05,20.05,19.81,20,106851,0
20180919,20,21.3,19.935,20.55,112435,0
20180920,20.67,23.59,20.41,21.99,114496,0
20180921,22.23,25.5,22.23,24.35,514135,0
20180924,24.5,25.15,23.75,24.47,135318,0
20180925,24.92,28.879,24.4,26.6,158445,0
20180926,26.9,28.15,26.765,27.4,312900,0
20180927,27.32,27.32,26.29,26.5,102511,0
20180928,26.29,26.29,24.75,24.98,61944,0
20181001,24.8,24.8,23.635,24.24,113823,0
20181002,23.83,24.36,23.83,24.24,65537,0
20181003,24.1037,25.15,24.04,24.46,38195,0
20181004,24.31,24.62,23.38,23.6,31168,0
20181005,23.78,26.685,23.56,24.04,39177,0
20181008,23.95,23.95,22.14,22.87,35912,0
20181009,22.88,23.63,22.88,23.25,32890,0
20181010,23.24,23.24,22.14,22.37,13110,0
20181011,22,22,21,21.21,28897,0
20181012,21.49,22,21.26,21.63,76404,0
20181015,21.58,21.907,20.75,20.99,40501,0
20181016,21.19,21.19,20.09,20.76,59486,0
20181017,20.76,22.4,20.76,21.87,29381,0
20181018,22,22,20.825,21.61,24572,0
20181019,21.63,22,21.25,21.42,38622,0
20181022,21.55,21.56,20.9155,21.1,83076,0
20181023,20.83,21.15,20.62,20.8,34621,0
20181024,19.5,19.685,16.46,17.23,320831,0
20181025,17.25,18.11,16.87,17.86,127053,0
20181026,18.17,19.24,17.653,19,132062,0
20181029,19,19.85,19,19,495635,0
20181030,19,20.11,19,19.11,92347,0
20181031,19.62,19.62,18.91,19.04,123281,0
20181101,19.06,19.23,19,19.05,94758,0
20181102,19.11,19.6,19,19.6,53630,0
20181105,19.5,19.97,19.05,19.37,85684,0
20181106,19.33,19.75,18.96,19.05,108519,0
20181107,19.11,19.5,19.1,19.22,38362,0
20181108,19.16,19.545,19.05,19.32,76679,0
20181109,19.21,19.45,19.14,19.25,108531,0
20181112,19.17,19.44,19.15,19.25,37179,0
20181113,19.3,20.5,19.22,20.45,95532,0
20181114,20.4,20.4,19.76,20,123955,0
20181115,19.95,20.41,19.56,19.97,48432,0
20181116,19.93,20.35,19.3922,20.19,36805,0
20181119,20.1,20.33,19.9,19.99,22429,0
20181120,19.82,20,19.25,19.38,48755,0
20181121,19.3069,19.8336,19.25,19.31,27095,0
20181123,19.21,19.43,19,19.19,43081,0
20181126,19.82,19.925,17.93,18.16,88794,0
20181127,18.05,18.1,17.495,17.95,68128,0
20181128,18.04,18.1,17.47,17.83,118165,0
20181129,17.71,18.12,16.69,17.12,60268,0
20181130,16.98,17.71,16.9,17.53,85007,0
20181203,17.71,19.17,17.41,18.93,67308,0
20181204,19.1,19.81,18.05,18.51,66904,0
20181206,18.26,19.55,17.91,19.45,63574,0
20181207,19.64,20.1,19.04,20.04,79393,0
20181210,19.9,20.89,19.62,20.64,83070,0
20181211,20.89,21.475,20.68,20.89,46034,0
20181212,21,21.25,20.64,20.87,45965,0
20181213,20.83,21.39,20.315,21.2,41242,0
20181214,21.34,21.64,18.986,21.49,42115,0
20181217,21.5,22.43,21.0138,21.91,114704,0
20181218,23.95,26.44,22.48,23.8,500515,0
20181219,24.24,26.13,23.45,23.86,133537,0
20181220,23.85,23.85,22.58,22.99,94658,0
20181221,22.89,22.945,21.2,21.63,339718,0
20181224,21.77,23.35,21.77,22.71,48195,0
20181226,22.95,23.6206,20.97,23.06,258712,0
20181227,23.25,24.14,22.5,23.59,180835,0
20181228,23.55,24.3068,23.38,23.84,113383,0
20181231,23.88,23.9592,22.73,22.94,140288,0
20190102,22.59,23.16,22.59,23,87753,0
20190103,22.72,23.27,22.4,22.57,68689,0
20190104,22.81,22.81,22.41,22.71,163359,0
20190107,22.7,23.84,22.7,23.79,205345,0
20190108,24.03,24.81,23.67,24.17,95129,0
20190109,24.33,24.7799,23.91,24.1,71156,0
20190110,23.94,24.0868,23.64,23.9,60017,0
20190111,23.79,24.98,23.79,24.72,79087,0
20190114,25.1,25.53,23,23.2,184366,0
20190115,23.19,23.65,22.51,22.81,62999,0
20190116,22.74,23.47,22.6631,23.41,47791,0
20190117,23.52,23.54,22.5,22.86,44247,0
20190118,22.92,23.65,22.92,23.61,26097,0
20190122,23.4,23.66,23.1,23.44,81163,0
20190123,23.61,23.7972,23.27,23.44,41507,0
20190124,23.42,23.42,22.7,22.85,25247,0
20190125,22.85,23.45,22.85,22.9,22080,0
20190128,22.73,23.9,22.73,23.71,24336,0
20190129,23.69,23.9899,23.385,23.62,7365,0
20190130,23.62,23.62,23.015,23.32,43471,0
20190131,23.17,23.98,23.17,23.88,59367,0
20190201,23.87,24.19,23.64,23.74,45292,0
20190204,23.78,24.15,23.58,24.06,36398,0
20190205,24.17,25.89,24.17,25.76,70343,0
20190206,25.75,26.36,25.51,26.33,55948,0
20190207,26.32,27.49,26.07,26.93,114663,0
20190208,26.92,27.4,26.92,27.4,64332,0
20190211,28.3,30.36,27.15,28.95,432520,0
20190212,28.66,29,27.45,27.71,100492,0
20190213,27.72,28.65,27.72,27.95,60663,0
20190214,27.84,28.9055,27.84,28.42,31235,0
20190215,28.92,28.92,28.01,28.37,75086,0
20190219,28.37,30.19,28.37,29.74,82000,0
20190220,29.86,30.38,29.86,30.26,59178,0
20190221,30.52,30.945,29.9101,30.44,33583,0
20190222,30.63,32.36,30.63,32.25,66617,0
20190225,32.55,34.22,32.35,33.64,180110,0
20190226,33.63,33.63,31.33,31.56,75927,0
20190227,31.69,32.667,31.005,31.2,29943,0
20190228,31.4,31.99,30,30.27,93710,0
20190301,30.49,31.88,30.01,31.69,18504,0
20190304,31.75,33.1567,30.295,30.71,48533,0
20190305,29.8,31.285,29.6501,30.3,84818,0
20190306,30.49,30.8064,28.62,29.12,89414,0
20190307,29.13,30.36,29.03,30.07,53341,0
20190308,29.83,30.22,28.9611,29.9,44545,0
20190311,29.9,31.53,29.9,30.49,18738,0
20190312,30.59,31.42,30.39,30.98,68229,0
20190313,31.33,31.8306,30.572,31.24,43537,0
20190314,31.5385,31.555,30,30.18,47155,0
20190315,30.34,30.77,29.465,30.05,104417,0
20190318,30.04,30.04,29.01,29.55,73892,0
20190319,29.65,29.93,28.54,28.75,53582,0
20190320,28.78,31.39,28.08,28.64,45990,0
20190321,28.65,29.48,28.2,28.34,70654,0
20190322,28.51,28.51,25.94,26.15,94061,0
20190325,26.22,27.19,26.16,27.1,30456,0
20190326,27.31,27.7,26.27,27.67,46348,0
20190327,28.83,29.19,27.69,28.83,39138,0
20190328,29.06,29.21,27.87,28.24,39912,0
20190329,28.25,28.71,27.26,27.81,32292,0
20190401,27.85,28.8,27,28.41,50228,0
20190402,28.76,30.975,28.76,30.11,145095,0
20190403,30.47,31.065,30.13,30.25,42523,0
20190404,30.39,31.64,30.35,31.16,85530,0
20190405,31,31.6448,29.22,30.47,77218,0
20190408,30.47,31,30.09,30.73,77731,0
20190409,30.69,31.37,30.3611,30.47,46391,0
20190410,30.435,30.94,29.5,30.19,68338,0
20190411,30.25,30.3248,29.81,29.97,15331,0
20190412,30.21,30.7187,29.75,30.15,40811,0
20190415,30.29,30.74,29.54,29.58,78236,0
20190416,29.92,30.465,29.6,30.25,33885,0
20190417,30.28,30.7733,29.82,30.21,14359,0
20190418,30.25,30.4237,29.4,29.5,44440,0
20190422,29.39,29.49,27.65,28.18,124387,0
20190423,28.34,29.27,28.19,28.91,65195,0
20190424,29.6,30.93,29.2,30.41,21694,0
20190425,30.38,30.38,29.155,29.38,30009,0
20190426,29.82,30.3834,29.33,29.62,7894,0
20190429,29.72,30.95,27.22,30.93,42876,0
20190430,34.25,40.7389,31.35,39.395,489576,0
20190501,39.73,41.495,38.56,41.21,217784,0
20190502,40.38,44.85,40.38,42.95,347172,0
20190503,43.34,46.19,43.34,44.35,180907,0
20190506,43.96,45.29,42.6,43.83,211076,0
20190507,43.56,46.79,43.56,44.34,222754,0
20190508,44.88,46.3,44.5732,44.96,177277,0
20190509,45.11,46.04,42.6,42.87,136450,0
20190510,42.65,44.145,42.3773,43.5,97890,0
20190513,42.83,43,40.64,41.49,130215,0
20190514,41.27,41.5,39.13,39.53,225173,0
20190515,39.25,39.5,38.38,38.54,200099,0
20190516,38.67,39.0648,36.72,37.41,231700,0
20190517,37.32,41.14,37.32,40.74,170262,0
20190520,37.49,39.28,35.24,38.73,380727,0
20190521,38.24,38.48,35.78,36.07,405562,0
20190522,36,37.66,36,36.16,1481628,0
20190523,36.01,36.52,35,36.31,365943,0
20190524,36.41,37.15,35.23,36.25,216884,0
20190528,36.51,37.45,36.22,36.47,84767,0
20190529,35.91,36.45,35.15,35.71,233082,0
20190530,35.72,36.17,35.63,35.89,111492,0
20190531,35.61,36.1,34.23,36.05,103031,0
20190603,35.97,36.89,35.37,36.44,172868,0
20190604,36.83,37.09,36.39,36.99,114461,0
20190605,37.27,38.11,36.91,38.1,149641,0
20190606,38.1,39.67,35.78,36.22,212353,0
20190607,36.21,39.11,36,38.16,324791,0
20190610,38.12,40.5,38.12,39.23,345021,0
20190611,34.4965,35.34,29.9,30.15,1465566,0
20190612,29.97,29.97,27.2001,28.56,617858,0
20190613,28.53,30.7,27.825,30.51,333973,0
20190614,30.4,31.82,29.94,30.26,157559,0
20190617,31.01,32.46,30,31.95,138965,0
20190618,32.07,34.2376,32.06,33.29,263269,0
20190619,33.51,33.51,30.42,31.3,321953,0
20190620,31.26,31.48,30.09,30.6,148516,0
20190621,30.85,31.94,30.1166,31.35,172302,0
20190624,31.43,32.52,30.785,32.02,188699,0
20190625,31.93,32,29.7,29.85,148794,0
20190626,29.97,30.04,28.79,28.99,142817,0
20190627,29.08,29.755,28.51,28.94,116717,0
20190628,29.5,31.26,29.5,31.07,293725,0
20190701,31.35,31.72,30.42,31.31,127946,0
20190702,31.88,31.88,29.52,30.01,160741,0
20190703,30.08,30.47,29.51,30.36,105750,0
20190705,30.25,30.25,28.91,29.13,103026,0
20190708,29.15,29.5643,27.89,28.77,144254,0
20190709,28.7,29.19,27.27,27.35,285684,0
20190710,27.6,28.62,26.62,27.09,390929,0
20190711,26.94,27.627,25.92,26.9,235428,0
20190712,26.9,27.4015,26.24,26.54,94986,0
20190715,26.27,27.155,25.52,26.02,230047,0
20190716,26.01,26.895,25.28,25.8,205507,0
20190717,25.68,26.365,25.13,25.49,333003,0
20190718,25.48,25.48,23.765,24.17,624209,0
20190719,24.16,25.11,23.79,23.79,192623,0
20190722,23.96,23.96,22.52,22.58,299346,0
20190723,22.52,23.315,22.19,22.74,308200,0
20190724,22.57,23.85,22.245,23.49,198650,0
20190725,23.51,24.33,21.82,21.99,150738,0
20190726,22.06,22.33,21.5931,22.11,77922,0
20190729,22.07,22.1,21.02,21.79,121321,0
20190730,21.72,21.76,20.77,20.95,91971,0
20190731,21.04,21.9237,20.9,21.44,123551,0
20190801,21.39,22.47,20.3494,20.71,243248,0
20190802,20.71,20.715,19.3,19.88,220558,0
20190805,19.58,20.07,18.9,19.94,202036,0
20190806,20,20.15,19.17,19.33,283364,0
20190807,18.9,19.35,18.5021,19.03,275627,0
20190808,18.87,19.31,18.25,18.6,268660,0
20190809,19,19,17.5,18.51,265416,0
20190812,18.41,19.88,18.31,19.1,248193,0
20190813,19,20.69,18.74,19.98,171002,0
20190814,19.46,19.82,18.57,18.76,212984,0
20190815,18.83,19.54,18,18.02,230248,0
20190816,18.07,18.88,17.56,18.09,200371,0
20190819,18.31,18.45,17.36,17.78,232500,0
20190820,17.8,19.16,17.61,18.76,216085,0
20190821,18.94,20.08,18.43,18.55,231327,0
20190822,18.58,18.95,18.325,18.76,166192,0
20190823,18.64,18.67,16.7289,17.07,245155,0
20190826,17.41,17.41,16.64,16.87,190341,0
20190827,16.93,17.19,16.1,16.23,116579,0
20190828,16.03,16.28,15.56,16.25,105582,0
20190829,16.34,16.56,15.65,16.06,181609,0
20190830,16.07,17.55,16.07,17.2,187948,0
20190903,17.12,17.23,16.3312,16.49,221517,0
20190904,15.93,16.695,15.0719,16.34,208252,0
20190905,16.54,17.54,16.28,17.35,182514,0
20190906,17.38,17.98,17,17.27,138991,0
20190909,17.57,17.68,17.02,17.43,233160,0
20190910,17.49,18.88,17.115,18.41,297502,0
20190911,21.85,23.66,20.44,21.31,1915661,0
20190912,21.97,22.09,18.8694,18.97,727664,0
20190913,18.97,20.58,17.76,20.5,537511,0
20190916,20.47,20.9,19.85,20.44,355119,0
20190917,20.75,20.9,19.94,20.44,431407,0
20190918,20.41,20.86,20.03,20.68,299291,0
20190919,20.64,22.1,20.51,21.8,576531,0
20190920,22.11,22.41,20.42,20.66,754294,0
20190923,20.58,20.74,20,20.61,241641,0
20190924,20.61,20.87,18.56,18.78,361649,0
20190925,18.81,19.21,17.92,18.1,272715,0
20190926,18,18.3,16.87,18.13,404333,0
20190927,18.12,18.78,17.26,18.42,212321,0
20190930,18.44,19.1,18.05,18.67,285584,0
20191001,18.71,19.01,17.72,18,257874,0
20191002,17.89,18.69,16.04,16.81,343000,0
20191003,16.72,16.72,15.5501,16.2,406084,0
20191004,16.18,17.05,15.3501,16.835,326681,0
20191007,16.76,17.9,16.23,17.48,291511,0
20191008,17.22,17.719,16.665,16.82,312506,0
20191009,17.01,17.13,16.04,16.35,163790,0
20191010,16.42,16.81,16.11,16.41,260360,0
20191011,16.58,17.89,16.58,17.52,427802,0
20191014,17.45,17.55,17.1,17.53,128077,0
20191015,17.51,18.1688,17.4,17.84,132582,0
20191016,17.78,18.88,17.11,18.46,157506,0
20191017,18.65,19.14,18.325,19.12,189691,0
20191018,19.03,20.11,18.87,19.33,213701,0
20191021,19.4,19.97,19.019,19.4,195691,0
20191022,19.43,20.171,19.09,19.88,402949,0
20191023,19.84,20.03,18.92,19.9,184987,0
20191024,19.89,20.11,19.26,20.005,390236,0
20191025,19.95,20.12,18.51,18.82,332676,0
20191028,18.9155,19.69,18.6,18.68,213546,0
20191029,18.68,18.805,17.86,18.58,172346,0
20191030,18.61,18.61,16.78,17.68,258679,0
20191031,17.62,17.65,15.79,16.33,414478,0
20191101,16.43,16.56,15.71,16.13,320777,0
20191104,16.38,16.85,16.23,16.38,207769,0
20191105,16.54,17.17,16.34,16.92,266716,0
20191106,16.92,16.92,13.7,13.86,742277,0
20191107,13.97,15.1,13.97,14.24,296025,0
20191108,14.16,15,14,14.98,392948,0
20191111,14.85,15.22,13.96,14.27,302639,0
20191112,14.18,14.3554,13.91,14.04,205684,0
20191113,14.01,14.13,13.66,13.72,218435,0
20191114,13.68,14.008,13.18,13.25,286904,0
20191115,13.41,13.99,13.11,13.83,219538,0
20191118,13.97,14.31,13.76,14.2,268175,0
20191119,14.3,14.82,13.295,13.61,388562,0
20191120,13.5,14.2486,13.32,13.915,371268,0
20191121,13.92,14.06,13.29,13.91,239929,0
20191122,14,14.1,13.5864,14.01,315006,0
20191125,14.01,14.75,13.8445,14.59,318576,0
20191126,14.7,15.4,14.63,15.06,296331,0
20191127,15.25,15.5,14.32,14.9,231494,0
20191129,14.83,15.39,14.61,15.26,93841,0
20191202,15.3,15.56,14.16,14.75,271837,0
20191203,14.49,14.8765,14.245,14.68,219472,0
20191204,14.95,15.06,14.22,14.585,336443,0
20191205,14.73,15.26,14.53,15.08,211889,0
20191206,15.08,15.34,14.7,14.96,243067,0
20191209,14.98,15.135,14.43,14.62,316788,0
20191210,14.85,14.98,14.24,14.4,340208,0
20191211,14.59,14.8991,14.01,14.5,391269,0
20191212,12.73,13.46,11.38,11.81,2195513,0
20191213,11.72,11.74,10.33,10.74,1695491,0
20191216,11.02,11.6,10.855,11.05,803015,0
20191217,11.1,12.62,10.91,12.54,797285,0
20191218,12.69,13.84,12.63,13.82,713290,0
20191219,13.99,14.4,13.5027,13.83,980210,0
20191220,13.92,13.945,13.095,13.37,616955,0
20191223,13.44,14.25,13.13,14.08,996700,0
20191224,14.5,14.7882,14.22,14.62,342681,0
20191226,14.72,14.77,13.95,14.39,334734,0
20191227,14.94,15.03,14.52,14.83,379893,0
20191230,14.81,15.29,14.45,14.73,375013,0
20191231,15.15,16.2,14.85,16.05,752637,0
20200102,16.25,16.48,15,15.165,533637,0
20200103,15.01,15.485,14.75,15.34,375023,0
20200106,15.23,15.99,14.93,15.57,427364,0
20200107,15.56,15.665,14.07,14.22,376490,0
20200108,14.21,14.84,13.8,14.6,404349,0
20200109,14.64,14.96,14.12,14.65,262231,0
20200110,14.64,14.98,14.23,14.41,236757,0
20200113,13.83,14.5972,12.5,12.93,782886,0
20200114,12.83,12.93,12.19,12.73,476617,0
20200115,12.62,13,12.61,12.74,235391,0
20200116,13.12,13.9501,13,13.77,411155,0
20200117,13.86,13.9475,12.72,12.75,308605,0
20200121,12.7,13.6,12.5,13.55,302395,0
20200122,13.54,13.71,12.85,13.51,197448,0
20200123,13.36,14,13.04,13.67,218186,0
