Date,Open,High,Low,Close,Volume,OpenInt
20161007,9.1,9.99,8,8.02,1767346,0
20161010,8,8.3772,8,8,261960,0
20161011,8,8.14,7.45,7.5,275773,0
20161012,7.5,7.59,7.5,7.5,96729,0
20161013,7.5,7.6275,6.15,6.78,127183,0
20161014,6.58,6.8,6.28,6.5,112011,0
20161017,6.65,6.69,6.25,6.69,148569,0
20161018,6.75,6.75,6.4001,6.62,80403,0
20161019,6.75,6.75,6.4,6.56,21151,0
20161020,6.41,6.6799,6.41,6.61,48236,0
20161021,6.51,6.65,6.45,6.5,88729,0
20161024,6.54,6.5904,6.43,6.46,19128,0
20161025,6.46,6.6926,6.25,6.33,57110,0
20161026,6.29,7.36,6.26,7.36,97969,0
20161027,7.3,7.65,6.86,7.5,275204,0
20161028,7.51,7.52,6.59,6.82,55218,0
20161031,6.88,6.9,6.59,6.66,39632,0
20161101,6.4,7.2999,6.4,7.25,19043,0
20161102,7.42,7.42,6.75,6.98,54118,0
20161103,7.2,7.2,6.45,6.59,68403,0
20161104,6.93,7,6.4697,6.87,44340,0
20161107,7.25,7.25,6.75,6.84,23995,0
20161108,6.87,7.19,6.75,7.04,19299,0
20161109,6.98,7.25,6.9,6.92,13190,0
20161110,7.25,7.25,6.9,7.03,9626,0
20161111,7,7,6.8,6.8,9734,0
20161114,6.8,7.165,6.772,6.93,36062,0
20161115,7.49,7.6,6.81,6.91,33890,0
20161116,7.2,7.5281,6.95,6.96,17634,0
20161117,7.04,7.04,6.86,6.86,22776,0
20161118,7.4799,7.4799,6.8,7.2,30719,0
20161121,7.19,7.22,7,7.22,36604,0
20161122,7.2,7.25,7.15,7.23,26974,0
20161123,7.28,7.28,6.9,7.07,136907,0
20161125,7.07,7.29,7.07,7.29,9535,0
20161128,7.17,7.24,7,7.23,18361,0
20161129,7.17,7.33,7.1501,7.33,21103,0
20161130,7.28,7.34,7.2,7.34,8154,0
20161201,7.35,7.59,7.3,7.5,22779,0
20161202,7.5,7.5,7.21,7.35,27586,0
20161205,7.44,7.64,7.1701,7.39,39079,0
20161206,7.45,7.45,7.22,7.3,100706,0
20161207,7.28,7.4999,7.28,7.35,16151,0
20161208,7.35,7.48,7.2501,7.35,30756,0
20161209,7.35,7.35,7.2,7.34,20449,0
20161212,7.34,7.739,7.34,7.44,96726,0
20161213,7.45,7.45,7.36,7.44,44335,0
20161214,7.39,7.415,7.15,7.25,26657,0
20161215,7.4,7.44,7.15,7.17,26720,0
20161216,7.2,7.4352,6.63,6.63,156268,0
20161219,6.77,7.135,6.77,6.91,38474,0
20161220,6.94,7.2344,6.94,7.09,74551,0
20161221,7.12,7.34,7.06,7.07,71395,0
20161222,7.07,7.35,7.07,7.35,73993,0
20161223,7.36,7.45,7.154,7.33,23531,0
20161227,7.34,7.34,7.13,7.29,14816,0
20161228,7.5,7.5,7.28,7.28,27964,0
20161229,7.4,7.4,7.31,7.38,115548,0
20161230,7.5,8.3,7.34,8.29,67735,0
20170103,8.26,8.26,7.6,7.63,17257,0
20170104,7.65,7.939,7.3,7.6,14272,0
20170105,7.47,8.24,7.45,7.58,10045,0
20170106,7.73,8.1888,7.64,7.66,102405,0
20170109,7.71,8.04,7.71,7.9999,3487,0
20170110,8.02,8.0799,7.77,7.775,5435,0
20170111,8.2,8.49,8,8.41,52277,0
20170112,8.6,8.6,8.03,8.03,28846,0
20170113,8.05,8.4109,8.04,8.05,29280,0
20170117,8.03,8.2047,8.03,8.11,35161,0
20170118,8.3299,8.4,8.2444,8.26,18251,0
20170119,8.47,8.5,8.22,8.24,32728,0
20170120,8.2935,8.32,8.0328,8.32,22917,0
20170123,8.32,8.32,8,8.25,20152,0
20170124,8.26,8.3,7.91,8.03,30869,0
20170125,8.03,8.32,8.03,8.18,31658,0
20170126,8.15,8.26,8.149,8.26,33224,0
20170127,8.4304,8.4399,8.2101,8.25,10213,0
20170130,8.23,8.4899,8.2001,8.35,9725,0
20170131,8.45,8.45,8.01,8.11,15220,0
20170201,8.1,8.1,7.95,7.99,23659,0
20170202,7.86,8.01,7.86,7.97,24909,0
20170203,8.1,8.12,7.9501,8.05,21856,0
20170206,7.99,8.0999,7.9401,8.01,5560,0
20170207,8.08,8.08,8,8,7701,0
20170208,7.93,8,7.9,7.92,40617,0
20170209,7.98,7.9858,7.7827,7.85,10043,0
20170210,7.85,8.02,7.85,7.99,3934,0
20170213,7.95,7.99,7.95,7.95,1961,0
20170214,7.9501,8.71,7.95,8.7,113749,0
20170215,9.25,9.43,8.7,9.09,273455,0
20170216,9.18,9.38,8.82,9.04,41723,0
20170217,9.04,9.47,9.025,9.33,52856,0
20170221,9.44,10,9.4127,9.99,120802,0
20170222,10.08,10.16,9.9,10.13,64255,0
20170223,10.22,10.22,9.76,9.91,41284,0
20170224,9.88,10.15,9.51,10.15,37369,0
20170227,10.19,10.19,9.79,9.87,16990,0
20170228,9.8258,10.25,9.7,10.03,47515,0
20170301,10.05,10.278,9.59,10.04,46974,0
20170302,9.92,10.05,9.7574,10.03,31538,0
20170303,9.97,9.97,8.95,9.01,79355,0
20170306,8.99,9.4122,8.97,8.99,13544,0
20170307,8.95,9.05,8.91,9,22550,0
20170308,8.95,9.01,8.88,9,12692,0
20170309,8.9,8.96,8.73,8.77,22285,0
20170310,8.75,8.825,8.25,8.51,86782,0
20170313,8.5663,8.58,8.38,8.5,34003,0
20170314,8.42,8.61,8.29,8.3,28307,0
20170315,8.32,8.3635,7.56,7.56,42730,0
20170316,7.5,8.0779,7.49,8.04,34811,0
20170317,8.16,8.38,8.01,8.09,29381,0
20170320,8.21,8.4,8,8.03,31837,0
20170321,7.97,8.2,7.5,7.5,32333,0
20170322,7.52,8.0786,7.52,7.73,53416,0
20170323,7.69,8.02,7,7.8,57332,0
20170324,7.87,7.96,7.59,7.88,15844,0
20170327,7.81,8.06,7.61,7.65,24531,0
20170328,7.47,7.95,7.47,7.7,23704,0
20170329,7.5,7.85,7.5,7.82,18075,0
20170330,7.7702,8.05,7.737,7.93,122397,0
20170331,7.98,8.93,7.9582,8.38,135822,0
20170403,8.32,8.75,8.15,8.31,54503,0
20170404,8.3475,8.4999,8.15,8.15,68320,0
20170405,8.6,8.6,7.8,7.95,37837,0
20170406,8.02,8.9,7.9,8.89,54555,0
20170407,9.21,9.21,8.5,8.7,41672,0
20170410,8.89,8.92,8.5,8.5,7859,0
20170411,8.4842,8.9,8.12,8.38,8198,0
20170412,8.38,8.78,8.29,8.59,14634,0
20170413,8.66,8.6948,8.35,8.46,6110,0
20170417,8.59,8.7799,8.4029,8.741,8246,0
20170418,8.7,8.86,8.6559,8.68,31332,0
20170419,8.68,9.22,8.68,9.16,66953,0
20170420,9.2226,9.32,9.1,9.27,52714,0
20170421,9.37,9.4,8.82,9.15,40250,0
20170424,9.22,9.35,8.98,9.29,79770,0
20170425,9.39,9.73,9.02,9.41,74517,0
20170426,9.64,9.74,9.35,9.73,34495,0
20170427,9.98,9.98,9.27,9.3,36142,0
20170428,9.42,10,9.31,10,28750,0
20170501,10,10.1,9.76,10.02,105633,0
20170502,10.05,10.06,9.4,9.63,49722,0
20170503,9.6,9.6,8.8681,9.34,14998,0
20170504,8.88,9.35,8.88,9.31,15990,0
20170505,9.25,9.25,9.1,9.21,5016,0
20170508,9.29,9.44,9.1313,9.44,7912,0
20170509,9.3,9.5848,9.23,9.5,22879,0
20170510,9.42,9.5858,9.4,9.4,10328,0
20170511,9.43,9.712,9.11,9.11,41580,0
20170512,9.02,10.2,9.02,10.06,93753,0
20170515,10,10.615,9.88,10.16,51069,0
20170516,10.25,10.29,9.61,10.29,47524,0
20170517,9.69,9.7499,9.03,9.34,82436,0
20170518,9.29,9.99,9.1,9.85,60715,0
20170519,9.8,9.9,9.39,9.9,24918,0
20170522,10.14,12,10.13,11.08,628506,0
20170523,11.9,12.7,11.49,12.49,432688,0
20170524,12.5,13.7406,12.5,13.2,314029,0
20170525,13.5,13.65,11.64,12.97,292660,0
20170526,13,13.1039,12.55,13.02,90702,0
20170530,13.16,14.75,12.75,14.74,264730,0
20170531,15.15,18.48,15.01,17.98,736605,0
20170601,18.5,20.5,17.32,17.85,736087,0
20170602,17.45,17.6,15.05,16.54,529575,0
20170605,17.15,17.15,15.66,16.32,308524,0
20170606,16.35,16.7259,15.81,15.96,252990,0
20170607,15.96,16.5,15.2,15.33,319947,0
20170608,15.2,18.26,14.7701,18.03,461302,0
20170609,18.25,21.44,16.5501,18.22,624485,0
20170612,17.86,19.2,17.035,17.76,191463,0
20170613,17.75,19.1,17.6201,18.59,226788,0
20170614,19,19,16.77,17.74,150339,0
20170615,17.9,18,17.01,17.43,91933,0
20170616,17.7,19,17.134,18.81,415800,0
20170619,19.1,20.05,19.0108,20,437978,0
20170620,20.39,22,19.931,21.9,441967,0
20170621,21.7,22.65,21.02,22.55,349508,0
20170622,22.81,23.1054,21.34,21.98,237211,0
20170623,21.84,21.84,19.71,21.38,282626,0
20170626,21.19,22.229,20.525,21.65,200820,0
20170627,21.38,22,21.18,21.2,191993,0
20170628,20.95,22.35,20.3321,21.89,252355,0
20170629,22,22,18.75,20.53,374548,0
20170630,20.72,20.974,19.49,19.98,141298,0
20170703,19.74,21.2,19.74,21.18,102426,0
20170705,20.95,23.32,20.4082,23.11,311486,0
20170706,23.21,23.21,22.09,22.35,240591,0
20170707,22.38,22.95,22.02,22.21,178751,0
20170710,22.31,24.9899,22.1733,24.01,617518,0
20170711,24.25,24.83,23.51,23.98,209806,0
20170712,24.48,24.6056,23.07,23.07,219568,0
20170713,23.09,24.5,23.09,23.97,181913,0
20170714,24.07,24.99,23.81,23.82,171524,0
20170717,23.85,24.9,23.85,24.88,182595,0
20170718,25.1,25.39,23.05,23.36,281787,0
20170719,23.24,23.501,21.21,21.91,473165,0
20170720,21.8,21.9142,20.01,20.67,423794,0
20170721,20.8,21.79,20.1,21.16,239623,0
20170724,21,21,18.07,18.47,464206,0
20170725,18.55,18.7699,17.12,18.31,466654,0
20170726,18.19,20.96,18.0001,20.84,522370,0
20170727,21,21.19,19.5101,19.81,303992,0
20170728,20.07,21.4875,19.78,21.28,258107,0
20170731,21.31,21.4,19.28,19.44,273205,0
20170801,19.41,19.72,19.02,19.32,151317,0
20170802,19.35,19.46,17.7342,18.52,292699,0
20170803,18.52,18.945,17.74,17.89,123151,0
20170804,17.645,18.19,17.08,17.6,127847,0
20170807,17.65,17.98,16.645,17.76,236274,0
20170808,17.82,18.8519,17.7334,18.64,169770,0
20170809,18.51,19.06,17.6413,17.98,263357,0
20170810,15.26,16.52,14.14,15.23,1005708,0
20170811,15.1,15.59,14.2301,14.48,336952,0
20170814,15.03,16.51,14.83,15.3,365175,0
20170815,15.56,16.0135,14.5,14.75,155088,0
20170816,14.72,15.15,14.4601,15.11,108849,0
20170817,15.14,15.19,14.48,14.7,217117,0
20170818,14.6,15.82,14.6,15.57,161877,0
20170821,15.59,15.6856,14.73,14.92,133525,0
20170822,14.95,15.5,14.8,15.22,127901,0
20170823,15.48,17.9495,15.35,16.91,507273,0
20170824,16.9,17.9332,16.33,16.46,298824,0
20170825,16.42,16.5932,15.05,15.17,206827,0
20170828,15.35,15.67,15,15.4,120486,0
20170829,15.32,15.59,15.1,15.41,92261,0
20170830,15.46,15.68,15.23,15.59,128525,0
20170831,15.59,16.575,15.59,16.3,250837,0
20170901,16.43,16.93,16.02,16.25,189598,0
20170905,16.17,16.8805,15.67,16.02,138221,0
20170906,16.15,16.479,15.7,15.82,74760,0
20170907,15.84,16.28,15.72,16.01,50439,0
20170908,16.02,16.0688,15.75,15.89,51974,0
20170911,15.98,16.13,15.75,15.84,81975,0
20170912,15.84,16.59,15.7,16.52,128488,0
20170913,16.55,16.6148,15.93,16.03,72222,0
20170914,15.91,16.21,15.74,16,72983,0
20170915,16,16.98,15.86,16.95,189965,0
20170918,17.05,17.5,16.79,17.12,139474,0
20170919,17.2,17.74,17.11,17.71,134394,0
20170920,17.8,18.96,17.71,18.58,367494,0
20170921,18.65,19.25,17.5,17.615,277442,0
20170922,17.57,17.625,16.5,16.65,199551,0
20170925,16.64,17.35,15.7,15.98,145536,0
20170926,16.1,16.3,15.7,15.92,87641,0
20170927,16.2,16.93,15.999,16.39,114876,0
20170928,16.55,17.2674,16.4618,17,115246,0
20170929,17.16,17.4791,16.59,17.09,81770,0
20171002,17.15,17.162,15.4,15.51,241788,0
20171003,15.45,16.19,15.45,15.92,149174,0
20171004,15.77,15.86,15.5,15.65,80030,0
20171005,15.65,15.656,15.23,15.33,92046,0
20171006,15.16,15.2,13.09,13.37,529512,0
20171009,13.18,13.35,12.5,12.66,274905,0
20171010,12.08,12.5899,11.49,11.72,645184,0
20171011,11.65,13.17,11.65,12.6,279300,0
20171012,12.4,13.11,12.4,12.52,236849,0
20171013,12.501,12.726,11.6396,11.7,247290,0
20171016,11.81,12.0536,11.28,11.31,215126,0
20171017,11.35,11.35,10.77,10.87,265944,0
20171018,10.72,10.87,10.55,10.81,177926,0
20171019,10.61,10.83,10.6,10.8,104850,0
20171020,10.79,11.43,10.78,11.17,145285,0
20171023,11.21,11.75,11.06,11.15,147214,0
20171024,11.15,11.9717,11.15,11.78,153577,0
20171025,11.56,11.7199,10.9,10.92,161675,0
20171026,10.86,10.91,10.42,10.53,161700,0
20171027,10.5,11.11,10.3,10.62,121094,0
20171030,10.53,10.68,10.2,10.35,113361,0
20171031,10.27,10.54,10.2,10.29,104039,0
20171101,10.29,10.29,9.41,9.49,201922,0
20171102,9.28,9.31,8.12,8.3,488812,0
20171103,8.22,8.35,8.05,8.12,178042,0
20171106,8.05,8.7,8.03,8.49,275808,0
20171107,8.56,8.95,8.28,8.89,221774,0
20171108,9.25,9.56,8.947,9.36,253944,0
20171109,9.29,9.305,8.64,8.9,111138,0
20171110,9.14,9.41,8.7,9.15,107337,0
20171113,9.05,9.87,8.92,9.62,281444,0
20171114,9.5,9.5,8.15,8.26,486609,0
20171115,8.11,8.36,7.77,7.8,206708,0
20171116,7.89,8.03,7.5,7.65,208476,0
20171117,7.66,8.15,7.36,7.98,195420,0
20171120,8.11,8.2379,7.7501,8.2,210642,0
20171121,8.33,9.4,8.231,9.02,363620,0
20171122,9.15,9.15,8.6,8.76,158284,0
20171124,8.91,8.92,8.64,8.82,40769,0
20171127,8.78,8.83,8.32,8.4,135182,0
20171128,8.43,8.45,8.3,8.31,69661,0
20171129,8.33,8.33,7.75,7.86,238709,0
20171130,8.01,8.38,7.9,8.04,171208,0
20171201,8.02,8.13,7.6793,7.74,113883,0
20171204,7.8,7.8712,7.251,7.56,197330,0
20171205,7.65,7.8693,7.56,7.61,116871,0
20171206,7.65,7.6697,7.47,7.49,88433,0
20171207,7.51,7.6,7.32,7.42,94518,0
20171208,7.59,7.83,7.46,7.69,141746,0
20171211,8.15,8.15,7.39,7.48,144537,0
20171212,7.55,7.55,7.45,7.5,88047,0
20171213,7.51,7.55,6.8,6.96,320159,0
20171214,7,7.1,6.86,6.88,133990,0
20171215,6.95,6.95,6.7,6.7,159888,0
20171218,7.25,7.86,6.73,7.56,291467,0
20171219,7.71,7.849,7.323,7.5,170560,0
20171220,7.6,7.76,7.35,7.37,86802,0
20171221,7.45,7.7,7.3,7.37,88277,0
20171222,7.38,7.52,7.21,7.24,102407,0
20171226,7.24,7.2804,7.01,7.02,79499,0
20171227,7.05,7.31,7.02,7.26,91879,0
20171228,7.3,8.2,7.25,7.7,257565,0
20171229,7.7,7.93,7.43,7.5,260561,0
20180102,7.5,7.845,7.5,7.53,78019,0
20180103,7.66,7.8263,7.53,7.64,74390,0
20180104,7.75,8.11,7.66,7.91,67681,0
20180105,7.9,9.59,7.9,9.47,465787,0
20180108,9.71,9.8379,8.5,9.23,283999,0
20180109,9.15,9.25,8.5701,9.01,199277,0
20180110,8.73,8.73,8.25,8.4,104266,0
20180111,8.39,8.4,8.28,8.39,104603,0
20180112,8.35,8.48,8.26,8.35,188143,0
20180116,8.41,8.6,8.18,8.4,254889,0
20180117,8.5,8.8,8.1,8.21,229931,0
20180118,8.22,10.64,8.22,10.02,996668,0
20180119,10.01,10.33,9.59,9.8,574615,0
20180122,9.91,9.99,9.31,9.64,192698,0
20180123,9.6,9.94,9.31,9.59,163478,0
20180124,9.59,9.869,9.3,9.59,153085,0
20180125,9.68,10.28,9.59,10.22,175543,0
20180126,10.35,11.478,10.1495,10.66,457454,0
20180129,10.49,10.49,9.49,9.76,234475,0
20180130,9.54,10.18,9.49,9.59,232048,0
20180131,9.75,9.99,9.21,9.44,207645,0
20180201,9.44,9.62,8.925,9.07,100710,0
20180202,8.9,8.9,8.31,8.64,151692,0
20180205,8.37,8.8,8.26,8.41,120086,0
20180206,8.1,8.59,8,8.53,136996,0
20180207,8.64,9.089,8.43,8.68,57325,0
20180208,7.43,7.5,6.4,6.96,2063033,0
20180209,7.05,7.35,6.701,7.14,243334,0
20180212,7.27,7.49,7,7.32,214115,0
20180213,7.35,7.45,6.95,7.24,139009,0
20180214,7.69,7.9001,7.2,7.73,255342,0
20180215,7.8,8.1066,7.321,7.79,91852,0
20180216,7.66,7.989,7.45,7.67,93765,0
20180220,7.5,8.065,7.4983,7.73,136920,0
20180221,7.72,7.94,7.521,7.6,104205,0
20180222,7.63,7.899,7.62,7.64,59758,0
20180223,7.71,7.799,7.41,7.6,187946,0
20180226,7.68,7.99,7.68,7.82,70197,0
20180227,7.85,8.02,7.83,7.88,67028,0
20180228,7.92,7.92,7.5001,7.69,73048,0
20180301,7.74,7.9,7.18,7.32,110072,0
20180302,7.25,7.62,7,7.56,83104,0
20180305,7.6,7.9,7.58,7.83,92698,0
20180306,7.89,8.325,7.89,8.23,146432,0
20180307,8.13,9.219,8.1,9.09,253313,0
20180308,9.09,9.25,8.471,8.93,92342,0
20180309,8.73,9.5,8.508,9.3,128417,0
20180312,9.39,9.57,9.21,9.35,117825,0
20180313,9.38,9.46,9,9.12,128056,0
20180314,9.16,9.32,8.9,9.28,102468,0
20180315,9.37,9.37,8.83,9.01,81884,0
20180316,8.98,8.98,7.5201,7.92,476129,0
20180319,8.02,8.52,7.9,8.46,148687,0
20180320,8.45,8.474,8.01,8.1,85886,0
20180321,8.02,8.2788,7.96,8.11,74768,0
20180322,7.92,8.0666,7.55,7.62,158051,0
20180323,7.7,7.75,7.43,7.56,75444,0
20180326,7.77,7.895,7.3,7.75,120721,0
20180327,7.835,7.9299,7.27,7.41,70127,0
20180328,7.32,7.59,7.25,7.47,54034,0
20180329,7.54,7.72,7.2,7.55,57262,0
20180402,7.44,7.47,6.94,7.14,87314,0
20180403,7.21,7.44,6.96,7.41,59427,0
20180404,7.25,7.71,7.15,7.64,65881,0
20180405,7.79,7.97,7.6645,7.73,44911,0
20180406,7.66,7.705,7.22,7.39,43151,0
20180409,7.46,7.83,7.29,7.6,60912,0
20180410,7.8,7.8,7.44,7.75,37910,0
20180411,7.66,7.92,7.57,7.66,23915,0
20180412,7.68,8.07,7.61,8.02,42519,0
20180413,8.04,8.349,7.9,8.155,46654,0
20180416,8.29,8.3,8.06,8.3,28453,0
20180417,8.32,8.5,8.3028,8.311,51317,0
20180418,8.38,8.5,8.26,8.29,47914,0
20180419,8.21,8.2284,7.635,7.92,60301,0
20180420,7.89,7.89,7.6,7.61,18981,0
20180423,7.67,7.92,7.67,7.89,13586,0
20180424,7.95,7.97,7.39,7.39,64620,0
20180425,7.42,7.49,7.3,7.35,35377,0
20180426,7.37,7.89,7.31,7.39,27640,0
20180427,7.52,7.5564,7.3,7.3,29796,0
20180430,6.83,7.49,6.75,6.83,127608,0
20180501,6.9,6.9799,6.68,6.93,108911,0
20180502,7.19,7.41,6.86,6.92,114146,0
20180503,7.01,7.3,6.92,7.1,44443,0
20180504,6.98,7.6,6.98,7.29,134515,0
20180507,7.3,7.43,7.21,7.27,59451,0
20180508,7.13,7.4,7.065,7.4,57604,0
20180509,7.38,7.6,7.3,7.42,73916,0
20180510,8.82,9.73,8.78,8.94,892977,0
20180511,8.76,8.9651,8.3152,8.58,189134,0
20180514,8.73,8.93,8.53,8.81,96281,0
20180515,8.63,8.8302,8.5233,8.81,59419,0
20180516,8.74,8.79,8.38,8.64,77342,0
20180517,8.5,8.75,8.38,8.59,114684,0
20180518,8.46,8.77,8.46,8.64,65273,0
20180521,8.78,9,8.08,8.16,172501,0
20180522,8.27,8.3,7.85,8,96924,0
20180523,7.97,8.079,7.7085,7.85,134456,0
20180524,7.8,8.11,7.671,7.93,151561,0
20180525,7.96,8.06,7.8301,8.04,37089,0
20180529,8,8.1,7.9,7.99,68283,0
20180530,7.99,7.99,7.61,7.67,208078,0
20180531,7.71,7.95,7.55,7.67,110722,0
20180601,7.75,7.8,7.501,7.75,70206,0
20180604,7.8,7.8,7.52,7.6,66227,0
20180605,7.64,7.88,7.5,7.84,85128,0
20180606,7.91,8.08,7.77,7.99,41251,0
20180607,8.04,8.09,7.73,7.87,32596,0
20180608,7.9,8.29,7.885,8.24,50746,0
20180611,8.2,8.38,8.0931,8.11,75232,0
20180612,8.04,8.3294,8.03,8.16,103152,0
20180613,8.17,8.57,8.13,8.5,103793,0
20180614,8.6,9.28,8.55,9.25,267500,0
20180615,9.25,9.285,8.91,9,140944,0
20180618,9,9.24,8.99,9.23,152711,0
20180619,9.01,9.35,9.01,9.2,198626,0
20180620,9.2,10.25,9.2,9.65,309762,0
20180621,9.69,9.71,9.24,9.25,204567,0
20180622,9.25,9.3437,9,9.17,236996,0
20180625,9.24,9.24,8.84,8.99,117804,0
20180626,9.09,9.369,9,9.23,32990,0
20180627,9.0001,9.2,8.96,9.01,60242,0
20180628,8.93,8.95,8.54,8.75,112738,0
20180629,8.87,9.05,8.8523,8.92,58201,0
20180702,8.81,8.88,8.41,8.65,59597,0
20180703,8.78,8.95,8.67,8.79,13639,0
20180705,8.94,9.32,8.825,9.25,62575,0
20180706,9.2,9.25,9.08,9.08,36187,0
20180709,9.04,9.17,9.0001,9.15,39398,0
20180710,9.15,9.57,9.15,9.4,137783,0
20180711,9.4,9.45,9.19,9.29,103522,0
20180712,9.3,9.7356,9.3,9.56,107571,0
20180713,9.52,9.85,9.52,9.82,56779,0
20180716,9.8,9.8,9.1,9.15,44497,0
20180717,9.02,9.535,9,9.43,51229,0
20180718,9.3,9.65,9.22,9.47,22876,0
20180719,9.5,10.1,9.49,9.75,147475,0
20180720,9.8,9.935,9.35,9.41,37300,0
20180723,9.37,9.37,8.8301,9.15,64834,0
20180724,9.24,9.24,8.883,9.03,30380,0
20180725,8.78,8.9322,8.5,8.5,60721,0
20180726,8.5,8.93,8.5,8.67,41516,0
20180727,8.53,8.68,8.48,8.5,52309,0
20180730,8.51,8.68,8.5,8.54,35877,0
20180731,8.66,8.9,8.5526,8.8,31102,0
20180801,8.9059,8.9059,8.585,8.78,13160,0
20180802,8.78,9.07,8.6,8.66,44291,0
20180803,8.77,8.91,8.55,8.87,33331,0
20180806,8.92,11.2,8.881,11.15,626348,0
20180807,11.07,11.13,9.9214,10.6,345621,0
20180808,10.66,10.7455,10.0341,10.24,148800,0
20180809,8.9,9.63,8.6,9.27,320047,0
20180810,9.0928,9.2399,8.53,8.99,165125,0
20180813,9,9,8.6,8.86,90640,0
20180814,8.9,8.9,8.5101,8.63,26245,0
20180815,8.56,8.7679,8.5,8.5,42402,0
20180816,8.57,8.78,8.48,8.72,39032,0
20180817,8.8,8.92,8.6,8.75,36257,0
20180820,8.5,8.87,8.5,8.52,54878,0
20180821,8.67,8.92,8.51,8.86,48641,0
20180822,8.75,8.85,8.62,8.69,46842,0
20180823,8.65,8.9,8.6101,8.7,47422,0
20180824,8.8,8.84,8.6035,8.73,63740,0
20180827,8.7,8.99,8.5782,8.75,68635,0
20180828,8.6483,8.82,8.6,8.78,54538,0
20180829,8.8,9.7,8.7646,9.53,184940,0
20180830,9.54,9.6501,9.14,9.22,106788,0
20180831,9.1,9.28,9.02,9.25,157240,0
20180904,9.11,9.2,9.09,9.17,89232,0
20180905,9.17,9.22,8.9845,9.12,70591,0
20180906,9.09,9.1,8.83,8.93,78839,0
20180907,8.93,9,8.82,8.92,24295,0
20180910,8.8,8.86,8.56,8.74,43534,0
20180911,8.58,8.89,8.5,8.51,53505,0
20180912,8.5,8.6,7.33,7.98,506421,0
20180913,8.09,8.26,7.92,7.98,128679,0
20180914,7.9,8.15,7.77,7.91,37080,0
20180917,7.76,7.93,7.57,7.65,41987,0
20180918,7.58,7.89,7.58,7.74,44429,0
20180919,7.78,7.9799,7.62,7.63,49028,0
20180920,7.63,7.815,7.43,7.43,127465,0
20180921,7.59,7.6,7.1,7.52,134652,0
20180924,7.56,8,7.4659,7.86,58408,0
20180925,7.91,8.08,7.73,7.95,45878,0
20180926,7.91,8.03,7.6926,7.8,43226,0
20180927,7.73,7.86,7.6,7.67,37801,0
20180928,7.56,7.77,7.51,7.68,16784,0
20181001,7.76,7.76,7.51,7.68,22107,0
20181002,7.58,7.725,7.57,7.63,50995,0
20181003,7.6,7.67,7.43,7.49,21094,0
20181004,7.44,7.8,7.25,7.46,301784,0
20181005,7.4,7.49,7.1,7.1,149571,0
20181008,7.1,7.46,6.91,7.1,529824,0
20181009,7.09,7.22,6.8825,7.12,26393,0
20181010,7.01,7.07,6.7,6.81,108266,0
20181011,6.8,6.9599,6.72,6.87,66291,0
20181012,7,7.2,6.64,6.81,104580,0
20181015,6.85,7.06,6.76,7.01,20571,0
20181016,7,7.35,6.8,6.94,66674,0
20181017,6.9,7.19,6.8965,7.095,15744,0
20181018,7.08,7.08,6.84,6.89,25189,0
20181019,6.86,7.326,6.86,7.05,46354,0
20181022,7.17,7.24,7.09,7.1,17687,0
20181023,6.8055,7.0663,6.8055,6.95,14611,0
20181024,6.96,6.98,6.33,6.48,49492,0
20181025,6.5,6.8606,6.48,6.66,42017,0
20181026,6.66,7.06,6.511,6.69,42917,0
20181029,6.68,7.09,6.5231,6.53,41445,0
20181030,6.55,7.0999,6.55,6.94,30575,0
20181031,6.94,7.14,6.735,7.03,61099,0
20181101,6.99,7.37,6.73,6.8599,90535,0
20181102,7.15,7.15,6.9,7.05,12877,0
20181105,6.97,7.2161,6.97,7.11,29024,0
20181106,7.13,7.4,7.13,7.215,16016,0
20181107,7.23,7.78,7.23,7.6,74887,0
20181108,7.63,7.9,7.54,7.66,74265,0
20181109,8,8,7.65,7.72,73471,0
20181112,7.58,7.68,7.48,7.54,59562,0
20181113,7.63,7.9483,7.56,7.71,103455,0
20181114,7.9315,7.97,7.7157,7.88,57395,0
20181115,7.77,8.1496,7.69,7.8,97666,0
20181116,7.62,7.8,7.47,7.5,71818,0
20181119,7.8,7.9,7.26,7.44,23731,0
20181120,7.29,7.52,6.99,7.1,46964,0
20181121,7.15,7.35,7.12,7.19,81579,0
20181123,7.4,7.67,7.0198,7.12,5648,0
20181126,7.06,7.35,6.3001,6.72,87163,0
20181127,6.7,7.16,6.6,7.09,52174,0
20181128,7.17,7.19,6.9267,7.07,34722,0
20181129,7.07,7.12,6.91,6.98,28811,0
20181130,6.99,7.23,6.99,7.03,24498,0
20181203,7.06,7.34,6.9,6.9,39710,0
20181204,6.9,7.08,6.83,6.89,18082,0
20181206,6.76,6.86,6.52,6.54,45885,0
20181207,6.51,6.71,6.32,6.37,25612,0
20181210,6.29,6.5,6.0831,6.3,38370,0
20181211,6.26,6.525,6.09,6.13,21179,0
20181212,6.08,6.44,6.08,6.27,61353,0
20181213,6.3,6.68,6.22,6.28,30046,0
20181214,6.22,6.62,6.22,6.3,15066,0
20181217,6.25,6.3923,6.11,6.24,48141,0
20181218,6.15,6.3725,6.15,6.23,43947,0
20181219,6.18,6.44,5.805,5.96,80649,0
20181220,5.79,5.91,5.34,5.505,62353,0
20181221,5.43,5.78,5.43,5.56,95569,0
20181224,5.57,5.7714,5.479,5.65,14481,0
20181226,6.24,6.24,5.5,5.9,72865,0
20181227,5.7,6.07,5.5,5.59,39880,0
20181228,5.45,6.06,5.3,5.59,96686,0
20181231,5.46,5.7185,5.4,5.61,126314,0
20190102,5.5,5.71,5.3855,5.71,21436,0
20190103,5.68,6.09,5.6051,5.72,22321,0
20190104,5.73,5.9699,5.7,5.82,38179,0
20190107,5.91,6.21,5.68,6.05,33005,0
20190108,6.2,6.2712,5.9301,6.1,16677,0
20190109,6.16,6.4,6.03,6.22,15357,0
20190110,6.24,6.3486,5.9456,6.12,24431,0
20190111,6.02,6.4799,5.93,6.16,21777,0
20190114,6.17,6.38,6.17,6.36,16104,0
20190115,6.36,6.59,6.3226,6.49,22275,0
20190116,6.54,6.88,6.3818,6.6914,15187,0
20190117,6.72,6.9263,6.6,6.62,12135,0
20190118,6.74,6.93,6.4,6.57,31686,0
20190122,6.54,6.76,6.31,6.31,17086,0
20190123,6.41,6.51,6.31,6.36,6429,0
20190124,6.4,6.77,6.4,6.56,18558,0
20190125,6.65,6.925,6.4952,6.89,18513,0
20190128,6.74,6.79,6.5517,6.61,12579,0
20190129,6.57,6.755,6.5,6.755,18196,0
20190130,6.72,6.88,6.69,6.88,20180,0
20190131,6.71,6.99,6.66,6.87,25896,0
20190201,6.88,6.92,6.85,6.87,8537,0
20190204,6.87,6.89,6.6006,6.76,29782,0
20190205,6.84,6.85,6.5627,6.8,3133,0
20190206,6.78,6.95,6.66,6.9,23044,0
20190207,6.92,6.93,6.69,6.76,7378,0
20190208,6.8,6.89,6.57,6.59,21197,0
20190211,6.51,6.55,6.35,6.35,29641,0
20190212,6.43,6.54,5.93,6,48620,0
20190213,6.08,6.36,5.9,5.95,28383,0
20190214,5.91,6.3,5.91,6.21,13199,0
20190215,6.21,6.29,6.13,6.25,10457,0
20190219,6.15,7.49,6.15,7.43,475717,0
20190220,8.14,8.92,7.9395,8.85,815195,0
20190221,8.64,8.89,8.1414,8.72,180342,0
20190222,8.45,8.92,8.45,8.74,130197,0
20190225,9.09,9.219,8.6668,8.95,154476,0
20190226,9.21,9.83,8.81,9.52,200998,0
20190227,9.51,9.72,9.26,9.48,121423,0
20190228,9.21,9.41,9.07,9.16,80537,0
20190301,9,9.33,8.95,9.14,64282,0
20190304,9.14,9.2547,8.84,9,67637,0
20190305,9.04,9.05,8.6242,8.75,93392,0
20190306,8.6562,8.725,8.4,8.47,120015,0
20190307,8.47,8.47,8.14,8.14,78466,0
20190308,8.14,8.7348,8.14,8.32,88246,0
20190311,8.47,8.56,8.2,8.36,129608,0
20190312,8.45,8.52,8.33,8.37,77354,0
20190313,8.4,8.6,8.33,8.4,64688,0
20190314,8.45,8.65,8.19,8.39,206112,0
20190315,7.52,8.5345,7.5,8.21,492199,0
20190318,8.06,8.37,7.56,7.97,144665,0
20190319,7.99,8.02,7.69,7.92,62319,0
20190320,7.91,8.0856,7.73,7.73,56385,0
20190321,7.6,7.841,7.6,7.62,84739,0
20190322,7.775,7.795,7.42,7.42,110515,0
20190325,7.38,7.43,7.11,7.11,76790,0
20190326,7.2,7.62,7.11,7.13,154013,0
20190327,7.12,7.19,6.9,7.17,116965,0
20190328,7.13,7.42,7.03,7.32,52876,0
20190329,7.38,7.73,7.31,7.66,53069,0
20190401,7.7,7.8368,7.58,7.69,71420,0
20190402,7.74,7.7619,7.3892,7.57,43722,0
20190403,7.63,7.78,7.54,7.62,60749,0
20190404,7.62,7.867,7.6,7.85,51669,0
20190405,7.91,7.93,7.82,7.92,40497,0
20190408,7.94,7.96,7.795,7.95,40061,0
20190409,7.99,7.99,7.8,7.95,38258,0
20190410,7.99,8.12,7.949,8.04,55326,0
20190411,8.07,8.455,8.06,8.44,60210,0
20190412,8.6,8.6225,8.4,8.4,72096,0
20190415,8.5,8.65,8.41,8.59,59923,0
20190416,8.69,9.12,8.65,8.89,134527,0
20190417,9.09,9.09,8.8,8.92,64253,0
20190418,8.96,9.24,8.8846,9.24,111109,0
20190422,9.22,9.22,9,9.05,58400,0
20190423,9.05,9.16,8.62,8.71,65283,0
20190424,8.69,8.69,8.2,8.39,51866,0
20190425,8.35,8.36,8.105,8.27,26195,0
20190426,8.18,8.85,8.15,8.62,56735,0
20190429,8.57,8.59,8.24,8.5,50896,0
20190430,8.49,8.63,8.22,8.48,38912,0
20190501,8.48,8.89,8.39,8.66,34341,0
20190502,8.66,8.66,7.98,7.98,68710,0
20190503,8.08,8.28,8,8.13,23369,0
20190506,8.02,8.19,7.87,8.01,47199,0
20190507,7.96,8.23,7.62,7.8,106464,0
20190508,7.75,8.2,7.7,7.75,50494,0
20190509,7.51,8.369,7.2,7.74,129048,0
20190510,7.57,7.67,7,7.21,98981,0
20190513,7.2,7.21,6.9,7.05,94907,0
20190514,7.05,7.69,7.05,7.69,41339,0
20190515,7.67,7.91,7.45,7.54,52055,0
20190516,7.19,7.5795,7.15,7.24,48405,0
20190517,7.15,7.23,6.93,7.16,73056,0
20190520,7.16,7.23,7,7.09,30551,0
20190521,7.51,7.51,7.15,7.2,37838,0
20190522,7.2,7.2816,7,7.11,18060,0
20190523,7.01,7.13,6.8508,7.05,55983,0
20190524,7.09,7.32,7.02,7.02,22926,0
20190528,7.01,7.46,7,7,22655,0
20190529,6.86,7.13,6.86,7.06,37129,0
20190530,7.07,7.21,7,7.04,21604,0
20190531,7,7.35,6.8,6.86,33410,0
20190603,6.87,7.68,6.8,6.87,42395,0
20190604,6.93,7.07,6.8123,7.07,41616,0
20190605,7.09,7.09,6.8,6.89,36968,0
20190606,6.84,6.97,6.8,6.85,25741,0
20190607,6.84,7.03,5.635,6.14,233460,0
20190610,6.3,6.84,5.95,6.12,76711,0
20190611,6.22,6.76,6.17,6.75,48635,0
20190612,6.75,6.75,6.45,6.48,27857,0
20190613,6.75,7.7331,6.75,7.68,129676,0
20190614,7.75,7.7654,6.86,7.12,125432,0
20190617,7.14,7.475,7.14,7.4,115535,0
20190618,7.49,7.85,7.345,7.66,146221,0
20190619,7.59,7.68,7.14,7.14,44333,0
20190620,7.23,7.29,7,7.02,45361,0
20190621,7.08,7.08,6.8,6.92,39495,0
20190624,7,7.17,6.85,6.85,26173,0
20190625,6.87,6.94,6.76,6.76,32318,0
20190626,6.84,7.06,6.84,6.99,15995,0
20190627,6.99,7.23,6.99,7.06,30903,0
20190628,6.75,7.18,6.52,6.52,153760,0
20190701,6.66,6.67,6,6.03,197957,0
20190702,6.08,6.15,5.66,5.9,182386,0
20190703,5.9,6.12,5.801,6.04,40555,0
20190705,6.09,6.1006,5.9219,6.09,38752,0
20190708,6.05,6.11,5.83,5.94,57224,0
20190709,5.95,5.99,5.825,5.85,60810,0
20190710,5.79,5.91,5.79,5.82,50071,0
20190711,5.85,6.0906,5.82,5.86,23447,0
20190712,5.9,6.36,5.9,6.21,104502,0
20190715,6.14,6.35,6,6.26,56451,0
20190716,6.28,6.6999,6.28,6.55,66320,0
20190717,6.62,6.7,6.4,6.52,53028,0
20190718,6.56,6.621,6.45,6.55,30704,0
20190719,6.56,6.64,6.4,6.59,64300,0
20190722,6.6,6.97,6.59,6.79,95919,0
20190723,6.84,6.95,6.76,6.8,30218,0
20190724,6.81,7.075,6.81,6.92,78278,0
20190725,7,7.1399,6.92,6.93,43456,0
20190726,6.99,7.03,6.79,6.91,62635,0
20190729,6.92,6.94,6.6605,6.71,79863,0
20190730,6.66,6.8,6.47,6.71,34164,0
20190731,6.71,6.88,6.53,6.77,62804,0
20190801,6.71,6.79,6.41,6.46,30283,0
20190802,6.46,6.77,6.33,6.48,37589,0
20190805,6.45,6.45,5.9,5.96,67915,0
20190806,5.95,6.1499,5.73,6.01,154740,0
20190807,6.01,6.28,5.9,6.06,56293,0
20190808,5.91,6.22,5.9,5.91,93876,0
20190809,5.91,5.91,5.46,5.47,165309,0
20190812,5.65,6.48,5.65,6.35,85356,0
20190813,6.4,6.49,5.96,6.15,99432,0
20190814,6.13,6.21,5.4,5.53,121466,0
20190815,5.563,5.71,5.35,5.65,47499,0
20190816,5.65,6.2,5.65,6.16,79554,0
20190819,6.16,6.49,6.16,6.28,171326,0
20190820,6.36,6.48,6.25,6.37,85577,0
20190821,6.45,6.47,6.29,6.38,81280,0
20190822,6.47,6.61,6.38,6.58,67048,0
20190823,6.74,7.16,6.72,6.8,158794,0
20190826,6.96,7.04,6.85,6.86,106318,0
20190827,6.94,6.9599,6.75,6.77,92831,0
20190828,6.77,6.99,6.77,6.92,66701,0
20190829,6.99,7.02,6.77,6.79,73324,0
20190830,6.89,6.91,6.75,6.76,64626,0
20190903,6.75,6.853,6.75,6.76,51483,0
20190904,6.89,6.9,6.75,6.76,98630,0
20190905,6.87,6.97,6.75,6.77,72310,0
20190906,6.77,6.91,6.69,6.71,62833,0
20190909,6.75,6.8,6.58,6.63,53275,0
20190910,6.65,6.86,6.58,6.76,81924,0
20190911,6.91,7.0359,6.773,6.94,142984,0
20190912,6.99,6.99,6.72,6.74,55501,0
20190913,6.73,6.78,6.58,6.58,80690,0
20190916,6.65,6.81,6.61,6.74,71177,0
20190917,6.77,6.97,6.7,6.82,122900,0
20190918,6.79,6.915,6.58,6.66,45921,0
20190919,6.68,6.8,6.56,6.61,30795,0
20190920,6.59,6.59,6.28,6.42,60775,0
20190923,6.45,6.47,6.3,6.405,43544,0
20190924,6.44,6.48,6.098,6.31,55348,0
20190925,6.36,6.36,6.1,6.13,48348,0
20190926,6.2,6.2336,5.91,6.1,52234,0
20190927,6.09,6.15,6.04,6.13,36331,0
20190930,6.13,6.14,6.02,6.13,24954,0
20191001,6.15,6.371,5.7238,5.82,65674,0
20191002,5.72,5.84,5.56,5.81,86105,0
20191003,5.8,6.035,5.71,5.92,22310,0
20191004,5.97,6.04,5.76,5.92,43345,0
20191007,5.95,5.95,5.8,5.85,25141,0
20191008,5.77,5.84,5.52,5.6,48004,0
20191009,5.69,5.72,5.5,5.72,41275,0
20191010,5.74,5.79,5.55,5.59,35903,0
20191011,5.69,5.7,5.44,5.51,84349,0
20191014,5.52,5.52,5.01,5.2,156118,0
20191015,5.2,5.44,5.13,5.41,58221,0
20191016,5.37,5.38,5.1924,5.29,33260,0
20191017,5.3,5.52,5.2207,5.5,38582,0
20191018,5.52,5.53,5.35,5.44,28033,0
20191021,5.46,5.68,5.46,5.65,27128,0
20191022,5.75,6.16,5.7148,5.98,83277,0
20191023,5.99,6,5.68,5.69,55917,0
20191024,5.67,5.91,5.55,5.75,31359,0
20191025,5.79,5.99,5.73,5.96,38439,0
20191028,6.0526,6.08,5.84,5.9,58315,0
20191029,5.93,5.96,5.58,5.64,28543,0
20191030,5.69,5.77,5.6593,5.73,27637,0
20191031,5.76,5.9327,5.72,5.85,29437,0
20191101,5.87,5.935,5.7309,5.85,27215,0
20191104,6.02,6.071,5.92,5.93,30053,0
20191105,5.98,6.016,5.92,5.93,15192,0
20191106,5.89,5.94,5.76,5.88,20745,0
20191107,5.91,5.91,5.57,5.74,46467,0
20191108,5.66,5.69,5.19,5.49,121425,0
20191111,5.49,5.49,5.212,5.32,51729,0
20191112,5.3,5.5,5.27,5.5,34355,0
20191113,5.31,5.385,5.135,5.26,44176,0
20191114,5.25,5.3,5.12,5.25,31578,0
20191115,5.275,5.28,5.05,5.16,72882,0
20191118,5.1,5.13,4.95,5.07,83448,0
20191119,5.18,5.2,4.94,5.16,59279,0
20191120,5.16,5.21,5.05,5.12,56771,0
20191121,5.2,5.2,5.01,5.12,42857,0
20191122,5,5.1,4.9,4.99,70741,0
20191125,4.96,5.1,4.91,5.03,55490,0
20191126,5.27,5.37,5.1358,5.15,92818,0
20191127,5.21,5.26,5.02,5.16,259558,0
20191129,5.27,5.33,5.2,5.23,47753,0
20191202,5.28,5.33,5.13,5.15,60170,0
20191203,5.15,5.21,5.04,5.09,58549,0
20191204,5.18,5.18,4.99,4.99,115812,0
20191205,5.01,5.0899,4.979,5.06,43683,0
20191206,5.1,5.16,4.95,4.97,157164,0
20191209,5.02,5.12,4.98,5,59749,0
20191210,5,5.02,4.9,4.905,64645,0
20191211,4.96,5.15,4.955,5.02,121979,0
20191212,5.09,5.3999,5.05,5.36,115956,0
20191213,5.35,5.44,5.165,5.39,98719,0
20191216,5.47,5.58,5.4392,5.54,120987,0
20191217,5.66,5.89,5.6318,5.69,228460,0
20191218,5.74,5.7811,5.64,5.69,56105,0
20191219,5.7,5.74,5.6373,5.69,67142,0
20191220,5.69,5.69,5.57,5.57,70632,0
20191223,5.59,5.66,5.55,5.57,92253,0
20191224,5.57,5.62,5.47,5.575,43658,0
20191226,5.6,5.65,5.47,5.5,59739,0
20191227,5.5,5.52,5.25,5.38,77764,0
20191230,5.35,5.55,5.25,5.28,132566,0
20191231,5.27,5.56,5.09,5.26,184345,0
20200102,5.36,5.61,5.35,5.48,101581,0
20200103,5.48,5.61,5.47,5.47,58567,0
20200106,5.47,5.58,5.46,5.49,28410,0
20200107,5.43,5.53,5.38,5.47,50803,0
20200108,5.41,5.42,5.26,5.32,46521,0
20200109,5.36,5.51,5.24,5.29,30217,0
20200110,5.28,5.47,5.27,5.44,26208,0
20200113,5.5,5.517,5.2897,5.44,58931,0
20200114,5.39,5.39,5,5,164335,0
20200115,5.08,5.18,4.95,5,114659,0
20200116,5.02,5.1032,4.9,4.96,119405,0
20200117,4.95,5.08,4.95,5.04,53627,0
20200121,5.04,5.17,5,5.01,95361,0
20200122,5.24,5.3167,5.17,5.29,316114,0
20200123,5.31,5.35,5.21,5.25,79879,0
