Date,Open,High,Low,Close,Volume,OpenInt
20130516,21.59,21.642,21.59,21.642,14589,0
20130517,21.642,21.781,21.59,21.721,34159,0
20130520,21.729,21.781,21.729,21.764,16475,0
20130521,21.764,21.806,21.764,21.764,7180,0
20130522,21.833,21.833,21.686,21.816,5443,0
20130523,21.721,21.721,21.677,21.712,4170,0
20130524,21.754,21.754,21.721,21.745,3609,0
20130528,21.764,21.764,21.479,21.479,35433,0
20130529,21.479,21.547,20.83,21.547,13077,0
20130530,21.539,21.539,21.201,21.461,4097,0
20130531,21.452,21.452,21.288,21.367,4082,0
20130603,21.375,21.375,21.029,21.201,5661,0
20130604,21.236,21.332,21.229,21.314,1621,0
20130605,21.332,21.332,21.244,21.244,1389,0
20130606,21.081,21.081,21.081,21.081,464,0
20130607,21.324,21.367,21.281,21.367,3488,0
20130610,21.367,21.367,21.332,21.332,256,0
20130611,21.244,21.244,20.891,20.9,40000,0
20130612,20.9,20.9,20.381,20.83,8882,0
20130613,20.83,20.83,20.727,20.77,4691,0
20130614,20.891,20.9,20.77,20.778,5177,0
20130617,21.106,21.106,20.9,20.9,2778,0
20130619,20.986,20.986,20.986,20.986,1738,0
20130620,21.054,21.054,20.916,20.916,2339,0
20130621,20.916,20.916,20.424,20.632,1771,0
20130624,20.882,20.882,20.468,20.64,2060,0
20130625,20.632,20.64,20.632,20.64,1504,0
20130626,20.64,20.968,20.64,20.727,2259,0
20130627,20.813,21.004,20.813,21.004,1389,0
20130628,21.495,21.523,21.222,21.523,5553,0
20130701,20.978,20.986,20.978,20.986,1361,0
20130702,21.038,21.038,20.943,20.943,694,0
20130703,20.943,20.943,20.943,20.943,115,0
20130705,20.943,20.943,20.891,20.9,6627,0
20130708,20.9,20.9,20.9,20.9,290,0
20130709,20.882,20.882,20.882,20.882,115,0
20130710,20.9,20.9,20.554,20.554,4170,0
20130711,20.891,20.891,20.683,20.683,229,0
20130712,20.787,20.787,20.77,20.77,464,0
20130715,20.9,20.926,20.9,20.926,229,0
20130716,20.778,20.986,20.511,20.675,6051,0
20130717,20.83,20.9,20.624,20.65,7666,0
20130719,20.735,20.735,20.624,20.727,1852,0
20130722,20.934,20.959,20.934,20.959,1064,0
20130723,20.959,21.158,20.959,21.158,3011,0
20130724,21.115,21.115,20.916,21.063,694,0
20130725,21.029,21.029,20.934,20.934,579,0
20130729,21.073,21.09,20.986,20.986,694,0
20130730,20.943,21.09,20.943,21.09,671,0
20130731,20.9,21.236,20.442,21.236,6022,0
20130801,20.934,20.968,20.934,20.968,6686,0
20130802,21.054,21.054,21.054,21.054,795,0
20130805,20.986,21.115,20.916,21.115,2437,0
20130806,20.943,20.978,20.943,20.968,1158,0
20130807,20.986,21.063,20.986,20.986,1738,0
20130808,21.004,21.063,21.004,21.011,1309,0
20130809,20.865,20.978,20.865,20.978,3195,0
20130812,21.266,21.344,21.169,21.178,6472,0
20130813,20.911,21.017,20.911,21,902,0
20130814,20.77,20.894,20.602,20.822,3622,0
20130815,20.822,20.822,20.069,20.734,3160,0
20130816,20.716,20.716,20.052,20.247,4431,0
20130819,20.159,20.159,19.503,19.503,8118,0
20130820,19.272,19.669,19.006,19.361,16714,0
20130821,19.406,19.45,19.361,19.414,2323,0
20130822,19.733,19.733,19.617,19.625,2985,0
20130823,19.937,19.981,19.937,19.981,902,0
20130826,20.237,20.627,20.237,20.557,3070,0
20130827,20.708,20.734,20.708,20.734,1911,0
20130828,20.716,20.716,20.716,20.716,790,0
20130829,20.681,21.08,20.681,21.08,790,0
20130830,21.08,21.08,21.071,21.071,902,0
20130903,21.071,21.382,21.071,21.266,3386,0
20130904,21.212,21.212,21.212,21.212,453,0
20130906,21.203,21.203,20.664,20.664,1433,0
20130909,21.017,21.017,20.726,20.726,902,0
20130910,21.017,21.036,21.008,21.008,1093,0
20130912,21,21,20.964,20.992,2708,0
20130913,20.866,20.866,20.866,20.866,214,0
20130916,20.866,20.866,20.866,20.866,114,0
20130917,21,21,20.734,20.734,642,0
20130918,21,21.017,21,21.017,825,0
20130919,21.045,21.256,21.045,21.169,1224,0
20130920,20.894,20.894,20.69,20.69,2370,0
20130923,20.734,20.734,20.69,20.69,2087,0
20130924,20.822,20.822,20.406,20.699,4289,0
20130925,20.822,20.822,20.592,20.805,3365,0
20130926,20.814,20.814,20.814,20.814,224,0
20130930,20.822,20.822,20.822,20.822,1467,0
20131002,20.814,20.822,20.814,20.822,2838,0
20131008,20.415,20.814,20.415,20.432,2682,0
20131009,20.822,20.822,20.822,20.822,479,0
20131010,20.822,20.822,20.734,20.734,933,0
20131011,20.734,20.822,20.734,20.822,1580,0
20131014,20.822,20.822,20.822,20.822,1128,0
20131015,21,21,21,21,576,0
20131016,20.822,21.203,20.805,21.169,2686,0
20131017,20.805,20.876,20.797,20.814,4513,0
20131018,21.105,21.149,20.797,20.797,3612,0
20131021,21.105,21.105,21.105,21.105,112,0
20131022,20.734,21.052,20.734,20.866,6599,0
20131023,20.866,20.866,20.822,20.822,224,0
20131024,20.903,20.911,20.654,20.654,4222,0
20131025,20.822,20.822,20.797,20.797,453,0
20131028,20.777,20.822,20.777,20.822,1467,0
20131029,20.903,20.903,20.903,20.903,566,0
20131030,20.885,20.885,20.866,20.866,1128,0
20131031,20.822,20.822,20.734,20.822,3160,0
20131101,20.777,20.777,20.476,20.734,3723,0
20131104,20.69,20.831,20.69,20.822,1128,0
20131105,20.822,20.822,20.814,20.814,6399,0
20131106,20.822,20.822,20.797,20.822,2059,0
20131107,20.805,20.894,20.805,20.822,4369,0
20131108,20.822,20.822,20.822,20.822,2144,0
20131111,20.805,20.805,20.548,20.646,3102,0
20131112,20.814,20.831,20.627,20.831,5465,0
20131113,20.961,20.961,20.555,20.899,2431,0
20131114,20.546,20.899,20.546,20.673,1260,0
20131119,20.673,20.764,20.673,20.764,775,0
20131120,20.41,20.764,20.41,20.764,3654,0
20131121,20.809,20.809,20.356,20.764,15475,0
20131122,20.718,20.718,20.311,20.311,1216,0
20131125,20.311,20.356,20.311,20.356,2874,0
20131126,20.356,20.356,20.356,20.356,220,0
20131127,20.709,20.709,20.691,20.691,441,0
20131129,20.664,20.664,20.619,20.619,775,0
20131203,20.212,20.365,20.212,20.356,2288,0
20131204,20.039,20.039,20.039,20.039,110,0
20131205,20.067,20.084,20.067,20.084,1105,0
20131206,20.22,20.302,20.22,20.302,1381,0
20131209,20.238,20.356,19.622,20.039,19566,0
20131210,19.859,19.912,19.859,19.912,2175,0
20131212,19.859,19.859,19.814,19.814,1015,0
20131213,19.859,19.859,19.859,19.859,110,0
20131216,19.904,19.904,19.651,19.651,3094,0
20131217,19.677,19.677,19.677,19.677,2560,0
20131218,19.904,20.129,19.859,20.121,47818,0
20131219,19.741,19.767,19.487,19.767,2454,0
20131220,19.722,19.722,19.487,19.487,8424,0
20131223,19.515,19.515,19.361,19.461,17121,0
20131224,19.642,19.686,19.642,19.686,938,0
20131226,19.776,19.776,19.677,19.677,2384,0
20131227,19.677,20.736,19.677,20.174,21347,0
20131230,19.904,20.129,19.904,20.067,3530,0
20131231,20.266,20.455,20.266,20.455,538,0
20140102,20.455,20.455,20.447,20.447,1216,0
20140103,20.193,20.193,20.193,20.193,575,0
20140106,20.455,20.455,20.455,20.455,622,0
20140107,20.356,20.356,20.311,20.311,830,0
20140108,20.455,20.455,20.455,20.455,1710,0
20140109,20.437,20.447,20.274,20.447,3558,0
20140110,20.455,20.455,20.266,20.274,4976,0
20140113,20.447,20.447,20.447,20.447,205,0
20140114,20.402,20.745,20.402,20.691,1683,0
20140115,20.582,20.582,20.582,20.582,1105,0
20140116,20.582,20.754,20.474,20.754,2431,0
20140117,20.527,20.745,20.527,20.727,2211,0
20140121,20.664,20.736,20.664,20.736,2471,0
20140122,20.736,20.736,20.736,20.736,1105,0
20140123,20.646,20.754,20.492,20.754,3272,0
20140124,20.691,20.8,20.691,20.79,10334,0
20140127,20.718,20.79,20.718,20.754,3101,0
20140128,20.681,20.681,20.681,20.681,330,0
20140129,20.727,20.764,20.727,20.764,5461,0
20140130,20.764,20.764,20.764,20.764,519,0
20140131,20.764,21.035,20.754,21.026,14779,0
20140203,21.006,21.288,20.954,21.251,7666,0
20140204,21.251,21.288,21.216,21.251,5010,0
20140205,21.325,21.514,21.315,21.486,9819,0
20140206,21.261,21.261,21.261,21.261,9274,0
20140207,21.261,21.261,21.261,21.261,2948,0
20140210,21.495,21.514,21.388,21.479,906,0
20140211,21.261,21.261,21.216,21.261,4809,0
20140212,21.339,21.495,21.339,21.385,790,0
20140213,21.292,21.339,21.209,21.245,3527,0
20140214,21.245,21.376,21.209,21.245,21489,0
20140218,21.245,21.245,21.229,21.245,8351,0
20140219,21.245,21.245,21.245,21.245,1651,0
20140220,21.107,21.245,20.979,21.199,11543,0
20140221,21.005,21.245,21.005,21.245,10338,0
20140224,21.245,21.245,21.153,21.173,4970,0
20140225,21.245,21.245,21.127,21.127,1542,0
20140226,21.245,21.245,21.071,21.071,9182,0
20140227,21.098,21.245,21.098,21.245,5159,0
20140228,21.199,21.199,21.044,21.173,7984,0
20140303,21.245,21.245,21.199,21.229,10465,0
20140304,21.245,21.245,21.209,21.245,8771,0
20140305,21.219,21.245,21.117,21.245,11342,0
20140306,21.245,21.245,21.145,21.182,7292,0
20140307,21.245,21.245,21.199,21.199,10948,0
20140310,21.245,21.245,21.145,21.145,10215,0
20140311,21.173,21.245,21.173,21.245,2959,0
20140312,21.153,21.229,21.136,21.136,2999,0
20140313,21.052,21.127,21.052,21.098,1050,0
20140314,21.127,21.145,21.107,21.107,2132,0
20140317,21.209,21.219,21.209,21.219,435,0
20140318,21.219,21.245,21.107,21.245,15291,0
20140319,21.245,21.245,21.08,21.08,5440,0
20140320,21.237,21.245,21.153,21.245,8855,0
20140321,21.173,21.229,21.127,21.229,53446,0
20140324,21.219,21.245,21.136,21.145,25126,0
20140325,21.237,21.237,21.098,21.107,8722,0
20140326,21.163,21.219,20.959,21.015,12341,0
20140327,21.145,21.145,20.867,21.015,24141,0
20140328,21.044,21.153,21.044,21.107,17145,0
20140331,21.107,21.237,21.107,21.117,13855,0
20140401,21.245,21.245,21.245,21.245,1459,0
20140402,21.245,21.245,21.219,21.237,5996,0
20140403,21.245,21.245,21.209,21.245,11108,0
20140404,21.245,21.245,21.237,21.245,26040,0
20140407,21.209,21.245,21.199,21.237,14645,0
20140408,21.237,21.245,21.237,21.245,10927,0
20140409,21.245,21.245,21.237,21.237,2499,0
20140410,21.245,21.245,21.237,21.237,6059,0
20140411,21.237,21.245,21.237,21.245,1802,0
20140414,21.321,21.339,21.237,21.339,2358,0
20140415,21.339,21.422,21.339,21.367,7311,0
20140416,21.459,21.57,21.393,21.56,32059,0
20140417,21.56,21.727,21.495,21.643,27164,0
20140421,21.652,21.737,21.616,21.672,48968,0
20140422,21.737,21.737,21.495,21.635,161198,0
20140423,21.56,21.727,21.56,21.708,22122,0
20140424,21.764,21.948,21.754,21.948,34854,0
20140425,21.976,22.013,21.884,22.013,6034,0
20140428,21.939,22.152,21.921,22.078,26096,0
20140429,22.124,22.337,22.087,22.16,5287,0
20140430,22.16,22.17,22.078,22.078,5082,0
20140501,22.096,22.124,22.032,22.124,1525,0
20140502,21.846,22.299,21.846,22.299,16330,0
20140505,22.299,22.328,22.16,22.262,23556,0
20140506,22.18,22.318,22.17,22.206,13797,0
20140507,22.262,22.262,22.032,22.096,31803,0
20140508,22.17,22.235,22.096,22.17,13153,0
20140509,22.291,22.291,22.06,22.235,10010,0
20140512,22.272,22.337,22.152,22.337,41706,0
20140513,22.396,22.406,22.275,22.341,4801,0
20140514,22.331,22.406,22.171,22.199,9648,0
20140515,22.369,22.416,22.294,22.416,3586,0
20140516,22.416,22.416,22.161,22.171,14124,0
20140519,22.143,22.396,22.143,22.341,5622,0
20140520,22.359,22.426,22.341,22.388,4828,0
20140521,22.426,22.482,22.349,22.388,19630,0
20140522,22.426,22.482,22.302,22.416,31531,0
20140523,22.426,22.426,22.199,22.396,2467,0
20140527,22.396,22.435,22.396,22.396,3130,0
20140528,22.435,22.473,22.406,22.406,4031,0
20140529,22.453,22.463,22.406,22.463,2819,0
20140530,22.463,22.473,22.463,22.473,3463,0
20140602,22.473,22.539,22.312,22.341,15857,0
20140603,22.463,22.463,22.341,22.426,4876,0
20140604,22.388,22.388,22.359,22.359,1541,0
20140605,22.369,22.369,22.369,22.369,1061,0
20140606,22.369,22.379,22.294,22.294,2247,0
20140609,22.246,22.463,22.246,22.463,6456,0
20140610,22.341,22.473,22.152,22.237,4986,0
20140611,22.246,22.265,22.246,22.255,1395,0
20140612,22.379,22.445,22.275,22.388,2232,0
20140616,22.445,22.482,22.396,22.482,7660,0
20140617,22.5,22.557,22.435,22.557,4083,0
20140618,22.445,22.604,22.406,22.406,6683,0
20140619,22.586,22.624,22.426,22.586,4880,0
20140620,22.595,22.604,22.595,22.604,1057,0
20140623,22.624,22.68,22.624,22.68,2582,0
20140624,22.453,22.661,22.453,22.624,901,0
20140625,22.746,22.793,22.746,22.793,1791,0
20140626,22.793,22.981,22.624,22.981,18296,0
20140627,23.075,23.075,23.048,23.048,651,0
20140630,23.048,23.246,23.048,23.236,4893,0
20140701,23.226,23.226,23.095,23.217,2334,0
20140702,23.075,23.189,23.075,23.189,2228,0
20140703,23.048,23.095,22.972,23.095,2991,0
20140707,22.991,23.142,22.991,23.142,3407,0
20140708,23.075,23.095,23.075,23.095,556,0
20140711,23.095,23.095,23.075,23.095,1273,0
20140714,22.822,23.236,22.822,23.236,8807,0
20140715,23.217,23.236,22.83,23.075,1561,0
20140716,23.236,23.236,23.132,23.208,1602,0
20140717,23.283,23.283,23.189,23.189,1493,0
20140718,23.283,23.283,22.981,23.283,1718,0
20140721,23.283,23.283,23.246,23.273,901,0
20140722,23.142,23.161,23.057,23.114,2096,0
20140723,23.095,23.217,23.095,23.189,38426,0
20140724,23.028,23.264,23.028,23.264,1167,0
20140725,23.256,23.256,23.132,23.142,3855,0
20140728,23.085,23.152,23.048,23.057,2976,0
20140729,23.142,23.189,23.142,23.189,4139,0
20140730,23.161,23.264,23.161,23.161,2546,0
20140731,23.161,23.217,23.095,23.095,9645,0
20140801,23.105,23.226,23.067,23.226,2754,0
20140804,23.217,23.226,23.095,23.142,7809,0
20140805,23.273,23.283,23.048,23.048,9381,0
20140806,23.256,23.264,22.972,22.972,5298,0
20140807,23.152,23.152,22.981,23.095,1939,0
20140808,23.095,23.273,23.057,23.095,2780,0
20140811,23.095,23.226,23.095,23.095,7055,0
20140812,23.028,23.256,23.028,23.256,7310,0
20140813,23.268,23.268,23.154,23.154,4482,0
20140814,23.394,23.75,23.278,23.278,24879,0
20140815,23.25,23.268,23.105,23.105,6406,0
20140818,23.268,23.268,23.105,23.22,5735,0
20140819,23.154,23.172,23.067,23.172,5926,0
20140820,23.317,23.317,23.172,23.172,2998,0
20140821,23.442,23.461,23.192,23.192,4299,0
20140822,23.172,23.288,23.172,23.182,5588,0
20140825,23.182,23.307,23.124,23.25,10501,0
20140826,23.25,23.268,23.192,23.268,2205,0
20140827,23.22,23.22,23.211,23.22,7175,0
20140828,23.22,23.25,23.163,23.211,11999,0
20140829,23.307,23.558,23.268,23.268,3975,0
20140902,23.23,23.624,23.211,23.624,8507,0
20140903,23.356,23.5,23.22,23.5,14292,0
20140904,23.394,23.422,23.317,23.346,3485,0
20140905,23.461,23.461,23.422,23.461,1391,0
20140908,23.413,23.413,23.211,23.278,8857,0
20140909,23.259,23.288,23.22,23.24,3961,0
20140910,23.22,23.25,22.894,22.913,14015,0
20140911,23.144,23.144,22.644,22.836,6089,0
20140912,22.788,22.932,22.788,22.913,8120,0
20140915,22.778,22.99,22.778,22.952,2195,0
20140916,23.067,23.067,22.952,23.048,936,0
20140917,23.028,23.105,22.952,23.028,8371,0
20140918,23.202,23.202,23.172,23.172,1267,0
20140919,23.134,23.211,23.134,23.211,3822,0
20140922,23.25,23.25,23.144,23.25,7124,0
20140923,23.23,23.452,23.23,23.346,7149,0
20140924,23.422,23.422,23.422,23.422,1911,0
20140925,23.413,23.413,23.317,23.404,2080,0
20140926,23.317,23.326,23.172,23.22,5754,0
20140929,23.202,23.404,23.172,23.202,9252,0
20140930,23.154,23.317,23.154,23.317,1236,0
20141001,23.22,23.22,23.192,23.22,5079,0
20141002,23.211,23.634,23.211,23.442,2178,0
20141003,23.211,23.432,23.211,23.422,1184,0
20141006,23.422,23.586,23.422,23.586,7235,0
20141007,23.586,23.586,23.432,23.461,2582,0
20141008,23.566,23.586,23.422,23.586,1508,0
20141010,23.25,23.25,23.211,23.211,1581,0
20141013,23.566,23.576,23.374,23.404,5153,0
20141014,23.404,23.586,23.278,23.5,4545,0
20141015,23.23,23.23,23.23,23.23,112,0
20141016,23.336,23.336,23.336,23.336,1352,0
20141017,23.558,23.576,23.558,23.566,2101,0
20141020,23.566,23.606,23.461,23.596,6864,0
20141021,23.374,23.422,23.374,23.422,728,0
20141022,23.614,23.702,23.558,23.576,5928,0
20141023,23.798,23.874,23.654,23.654,16700,0
20141024,23.712,23.73,23.624,23.654,7488,0
20141027,23.576,23.808,23.576,23.808,324,0
20141028,23.644,23.884,23.644,23.846,5882,0
20141029,23.922,23.942,23.816,23.942,16410,0
20141030,23.856,23.942,23.846,23.932,1706,0
20141031,23.856,23.97,23.816,23.97,2572,0
20141103,23.73,23.864,23.712,23.712,5005,0
20141104,23.768,23.942,23.74,23.846,6491,0
20141105,23.846,23.952,23.836,23.846,5590,0
20141106,23.846,23.874,23.846,23.846,2980,0
20141107,23.826,23.874,23.76,23.864,5845,0
20141110,23.846,23.932,23.808,23.846,6527,0
20141111,23.836,23.904,23.836,23.904,4813,0
20141112,23.937,24.3,23.937,23.996,5740,0
20141113,24.192,24.192,24.025,24.123,1896,0
20141114,23.908,23.957,23.908,23.957,5082,0
20141117,23.868,24.025,23.839,24.025,3538,0
20141118,23.898,24.016,23.878,23.878,2576,0
20141119,23.927,23.927,23.81,23.859,1955,0
20141120,23.702,23.829,23.702,23.78,1543,0
20141121,23.829,23.859,23.604,23.721,9735,0
20141124,23.878,24.143,23.878,23.976,7243,0
20141125,23.976,23.976,23.937,23.937,3021,0
20141126,23.947,23.947,23.78,23.849,2236,0
20141128,23.937,23.957,23.712,23.731,1769,0
20141201,23.761,23.966,23.751,23.927,4960,0
20141202,23.927,23.927,23.917,23.927,7869,0
20141203,23.878,23.878,23.849,23.878,842,0
20141204,23.947,23.947,23.927,23.927,2534,0
20141205,23.839,23.917,23.839,23.878,3822,0
20141208,23.78,23.966,23.78,23.966,5591,0
20141209,23.731,24.349,23.731,24.084,1086,0
20141210,23.849,23.849,23.849,23.849,469,0
20141211,24.074,24.221,23.829,24.212,6463,0
20141212,24.3,24.3,24.261,24.261,922,0
20141217,23.761,24.27,23.761,24.231,3290,0
20141218,24.359,24.359,24.221,24.221,2630,0
20141219,24.329,24.339,24.27,24.29,1232,0
20141222,24.074,24.074,24.074,24.074,816,0
20141226,24.025,24.231,24.025,24.231,2217,0
20141229,24.27,24.398,24.27,24.398,1101,0
20141230,24.339,24.349,24.123,24.123,7995,0
20141231,24.123,24.221,24.123,24.221,1969,0
20150102,24.153,24.153,24.094,24.094,2706,0
20150105,24.221,24.329,24.172,24.172,10558,0
20150106,24.172,24.261,23.8,24.055,6557,0
20150107,24.143,24.27,24.045,24.123,3362,0
20150108,24.27,24.27,24.221,24.27,2076,0
20150109,24.319,24.319,24.29,24.29,650,0
20150112,24.369,24.369,24.369,24.369,408,0
20150113,24.369,24.378,24.133,24.133,22040,0
20150114,24.133,24.251,23.976,23.976,10026,0
20150115,23.976,24.074,23.849,23.927,9563,0
20150116,23.986,24.006,23.888,23.888,7579,0
20150120,24.065,24.065,23.78,23.78,14044,0
20150121,23.878,23.878,23.574,23.672,18649,0
20150122,23.653,23.682,23.564,23.662,9029,0
20150123,23.751,23.829,23.692,23.79,10690,0
20150126,23.79,23.917,23.653,23.721,7141,0
20150127,23.829,23.829,23.672,23.78,5330,0
20150128,23.79,24.084,23.79,23.898,9586,0
20150129,23.947,24.074,23.947,24.074,2973,0
20150130,24.074,24.074,24.025,24.025,1632,0
20150202,24.074,24.251,24.074,24.202,4073,0
20150203,24.172,24.251,24.104,24.133,6083,0
20150204,24.133,24.153,23.996,24.094,5653,0
20150205,24.123,24.241,24.094,24.241,1524,0
20150206,24.27,24.28,24.123,24.192,2485,0
20150209,24.104,24.31,24.104,24.31,4661,0
20150210,24.143,24.516,24.143,24.516,26560,0
20150211,24.6,24.6,24.42,24.5,3942,0
20150212,24.5,24.59,24.15,24.15,17406,0
20150213,24.39,24.56,24.24,24.46,5045,0
20150217,24.29,24.4,24.24,24.25,7485,0
20150218,24.25,24.38,24.25,24.38,2098,0
20150219,24.39,24.42,24.27,24.27,4660,0
20150220,24.33,24.37,24.27,24.34,5763,0
20150223,24.37,24.44,24.33,24.4,3478,0
20150224,24.45,24.45,24.32,24.42,3251,0
20150225,24.48,24.5,24.41,24.45,2358,0
20150226,24.54,24.54,24.36,24.36,3029,0
20150227,24.32,24.4,24.3,24.3,4749,0
20150302,24.39,24.44,24.3,24.433,6895,0
20150304,24.38,24.44,24.3,24.43,8675,0
20150305,24.4,24.501,24.4,24.5,1357,0
20150306,24.37,24.54,24.34,24.38,3898,0
20150311,24.44,24.579,24.4,24.526,4496,0
20150313,24.43,24.5,24.35,24.35,11109,0
20150316,24.409,24.5,24.35,24.46,2939,0
20150317,24.36,24.49,24.36,24.45,4499,0
20150318,24.37,24.48,24.36,24.48,5521,0
20150319,24.48,24.5,24.35,24.35,18442,0
20150320,24.5,24.5,24.35,24.35,3883,0
20150323,24.41,24.58,24.4,24.58,3000,0
20150324,24.41,24.588,24.4,24.4,2475,0
20150325,24.37,24.4,24.36,24.4,972,0
20150326,24.5,24.5,24.38,24.38,1212,0
20150327,24.38,24.43,24.36,24.42,2631,0
20150330,24.43,24.448,24.35,24.35,6462,0
20150331,24.46,24.53,24.35,24.53,5194,0
20150401,24.45,24.45,24.435,24.44,2841,0
20150402,24.44,24.55,24.4,24.4,2592,0
20150406,24.51,24.75,24.51,24.642,11826,0
20150407,24.6,25,24.6,24.87,19280,0
20150408,24.85,24.99,24.81,24.99,10950,0
20150409,24.95,24.99,24.853,24.93,2903,0
20150410,24.95,25,24.7,25,7982,0
20150413,24.975,24.998,24.795,24.8,8671,0
20150414,24.85,25.13,24.84,25.13,19803,0
20150415,25.12,25.23,25.001,25.196,9608,0
20150416,25.22,25.22,25.1,25.22,6150,0
20150417,25.101,25.19,25.1,25.19,10400,0
20150420,25.1,25.11,25.02,25.02,277,0
20150422,24.91,25.14,24.91,25.05,3686,0
20150423,24.95,24.95,24.94,24.94,700,0
20150424,25.04,25.18,25,25.08,2799,0
20150427,24.981,25.162,24.98,25.09,7002,0
20150428,25.21,25.29,25.1,25.13,17156,0
20150429,25.12,25.2,25.07,25.07,3020,0
20150430,25.1,25.11,24.89,24.89,11462,0
20150501,25.13,25.18,24.851,25,6498,0
20150504,24.95,24.95,24.87,24.87,6715,0
20150505,24.99,25,24.85,24.999,4547,0
20150506,25,25,24.8,24.84,2900,0
20150507,24.69,24.85,24.69,24.78,5126,0
20150508,24.85,24.85,24.72,24.85,1544,0
20150511,24.815,25.07,24.815,25.05,1823,0
20150512,24.75,25.06,24.75,25.06,1417,0
20150513,24.738,24.81,24.55,24.775,32830,0
20150514,24.68,24.81,24.6,24.69,7437,0
20150515,24.73,24.73,24.541,24.59,13296,0
20150518,24.65,24.67,24.46,24.6,6482,0
20150519,24.39,24.65,24.39,24.5,8999,0
20150520,24.46,24.71,24.46,24.65,5136,0
20150521,24.74,24.74,24.49,24.55,1840,0
20150522,24.55,24.55,24.55,24.55,450,0
20150526,24.55,24.68,24.55,24.65,700,0
20150527,24.645,24.645,24.46,24.46,4900,0
20150528,24.495,24.5,24.35,24.5,5621,0
20150529,24.479,24.479,24.342,24.342,2315,0
20150601,24.43,24.5,24.43,24.49,2800,0
20150602,24.45,24.5,24.45,24.49,1204,0
20150603,24.49,24.49,24.4,24.455,4702,0
20150604,24.484,24.499,24.431,24.499,1182,0
20150605,24.43,24.5,24.4,24.5,600,0
20150608,24.42,24.42,24.42,24.42,150,0
20150609,24.45,24.5,24.3,24.4,5791,0
20150610,24.28,24.6,24.28,24.6,1725,0
20150611,24.66,24.66,24.66,24.66,200,0
20150612,24.6,24.6,24.6,24.6,100,0
20150615,24.5,24.54,24.41,24.523,1785,0
20150616,24.38,24.6,24.38,24.569,953,0
20150617,24.231,24.37,24.23,24.37,800,0
20150618,24.24,24.24,24.2,24.2,818,0
20150619,24.42,24.42,24.41,24.41,264,0
20150622,24.42,24.42,24.3,24.42,2845,0
20150623,24.4,24.4,24.4,24.4,100,0
20150624,24.3,24.3,24.15,24.15,600,0
20150625,24.12,24.16,24.1,24.16,1000,0
20150626,24.18,24.18,23.93,23.93,3600,0
20150629,23.91,24,23.5,23.91,4527,0
20150630,24.34,24.34,23.99,23.99,718,0
20150701,24.1,24.148,24.1,24.1,1300,0
20150702,24.35,24.52,24.35,24.45,900,0
20150706,24.39,24.5,24.39,24.5,500,0
20150707,24.35,24.5,24.35,24.45,1352,0
20150708,24.35,24.35,24.35,24.35,400,0
20150709,24.45,24.5,24.45,24.5,350,0
20150710,24.45,24.553,24.45,24.526,2213,0
20150713,24.5,24.84,24.5,24.84,5420,0
20150715,24.82,24.95,24.82,24.95,4995,0
20150716,24.8,24.85,24.66,24.722,2060,0
20150717,24.94,24.95,24.8,24.8,1400,0
20150720,24.79,24.79,24.46,24.76,7300,0
20150721,24.762,24.89,24.6,24.83,6408,0
20150722,24.8,24.8,24.7,24.7,3350,0
20150723,24.91,24.91,24.607,24.607,2100,0
20150724,24.91,24.91,24.65,24.65,1300,0
20150727,24.88,24.88,24.76,24.76,920,0
20150728,24.68,24.69,24.68,24.68,1503,0
20150729,24.77,24.868,24.66,24.709,2075,0
20150730,24.79,24.79,24.6,24.61,9262,0
20150731,24.748,24.75,24.59,24.75,2272,0
20150803,24.8,24.905,24.746,24.9,1900,0
20150804,24.74,24.89,24.74,24.85,3130,0
20150805,24.8,24.8,24.75,24.75,1000,0
20150806,24.87,25.05,24.83,24.83,3742,0
20150807,24.84,24.9,24.603,24.88,1202,0
20150811,24.88,24.98,24.87,24.88,8957,0
20150812,24.45,24.755,24.153,24.755,1200,0
20150813,24.591,24.591,24.41,24.41,1800,0
20150814,24.4,24.4,24.249,24.249,500,0
20150817,24.17,24.44,24.12,24.437,2650,0
20150818,24.34,24.4,24.34,24.4,400,0
20150820,24.57,24.62,24.11,24.62,502,0
20150821,24.26,24.26,24.16,24.16,606,0
20150824,24.11,24.11,22.855,23.27,4990,0
20150825,23.32,23.5,23.32,23.32,1706,0
20150826,23.35,23.92,23.35,23.92,4020,0
20150827,23.517,24.25,23.517,24.24,1121,0
20150828,23.51,23.96,23.51,23.75,1945,0
20150831,23.75,23.75,23.75,23.75,730,0
20150901,24.2,24.23,23.9,23.91,1637,0
20150902,24.05,24.523,24.05,24.475,1097,0
20150903,24.49,24.49,24.46,24.46,314,0
20150904,24.16,24.16,24.16,24.16,100,0
20150908,24.41,24.44,23.86,24,1083,0
20150909,23.95,24.15,23.79,24.15,4085,0
20150910,23.98,24.17,23.97,24.17,2856,0
20150911,23.99,23.99,23.91,23.91,450,0
20150914,23.9,23.9,23.9,23.9,800,0
20150915,23.9,24.36,23.804,24.203,3039,0
20150916,24.15,24.15,24.104,24.104,900,0
20150917,24.45,24.45,24.45,24.45,100,0
20150918,24.3,24.31,24.05,24.24,3102,0
20150921,24.35,24.35,24.3,24.35,400,0
20150922,24.24,24.46,24.24,24.4,1494,0
20150923,24.4,24.4,24.34,24.34,700,0
20150924,24.32,24.32,24.32,24.32,100,0
20150925,24.33,24.33,24.33,24.33,100,0
20150928,24.159,24.327,24.159,24.327,500,0
20150930,24.324,24.34,24.247,24.34,300,0
20151005,24.34,24.34,24,24.07,10950,0
20151006,24,24.1,24,24.1,6000,0
20151007,24.01,24.01,24.01,24.01,500,0
20151008,24.25,24.277,24.25,24.25,500,0
20151009,24.31,24.81,24.23,24.4,8878,0
20151012,24.45,24.45,24.4,24.4,2700,0
20151013,24.4,24.4,24.4,24.4,100,0
20151014,24.07,24.396,24.01,24.257,2300,0
20151015,24.02,24.25,24.01,24.25,5584,0
20151016,24.25,24.25,24.07,24.24,900,0
20151020,24.51,24.51,24.176,24.24,600,0
20151021,24.4,24.5,24.06,24.5,2608,0
20151022,24.4,24.5,24.3,24.38,4319,0
20151023,24.39,24.39,24.39,24.39,600,0
20151026,24.35,24.35,24.345,24.345,400,0
20151027,24.31,24.32,24.11,24.11,400,0
20151028,24.12,24.278,24.09,24.12,2847,0
20151029,24.084,24.25,24.08,24.25,3939,0
20151030,24.24,24.25,24.2,24.24,3800,0
20151102,24.332,24.48,24.15,24.15,4700,0
20151103,24.272,24.272,24.2,24.25,3702,0
20151104,24.454,24.454,24.25,24.25,3700,0
20151105,24.41,24.44,24.25,24.3,5641,0
20151106,24.3,24.39,24.16,24.16,2910,0
20151109,24.406,24.406,24.3,24.35,2100,0
20151110,24,24.21,24,24.199,8365,0
20151111,24.154,24.154,24.1,24.1,1216,0
20151112,24.2,24.2,24.1,24.1,1970,0
20151113,24.15,24.15,24.13,24.13,1106,0
20151116,24.138,24.138,24.1,24.1,2774,0
20151117,24.11,24.136,24.01,24.136,2900,0
20151118,24.07,24.077,24,24,1900,0
20151119,24,24,23.98,23.99,1100,0
20151120,23.939,23.939,23.86,23.87,1300,0
20151124,23.72,23.72,23.72,23.72,200,0
20151125,23.86,24,23.86,23.96,700,0
20151127,23.99,23.99,23.94,23.94,2875,0
20151130,23.9,23.999,23.72,23.79,3400,0
20151201,23.75,23.96,23.75,23.93,500,0
20151202,23.993,23.993,23.93,23.93,1200,0
20151204,23.62,23.76,23.62,23.76,300,0
20151207,23.64,23.71,23.545,23.545,1917,0
20151208,23.4,23.6,23.26,23.5,12470,0
20151209,23.4,23.45,22.22,23,8517,0
20151210,22.95,23.19,22.5,23.01,7215,0
20151211,23,23.15,23,23.13,900,0
20151214,22.48,22.48,20.97,21.85,16387,0
20151215,22,22.1,21.95,21.957,2733,0
20151216,22,22,22,22,600,0
20151218,22.73,22.73,21.87,21.98,3200,0
20151221,22.1,22.42,22.1,22.42,2000,0
20151222,22.5,22.5,22.15,22.25,2200,0
20151223,22.16,22.456,22.16,22.456,675,0
20151228,22.35,22.77,22.15,22.67,6825,0
20151229,22.7,22.7,22.68,22.68,1100,0
20151230,22.68,22.68,22.24,22.56,16323,0
20151231,22.64,22.64,22.22,22.56,5027,0
20160104,22.85,22.85,22.55,22.7,516,0
20160105,22.97,23.35,22.74,23.27,6959,0
20160106,23.3,23.4,22.87,23.24,1506,0
20160107,23.4158,23.4158,23.2,23.29,1619,0
20160108,23.25,23.44,22.9,23.42,3798,0
20160111,23.16,23.16,22.88,22.88,364,0
20160112,22.95,22.95,22.95,22.95,600,0
20160113,22.7793,22.85,22.56,22.56,2750,0
20160114,22.4,22.4,22.11,22.31,8350,0
20160115,21.9097,22.2,21.9097,22.09,1899,0
20160119,21.9,21.9,21.9,21.9,0,0
20160120,21.25,21.2876,18.24,20.87,15035,0
20160121,20.6699,20.9371,20.66,20.82,5117,0
20160122,21.38,21.99,21.05,21.5,3700,0
20160125,21.73,21.73,20.1,20.8699,1620,0
20160126,20.86,21.1,20.82,21.07,1867,0
20160127,21.65,21.65,21.65,21.65,100,0
20160128,21.6999,21.7,21,21.5,3858,0
20160129,21.6,21.6,20.125,21.43,7892,0
20160201,21.51,22.1999,21.2,22.1999,5533,0
20160202,21.9584,21.9584,21.9584,21.9584,365,0
20160203,21.82,21.82,21.5,21.71,3156,0
20160204,21.03,21.23,21.01,21.22,1540,0
20160205,21.4614,21.76,21.45,21.73,5378,0
20160208,21.75,21.75,21.2,21.5,1700,0
20160210,20.54,21.74,20.5223,21.74,2371,0
20160211,20.65,21.35,20.6,21.35,4367,0
20160212,20.614,21.35,20.614,21.35,1710,0
20160216,21.25,21.25,21,21,1042,0
20160217,21.04,21.67,20.93,20.95,6846,0
20160218,20.77,21.09,20.61,20.61,5777,0
20160219,20.61,20.82,20.61,20.82,1152,0
20160222,20.65,21.5,20.61,20.7,10642,0
20160223,20.8,21.4713,20.71,20.7599,1954,0
20160225,20.87,20.87,20.87,20.87,182,0
20160226,21,21.45,21,21.45,394,0
20160229,20.88,21.44,20.88,20.91,2992,0
20160301,20.92,21,20.92,20.92,1625,0
20160302,21.03,21.45,20.8272,21.45,8443,0
20160303,21,21.3,20.75,21.3,4607,0
20160304,21.14,21.31,21.14,21.31,927,0
20160307,20.94,21.16,20.94,21.09,2173,0
20160308,21.33,21.33,21,21.1662,796,0
20160309,21.14,21.29,21.08,21.1709,2201,0
20160311,21.33,21.44,21.22,21.33,2798,0
20160315,21.2,21.32,21.18,21.22,5017,0
20160316,21.2816,21.3486,21.131,21.3,1923,0
20160317,21.35,21.6799,21.35,21.43,14668,0
20160318,21.5793,21.658,21.465,21.658,1535,0
20160321,21.6,21.6,21.41,21.48,1124,0
20160322,21.46,21.46,21.4,21.45,2932,0
20160323,21.434,21.51,21.43,21.51,2126,0
20160324,21.5,21.5,21.42,21.43,1158,0
20160328,21.48,21.54,21.45,21.5001,4043,0
20160329,21.69,22.3,21.69,22.3,3849,0
20160330,22.1,22.2,22.1,22.2,2623,0
20160331,22.14,22.38,22.13,22.38,3040,0
20160401,22.13,22.15,21.99,21.99,3298,0
20160404,21.86,21.86,21.58,21.6,2758,0
20160405,21.8205,21.84,21.8205,21.84,613,0
20160406,21.86,22.09,21.86,22.07,3170,0
20160407,22.07,22.19,22.07,22.1576,1016,0
20160408,22.1184,22.12,22.1184,22.12,800,0
20160411,22.1307,22.1307,21.9923,22,4748,0
20160412,22,22.1999,21.882,22.11,2916,0
20160413,22.12,22.3,22.11,22.2304,3251,0
20160414,22.12,22.14,22.12,22.14,950,0
20160415,22.4,22.45,22.22,22.22,1130,0
20160418,22.2,22.45,22.2,22.32,1870,0
20160419,22.32,22.32,22.25,22.3,2147,0
20160420,22.277,22.3,22.26,22.29,2236,0
20160421,22.3,22.45,22.2999,22.33,11040,0
20160422,22.3451,22.49,22.28,22.48,5209,0
20160425,22.48,22.52,22.45,22.5,4073,0
20160426,22.55,22.6999,22.4001,22.6999,6834,0
20160427,22.56,22.915,22.4,22.69,5242,0
20160428,22.88,22.8999,22.81,22.81,1962,0
20160429,22.78,22.83,22.5,22.6765,4992,0
20160502,22.72,22.9,22.72,22.85,3350,0
20160503,22.7859,22.84,22.6862,22.6862,2180,0
20160504,22.73,22.85,22.73,22.85,4150,0
20160505,22.93,23.34,22.93,23.1844,1360,0
20160506,23.25,23.29,23.0501,23.0501,5000,0
20160509,23.34,23.34,23.1,23.11,6586,0
20160510,23.2,24.1601,23.2,24.1601,6417,0
20160511,23.31,23.59,23.0001,23.59,5943,0
20160512,23.5864,23.5864,23.5048,23.5048,250,0
20160513,23.5,24.2,23.5,24.05,15199,0
20160516,24.1,24.32,24.05,24.05,14182,0
20160517,24.1,24.107,23.7043,24.107,1844,0
20160518,24.13,24.13,23.55,23.8868,4580,0
20160519,23.9637,23.9637,23.61,23.61,1528,0
20160520,23.7,24.1,23.7,24.05,1899,0
20160523,24,24,23.95,23.95,2806,0
20160525,23.9,23.9,23.9,23.9,600,0
20160526,23.85,23.85,23.7386,23.8236,5753,0
20160527,23.8,23.9007,23.8,23.9,2152,0
20160531,23.8943,23.9098,23.8943,23.9,4613,0
20160601,23.9499,23.965,23.9,23.9,731,0
20160602,23.99,24.0501,23.9299,24.026,4916,0
20160603,24.1,24.1399,23.9599,23.97,1778,0
20160606,23.9101,24.12,23.9101,24.02,2991,0
20160607,24,24,23.9,23.9,1995,0
20160608,24,24,24,24,1300,0
20160609,23.95,24.1,23.9,24.0459,4950,0
20160610,24.1,24.1,24.09,24.09,825,0
20160613,24.0899,24.0899,23.94,23.94,2027,0
20160614,24.084,24.084,23.94,23.94,800,0
20160615,24.08,24.45,24.08,24.3,9524,0
20160616,24.1,24.2338,23.9,24.12,7700,0
20160617,24.2001,24.45,24.2,24.39,2332,0
20160620,24.4,24.4,24.1975,24.29,4458,0
20160621,24.3,24.3,24.2105,24.28,7248,0
20160622,24.29,24.2999,24.1999,24.22,1912,0
20160623,24.25,24.29,24.1824,24.28,1537,0
20160624,24,24.262,24,24.11,2420,0
20160627,24.254,24.2799,24.02,24.09,6540,0
20160628,24.2,24.2,24.15,24.15,1400,0
20160629,24.0992,24.27,24.0992,24.27,4034,0
20160630,24.2899,24.2899,24.2411,24.2411,1201,0
20160701,24.27,24.28,24.1403,24.28,9733,0
20160705,24.3,24.3,24.28,24.3,903,0
20160706,24.3,24.3,24.29,24.29,500,0
20160707,24.29,24.29,24.2603,24.29,1401,0
20160708,24.42,24.43,24.4135,24.4135,3567,0
20160711,24.48,24.48,24.32,24.4499,5683,0
20160712,24.4,24.79,24.4,24.7,12759,0
20160713,24.6219,24.6697,24.491,24.491,1898,0
20160714,24.73,24.75,24.56,24.75,13673,0
20160715,24.6049,24.7,24.6,24.7,3195,0
20160718,24.5999,24.82,24.5999,24.75,5394,0
20160719,24.73,24.885,24.605,24.715,3815,0
20160720,24.7499,24.95,24.68,24.8,8738,0
20160721,24.79,24.85,24.61,24.83,11716,0
20160722,24.9,24.94,24.34,24.7667,4957,0
20160725,24.92,25,24.8101,24.98,9403,0
20160726,25.1148,25.15,25.07,25.1399,7259,0
20160727,25.14,25.28,25.14,25.2,7598,0
20160728,25.25,25.25,25.18,25.25,1798,0
20160729,25,25.1542,25,25.15,1929,0
20160801,25.32,25.32,25.21,25.27,1557,0
20160802,25.27,25.27,25.17,25.2,900,0
20160803,25.2699,25.2699,25.2315,25.2315,456,0
20160804,25.4,25.4,24.8,25.33,6024,0
20160805,25.29,25.44,25.29,25.44,475,0
20160808,25.49,25.51,25.2436,25.49,10830,0
20160809,25.76,25.76,25.4,25.46,7934,0
20160810,25.51,25.71,25.46,25.55,3825,0
20160811,25.3,25.3,25.05,25.084,11115,0
20160812,25.05,25.05,24.94,24.94,638,0
20160815,24.95,25.09,24.95,25.06,6260,0
20160816,25.0792,25.1,25.0792,25.1,2151,0
20160817,24.96,25.1534,24.96,25.04,1100,0
20160818,25.1001,25.1216,25.1001,25.1001,856,0
20160819,25.1538,25.25,25.1538,25.166,1808,0
20160822,25.2444,25.33,25.2,25.28,3335,0
20160823,25.285,25.36,25.285,25.36,3639,0
20160824,25.2528,25.2604,25.2,25.2604,1673,0
20160825,25.3,25.3,25.3,25.3,200,0
20160826,25.1501,25.19,25.1,25.1,5500,0
20160829,25.143,25.28,25.11,25.1868,3559,0
20160831,25.16,25.214,25.16,25.214,296,0
20160901,25.2,25.29,25.2,25.29,291,0
20160902,25.25,25.59,25.25,25.59,3320,0
20160906,25.59,25.8,25.17,25.18,5850,0
20160907,25.89,25.89,25.1001,25.35,23315,0
20160908,25.5,25.535,25.4,25.535,1690,0
20160909,25.36,25.38,25.35,25.35,2045,0
20160912,25.25,25.385,25.245,25.385,1169,0
20160913,25.1,25.2,24.26,24.7,8836,0
20160914,25.24,25.24,24.9245,25.1999,514,0
20160915,25.2001,25.2185,25.2,25.2,1200,0
20160916,25.2,25.2,25.09,25.09,200,0
20160919,25.15,25.1501,25.15,25.15,1298,0
20160921,25.1,25.1,25.1,25.1,224,0
20160922,25.1,25.1544,24.65,25.1,5088,0
20160923,25.05,25.114,25.01,25.05,4000,0
20160926,25.01,25.1425,24.95,24.99,7378,0
20160927,25.0925,25.1,25,25.1,650,0
20160928,25,25.0399,24.8401,25,4629,0
20160929,25,25.0101,25,25.0101,800,0
20160930,25,25.1096,25,25.1,2610,0
20161004,25,25.125,24.99,25.0531,4200,0
20161005,25.1538,25.2249,25.1538,25.2249,800,0
20161012,25,25.02,24.75,24.75,8824,0
20161013,24.7,24.8,24.7,24.7655,3832,0
20161014,24.8632,24.8632,24.8632,24.8632,1000,0
20161017,24.8629,25.13,24.8629,25.01,3455,0
20161018,25.05,25.05,24.817,24.85,5213,0
20161019,24.99,25.01,24.51,24.7873,2088,0
20161020,24.97,24.97,24.97,24.97,145,0
20161021,24.95,24.95,24.95,24.95,550,0
20161024,25.25,25.25,25.25,25.25,500,0
20161025,25.2178,25.2178,25.2178,25.2178,500,0
20161026,25.23,25.23,25.1798,25.19,1000,0
20161027,25.0825,25.0825,25,25.0001,1538,0
20161028,25.026,25.12,25.026,25.12,1475,0
20161031,25.1958,25.1958,25.1511,25.1511,355,0
20161101,24.9,25.22,24.9,25.1825,837,0
20161102,25.14,25.14,25.14,25.14,171,0
20161103,25.2376,25.2376,25.2376,25.2376,488,0
20161107,24.9712,25.25,24.91,24.91,3012,0
20161108,25.25,25.25,25.1708,25.1708,200,0
20161109,25.01,25.2146,25.01,25.13,2290,0
20161110,24.97,24.97,24.5,24.5,630,0
20161111,24.6738,24.9,24.5,24.9,3352,0
20161114,24.7872,24.7872,24.5101,24.5101,700,0
20161115,24.52,24.5342,24.2,24.21,9291,0
20161116,24.21,24.398,24.1371,24.1371,1752,0
20161117,24.29,24.37,24.25,24.37,856,0
20161118,24.4,24.4,24.3373,24.3999,2370,0
20161121,24.5453,24.7747,24.5453,24.7747,1052,0
20161122,24.66,24.7,24.3769,24.6553,6807,0
20161123,24.68,24.68,24.6,24.6538,500,0
20161125,24.65,24.65,24.65,24.65,100,0
20161128,24.6899,24.84,24.6531,24.7,2676,0
20161129,24.802,24.84,24.7476,24.7949,1281,0
20161130,24.7673,24.7816,24.6,24.6,5119,0
20161201,24.6,24.6,24.6,24.6,500,0
20161202,24.6294,24.7486,24.6294,24.7486,700,0
20161205,24.7499,24.7499,24.41,24.41,4136,0
20161206,24.46,24.46,24.33,24.3482,4172,0
20161207,24.4135,24.45,24.4069,24.4069,1771,0
20161209,24.45,24.463,24.4153,24.4153,2100,0
20161212,24.434,24.98,24.434,24.72,3434,0
20161213,24.6615,24.74,24.6615,24.74,1205,0
20161214,24.729,24.73,24.6,24.6,1684,0
20161215,24.699,24.699,24.699,24.699,181,0
20161216,24.7073,24.7086,24.6,24.6,2200,0
20161219,24.6,24.6,24.6,24.6,608,0
20161220,24.69,24.69,24.6,24.6,307,0
20161221,24.615,24.615,24.615,24.615,480,0
20161222,24.6,24.6693,24.4,24.4,2066,0
20161223,24.4114,24.4114,24.4114,24.4114,234,0
20161227,24.4,24.4405,24.4,24.4405,304,0
20161230,24.5765,24.5765,24.5765,24.5765,256,0
20170103,24.5278,24.5278,24.5278,24.5278,500,0
20170104,24.58,24.94,24.53,24.5301,3746,0
20170105,24.69,24.95,24.69,24.8972,2045,0
20170106,24.87,24.97,24.726,24.85,3452,0
20170109,24.97,24.97,24.97,24.97,300,0
20170110,24.6,24.9799,24.6,24.9799,1014,0
20170111,24.98,25.134,24.98,25.134,1075,0
20170112,24.9,25,24.9,25,1972,0
20170113,25.27,25.35,25.0561,25.11,3523,0
20170117,24.93,25.03,24.89,24.92,4976,0
20170118,24.9683,24.9683,24.9683,24.9683,1000,0
20170119,24.97,25.11,24.86,25.0684,7222,0
20170120,24.9608,26,24.9608,25.2255,6289,0
20170123,25.2,25.2,25.15,25.15,300,0
20170126,25.1,25.1988,25.1,25.16,4726,0
20170127,25.25,25.25,25.1449,25.18,10031,0
20170202,25.51,25.51,25.5,25.5,2019,0
20170203,25.5,25.5,25.5,25.5,187,0
20170206,25.2301,25.2301,25.2301,25.2301,525,0
20170207,25.31,25.31,25.31,25.31,300,0
20170208,25.42,25.44,25.3993,25.3993,548,0
20170210,25.41,25.78,25.38,25.78,6232,0
20170213,25.11,25.16,25.03,25.16,2300,0
20170214,25.15,25.15,25.15,25.15,300,0
20170215,25.2,25.21,25.2,25.21,212,0
20170216,25.08,25.27,25.08,25.27,2045,0
20170217,25.27,25.27,25.27,25.27,100,0
20170221,25.14,25.14,24.95,24.95,2144,0
20170222,25,25,24.95,25,4180,0
20170223,24.92,25.08,24.92,24.96,2412,0
20170224,24.95,24.9845,24.95,24.95,4555,0
20170227,24.9,24.9638,24.9,24.91,1780,0
20170228,24.95,25,24.9,24.9,3549,0
20170301,25.078,25.078,24.965,24.972,1501,0
20170302,24.9,24.99,24.8,24.98,4212,0
20170303,24.909,25,24.85,24.92,2500,0
20170306,24.9,25,24.8699,25,4635,0
20170307,25.0384,25.0763,24.91,24.9525,4318,0
20170308,24.91,25.0053,24.5659,24.8339,2935,0
20170309,24.85,24.999,24.57,24.83,2250,0
20170310,24.9,25.0317,24.7547,24.7547,4700,0
20170315,24.9,24.9,24.9,24.9,100,0
20170316,25.1625,25.2,25.1625,25.2,600,0
20170317,25.19,25.19,25.07,25.19,2260,0
20170320,25.08,25.13,25.08,25.1245,550,0
20170321,25.06,25.1,25.02,25.02,2110,0
20170322,25.0979,25.1,25,25.01,9519,0
20170324,25.0519,25.085,25.05,25.085,700,0
20170327,25.13,25.15,25.076,25.13,1200,0
20170328,25.09,25.09,25.01,25.08,9010,0
20170329,24.941,25.0149,24.94,25.0048,1590,0
20170330,24.9625,25.09,24.95,25.09,6443,0
20170331,25.09,25.09,25.039,25.039,562,0
20170403,25.13,25.15,25.1214,25.14,2080,0
20170404,25.14,25.15,25.1068,25.1093,3361,0
20170405,25.1344,25.195,25.07,25.195,9151,0
20170406,25.1356,25.15,25.06,25.09,3984,0
20170407,25.2,25.2,25.2,25.2,1890,0
20170410,25.15,25.25,25.15,25.2,845,0
20170411,25.28,25.34,25.16,25.29,4234,0
20170412,25.2,25.2726,25.2,25.26,1300,0
20170413,25.2439,25.26,25.1751,25.1751,1668,0
20170417,25.25,25.34,25.1,25.34,3106,0
20170418,25.34,25.34,25.34,25.34,1700,0
20170419,25.3,25.38,25.2,25.38,5704,0
20170421,25.3545,25.3545,25.3545,25.3545,395,0
20170424,25.25,25.37,25.21,25.37,8630,0
20170425,25.3,25.36,25.3,25.36,1210,0
20170426,25.3788,25.44,25.3788,25.4,2443,0
20170427,25.4616,25.4682,25.4616,25.4682,380,0
20170428,25.4,25.4412,25.4,25.4412,1615,0
20170502,25.44,25.48,25.41,25.47,3369,0
20170503,25.49,25.56,25.47,25.53,5645,0
20170504,25.47,25.47,25.47,25.47,1025,0
20170505,25.48,25.48,25.4556,25.4556,1040,0
20170508,25.53,25.54,25.527,25.54,2493,0
20170510,25.5156,25.55,25.5156,25.53,800,0
20170511,25.18,25.18,25.0846,25.18,4016,0
20170512,25.255,25.28,25.2468,25.27,1998,0
20170515,25.1186,25.1186,25.1186,25.1186,183,0
20170517,25.12,25.1267,25.07,25.1267,1500,0
20170518,24.89,25.1499,24.89,25.1499,1463,0
20170519,25.147,25.147,25.11,25.1461,939,0
20170522,25.09,25.14,25.09,25.14,630,0
20170523,25.15,25.15,25.15,25.15,300,0
20170524,25.15,25.162,25.05,25.05,2000,0
20170525,25.2043,25.2043,25.063,25.101,6180,0
20170526,25.13,25.224,25.05,25.089,3701,0
20170530,25.1,25.17,25.06,25.07,3200,0
20170531,25.14,25.14,25.096,25.1,1989,0
20170601,25.06,25.0851,25.05,25.05,887,0
20170605,25.25,25.25,25.2,25.23,580,0
20170606,25.5,25.51,25.3665,25.3665,400,0
20170608,25.38,25.5,25.25,25.25,2278,0
20170612,25.2589,25.499,25.223,25.24,1970,0
20170614,25.4564,25.4915,25.4564,25.4915,500,0
20170615,25.38,25.38,25.2201,25.2201,2930,0
20170619,25.25,25.3509,25.22,25.3509,973,0
20170620,25.3103,25.3103,25.3103,25.3103,100,0
20170621,25.2501,25.3526,25.2501,25.3526,1640,0
20170622,25.2,25.346,25.2,25.346,2625,0
20170623,25.2838,25.351,25.2838,25.35,3247,0
20170626,25.3321,25.37,25.23,25.3,2844,0
20170628,25.34,25.4,25.33,25.4,6808,0
20170629,25.25,25.3293,25.25,25.3267,4172,0
20170630,25.3,25.6,25.3,25.5,966,0
20170703,25.5,25.5,25.5,25.5,300,0
20170705,25.4,25.403,25.4,25.4,2117,0
20170706,25.5,25.5,25.49,25.49,400,0
20170707,25.403,25.403,25.4,25.4,516,0
20170710,25.5,25.5,25.48,25.49,910,0
20170711,25.54,25.54,25.52,25.52,329,0
20170712,25.4,25.4,25.4,25.4,198,0
20170714,25.4349,25.4349,25.4349,25.4349,1213,0
20170717,25.5138,25.54,25.476,25.476,2396,0
20170718,25.33,25.33,25.33,25.33,400,0
20170719,25.396,25.4,25.396,25.4,400,0
20170720,25.5,25.5,25.33,25.37,1487,0
20170721,25.5,25.53,25.3927,25.3927,1090,0
20170724,25.31,25.3366,25.31,25.3366,500,0
20170725,25.3101,25.3757,25.3101,25.3401,1921,0
20170728,25.4264,25.4264,25.4264,25.4264,150,0
20170731,25.54,25.54,25.54,25.54,1468,0
20170804,25.45,25.5371,25.45,25.5371,623,0
20170807,25.5999,25.6,25.5999,25.6,989,0
20170808,25.62,25.62,25.57,25.61,1371,0
20170809,25.6,25.6,25.59,25.6,2175,0
20170810,25.6099,25.7699,25.6,25.7699,2393,0
20170811,25.42,25.42,25.2,25.22,1406,0
20170814,25.15,25.3,25.15,25.3,494,0
20170815,25.125,25.1795,25.05,25.1795,1618,0
20170816,25.3,25.3,25.2941,25.2941,1240,0
20170818,25.3,25.3,25.3,25.3,300,0
20170821,25.2052,25.2052,25.2052,25.2052,250,0
20170822,25.7447,25.7447,25.7447,25.7447,474,0
20170823,25.2583,25.4,25.23,25.4,1934,0
20170825,25.3,25.46,25.19,25.46,2150,0
20170829,25.44,25.44,25.38,25.38,1860,0
20170831,25.27,25.31,25.27,25.31,1500,0
20170901,25.4,25.4,25.4,25.4,1050,0
20170905,25.26,25.26,25.1621,25.2,2135,0
20170907,25.2294,25.2294,25.2294,25.2294,284,0
20170908,25.23,25.23,25.21,25.21,1200,0
20170911,25.4369,25.4369,25.4369,25.4369,100,0
20170912,25.3732,25.3732,25.3732,25.3732,210,0
20170913,25.39,25.5756,25.38,25.5756,1452,0
20170914,25.33,25.33,25.33,25.33,264,0
20170915,25.3,25.33,25.13,25.33,4210,0
20170919,25.23,25.23,25.23,25.23,400,0
20170920,25.37,25.37,25.3124,25.36,3465,0
20170921,25.34,25.36,25.34,25.36,587,0
20170922,25.2,25.2,25.2,25.2,215,0
20170925,25.21,25.4,25.21,25.4,733,0
20170926,25.3,25.3,25.2,25.2342,3000,0
20170927,25.2,25.2,25.1648,25.2,3164,0
20170928,25.41,25.95,25.25,25.5,15050,0
20170929,25.79,25.79,25.5,25.5,1018,0
20171002,25.5,25.5,25.28,25.5,3241,0
20171003,25.37,25.5422,25.37,25.5422,358,0
20171006,25.54,25.54,25.54,25.54,1374,0
20171010,25.4001,25.5001,25.4,25.4,14412,0
20171011,25.4999,25.52,25.41,25.52,4086,0
20171012,25.43,25.5176,25.43,25.5176,200,0
20171013,25.43,25.43,25.28,25.28,2111,0
20171016,25.33,25.4,25.3,25.31,5059,0
20171017,25.4,25.4,25.4,25.4,600,0
20171018,25.42,25.42,25.365,25.365,2500,0
20171019,25.4,25.4,25.4,25.4,100,0
20171020,25.43,25.49,25.43,25.49,640,0
20171023,25.5365,25.5365,25.5249,25.5249,300,0
20171024,25.488,25.488,25.488,25.488,214,0
20171026,25.49,25.49,25.49,25.49,200,0
20171027,25.55,25.55,25.5,25.5,1670,0
20171031,25.68,25.68,25.68,25.68,200,0
20171101,25.44,25.59,25.34,25.369,2669,0
20171102,25.59,25.59,25.5899,25.5899,400,0
20171103,25.47,25.6,25.47,25.6,1045,0
20171106,25.555,25.555,25.555,25.555,140,0
20171107,25.6,25.65,25.6,25.65,4906,0
20171109,25.64,25.64,25.64,25.64,300,0
20171110,25.5447,25.68,25.5447,25.68,269,0
20171113,25.68,25.79,25.638,25.79,3469,0
20171114,25.72,25.72,25.4,25.4,1903,0
20171115,25.46,25.46,25.11,25.11,2495,0
20171116,25.16,25.2276,25.16,25.2276,893,0
20171117,25.45,25.45,25.45,25.45,500,0
20171120,25.3,25.3,25.3,25.3,800,0
20171121,25.52,25.53,25.1,25.515,1700,0
20171122,25.549,25.55,25.4742,25.52,1900,0
20171127,25.43,25.43,25.23,25.23,400,0
20171201,25.3927,25.3927,25.3,25.3,1968,0
20171204,25.3,25.3,25.3,25.3,200,0
20171206,25.3,25.3,25.3,25.3,450,0
20171207,25.3,25.3,25.21,25.21,3085,0
20171208,25.352,25.352,25.21,25.21,620,0
20171211,25.23,25.3106,25.23,25.23,1452,0
20171212,25.265,25.265,25.24,25.24,450,0
20171213,25.2,25.2445,25.2,25.2,1940,0
20171215,25.24,25.27,25.24,25.27,657,0
20171218,25.3,25.3,25.3,25.3,399,0
20171219,25.2,25.2,25.2,25.2,800,0
20171220,25.3,25.3,25.2653,25.3,1145,0
20171221,25.2437,25.2437,25.2437,25.2437,143,0
20171222,25.3188,25.3188,25.3188,25.3188,400,0
20171227,25.32,25.32,25.32,25.32,332,0
20171228,25.32,25.5793,25.32,25.5793,833,0
20171229,25.56,25.56,25.56,25.56,515,0
20180102,25.32,25.32,25.2623,25.2822,1400,0
20180103,25.21,25.31,25.21,25.275,2017,0
20180104,25.425,25.61,25.3902,25.3902,1550,0
20180105,25.35,25.35,25.35,25.35,200,0
20180108,25.53,25.55,25.2965,25.52,2645,0
20180109,25.25,25.3,25.071,25.223,3287,0
20180110,25.263,25.4536,25.263,25.4536,1674,0
20180116,25.3316,25.3316,25.3316,25.3316,166,0
20180117,25.25,25.26,25.25,25.25,1100,0
20180118,25.2,25.21,25.05,25.21,2816,0
20180119,25.08,25.1467,25.07,25.07,1093,0
20180122,25.14,25.14,25.1,25.1,200,0
20180123,25.1,25.1,25.1,25.1,1000,0
20180124,25.07,25.4,25.07,25.1,6498,0
20180125,25.1114,25.181,25.1,25.103,2000,0
20180126,25.19,25.19,25.1501,25.1701,859,0
20180129,25.29,25.3,25.15,25.22,4529,0
20180130,25.23,25.23,25.15,25.15,4782,0
20180131,25.15,25.2721,25.15,25.15,1600,0
20180201,25.35,25.3502,25.15,25.15,1744,0
20180202,25.16,25.16,25.15,25.15,6542,0
20180205,25.15,25.15,24.59,24.71,7488,0
20180206,24.64,24.97,24.64,24.965,2148,0
20180207,25.02,25.2397,25.02,25.1964,3438,0
20180208,25.3043,25.3043,25.2,25.25,3105,0
20180213,25.2742,25.35,25.2742,25.35,1495,0
20180214,25.02,25.075,24.9699,25.075,4499,0
20180215,25.08,25.08,25.08,25.08,201,0
20180216,25.07,25.07,25,25.0398,1905,0
20180221,25.04,25.13,25.04,25.13,3495,0
20180222,25.1076,25.1076,25.06,25.0601,1900,0
20180223,25.06,25.14,25.05,25.139,5600,0
20180226,25.063,25.11,25.063,25.1,480,0
20180227,25.12,25.12,25.12,25.12,210,0
20180228,25.06,25.06,25.06,25.06,563,0
20180301,25.05,25.05,25.05,25.05,154,0
20180302,25.05,25.0516,25.03,25.05,1577,0
20180305,25.2,25.2,25.086,25.1,2940,0
20180306,25.0201,25.0201,25.0201,25.0201,500,0
20180309,25.1154,25.1224,25.1,25.1224,1113,0
20180312,25.14,25.15,25.14,25.14,1566,0
20180314,25.1001,25.1001,25.1,25.1,439,0
20180315,25.0873,25.0873,25.0873,25.0873,650,0
20180316,25.107,25.107,25.107,25.107,200,0
20180319,25.2,25.224,25.1,25.1,4303,0
20180320,25.1,25.1007,25.1,25.1007,1202,0
20180321,25.149,25.149,25.12,25.12,600,0
20180327,25.2037,25.2037,25.18,25.2037,1025,0
20180329,25.1399,25.2501,25.08,25.2501,1246,0
20180402,25.1,25.2079,25.1,25.2079,458,0
20180403,25.38,25.38,25.2988,25.2988,1000,0
20180404,25.22,25.22,25.1,25.1501,1334,0
20180405,25.16,25.16,25.15,25.15,1218,0
20180406,25.2494,25.2494,25.2494,25.2494,250,0
20180409,25.15,25.1527,25.1001,25.13,1440,0
20180410,25.3,25.35,25.3,25.35,681,0
20180411,25.11,25.22,25.11,25.22,1000,0
20180413,25.2978,25.2978,25.2504,25.2504,660,0
20180416,25.11,25.2354,25.08,25.2,2930,0
20180417,25.2,25.25,25.2,25.22,1350,0
20180418,25.18,25.18,25.147,25.147,1268,0
20180419,25.12,25.1954,25.12,25.1854,592,0
20180420,25.15,25.15,25.15,25.15,226,0
20180424,25.13,25.1725,25.13,25.165,741,0
20180425,25.16,25.16,25.16,25.16,198,0
20180427,25.17,25.2,25.16,25.16,1404,0
20180430,25.16,25.3,25.16,25.3,1532,0
20180501,25.4,25.4055,25.3,25.3,1927,0
20180502,25.32,25.32,25.32,25.32,1500,0
20180503,25.3715,25.3964,25.34,25.3964,1542,0
20180504,25.4,25.4,25.3,25.38,3611,0
20180507,25.399,25.78,25.3494,25.78,4254,0
20180509,25.71,25.74,25.6338,25.67,1346,0
20180510,25.43,25.5711,25.43,25.5711,1400,0
20180511,25.73,25.75,25.73,25.744,1590,0
20180514,25.44,25.5,25.3268,25.487,2120,0
20180515,25.22,25.32,25.22,25.32,685,0
20180516,25.27,25.3,25.27,25.3,700,0
20180518,25.1642,25.2803,25.1642,25.2785,1100,0
20180521,25.18,25.24,25.18,25.24,883,0
20180522,25.2355,25.2355,25.201,25.201,575,0
20180524,25.22,25.2497,25.17,25.17,4713,0
20180525,25.21,25.2721,25.2,25.22,597,0
20180529,25.3799,25.3799,25.22,25.2215,1627,0
20180531,25.354,25.354,25.354,25.354,612,0
20180604,25.2922,25.3,25.2922,25.3,602,0
20180606,25.24,25.273,25.24,25.25,600,0
20180607,25.27,25.27,25.26,25.26,1383,0
20180608,25.25,25.27,25.25,25.27,3551,0
20180611,25.38,25.38,25.3,25.3001,1767,0
20180612,25.3,25.3,25.3,25.3,460,0
20180613,25.3056,25.3056,25.27,25.27,806,0
20180620,25.2982,25.2982,25.2982,25.2982,450,0
20180621,25.3,25.33,25.3,25.33,1160,0
20180625,25.39,25.39,25.39,25.39,412,0
20180626,25.3548,25.3548,25.3548,25.3548,150,0
20180628,25.39,25.39,25.389,25.389,1400,0
20180629,25.39,25.4493,25.35,25.35,700,0
20180702,25.65,25.65,25.44,25.63,1200,0
20180705,25.64,25.64,25.64,25.64,200,0
20180706,25.65,25.65,25.47,25.47,1171,0
20180709,25.54,25.6224,25.5175,25.6224,975,0
20180710,25.47,25.5,25.45,25.45,2011,0
20180711,25.53,25.53,25.45,25.5,1200,0
20180712,25.52,25.52,25.4768,25.4768,780,0
20180716,25.65,25.65,25.5227,25.65,2633,0
20180717,25.5648,25.5648,25.5648,25.5648,471,0
20180718,25.65,25.65,25.6,25.648,1560,0
20180719,25.4501,25.4501,25.4501,25.4501,427,0
20180723,25.5,25.5,25.4895,25.5,680,0
20180724,25.5,25.5384,25.5,25.5384,262,0
20180726,25.5842,25.5842,25.49,25.5394,1713,0
20180730,25.64,25.64,25.5768,25.5768,2840,0
20180731,25.5945,25.65,25.5945,25.64,1560,0
20180802,25.65,25.65,25.65,25.65,330,0
20180803,25.65,25.65,25.573,25.65,1891,0
20180807,25.64,25.65,25.6399,25.64,1910,0
20180809,25.6788,25.6788,25.6788,25.6788,100,0
20180810,25.6869,25.6869,25.6869,25.6869,200,0
20180813,25.7,25.75,25.6487,25.75,1602,0
20180814,25.21,25.43,25.21,25.43,5723,0
20180815,25.311,25.3213,25.311,25.3213,1087,0
20180816,25.4001,25.4387,25.4001,25.41,753,0
20180817,25.45,25.4696,25.45,25.4696,3990,0
20180820,25.5,25.5,25.45,25.45,1750,0
20180821,25.5,25.5,25.46,25.46,895,0
20180822,25.45,25.45,25.45,25.45,100,0
20180823,25.4762,25.5,25.4762,25.5,245,0
20180827,25.45,25.4872,25.4,25.4291,4445,0
20180828,25.445,25.445,25.445,25.445,782,0
20180829,25.48,25.48,25.4,25.48,3627,0
20180830,25.48,25.48,25.48,25.48,300,0
20180831,25.45,25.5,25.45,25.5,3753,0
20180904,25.42,25.42,25.42,25.42,738,0
20180905,25.32,25.4,25.32,25.4,8252,0
20180906,25.48,25.48,25.44,25.44,1000,0
20180907,25.4545,25.4545,25.4545,25.4545,100,0
20180910,25.46,25.46,25.46,25.46,150,0
20180911,25.41,25.41,25.41,25.41,200,0
20180912,25.64,25.68,25.525,25.68,5837,0
20180913,25.7,25.739,25.69,25.69,1835,0
20180917,25.74,25.75,25.6127,25.72,1300,0
20180918,25.44,25.6,25.43,25.6,1500,0
20180920,25.5164,25.5164,25.5164,25.5164,333,0
20180921,25.68,25.68,25.5528,25.5728,500,0
20180924,25.66,25.67,25.5331,25.5431,800,0
20180926,25.7,25.7,25.5727,25.7,995,0
20180927,25.55,25.6,25.51,25.6,1400,0
20180928,25.4957,25.6,25.4957,25.6,900,0
20181001,25.64,25.6778,25.59,25.59,640,0
20181003,25.3462,25.3462,25.3462,25.3462,200,0
20181004,25.45,25.45,25.3,25.33,2868,0
20181005,25.32,25.32,25.153,25.1722,3641,0
20181008,25.25,25.25,25.1406,25.1768,7214,0
20181009,25.2182,25.3313,25.2182,25.3176,2360,0
20181011,25.34,25.4499,25.34,25.4499,2010,0
20181018,25.3,25.3,25.3,25.3,337,0
20181019,25.4499,25.4499,25.4499,25.4499,200,0
20181022,25.38,25.38,25.21,25.22,3925,0
20181023,25.2514,25.32,25.2514,25.32,614,0
20181024,25.2578,25.45,25.2578,25.3775,2850,0
20181025,25.2525,25.3,25.2525,25.2987,2670,0
20181026,25.288,25.288,25.288,25.288,372,0
20181029,25.2711,25.4007,25.2711,25.35,3059,0
20181030,25.45,25.45,25.45,25.45,1205,0
20181031,25.38,25.38,25.38,25.38,200,0
20181101,25.33,25.4272,25.3105,25.4272,2524,0
20181102,25.4256,25.4256,25.36,25.36,700,0
20181105,25.3993,25.3993,25.3764,25.3764,1400,0
20181106,25.3708,25.3708,25.3708,25.3708,500,0
20181107,25.45,25.78,25.3283,25.4,6954,0
20181108,25.47,25.68,25.41,25.41,1918,0
20181109,25.68,25.68,25.68,25.68,300,0
20181112,25.75,25.75,25.69,25.75,4460,0
20181113,25.5565,25.8,25.5565,25.8,932,0
20181114,25.49,25.49,25.4,25.43,2179,0
20181115,25.01,25.4307,25.01,25.15,4656,0
20181116,25.05,25.1751,25.01,25.11,1180,0
20181120,25.06,25.2376,25.06,25.2376,385,0
20181121,24.8697,25.2,24.8697,25.1999,840,0
20181123,24.5663,25.11,24.5663,25.11,1967,0
20181126,25.1683,25.1683,25.1,25.1438,1599,0
20181127,24.9627,24.9627,24.9627,24.9627,2069,0
20181129,25.01,25.011,25.01,25.011,400,0
20181130,25.1292,25.2,25.1292,25.1735,5302,0
20181203,25.188,25.188,25.188,25.188,481,0
20181204,25.3505,25.49,25.28,25.48,4281,0
20181206,25.3161,25.7781,25.3161,25.7781,3365,0
20181207,25.7,25.74,25.21,25.6,1655,0
20181210,25.2201,25.2805,25.2201,25.2805,619,0
20181211,25.3973,25.3973,25.2809,25.2809,765,0
20181212,25.3476,25.4,25.3476,25.4,500,0
20181213,25.31,25.71,25.3041,25.3041,1400,0
20181217,25.3112,25.371,25.23,25.371,1400,0
20181218,25.22,25.22,24.44,25.0218,2354,0
20181219,24.683,24.7173,24.28,24.5999,4362,0
20181220,24.23,24.647,23.46,23.61,2924,0
20181221,23.47,24.42,23.47,24.4187,3988,0
20181224,23.3,24.45,23.3,23.6,12100,0
20181226,23.982,24.143,23.61,24.13,6797,0
20181227,24.1,24.1,24.1,24.1,104,0
20181228,24.09,24.82,24.0646,24.8,5215,0
20181231,24.75,25.3465,24.6096,25.3,2078,0
20190102,24.99,25.18,24.9,24.99,2759,0
20190103,25.173,25.173,25.173,25.173,406,0
20190104,25.575,25.575,25.575,25.575,500,0
20190107,25.64,25.64,24.99,25.3,9344,0
20190108,25.43,25.45,25.231,25.34,6800,0
20190109,25.2672,25.292,25.125,25.2799,3205,0
20190114,25.39,25.39,25.205,25.205,1410,0
20190115,25.21,25.21,25.167,25.167,600,0
20190117,25.25,25.38,25.05,25.38,36435,0
20190118,25.29,25.38,25.255,25.36,3893,0
20190122,25.26,25.34,25.26,25.34,840,0
20190124,25.21,25.3462,25.21,25.3462,1400,0
20190125,25.4,25.7,25.35,25.69,27678,0
20190129,25.5492,25.5492,25.5492,25.5492,1000,0
20190130,25.66,25.7,25.4415,25.4415,2119,0
20190204,25.69,25.7,25.515,25.515,601,0
20190206,25.6007,25.68,25.5972,25.5972,1219,0
20190207,25.69,25.69,25.5646,25.5646,700,0
20190208,25.7,25.7,25.5087,25.68,2359,0
20190211,25.59,25.78,25.5801,25.78,3400,0
20190212,25.79,25.9,25.7521,25.9,6587,0
20190213,25.9,25.9,25.6503,25.89,2481,0
20190215,25.5745,25.5745,25.5745,25.5745,852,0
20190220,25.5,25.5701,25.13,25.3257,3460,0
20190221,25.5494,25.75,25.24,25.24,900,0
20190222,25.23,25.45,25.23,25.35,4000,0
20190226,25.4999,25.4999,25.27,25.3963,1994,0
20190227,25.379,25.379,25.27,25.3737,300,0
20190228,25.27,25.27,25.27,25.27,558,0
20190301,25.34,25.4496,25.34,25.38,1847,0
20190304,25.6,25.6,25.6,25.6,500,0
20190305,25.2805,25.2805,25.2805,25.2805,425,0
20190306,25.5256,25.6,25.5256,25.6,5240,0
20190307,25.4,25.5271,25.3245,25.5271,1475,0
20190308,25.24,25.5139,25.24,25.5139,1400,0
20190311,25.55,25.81,25.507,25.7,4786,0
20190312,25.7,25.96,25.5,25.81,3556,0
20190313,25.8633,25.8633,25.8,25.8,1500,0
20190314,25.99,25.99,25.33,25.5232,7383,0
20190318,25.39,25.39,25.39,25.39,200,0
20190319,25.32,25.4995,25.32,25.4995,8516,0
20190321,25.6046,25.6046,25.5931,25.5931,2200,0
20190326,25.55,25.55,25.55,25.55,450,0
20190328,25.69,25.74,25.69,25.74,843,0
20190329,25.77,25.8371,25.68,25.8371,1200,0
20190402,25.5,25.6311,25.425,25.55,3895,0
20190403,25.77,25.77,25.6166,25.7,1414,0
20190404,25.64,25.7,25.49,25.5172,1440,0
20190405,25.45,25.5687,25.45,25.5687,500,0
20190408,25.6432,25.65,25.6432,25.65,430,0
20190409,25.52,25.679,25.4801,25.679,1438,0
20190410,25.51,25.67,25.33,25.48,6417,0
20190411,25.55,25.55,25.47,25.505,1808,0
20190412,25.55,25.55,25.485,25.485,313,0
20190415,25.47,25.63,25.47,25.53,1878,0
20190416,25.55,25.55,25.55,25.55,153,0
20190417,25.64,25.65,25.64,25.64,1768,0
20190422,25.6285,25.6285,25.5647,25.5647,979,0
20190423,25.57,25.57,25.57,25.57,600,0
20190424,25.53,25.7,25.5,25.7,2694,0
20190426,25.63,25.6337,25.63,25.6302,1401,0
20190430,25.7038,25.7108,25.7025,25.7025,979,0
20190501,25.7,25.73,25.7,25.73,1490,0
20190502,25.7,25.7,25.7,25.7,200,0
20190503,25.73,25.73,25.71,25.71,2536,0
20190506,25.73,25.78,25.73,25.78,2700,0
20190507,25.6214,25.93,25.6214,25.8125,1300,0
20190508,25.9,25.9,25.6977,25.85,1429,0
20190509,25.85,25.85,25.7829,25.8233,1510,0
20190510,25.8338,25.8338,25.8001,25.8001,1387,0
20190513,25.96,26.07,25.81,25.95,12804,0
20190514,25.64,25.77,25.54,25.77,2368,0
20190515,25.6519,25.89,25.6519,25.89,1100,0
20190516,25.65,25.66,25.65,25.66,1748,0
20190517,25.63,25.7443,25.63,25.7104,1950,0
20190520,25.71,25.71,25.71,25.71,300,0
20190521,25.8873,25.8896,25.7989,25.7989,1920,0
20190522,25.856,25.856,25.856,25.856,400,0
20190523,25.58,25.58,25.57,25.58,572,0
20190528,25.86,25.8899,25.6994,25.86,4863,0
20190529,25.7759,25.86,25.694,25.7586,2246,0
20190530,25.8254,25.8747,25.8254,25.8747,400,0
20190531,25.22,25.86,25.22,25.4,7248,0
20190603,25.3964,25.455,25.3964,25.45,533,0
20190604,25.62,25.756,25.62,25.756,258,0
20190605,25.7839,25.84,25.4001,25.55,5362,0
20190606,25.63,25.63,25.63,25.63,229,0
20190607,25.6,25.7225,25.5,25.6,1860,0
20190610,25.78,25.78,25.53,25.53,5201,0
20190611,25.66,25.75,25.66,25.75,250,0
20190612,25.74,25.8859,25.5507,25.5507,3750,0
20190613,25.87,25.87,25.593,25.593,925,0
20190614,25.6502,25.776,25.46,25.776,4375,0
20190617,25.84,25.8899,25.84,25.85,887,0
20190618,26.22,26.22,25.87,25.87,1878,0
20190624,25.8729,25.8729,25.8729,25.8729,500,0
20190625,25.9,26.075,25.9,25.9,3127,0
20190626,25.91,26.1936,25.58,25.58,2743,0
20190627,25.6,25.92,25.6,25.755,5243,0
20190628,25.65,25.65,25.65,25.65,400,0
20190701,25.65,25.75,25.65,25.74,3152,0
20190702,25.94,26.04,25.9,25.9,2180,0
20190703,25.85,25.85,25.85,25.85,100,0
20190705,25.82,25.85,25.8,25.8382,3700,0
20190708,25.838,25.9,25.838,25.9,500,0
20190709,25.9793,25.9793,25.935,25.95,1793,0
20190710,25.81,25.81,25.681,25.785,3280,0
20190711,25.9,26.02,25.85,25.9276,2724,0
20190715,25.89,25.89,25.85,25.85,600,0
20190719,25.8999,25.9,25.8999,25.9,501,0
20190722,25.79,25.79,25.73,25.73,1144,0
20190723,25.72,25.7886,25.65,25.68,3347,0
20190724,25.69,25.8498,25.61,25.8,4801,0
20190726,25.8307,25.8307,25.8307,25.8307,625,0
20190729,25.8543,25.8999,25.83,25.865,1320,0
20190730,25.805,25.9,25.805,25.8999,1300,0
20190731,25.8102,25.8102,25.8102,25.8102,100,0
20190802,25.9,25.9,25.8834,25.8999,4734,0
20190805,25.9,26,25.82,25.82,2127,0
20190806,25.82,25.82,25.68,25.792,1154,0
20190807,25.835,25.85,25.68,25.85,2699,0
20190808,26,26,26,26,396,0
20190812,26,26,26,26,1000,0
20190813,25.93,26,25.8619,26,5710,0
20190814,25.7599,25.7599,25.5434,25.5434,1103,0
20190815,25.5684,25.5684,25.49,25.49,1189,0
20190816,25.679,25.74,25.668,25.7,1390,0
20190820,25.65,25.75,25.65,25.69,2493,0
20190821,25.6263,25.76,25.6263,25.76,790,0
20190822,25.63,25.77,25.62,25.7699,2366,0
20190823,25.7103,25.713,25.7103,25.713,3316,0
20190827,25.75,25.77,25.7249,25.74,1350,0
20190828,25.74,25.87,25.551,25.8699,4740,0
20190829,25.7164,25.76,25.7164,25.76,259,0
20190830,25.75,25.75,25.661,25.68,540,0
20190903,25.87,25.87,25.8699,25.8699,319,0
20190904,25.58,25.58,25.58,25.58,193,0
20190905,25.86,25.86,25.701,25.75,2214,0
20190906,25.6686,25.7,25.6686,25.7,207,0
20190909,25.7758,25.86,25.775,25.849,3262,0
20190910,25.84,25.97,25.772,25.97,2929,0
20190911,25.845,26.05,25.7576,26.05,1985,0
20190912,25.68,25.757,25.67,25.747,423,0
20190913,25.9,25.9,25.9,25.9,419,0
20190916,25.8412,25.8412,25.84,25.84,255,0
20190917,25.9,25.9,25.64,25.7679,5654,0
20190918,25.661,25.77,25.661,25.77,6170,0
20190919,25.7958,25.87,25.7958,25.87,400,0
20190920,25.8393,25.8393,25.8393,25.8393,2610,0
20190923,25.72,25.83,25.72,25.74,2022,0
20190924,25.73,25.8797,25.73,25.73,2170,0
20190925,25.84,26.05,25.84,26.05,4136,0
20190927,25.79,26.1,25.75,26.1,1400,0
20190930,26.05,26.05,25.8,25.82,1127,0
20191001,25.8,25.8,25.8,25.8,100,0
20191002,25.83,25.9905,25.83,25.9905,625,0
20191003,25.81,25.83,25.81,25.83,385,0
20191004,26.0238,26.0238,25.868,25.99,900,0
20191008,26,26.1,26,26.1,2402,0
20191009,26.16,26.25,25.95,26.25,1099,0
20191010,26.08,26.222,26.08,26.1,2646,0
20191011,26.0991,26.1,26.0991,26.1,1200,0
20191017,26.1166,26.28,26,26.28,1199,0
20191018,26.15,26.34,26.1119,26.34,3000,0
20191021,26.0757,26.0757,26.0757,26.0757,132,0
20191022,26.17,26.18,26.04,26.0485,2296,0
20191023,26.1113,26.1113,25.887,25.927,8625,0
20191025,25.8707,25.9033,25.87,25.8902,2493,0
20191028,25.89,25.945,25.89,25.945,300,0
20191030,26,26,25.9775,25.99,1002,0
20191031,26.0981,26.0981,26.0981,26.0981,1000,0
20191101,26.14,26.14,26.14,26.14,391,0
20191105,26.01,26.1798,26.0001,26.1798,2646,0
20191106,26.01,26.1172,26.01,26.0798,1404,0
20191107,25.91,25.9901,25.91,25.91,1765,0
20191108,25.83,25.9583,25.83,25.9583,1414,0
20191111,25.9877,26.07,25.86,26.0699,2601,0
20191112,26.1738,26.1738,26.1738,26.1738,557,0
20191113,26.32,26.33,25.3,25.77,25267,0
20191114,25.44,25.52,25.44,25.48,8102,0
20191115,25.48,25.7,25.48,25.6,7150,0
20191118,25.65,25.65,25.6,25.6,4100,0
20191119,25.6,25.6,25.52,25.5347,3819,0
20191120,25.56,25.63,25.5499,25.58,5805,0
20191121,25.68,25.69,25.6387,25.6436,900,0
20191122,25.6283,25.661,25.62,25.64,3300,0
20191125,25.76,25.8307,25.76,25.8307,431,0
20191126,25.75,25.7856,25.7124,25.7124,3675,0
20191127,25.6826,25.744,25.6826,25.744,730,0
20191129,25.66,25.94,25.66,25.94,2939,0
20191202,25.74,25.93,25.74,25.89,770,0
20191203,25.8258,25.906,25.8,25.906,985,0
20191204,25.94,25.959,25.66,25.7595,2300,0
20191205,25.89,25.89,25.815,25.815,700,0
20191209,25.69,25.7569,25.67,25.7569,1286,0
20191210,25.99,25.99,25.7976,25.8022,1492,0
20191211,25.9349,25.9349,25.6295,25.67,7052,0
20191212,25.7767,25.7767,25.7767,25.7767,343,0
20191213,25.9087,25.9087,25.75,25.75,874,0
20191216,25.75,25.79,25.67,25.7498,20534,0
20191217,25.69,25.6992,25.65,25.65,9932,0
20191218,25.94,25.94,25.6427,25.7268,1590,0
20191219,25.7899,25.7899,25.7489,25.7489,271,0
20191220,25.75,25.75,25.7183,25.7183,547,0
20191223,25.68,25.825,25.66,25.825,1860,0
20191224,25.7562,25.8217,25.7562,25.8217,730,0
20191226,25.71,25.77,25.69,25.7,3110,0
20191227,25.79,25.8505,25.79,25.79,2277,0
20191230,25.76,25.76,25.76,25.76,190,0
20191231,25.7553,25.7553,25.7091,25.7091,889,0
20200102,25.7,25.96,25.7,25.886,4762,0
20200103,25.8022,26.0446,25.8022,26.0371,4606,0
20200106,25.8,26.2,25.8,26.2,1102,0
20200107,26.2,26.2,26.18,26.18,1049,0
20200108,25.88,26.0384,25.88,26.0311,600,0
20200109,26.0838,26.0838,26.0838,26.0838,100,0
20200113,26.24,26.24,26.192,26.2027,7240,0
20200114,26.14,26.2,26.14,26.2,669,0
20200115,26.1726,26.2391,26.1726,26.195,3058,0
20200116,26.21,26.24,26.21,26.2255,2701,0
20200117,26.165,26.165,26.165,26.165,326,0
20200121,26.1735,26.2013,26.1735,26.2013,852,0
20200122,26.175,26.26,26.175,26.26,1357,0
