Date,Open,High,Low,Close,Volume,OpenInt
20110201,14.52,15.2,14.52,14.85,1612103,0
20110202,14.97,15.35,14.65,14.65,1291394,0
20110203,14.65,14.75,14.45,14.45,961523,0
20110204,14.4,14.48,14.04,14.1,758752,0
20110207,14.13,15.63,14.13,15.17,1368273,0
20110208,15.33,15.87,15.28,15.4,975091,0
20110209,15.2,15.2,14.36,14.55,728588,0
20110210,14.25,14.73,14.25,14.61,447591,0
20110211,14.5,14.79,14.38,14.65,361999,0
20110214,14.6,14.81,14.45,14.56,701818,0
20110215,14.01,14.64,14.01,14.41,455800,0
20110216,14.4,14.63,14.08,14.38,479879,0
20110218,14.32,14.67,14.15,14.17,524320,0
20110222,14,14,13.36,13.41,765422,0
20110223,13.45,13.52,12.47,13.04,1033853,0
20110224,12.9,13.16,12.62,13.05,401418,0
20110225,13.05,13.24,12.04,12.61,1337347,0
20110228,12.35,12.5,11.6,11.6,1592329,0
20110301,11.65,11.79,11.35,11.7,820763,0
20110302,11.56,12,11.51,11.6,382497,0
20110303,11.73,12.18,11.45,11.48,370136,0
20110304,11.89,11.89,11.31,11.6,255567,0
20110307,11.75,11.76,11.26,11.28,281418,0
20110308,11.32,11.53,11.3,11.37,227630,0
20110309,11.62,11.73,11.45,11.56,322455,0
20110310,11.4,11.55,11.21,11.22,343310,0
20110311,11,12.08,10.96,12.05,668824,0
20110314,11.8,12.22,11.5,12.11,381512,0
20110315,11.22,12.15,11.2,12.05,542148,0
20110316,12,12.35,11.6,11.72,720342,0
20110317,11.72,11.9,11.62,11.7,261653,0
20110318,11.78,12.2,11.4,11.5,596824,0
20110321,11.76,12.34,11.7,12.22,171750,0
20110322,12.21,12.45,11.91,11.95,286376,0
20110323,11.88,12.02,11.69,11.89,248163,0
20110324,11.8,12,11.7,11.76,329143,0
20110325,11.59,12,11.51,11.77,307939,0
20110328,11.73,12.12,11.62,11.7,559500,0
20110329,11.7,11.87,11.61,11.64,240504,0
20110330,11.7,11.77,11.3,11.44,335409,0
20110331,11.18,11.45,11.1,11.13,711290,0
20110401,11.26,11.3,11.05,11.1,251500,0
20110404,11.05,11.07,10.59,10.78,405905,0
20110405,10.73,11.43,10.73,11.17,254626,0
20110406,11.21,11.38,10.95,11,387205,0
20110407,11,11.28,10.85,10.92,302911,0
20110408,11.1,11.1,10.89,10.9,194443,0
20110411,11.1,11.1,10.8,10.8,222616,0
20110412,10.69,11,10.62,10.97,186573,0
20110413,10.9,10.97,10.7,10.7,145311,0
20110414,10.57,10.7,10.5,10.6,139144,0
20110415,10.55,10.66,10.38,10.55,123606,0
20110418,10.35,10.44,9.99,10.04,253000,0
20110419,10.13,10.2,9.75,9.88,423985,0
20110420,9.89,10.12,9.75,9.75,90729,0
20110421,9.92,9.94,9.63,9.82,225546,0
20110425,9.63,9.68,9.33,9.46,188869,0
20110426,9.3,9.64,9.3,9.4,518578,0
20110427,9.33,9.4,9.07,9.14,189819,0
20110428,9.09,9.3,9.02,9.17,262395,0
20110429,9.08,9.14,8.95,8.98,312595,0
20110502,9,9.04,8.65,8.65,312133,0
20110503,8.88,8.9,8.65,8.7,451773,0
20110504,8.95,8.96,8.65,8.89,244140,0
20110505,8.81,9.03,8.71,8.88,353792,0
20110506,8.9,9.35,8.75,9.09,609764,0
20110509,9.39,9.39,8.5,8.61,477179,0
20110510,8.4,8.68,8.33,8.55,570322,0
20110511,8.5,9.4,8.5,9.02,569973,0
20110512,8.95,9.2,8.83,8.98,206138,0
20110513,8.98,9.12,8.6,8.79,342387,0
20110516,8.79,9.14,8.79,8.86,149940,0
20110517,9.05,9.2,8.86,9.12,312131,0
20110518,9.01,9.36,9,9.32,231520,0
20110519,9.39,9.39,9.1,9.2,217269,0
20110520,9.07,9.48,9.07,9.29,134564,0
20110523,9.11,9.2,8.92,9.01,1567216,0
20110524,8.96,9.34,8.91,9.06,920221,0
20110525,8.6,9.08,8.51,9.05,2302461,0
20110526,9.02,9.21,8.94,9.05,370725,0
20110527,9.19,9.23,9.06,9.19,120458,0
20110531,9.06,9.2,8.95,9.1,411252,0
20110601,9.05,9.09,8.8,8.96,250775,0
20110602,8.97,9.1,8.96,9.05,283183,0
20110603,8.77,9.05,8.77,8.99,234873,0
20110606,8.87,9,8.7,8.74,240194,0
20110607,8.72,8.85,8.72,8.72,158632,0
20110608,8.71,8.89,8.58,8.85,175872,0
20110609,8.85,9.2,8.84,8.99,169318,0
20110610,9.07,9.38,8.85,9.38,213521,0
20110613,9.3,9.48,9.21,9.35,136367,0
20110614,9.35,9.39,9.1,9.27,90319,0
20110615,9.1,9.31,8.99,9.11,135373,0
20110616,9.11,9.29,9.07,9.07,52369,0
20110617,9.1,9.3,9.09,9.21,180815,0
20110620,9.07,9.27,9.05,9.26,43128,0
20110621,9.2,9.6,9.12,9.51,131805,0
20110622,8.75,9.88,8.75,9.67,97659,0
20110623,9.66,9.66,9.4,9.59,198932,0
20110624,9.6,9.74,9.44,9.5,119975,0
20110627,9.5,9.88,9.4,9.77,156630,0
20110628,9.63,9.83,9.63,9.79,51694,0
20110629,9.71,10.13,9.71,9.9,89207,0
20110630,9.9,10.24,9.9,10.2,172464,0
20110701,10.01,10.38,9.99,10.37,142958,0
20110705,10.63,10.64,10.36,10.38,206405,0
20110706,10.15,10.33,10.05,10.15,130043,0
20110707,10.2,10.67,10.2,10.49,484152,0
20110708,10.45,10.58,10.26,10.55,132920,0
20110711,10.36,10.45,9.9,9.99,356348,0
20110712,9.85,10.05,9.8,9.9,226170,0
20110713,9.85,10.2,9.84,10,251824,0
20110714,9.9,10.14,9.9,10.05,447822,0
20110715,9.85,10.1,9.85,10.04,479149,0
20110718,9.91,10.15,9.53,10.1,897782,0
20110719,9.91,10.18,9.82,9.98,157213,0
20110720,9.75,10.13,9.75,10.1,105155,0
20110721,10,10.49,10,10.19,305745,0
20110722,10.03,10.23,10.03,10.21,74736,0
20110725,10.2,10.2,10.08,10.18,75059,0
20110726,10.07,10.47,10.07,10.37,315764,0
20110727,10.14,10.34,10.03,10.12,127860,0
20110728,10.02,10.28,10,10.01,91924,0
20110729,9.98,10.03,9.85,9.92,102692,0
20110801,10.1,10.14,9.66,9.81,139329,0
20110802,9.69,9.69,9.3,9.35,183664,0
20110803,9.22,9.47,9.15,9.46,229571,0
20110804,9.6,9.6,8.5,8.58,353348,0
20110805,8.56,8.59,7.25,7.72,1353282,0
20110808,6.81,7.76,6.5,7.19,993319,0
20110809,7.19,7.49,6.87,7.44,894621,0
20110810,7.21,7.3,6.85,6.92,194120,0
20110811,6.81,7.43,6.29,7,299332,0
20110812,7.08,7.53,6.88,6.99,155477,0
20110815,7.06,7.71,7.06,7.6,196312,0
20110816,7.7,8,7.23,7.56,120830,0
20110817,7.56,8.04,7.56,7.79,126442,0
20110818,7.55,7.56,6.79,6.94,199780,0
20110819,6.8,7.2,6.8,6.88,134189,0
20110822,7.01,7.19,6.58,6.59,72561,0
20110823,6.5,6.95,6.33,6.95,110853,0
20110824,6.83,7.18,6.74,7.06,133021,0
20110825,7.27,7.65,6.7,6.73,158863,0
20110826,7.04,7.04,6.73,6.93,60590,0
20110829,6.95,7.69,6.94,7.6,172590,0
20110830,7.4,7.78,7.4,7.71,87029,0
20110831,7.9,7.99,7.5,7.5,206132,0
20110901,7.55,7.65,7.39,7.49,82943,0
20110902,7,7.19,6.87,7.06,91344,0
20110906,6.91,6.99,6.6,6.92,127272,0
20110907,7,7.95,7,7.9,271356,0
20110908,7.75,7.8,7.4,7.5,93075,0
20110909,7.44,7.5,7,7.01,143154,0
20110912,6.97,7.21,6.78,6.99,105346,0
20110913,7.06,7.38,6.98,7.26,62915,0
20110914,7.45,7.63,7.22,7.4,86782,0
20110915,7.56,7.74,7.45,7.73,77094,0
20110916,7.44,7.99,7.44,7.85,134295,0
20110919,7.4,7.72,7.15,7.55,213637,0
20110920,7.56,7.67,7.31,7.32,170455,0
20110921,7.32,7.58,6.75,6.75,86685,0
20110922,6.31,6.49,6.1,6.3,283638,0
20110923,6.02,6.55,6,6.41,125995,0
20110926,6.41,6.76,6.3,6.7,430432,0
20110927,6.78,7.1,6.59,6.7,184193,0
20110928,6.7,6.85,6.35,6.4,257616,0
20110929,6.48,6.63,6.34,6.48,141201,0
20110930,6.2,6.37,6.05,6.12,169895,0
20111003,6.05,6.08,5.35,5.41,329135,0
20111004,5.06,5.25,4.66,5.19,393292,0
20111005,5.3,5.63,5,5.59,147295,0
20111006,5.5,5.88,5.25,5.85,133950,0
20111007,5.8,5.83,5.4,5.54,1482339,0
20111010,5.73,5.9,5.67,5.9,54997,0
20111011,5.65,6.16,5.65,6.05,81101,0
20111012,6.03,6.83,6.03,6.64,174174,0
20111013,6.41,6.46,6.17,6.31,84154,0
20111014,6.31,6.57,6.22,6.53,104359,0
20111017,6.6,6.6,6.06,6.07,244964,0
20111018,6.14,6.65,5.96,6.41,151448,0
20111019,6.33,6.68,6.15,6.16,64629,0
20111020,6.09,6.38,6.04,6.35,75812,0
20111021,6.5,6.65,6.4,6.62,271038,0
20111024,6.43,7.14,6.43,7.07,164088,0
20111025,7.25,7.25,6.62,6.86,158464,0
20111026,7,7.38,6.99,7.3,84755,0
20111027,7.95,7.95,7.52,7.8,249706,0
20111028,7.65,7.79,7.48,7.6,110443,0
20111031,7.21,7.41,7,7.01,116850,0
20111101,6.45,6.85,6,6.39,132029,0
20111102,6.24,6.81,6.24,6.59,161217,0
20111103,6.66,6.86,6.42,6.68,171778,0
20111104,6.17,6.34,6.03,6.24,173755,0
20111107,6.24,6.37,6.08,6.17,79426,0
20111108,6.18,6.4,6.08,6.36,69219,0
20111109,6.05,6.11,5.78,5.8,187735,0
20111110,6.01,6.1,5.84,6.02,80911,0
20111111,6.05,6.3,6.05,6.18,91855,0
20111114,6.09,6.14,5.98,6.04,84559,0
20111115,6.04,6.15,5.9,5.98,157948,0
20111116,5.91,5.96,5.5,5.51,349972,0
20111117,5.6,5.72,5.35,5.41,254541,0
20111118,5.4,5.51,5.33,5.46,155301,0
20111121,5.34,5.34,5.06,5.18,244759,0
20111122,5.18,5.35,5.13,5.17,177449,0
20111123,5.25,5.25,4.93,5.04,325439,0
20111125,4.88,5.11,4.88,5.1,54193,0
20111128,5.49,5.49,5.07,5.15,184263,0
20111129,5.32,5.4,5.1,5.4,151355,0
20111130,5.76,6.16,5.55,6.12,313175,0
20111201,6.2,6.25,5.95,6.08,247683,0
20111202,6.05,6.4,6.05,6.19,198193,0
20111205,6.33,6.6,6.25,6.41,187916,0
20111206,6.25,6.65,6.18,6.49,171911,0
20111207,6.46,6.68,6.33,6.47,176467,0
20111208,6.3,6.43,6,6.01,218859,0
20111209,6.01,6.47,6.01,6.46,255680,0
20111212,6.1,6.38,6.1,6.26,413070,0
20111213,6.32,6.4,6.01,6.07,182491,0
20111214,6.1,6.1,5.73,5.73,261627,0
20111215,6,6.09,5.6,5.72,348152,0
20111216,5.98,6.04,5.77,5.81,200085,0
20111219,5.92,5.93,5.2,5.25,432948,0
20111220,5.46,5.93,5.46,5.8,258067,0
20111221,5.79,6.08,5.77,5.89,223602,0
20111222,5.89,6.1,5.89,6,183555,0
20111223,6,6.04,6,6.01,95316,0
20111227,5.82,6.04,5.8,5.82,92014,0
20111228,5.82,5.89,5.56,5.6,170520,0
20111229,5.55,5.72,5.5,5.65,115508,0
20111230,5.66,5.7,5.5,5.51,119745,0
20120103,5.76,6,5.76,5.79,127422,0
20120104,5.9,5.9,5.68,5.84,141319,0
20120105,5.66,5.83,5.59,5.78,113615,0
20120106,5.7,5.75,5.65,5.7,68619,0
20120109,5.72,5.83,5.67,5.8,40308,0
20120110,5.93,6.23,5.92,6.08,190887,0
20120111,6.08,6.23,6.03,6.19,56880,0
20120112,6.24,6.29,6.09,6.22,38412,0
20120113,6.1,6.1,5.9,6.06,69665,0
20120117,6.06,6.17,5.85,5.92,110077,0
20120118,5.92,6.14,5.81,6.14,69240,0
20120119,6.21,6.38,6.15,6.23,128012,0
20120120,6.11,6.34,6.11,6.29,86373,0
20120123,6.25,6.3,6.08,6.13,228563,0
20120124,6.1,6.1,5.9,5.98,124908,0
20120125,5.98,5.98,5.82,5.95,175877,0
20120126,5.92,6.07,5.77,5.89,1014592,0
20120127,5.85,6.04,5.8,5.95,108353,0
20120130,5.77,5.98,5.72,5.93,100974,0
20120131,5.95,6.1,5.76,5.85,182309,0
20120201,5.9,6.43,5.9,6.37,292395,0
20120202,6.37,6.4,6.23,6.3,122256,0
20120203,6.35,6.8,6.35,6.62,126206,0
20120206,6.5,6.76,6.43,6.69,1248041,0
20120207,6.72,6.84,6.62,6.62,128143,0
20120208,6.76,6.84,6.65,6.77,220945,0
20120209,6.76,7.35,6.76,7.16,366411,0
20120210,6.95,7.21,6.83,7.18,319148,0
20120213,7.43,7.49,7.18,7.25,191023,0
20120214,7.26,7.38,7.02,7.14,230301,0
20120215,7.15,7.2,7.05,7.06,124285,0
20120216,6.95,7.33,6.91,7.27,111778,0
20120217,7.22,7.33,7.18,7.21,52793,0
20120221,7.16,7.5,7.15,7.25,241291,0
20120222,7.28,7.37,7.26,7.31,231389,0
20120223,7.33,7.48,7.26,7.32,236686,0
20120224,8.07,8.43,7.63,7.77,349141,0
20120227,7.8,8.11,7.68,8.06,132058,0
20120228,8.1,8.36,8.1,8.11,179968,0
20120229,8.13,8.44,8.07,8.27,179027,0
20120301,8.25,8.65,8.25,8.46,277414,0
20120302,8.55,8.61,8.2,8.47,331962,0
20120305,8.47,9.05,8.39,8.74,365301,0
20120306,8.3,8.69,8.21,8.35,145154,0
20120307,8.49,8.66,8.38,8.5,75136,0
20120308,8.15,8.5,8.05,8.43,429572,0
20120309,8.32,8.53,8.31,8.48,156001,0
20120312,8.37,8.47,8.25,8.32,59185,0
20120313,8.4,8.5,8.37,8.39,119901,0
20120314,8.4,8.54,8.4,8.54,51898,0
20120315,8.41,8.51,8.35,8.41,68720,0
20120316,8.46,8.55,8.45,8.47,77396,0
20120319,8.47,8.64,8.44,8.6,243477,0
20120320,8.51,9.07,8.5,9.05,198117,0
20120321,9.08,9.3,9.05,9.23,155546,0
20120322,9.11,9.13,8.9,8.98,114221,0
20120323,9.07,9.15,8.99,9.1,43928,0
20120326,9.16,9.59,9.16,9.51,100781,0
20120327,9.65,10.13,9.65,9.9,294075,0
20120328,9.93,10.09,9.74,10.03,187501,0
20120329,9.92,10.1,9.8,10.04,179300,0
20120330,10.15,10.64,10.15,10.64,131482,0
20120402,10.64,10.86,10.45,10.72,301499,0
20120403,10.65,10.76,10.51,10.7,85532,0
20120404,10.63,11.5,10.63,11.35,349559,0
20120405,11.35,11.69,11.11,11.48,180609,0
20120409,11.36,11.36,11.01,11.08,174246,0
20120410,11.27,11.6,10.8,11.01,369977,0
20120411,11.51,11.68,11.23,11.51,308053,0
20120412,11.35,12.3,11.33,12.3,319702,0
20120413,12.08,12.2,11.95,12.12,152290,0
20120416,12.12,12.35,11.85,12.16,105839,0
20120417,12.25,12.33,11.82,11.9,173652,0
20120418,11.89,12,11.76,11.76,184629,0
20120419,11.75,11.82,11.5,11.7,143668,0
20120420,12.6,12.6,11.4,11.4,74714,0
20120423,11.2,11.72,11,11.7,120801,0
20120424,11.79,11.93,11.5,11.89,101081,0
20120425,11.97,12.24,11.68,11.95,125788,0
20120426,11.9,12.51,11.87,12.45,155420,0
20120427,12.5,12.99,12.41,12.93,259333,0
20120430,12.85,12.95,12.65,12.85,115983,0
20120501,13.21,13.45,12.9,13.05,132687,0
20120502,12.8,13.2,12.77,13.15,94960,0
20120503,13.19,13.2,12.76,12.99,220044,0
20120504,12.41,12.69,11.75,12.64,300610,0
20120507,11.95,12.67,11.69,12.45,682901,0
20120508,12.39,12.65,12.21,12.45,449375,0
20120509,12.26,12.72,12.26,12.6,281489,0
20120510,12.78,12.85,12.6,12.6,206601,0
20120511,12.57,12.72,12.4,12.46,120516,0
20120514,12.25,12.28,11.83,11.85,396966,0
20120515,11.74,11.98,11.37,11.48,177300,0
20120516,11.45,11.8,11.07,11.13,291261,0
20120517,11.12,11.14,9.81,10.15,434817,0
20120518,10.12,10.3,9.87,10.21,323465,0
20120521,10.2,10.82,10.2,10.82,468485,0
20120522,10.77,11.1,10.66,10.77,288357,0
20120523,10.67,10.77,10.34,10.57,208206,0
20120524,10.67,10.74,10.29,10.45,147871,0
20120525,10.4,10.45,10.18,10.25,52926,0
20120529,10.35,10.77,10.32,10.55,190152,0
20120530,10.54,10.6,10.04,10.25,226915,0
20120531,10.2,10.5,10.01,10.2,95275,0
20120601,9.99,10.02,9.55,9.55,257994,0
20120604,9.55,9.75,9.46,9.49,224670,0
20120605,9.4,10.02,9.4,10.02,131045,0
20120606,10.21,10.62,10.21,10.38,217936,0
20120607,10.8,10.88,10.4,10.54,174545,0
20120608,10.07,10.58,10.05,10.58,166422,0
20120611,10.6,10.85,10,10,78634,0
20120612,10.01,10.39,9.98,10.39,152067,0
20120613,10.18,10.62,10.1,10.47,168707,0
20120614,10.3,10.57,10.3,10.42,156396,0
20120615,10.53,10.75,10.48,10.5,201202,0
20120618,10.43,10.57,10.26,10.5,95058,0
20120619,10.65,10.75,10.47,10.61,180549,0
20120620,10.6,10.7,10.29,10.53,141760,0
20120621,10.48,10.59,10,10.17,162295,0
20120622,10.2,10.29,10,10,176189,0
20120625,9.75,9.93,9.6,9.93,102614,0
20120626,9.96,10.16,9.79,10.05,59230,0
20120627,10.1,10.14,9.83,9.91,59019,0
20120628,9.75,9.94,9.63,9.86,75191,0
20120629,10.22,10.48,10.03,10.31,92978,0
20120702,10.36,10.53,10.03,10.19,68539,0
20120703,10,10.46,10,10.41,72071,0
20120705,10.23,10.29,10.08,10.16,54239,0
20120706,9.84,10.19,9.84,10.15,67798,0
20120709,10.04,10.09,9.83,9.98,58422,0
20120710,10,10.14,9.81,9.87,40973,0
20120711,9.85,10.01,9.73,9.8,69911,0
20120712,9.6,9.75,9.47,9.75,94762,0
20120713,9.7,10.22,9.7,10.05,126067,0
20120716,9.9,10.16,9.8,10.06,66200,0
20120717,9.91,10.65,9.91,10.45,111969,0
20120718,10.43,10.58,10.3,10.4,106395,0
20120719,10.34,10.63,10.28,10.53,83394,0
20120720,10.22,10.35,10.19,10.34,76866,0
20120723,9.83,10.4,9.76,10.38,140570,0
20120724,10.3,10.58,10.3,10.58,128075,0
20120725,10.6,10.6,10.37,10.45,67083,0
20120726,10.66,10.74,10.45,10.57,42442,0
20120727,10.66,11.17,10.66,10.96,97884,0
20120730,10.84,11.1,10.84,11,36004,0
20120731,10.69,11.1,10.69,11.02,85384,0
20120801,11.02,11.55,10.9,11.1,76343,0
20120802,10.9,11.28,10.85,11.27,146919,0
20120803,11.8,11.8,11.2,11.58,156679,0
20120806,11.43,12.02,11.38,11.95,247012,0
20120807,11.8,12.02,11.7,11.98,143293,0
20120808,11.8,12.06,11.6,12.06,82602,0
20120809,12,12.26,11.9,12.25,66547,0
20120810,11.93,12.16,11.9,11.98,84427,0
20120813,11.8,12.44,11.8,12.43,125182,0
20120814,12.48,13.33,12.48,12.9,228019,0
20120815,13,13.25,12.85,12.98,84426,0
20120816,13.01,13.49,13.01,13.11,168068,0
20120817,13.02,13.27,12.9,13.16,60117,0
20120820,13.05,13.17,12.81,13.04,91997,0
20120821,13.13,13.3,12.83,13.04,89572,0
20120822,12.85,13.1,12.65,12.83,115029,0
20120823,12.7,13.01,12.7,12.9,66341,0
20120824,12.78,13.3,12.78,13.27,161725,0
20120827,13.27,13.36,12.85,13,243466,0
20120828,13.01,13.19,12.78,12.9,158716,0
20120829,12.9,13.05,12.81,12.9,85189,0
20120830,12.9,12.98,12.7,12.9,47830,0
20120831,12.9,13.2,12.86,13,149078,0
20120904,13,13.5,12.99,13.25,179040,0
20120905,13.23,14.08,13.22,13.83,166117,0
20120906,13.31,14.43,13.31,13.42,476144,0
20120907,13.47,13.8,13.23,13.63,145781,0
20120910,13.7,13.7,13.17,13.38,494762,0
20120911,13.26,13.71,13.15,13.63,609447,0
20120912,14.01,14.5,14.01,14.16,260119,0
20120913,14.18,14.69,14.12,14.6,158575,0
20120914,14.68,15.39,14.68,15.25,279842,0
20120917,14.77,15.39,14.77,14.79,128600,0
20120918,14.77,15.15,14.51,14.64,118925,0
20120919,14.95,14.95,14.45,14.46,88848,0
20120920,14.35,14.42,13.96,14.1,179677,0
20120921,14.2,14.2,13.74,13.9,153922,0
20120924,13.63,14.13,13.63,14.06,101103,0
20120925,14.1,14.26,13.5,13.51,185004,0
20120926,13.5,13.77,13.3,13.42,151669,0
20120927,13.65,13.83,13.51,13.61,75700,0
20120928,13.61,13.75,13.37,13.45,79366,0
20121001,13.48,13.92,13.48,13.88,106785,0
20121002,13.81,14.15,13.72,13.73,56012,0
20121003,13.9,14.25,13.78,14.11,58684,0
20121004,14.17,14.77,14.17,14.75,130553,0
20121005,14.8,15,14.76,14.88,95435,0
20121008,14.57,15.07,14.55,15,131557,0
20121009,15.11,15.15,14.6,14.6,111795,0
20121010,14.68,14.81,14.52,14.65,95490,0
20121011,14.92,15.05,14.85,14.86,71281,0
20121012,14.7,14.96,14.65,14.95,68238,0
20121015,14.95,15.07,14.82,15.07,129263,0
20121016,15.15,15.4,15.01,15.18,149962,0
20121017,15.3,15.49,15.21,15.24,130258,0
20121018,15.2,15.55,15.2,15.23,215225,0
20121019,15.09,15.11,14.47,14.47,156571,0
20121022,14.51,14.76,14.1,14.27,148341,0
20121023,14.11,14.2,13.83,13.98,129398,0
20121024,14.01,14.05,13.81,13.83,86913,0
20121025,14.11,14.11,13.76,13.85,63314,0
20121026,13.86,13.99,13.66,13.73,69381,0
20121031,13.52,14.15,13.52,14.15,80207,0
20121101,14.15,14.52,14.01,14.45,95278,0
20121102,14.1,14.12,13.6,13.85,458214,0
20121105,13.65,14.07,13.54,13.96,104188,0
20121106,13.98,14.15,13.9,14.05,117527,0
20121107,14,14.04,13.56,13.75,173498,0
20121108,13.71,13.89,13.57,13.6,176602,0
20121109,13.6,13.95,13.55,13.81,95350,0
20121112,13.7,13.94,13.66,13.93,53228,0
20121113,13.89,13.91,13.53,13.73,126668,0
20121114,13.71,13.71,13.31,13.44,279197,0
20121115,13.42,13.72,13.3,13.63,132398,0
20121116,13.48,13.83,13.36,13.71,38300,0
20121119,13.85,14.09,13.77,13.95,118734,0
20121120,13.61,14.18,13.61,13.88,47273,0
20121121,13.82,14.1,13.8,13.92,151620,0
20121123,13.96,14.06,13.87,13.98,16199,0
20121126,13.14,14.07,13.14,14,74084,0
20121127,13.88,14.01,13.88,13.9,40245,0
20121128,13.85,13.98,13.65,13.94,265367,0
20121129,14,14.2,13.86,14.04,197114,0
20121130,14,14.16,13.85,13.88,52411,0
20121203,13.9,14,13.86,13.88,111293,0
20121204,13.86,13.99,13.8,13.8,40560,0
20121205,13.8,14.15,13.8,14.05,194146,0
20121206,13.85,14.05,13.72,13.83,73986,0
20121207,13.95,14.24,13.9,14.1,148223,0
20121210,13.77,14.06,13.75,13.81,106036,0
20121211,14.24,14.68,14.11,14.45,449338,0
20121212,14.64,14.64,14.22,14.3,128795,0
20121213,14.13,14.27,13.89,13.98,145384,0
20121214,13.92,14.02,13.85,13.9,51758,0
20121217,14.08,14.15,13.94,14.05,242284,0
20121218,14.05,14.25,14,14.25,203782,0
20121219,14.3,14.3,13.9,14,162165,0
20121220,13.92,14.16,13.92,14.11,178789,0
20121221,13.9,14,13.66,13.81,166959,0
20121224,13.75,13.95,13.7,13.94,62557,0
20121226,14,14.16,13.77,14,127818,0
20121227,14.05,14.06,13.71,13.85,83907,0
20121228,13.99,13.99,13.61,13.61,63067,0
20121231,13.6,14.05,13.57,13.8,118827,0
20130102,14.29,14.48,14.1,14.25,195369,0
20130103,14.16,14.25,13.93,13.96,167694,0
20130104,14.1,14.1,13.85,14.05,78546,0
20130107,13.9,14.09,13.8,14,184247,0
20130108,13.95,14.04,13.81,14,64584,0
20130109,14,14.03,13.9,13.99,87057,0
20130110,14,14.03,13.89,14,87423,0
20130111,13.95,14,13.8,13.9,138510,0
20130114,13.75,13.87,13.5,13.62,159689,0
20130115,13.6,13.72,13.54,13.65,59813,0
20130116,13.55,13.95,13.55,13.92,39150,0
20130117,13.86,14,13.86,13.86,39945,0
20130118,13.79,14,13.79,13.86,66989,0
20130122,14,14.25,13.91,13.91,250586,0
20130123,13.91,14.05,13.84,14,167500,0
20130124,14,14.21,13.87,13.96,275309,0
20130125,13.94,14.05,13.82,13.9,142098,0
20130128,13.93,14.06,13.93,14,220930,0
20130129,14.02,14.28,14.02,14.12,186029,0
20130130,14.28,14.28,14,14,116713,0
20130131,14,14.32,13.91,14,143451,0
20130201,14.05,14.55,14.05,14.45,227633,0
20130204,14.31,14.38,14.13,14.21,83115,0
20130205,14.25,14.56,14.15,14.38,130644,0
20130206,14.38,14.6,14.25,14.58,261077,0
20130207,14.49,14.69,14.4,14.67,173198,0
20130208,14.6,14.9,14.55,14.74,125443,0
20130211,14.7,14.9,14.64,14.85,116878,0
20130212,14.85,14.97,14.55,14.6,143531,0
20130213,14.69,14.81,14.55,14.59,119893,0
20130214,14.6,14.8,14.5,14.7,71281,0
20130215,14.75,14.82,14.52,14.55,123952,0
20130219,14.51,14.75,14.46,14.64,69805,0
20130220,14.8,14.8,14.22,14.22,132866,0
20130221,14.08,14.19,13.85,14.1,147627,0
20130222,15,15.01,14.04,14.26,410919,0
20130225,14.34,14.46,13.6,13.61,264023,0
20130226,13.84,13.95,13.5,13.54,462070,0
20130227,13.6,14,13.55,13.84,154078,0
20130228,13.9,14.13,13.84,13.84,109226,0
20130301,13.75,13.92,13.5,13.79,107003,0
20130304,13.7,13.87,13.65,13.74,91443,0
20130305,13.87,14.13,13.79,13.8,183956,0
20130306,13.9,14.05,13.83,14.03,116284,0
20130307,13.95,14.5,13.95,14.33,627123,0
20130308,14.4,14.68,14.27,14.6,245842,0
20130311,14.6,14.7,14.44,14.63,108482,0
20130312,14.71,14.71,14.2,14.39,373771,0
20130313,14.19,14.65,14.1,14.24,146900,0
20130314,14.25,14.65,14.25,14.62,252974,0
20130315,14.68,14.7,14.42,14.6,79258,0
20130318,14.4,14.63,14.29,14.63,220022,0
20130319,14.52,14.75,14.52,14.68,301941,0
20130320,14.72,14.88,14.7,14.86,402983,0
20130321,14.68,14.78,14.6,14.75,232455,0
20130322,14.76,14.86,14.69,14.72,231463,0
20130325,14.73,14.98,14.59,14.9,93734,0
20130326,15,15.25,15,15.2,155944,0
20130327,15.02,15.15,15.02,15.11,31734,0
20130328,15.08,15.28,15.08,15.2,81605,0
20130401,15.18,15.37,15,15.07,157362,0
20130402,15.1,15.44,15.1,15.35,143485,0
20130403,15.32,15.33,14.81,14.98,166898,0
20130404,15.01,15.24,15.01,15.03,120618,0
20130405,14.85,15.62,14.77,15.55,252157,0
20130408,15.91,16.55,15.7,16.43,879261,0
20130409,16.9,16.9,16.4,16.5,229039,0
20130410,16.5,16.82,16.5,16.62,281424,0
20130411,16.7,16.73,16.42,16.55,407671,0
20130412,16.6,16.82,16.53,16.8,314729,0
20130415,16.73,16.74,16.21,16.59,467154,0
20130416,16.7,16.9,16.56,16.65,118110,0
20130417,16.55,16.57,16.35,16.48,130856,0
20130418,16.38,16.57,16.21,16.33,133867,0
20130419,16.37,16.64,16.37,16.57,115165,0
20130422,16.52,16.6,16.38,16.53,19008,0
20130423,16.8,17.5,16.67,17.32,390991,0
20130424,17.16,17.8,17.16,17.72,252632,0
20130425,17.8,18.21,17.75,17.9,168659,0
20130426,17.41,17.63,17.11,17.4,201358,0
20130429,17.6,17.6,17.11,17.4,81845,0
20130430,17.41,18,17.41,17.7,115493,0
20130501,17.85,18.01,17.53,17.53,101184,0
20130502,17.9,18.18,17.75,18,285070,0
20130503,19.19,19.32,18.73,19.09,456052,0
20130506,19.25,19.58,18.9,19.47,230711,0
20130507,19.25,19.27,18.69,18.9,233147,0
20130508,18.77,18.9,18.56,18.83,99074,0
20130509,18.8,18.82,18.5,18.66,100091,0
20130510,18.7,18.85,18.55,18.73,94328,0
20130513,17.21,18.9,17.21,18.9,130523,0
20130514,18.93,19.39,18.93,19.3,231050,0
20130515,19.39,19.75,19.25,19.57,337781,0
20130516,19.4,19.63,18.91,19,130294,0
20130517,19.25,19.29,18.96,18.96,93406,0
20130520,18.96,18.96,18.56,18.62,136542,0
20130521,18.58,18.88,18.5,18.5,106611,0
20130522,18.5,18.81,18.25,18.3,234624,0
20130523,18,18.62,17.81,18.5,98793,0
20130524,17,18.55,17,18.5,69632,0
20130528,18.61,19.13,18.25,18.75,163311,0
20130529,18.5,18.92,18.44,18.63,106474,0
20130530,18.51,19.28,18.51,18.75,307895,0
20130531,18.31,18.95,18.27,18.4,221768,0
20130603,18.41,18.51,17.3,18.31,323500,0
20130604,18.54,18.75,18,18.28,147984,0
20130605,18.95,18.98,18,18.54,171122,0
20130606,18.21,18.93,18.2,18.89,141649,0
20130607,18.92,19.3,18.89,19.18,165581,0
20130610,19.23,19.48,19.06,19.39,129685,0
20130611,19.3,19.3,18.28,18.29,271598,0
20130612,18.59,18.79,18.06,18.24,322519,0
20130613,18.24,18.83,18.13,18.76,146953,0
20130614,18.8,18.99,18.38,18.38,57657,0
20130617,18.42,18.52,18.06,18.24,52661,0
20130618,18,18.38,17.95,18.32,53702,0
20130619,18.26,18.8,18.22,18.22,72749,0
20130620,17.91,18.42,17.88,18.24,147177,0
20130621,18.23,18.25,17.75,17.99,117384,0
20130624,17.42,17.5,16.75,17.04,284814,0
20130625,17.36,17.88,17.36,17.57,76466,0
20130626,17.78,17.9,17.36,17.63,141291,0
20130627,17.63,18.17,17.63,18.04,138569,0
20130628,18,18.25,17.75,18.24,79009,0
20130701,18.17,18.49,18.1,18.41,37821,0
20130702,18.11,18.55,18.11,18.36,32381,0
20130703,18.13,18.25,17.86,18.03,52932,0
20130705,18.19,18.58,18.19,18.51,57267,0
20130708,18.57,18.76,18.44,18.66,107500,0
20130709,18.68,18.84,18.57,18.76,125837,0
20130710,18.7,18.9,18.6,18.85,49392,0
20130711,18.96,19,18.77,18.93,81180,0
20130712,18.9,19.05,18.86,19.05,149357,0
20130715,19.15,19.25,19,19.14,156810,0
20130716,19.15,19.18,18.79,18.81,122991,0
20130717,18.86,19.08,18.75,18.82,151554,0
20130718,18.9,18.98,18.8,18.98,136129,0
20130719,18.84,18.99,18.81,18.95,56226,0
20130722,19.16,19.2,19,19.2,160802,0
20130723,19.22,19.26,18.7,19,139947,0
20130724,19.06,19.06,18.51,18.9,131650,0
20130725,18.7,19.07,18.7,19,83086,0
20130726,18.7,19.01,18.7,19.01,58542,0
20130729,19.1,19.1,18.8,18.92,44463,0
20130730,18.9,18.98,18.44,18.75,65385,0
20130731,18.99,19.1,18.8,18.92,243589,0
20130801,18.98,19.36,18.98,19.36,232798,0
20130802,19.9,20.34,19.33,19.63,261473,0
20130805,19.63,19.99,19.4,19.69,91863,0
20130806,19.4,19.68,19.33,19.35,83824,0
20130807,19.35,19.53,19.16,19.38,100501,0
20130808,19.5,19.77,19.25,19.62,102772,0
20130809,19.72,19.75,19.4,19.42,50047,0
20130812,19.4,19.42,19.01,19.02,150707,0
20130813,19.03,19.25,19,19,196038,0
20130814,19,19.29,18.79,18.87,120573,0
20130815,18.75,18.76,18.4,18.64,174650,0
20130816,18.71,19.05,18.68,18.75,146610,0
20130819,18.35,18.6,18.21,18.32,109879,0
20130820,18.21,18.65,18.13,18.54,62471,0
20130821,18.59,18.86,18.44,18.63,46711,0
20130822,18.63,19.03,18.63,18.88,53610,0
20130823,18.74,19.05,18.74,18.84,35711,0
20130826,18.67,19.1,18.67,19.06,116297,0
20130827,18.8,18.8,18.1,18.59,164202,0
20130828,18.47,18.96,18.32,18.75,60390,0
20130829,18.5,19.05,18.5,18.85,67211,0
20130830,18.62,18.85,18.51,18.7,56054,0
20130903,19,19.3,19,19.25,138399,0
20130904,19.08,19.52,19.08,19.45,117167,0
20130905,19.44,19.65,19.44,19.5,112913,0
20130906,19.65,19.65,19.23,19.26,58121,0
20130909,19.34,19.58,19.25,19.5,91676,0
20130910,19.85,19.9,19.5,19.6,110560,0
20130911,19.6,19.64,19.21,19.45,121276,0
20130912,19.37,19.42,19.2,19.2,50376,0
20130913,19.2,19.26,19,19.11,131697,0
20130916,19.57,19.57,19.05,19.14,92330,0
20130917,19.09,19.45,18.99,19.44,98309,0
20130918,19.4,19.48,19.2,19.35,112461,0
20130919,19.4,19.4,18.83,19.17,160694,0
20130920,19.33,19.35,19.02,19.15,58891,0
20130923,18.9,19.12,18.68,19.06,204856,0
20130924,19,19.33,18.85,18.9,83640,0
20130925,18.94,19.25,18.89,19.05,67641,0
20130926,18.94,19.17,18.89,18.98,50039,0
20130927,19,19.08,18.75,19.06,62329,0
20130930,18.75,19.05,18.57,18.95,75358,0
20131001,18.88,19.15,18.87,19.1,47377,0
20131002,18.96,19,18.7,19,45894,0
20131003,18.81,19.16,18.67,18.95,72902,0
20131004,18.82,19.1,18.81,19.06,53685,0
20131007,18.81,19,18.68,18.95,239477,0
20131008,18.9,18.98,18.55,18.57,118964,0
20131009,18.52,18.72,18.3,18.5,96365,0
20131010,18.94,19.16,18.76,19.1,218472,0
20131011,18.99,19.33,18.97,19.33,108125,0
20131014,19.12,19.4,18.98,19.34,83547,0
20131015,19.25,19.5,19.09,19.43,141996,0
20131016,19.5,20,19.44,19.95,193335,0
20131017,20,20.5,19.95,20.5,183360,0
20131018,20.84,21.05,20.72,21,233890,0
20131021,21,21.21,20.96,21.1,104928,0
20131022,21.03,21.78,21.03,21.3,165042,0
20131023,21.31,21.31,20.76,20.97,148936,0
20131024,20.98,21.14,20.8,21.14,55017,0
20131025,20.9,21.19,20.81,20.82,78211,0
20131028,20.8,20.8,20.33,20.53,89749,0
20131029,20.94,21.19,20.6,21.16,110802,0
20131030,21.16,21.45,21,21.45,162234,0
20131031,21.16,21.5,21,21.33,79400,0
20131101,19.32,20.1,19.15,20,550489,0
20131104,19.95,20.5,19.9,20.5,215562,0
20131105,20.27,20.51,19.99,19.99,66412,0
20131106,20.03,20.23,19.52,19.68,137334,0
20131107,19.74,19.83,19.38,19.47,161283,0
20131108,19.3,20.15,19.3,19.86,78580,0
20131111,19.86,20.12,19.78,19.88,46718,0
20131112,19.8,19.9,19.45,19.62,89522,0
20131113,19.52,19.9,19.41,19.89,110533,0
20131114,19.8,20.19,19.49,20.19,125306,0
20131115,20.2,20.3,20,20.2,40220,0
20131118,20.23,20.35,20.1,20.23,73852,0
20131119,20.2,20.25,19.96,20.2,75104,0
20131120,20.13,20.25,19.91,20.05,157297,0
20131121,20,20.36,20,20.36,54621,0
20131122,20.12,20.75,20.12,20.65,67461,0
20131125,20.65,21.04,20.65,20.83,78030,0
20131126,20.74,20.83,20.44,20.44,44572,0
20131127,20.47,20.47,20.25,20.32,51901,0
20131129,20.33,20.9,20.33,20.7,82431,0
20131202,20.52,20.79,20.4,20.51,96380,0
20131203,20.25,20.3,19.69,19.9,237609,0
20131204,19.8,20.07,19.64,19.81,77302,0
20131205,19.8,19.81,19.25,19.28,98706,0
20131206,19.48,20,19.47,19.8,98956,0
20131209,19.85,20.3,19.52,19.54,93791,0
20131210,19.5,19.65,19.26,19.33,60175,0
20131211,19.32,19.54,19.01,19.05,96770,0
20131212,19.16,19.9,19.03,19.63,64730,0
20131213,19.74,19.76,19.55,19.67,68598,0
20131216,20.08,20.41,19.87,19.88,222956,0
20131217,19.8,19.8,19.55,19.58,93013,0
20131218,19.41,20,19.41,20,97612,0
20131219,19.99,20.22,19.87,20.17,114074,0
20131220,20.17,20.4,20,20.32,79512,0
20131223,20.35,20.6,20.35,20.54,100304,0
20131224,20.4,20.5,20.35,20.38,28428,0
20131226,20.42,20.44,20.11,20.11,52031,0
20131227,20.11,20.22,20,20.09,56583,0
20131230,20.02,20.35,19.98,20.05,61087,0
20131231,19.86,20.38,19.86,20.25,101327,0
20140102,19.93,20.22,19.85,20,93296,0
20140103,20,20.1,19.85,20,112063,0
20140106,20.12,20.2,19.83,19.92,102519,0
20140107,19.95,20.25,19.95,20.16,60874,0
20140108,20.16,20.43,20.15,20.32,107681,0
20140109,20.48,20.72,20.38,20.5,127253,0
20140110,20.45,20.5,20.24,20.5,68863,0
20140113,20.28,20.55,20.05,20.1,138385,0
20140114,20.12,20.44,20.01,20.39,92311,0
20140115,20.39,20.48,20.11,20.22,113568,0
20140116,20.16,20.16,19.8,19.83,100209,0
20140117,19.8,19.85,19.75,19.81,152564,0
20140121,19.85,20,19.49,19.75,138699,0
20140122,19.73,19.92,19.53,19.68,53786,0
20140123,19.54,19.55,18.8,19.17,179257,0
20140124,19,19.08,18.75,18.77,175406,0
20140127,18.87,19.05,18.51,18.66,211622,0
20140128,19.02,19.49,19.02,19.3,138143,0
20140129,19.15,19.28,18.95,18.98,75129,0
20140130,19.12,19.59,19.05,19.46,81302,0
20140131,18.92,19.32,18.8,19.14,155103,0
20140203,19.14,19.3,18.65,18.7,145441,0
20140204,19,19.18,18.6,18.75,159106,0
20140205,18.61,18.77,18.52,18.73,188008,0
20140206,18.8,18.99,18.8,18.91,90450,0
20140207,19,19.36,18.9,19.35,168199,0
20140210,19.4,19.4,18.97,19.17,174115,0
20140211,18.95,19.26,18.8,19.17,142064,0
20140212,19.2,19.45,19,19.03,131438,0
20140213,19.28,19.4,18.76,19.4,125166,0
20140214,19.4,19.49,18.62,19.12,430816,0
20140218,19.06,19.49,18.8,19.48,377051,0
20140219,19.35,19.41,18.89,18.93,163173,0
20140220,18.92,18.95,18.75,18.9,162070,0
20140221,18.88,18.99,18.76,18.83,74065,0
20140224,18.53,19.1,18.53,19.09,96069,0
20140225,19.24,19.24,18.73,18.82,87318,0
20140226,18.78,18.82,18.55,18.72,112606,0
20140227,18.61,18.88,18.6,18.87,105228,0
20140228,19,19.22,18.88,19.1,216599,0
20140303,18.75,19.1,18.7,19.01,83314,0
20140304,19.1,19.4,19.1,19.27,254854,0
20140305,19.19,19.6,19.19,19.57,126987,0
20140306,19.53,19.94,19.53,19.76,194506,0
20140307,19.83,20,19.56,19.81,96283,0
20140310,19.65,19.95,19.65,19.8,129530,0
20140311,19.8,19.97,19.37,19.49,80037,0
20140312,19.2,19.36,18.78,19.08,215948,0
20140313,19.03,19.1,18.76,19.05,293936,0
20140314,18.82,19.15,18.78,19.15,180205,0
20140317,19.15,19.26,19.05,19.22,49484,0
20140318,19.21,19.59,19.2,19.5,118221,0
20140319,19.5,19.65,19.41,19.55,121173,0
20140320,19.5,19.99,19.5,19.93,123632,0
20140321,19.85,20.05,19.75,20.04,154519,0
20140324,19.85,19.98,19.59,19.93,60040,0
20140325,19.93,20.23,19.93,20.06,90146,0
20140326,20.05,20.24,19.91,19.91,137500,0
20140327,19.85,19.9,19.52,19.71,62017,0
20140328,19.71,20.18,19.7,20.13,197201,0
20140331,20.14,20.44,20.14,20.44,243479,0
20140401,20.44,20.54,20.4,20.5,175664,0
20140402,20.51,20.59,20.33,20.54,61097,0
20140403,20.54,20.7,20.5,20.64,125389,0
20140404,20.67,20.92,20.4,20.53,255560,0
20140407,20.41,20.49,19.81,20.25,91616,0
20140408,20.34,20.48,20,20.28,94272,0
20140409,20.26,21.25,20.22,21.21,143911,0
20140410,21.18,21.2,20.45,20.59,168842,0
20140411,20.25,20.4,19.93,20.25,180748,0
20140414,20.45,20.45,20.04,20.4,140875,0
20140415,20.45,20.98,20.36,20.81,205277,0
20140416,21.11,21.21,20.87,21.13,28728,0
20140417,21.1,21.5,21.1,21.21,60169,0
20140421,21.16,21.21,20.84,21.1,38288,0
20140422,21.01,21.14,20.95,20.96,92821,0
20140423,20.66,21.4,20.66,21.16,106322,0
20140424,21.23,21.45,20.94,21.27,209205,0
20140425,20.86,21.14,20.82,20.9,76586,0
20140428,21.41,21.78,21.2,21.78,259399,0
20140429,21.63,22.07,21.61,22.06,75790,0
20140430,21.97,22.24,21.95,22.24,19532,0
20140501,22.2,22.24,22.05,22.24,76684,0
20140502,22.24,22.24,21.81,21.97,38821,0
20140505,21.83,22.24,21.41,22.09,79377,0
20140506,21.43,22.15,21.04,22.1,486345,0
20140507,21.9,22.89,21.87,22.41,225235,0
20140508,22.22,22.88,22.22,22.37,228795,0
20140509,22.37,22.69,22.25,22.64,111525,0
20140512,22.83,23.05,22.71,22.89,182297,0
20140513,22.88,23.34,22.65,23.34,94241,0
20140514,23.36,23.36,23.01,23.01,53997,0
20140515,23.02,23.04,22.3,22.7,48057,0
20140516,22.98,22.98,22.2,22.49,55296,0
20140519,22.29,22.68,22.23,22.5,60815,0
20140520,22.46,22.6,22.2,22.3,19098,0
20140521,22.74,23.89,22.74,23.19,344028,0
20140522,23.22,24,23.12,23.64,129550,0
20140523,23.64,23.99,23.41,23.78,61869,0
20140527,23.81,24.2,23.81,24.05,92445,0
20140528,24.2,24.42,23.9,24.21,111041,0
20140529,24.44,24.84,24.19,24.78,109641,0
20140530,24.5,24.7,24.25,24.7,121741,0
20140602,24.71,24.84,24.5,24.8,46495,0
20140603,24.74,24.95,24.16,24.81,98374,0
20140604,24.62,25.35,24.62,25.34,119572,0
20140605,25.34,25.34,25.01,25.05,124726,0
20140606,25.37,25.85,25.3,25.68,67135,0
20140609,25.5,26,25.5,25.69,158962,0
20140610,25.63,25.81,25.56,25.65,35900,0
20140611,25.65,25.9,25.27,25.73,51189,0
20140612,25.89,25.89,25.41,25.45,45591,0
20140613,25.46,25.8,25.43,25.75,48546,0
20140616,25.6,26,25.57,26,113350,0
20140617,25.86,26.28,25.86,26.25,52840,0
20140618,26.25,26.75,26.05,26.52,85475,0
20140619,26.8,27,26.53,26.59,74242,0
20140620,26.71,26.73,26.24,26.24,109962,0
20140623,26.21,26.46,26.03,26.34,60686,0
20140624,26.29,26.56,26.27,26.28,59786,0
20140625,26.1,26.25,25.76,26.03,60351,0
20140626,26.03,26.17,25.6,25.83,59884,0
20140627,25.75,26.19,25.72,26.1,77302,0
20140630,25.95,26.6,25.81,26.6,91305,0
20140701,26.35,26.8,26.18,26.8,138379,0
20140702,26.6,26.98,26.51,26.75,87900,0
20140703,26.67,27.14,26.35,26.8,59512,0
20140707,26.53,26.75,26.4,26.75,50271,0
20140708,26.47,26.5,26.04,26.47,34643,0
20140709,26.39,26.47,26.1,26.4,31446,0
20140710,25.81,26.25,25.55,26.17,42876,0
20140711,25.95,26.15,25.75,25.99,29635,0
20140714,25.91,26.4,25.91,26.11,67967,0
20140715,26.12,26.37,26,26.28,35685,0
20140716,26.21,26.4,26.07,26.4,42821,0
20140717,26.2,26.4,25.8,25.95,64806,0
20140718,26,26.21,25.83,25.86,134998,0
20140721,25.66,25.92,25.6,25.72,48672,0
20140722,25.72,25.86,25.5,25.55,51950,0
20140723,25.52,25.72,25.48,25.49,63981,0
20140724,25.41,25.88,25.36,25.6,49158,0
20140725,25.53,25.6,24.76,25.14,135811,0
20140728,25.14,25.22,24.5,24.81,117867,0
20140729,24.75,25,24.6,24.89,103025,0
20140730,24.91,25,24.65,24.82,123160,0
20140731,24.65,24.76,23.81,23.9,254543,0
20140801,23.87,24.31,23.6,23.87,126927,0
20140804,23.9,24.33,23.82,24.27,130587,0
20140805,24.74,25.05,23.77,24.42,187496,0
20140806,24.03,24.75,24,24.67,70614,0
20140807,24.54,24.89,24.25,24.47,89439,0
20140808,24.37,24.81,24.21,24.6,120886,0
20140811,24.78,25.28,24.54,25.21,82711,0
20140812,24.91,25.5,24.83,25.4,85654,0
20140813,25.4,25.7,25.4,25.49,65698,0
20140814,25.45,26,25.45,25.51,81085,0
20140815,25.66,25.83,25.4,25.55,104632,0
20140818,25.56,25.8,25.56,25.75,53283,0
20140819,25.7,25.96,25.7,25.8,49396,0
20140820,25.99,26,25.82,26,42329,0
20140821,25.78,26.15,25.78,25.87,191786,0
20140822,25.93,25.93,25.45,25.67,103134,0
20140825,25.65,26.1,25.65,25.99,208227,0
20140826,26,26.15,26,26,20599,0
20140827,26.09,26.09,26,26.05,45226,0
20140828,25.96,26,25.7,25.92,51902,0
20140829,25.91,26.07,25.65,25.71,60087,0
20140902,25.71,26.01,25.5,26,101441,0
20140903,25.95,25.95,25.71,25.82,48427,0
20140904,25.73,25.8,25.2,25.39,67968,0
20140905,25.09,25.35,24.84,24.88,168013,0
20140908,25.25,25.38,24.88,25.01,131475,0
20140909,24.89,25.04,24.71,24.75,144441,0
20140910,24.8,25.3,24.74,24.84,179459,0
20140911,24.75,25.22,24.74,24.77,117034,0
20140912,24.7,24.73,24.5,24.5,105623,0
20140915,24.51,24.57,24.26,24.35,111991,0
20140916,24.5,24.76,24.29,24.57,20078,0
20140917,24.53,25.17,24.53,24.9,96006,0
20140918,25,25.25,24.86,25.2,131296,0
20140919,25.15,25.15,24.46,24.67,122034,0
20140922,24.49,24.6,24.25,24.45,97106,0
20140923,24.14,24.51,24.14,24.33,100599,0
20140924,24.3,24.45,24.16,24.31,37384,0
20140925,24.17,24.29,23.74,24.09,38535,0
20140926,23.87,24.21,23.75,24.07,16360,0
20140929,24,24,23.5,24,70987,0
20140930,23.61,24.24,23.61,23.8,79991,0
20141001,23.4,23.54,22.7,22.84,83382,0
20141002,22.82,22.83,21.24,22.42,120488,0
20141003,22.46,23.31,22.46,23,47841,0
20141006,23.03,23.2,22.5,22.85,49224,0
20141007,22.36,22.59,21.76,21.84,137285,0
20141008,21.84,22.57,21.61,22.56,199761,0
20141009,22.52,22.52,22.08,22.29,218382,0
20141010,22.15,22.2,21.67,21.87,118566,0
20141013,21.73,22.1,21.73,21.99,122442,0
20141014,21.99,22.38,21.78,22.1,47659,0
20141015,21.6,22.06,21.05,21.97,252982,0
20141016,21.12,22.31,21.12,22.31,145852,0
20141017,22.99,23.51,22.5,23.51,99585,0
20141020,23.3,23.8,23.29,23.52,43379,0
20141021,23.74,24.28,23.67,24,62253,0
20141022,24.48,24.54,23.83,24.11,51939,0
20141023,24.17,24.33,23.9,23.9,31371,0
20141024,23.75,24.08,23.67,24.02,18060,0
20141027,23.57,24.1,23.57,23.71,17378,0
20141028,23.82,24.58,23.82,24.49,48939,0
20141029,24.26,24.55,23.64,23.79,37681,0
20141030,23.55,24.17,23.55,24,27374,0
20141031,24.31,24.65,24.11,24.5,70537,0
20141103,25,25,24.17,24.71,84558,0
20141104,24.16,24.69,24.02,24.45,37670,0
20141105,24.47,24.6,24.19,24.5,67842,0
20141106,23.33,24.81,23.33,24.75,48649,0
20141107,24.61,25.08,24.41,24.85,63693,0
20141110,24.86,25.09,24.8,25,30365,0
20141111,24.74,25.1,24.65,24.8,47943,0
20141112,24.98,24.98,24.3,24.67,59917,0
20141113,24.55,24.85,24.41,24.52,27137,0
20141114,24.37,24.58,23.88,24.32,43884,0
20141117,24.05,24.29,23.9,24,51280,0
20141118,24.05,24.1,23.83,23.9,38465,0
20141119,23.81,24,23.75,23.95,25364,0
20141120,24.1,24.1,23.73,24,69302,0
20141121,24.15,24.5,24.15,24.27,50776,0
20141124,24.3,24.74,24.05,24.74,64538,0
20141125,25,25,24.11,24.4,50985,0
20141126,24.32,24.57,24.14,24.5,41824,0
20141128,24.24,24.61,23.91,23.91,39373,0
20141201,23.75,24.2,23.58,23.68,80101,0
20141202,23.66,24.25,23.66,23.99,64140,0
20141203,23.8,24.49,23.8,24.24,35582,0
20141204,23.76,24.32,23.53,24.28,37540,0
20141205,24.38,24.81,24.24,24.64,71174,0
20141208,24.28,24.9,24.28,24.8,32606,0
20141209,24.07,24.84,24.01,24.8,87426,0
20141210,24.55,24.8,24.24,24.37,45261,0
20141211,24.4,24.9,24.12,24.7,28383,0
20141212,24.26,24.46,23.76,24.02,74218,0
20141215,23.87,24,23.31,23.68,68041,0
20141216,23.5,23.87,23.06,23.63,51996,0
20141217,23.44,24,23.06,24,54507,0
20141218,24,24.38,24,24.38,72563,0
20141219,24.15,24.85,24.15,24.79,113817,0
20141222,24.43,24.84,24.43,24.78,74449,0
20141223,24.5,24.89,24.5,24.74,66842,0
20141224,24.66,24.9,24.66,24.66,39659,0
20141226,24.71,24.89,24.61,24.81,19470,0
20141229,24.79,24.85,24.52,24.69,42736,0
20141230,24.61,24.85,24.52,24.7,34199,0
20141231,24.5,24.67,24.29,24.62,93249,0
20150102,24.54,24.92,24.45,24.46,48907,0
20150105,24.51,24.69,23.9,24.05,106695,0
20150106,24.01,24.35,22.95,23.3,84288,0
20150107,23.36,23.68,23.36,23.53,56370,0
20150108,23.5,23.62,23.15,23.35,52986,0
20150109,23.33,23.33,22.48,22.8,100129,0
20150112,22.59,22.59,21.83,22.15,96053,0
20150113,22.17,22.4,21.17,21.7,130322,0
20150114,21.01,21.32,20.85,21.19,138310,0
20150115,21.23,21.23,20.35,20.43,210688,0
20150116,20.42,21.03,20.17,20.86,103610,0
20150120,21,21.08,20.49,21,119873,0
20150121,20.85,21.35,20.65,21.2,88912,0
20150122,21.25,22.2,21.25,22.12,174868,0
20150123,22.01,22.17,21.89,22.07,55646,0
20150126,21.89,22.03,21.74,21.9,60087,0
20150127,21.67,21.77,21.4,21.66,73724,0
20150128,21.65,21.99,21.5,21.5,162290,0
20150129,21.42,22,21.4,21.78,284700,0
20150130,21.74,22,21.56,21.92,136000,0
20150202,21.86,22.46,21.86,21.97,198109,0
20150203,22.17,22.5,22.11,22.39,116266,0
20150204,22.17,23,22.17,22.9,151766,0
20150205,22.52,22.98,22.38,22.98,66488,0
20150206,22.92,23.45,22.92,23.02,107897,0
20150209,23,23.24,22.7,23,106131,0
20150210,23.09,23.4,22.35,22.35,57902,0
20150211,22.71,23.22,22.6,23.22,56238,0
20150212,23.05,23.25,22.19,22.94,108404,0
20150213,22.66,23.68,22.33,23.51,137151,0
20150217,23.35,24.36,23.08,23.94,116897,0
20150218,23.71,24.03,23.29,23.29,198803,0
20150219,23.26,23.83,23.21,23.6,66313,0
20150220,23.1,23.6,23.09,23.43,76240,0
20150223,23.38,23.41,22.63,23.29,203644,0
20150224,23.13,23.4,23.06,23.35,107395,0
20150225,23.17,23.36,23.07,23.25,62244,0
20150226,23.15,23.25,22.86,23.25,100963,0
20150227,23.08,23.74,23.02,23.32,117406,0
20150302,23.39,24.8,23.244,23.54,222959,0
20150303,23.59,23.96,23.55,23.9,53070,0
20150304,23.56,23.83,23.35,23.69,101743,0
20150305,23.72,23.82,23.36,23.65,49992,0
20150306,23.61,24.13,23.61,23.87,57209,0
20150309,23.78,23.99,23.59,23.59,64692,0
20150310,23.25,23.25,22.25,22.25,117297,0
20150311,22.42,22.86,22.42,22.86,79893,0
20150312,22.8,23.63,22.75,23.63,62273,0
20150313,23.25,23.27,22.55,22.75,94967,0
20150316,22.86,23.21,22.85,23.2,81845,0
20150317,22.98,23.29,22.6,23.25,66249,0
20150318,23.01,23.6,22.896,23.05,104638,0
20150319,23.03,23.1,22.61,22.75,64479,0
20150320,22.82,22.88,22.254,22.4,359433,0
20150323,22.4,22.75,21.65,21.65,206762,0
20150324,21.81,22.06,21.81,21.95,62425,0
20150325,21.95,21.96,21.63,21.68,78100,0
20150326,21.09,21.6,20.47,21.59,112768,0
20150327,21.59,21.91,21.21,21.6,74467,0
20150330,21.5,21.81,21.15,21.77,99375,0
20150331,21.69,22.339,21.66,21.88,86889,0
20150401,22.39,22.4,21.66,22.4,67400,0
20150402,22.17,22.479,22.011,22.07,80519,0
20150406,21.92,22.89,21.92,22.69,57074,0
20150407,22.63,22.8,22.25,22.25,79256,0
20150408,22.29,22.9,22.29,22.6,58523,0
20150409,22.45,23,22.45,22.85,90503,0
20150410,22.78,23.04,22.5,22.5,98797,0
20150413,22.68,23.649,22.59,23.6,69492,0
20150414,23.01,23.73,23.01,23.4,36102,0
20150415,23.52,24.15,23.51,24.05,120456,0
20150416,23.8,24.07,23.8,23.9,92744,0
20150417,23.75,24.22,23.662,24.11,150676,0
20150420,24.11,24.55,24.01,24.42,126929,0
20150421,24.37,24.41,23.99,24.12,174277,0
20150422,24.09,24.09,23.73,24.05,45186,0
20150423,23.93,24.19,23.8,24.1,83155,0
20150424,24,24.2,23.92,23.92,84991,0
20150427,24,24.2,23.5,24,170976,0
20150428,23.71,23.71,23.4,23.55,83005,0
20150429,23.5,23.7,23.27,23.27,75903,0
20150430,23.28,23.4,23.058,23.3,63860,0
20150501,23.25,24.28,23.25,24.28,124358,0
20150504,24.26,24.5,24.26,24.3,66503,0
20150505,24.3,24.84,24.05,24.15,53693,0
20150506,24.28,24.6,23.967,24.156,27948,0
20150507,24.1,25.01,24,24.96,91643,0
20150508,25.25,25.25,24.9,25.08,73443,0
20150511,25.01,25.12,24.81,25.06,33726,0
20150512,24,24.8,24,24.58,34869,0
20150513,24.46,24.66,24.22,24.3,45378,0
20150514,24.42,24.74,24.32,24.43,34803,0
20150515,24.44,24.44,24.001,24.3,43616,0
20150518,24.11,24.55,24.11,24.35,61767,0
20150519,24.7,24.72,24.37,24.55,86045,0
20150520,24.51,25,24.18,25,82205,0
20150521,24.82,25.28,24.62,25.2,53217,0
20150522,25.07,25.19,24.81,24.81,39990,0
20150526,24.9,24.9,24.09,24.1,30172,0
20150527,24.14,24.454,24.12,24.35,15676,0
20150528,24.4,24.57,23.99,24.325,39649,0
20150529,24.2,24.38,23.66,23.89,32214,0
20150601,23.88,23.93,23.52,23.75,85792,0
20150602,23.66,24.81,23.66,24.29,75633,0
20150603,24.85,25.45,24.45,25.39,71930,0
20150604,25.1,25.39,24.92,25.35,85012,0
20150605,25.5,25.67,25.04,25.62,145556,0
20150608,25.96,25.96,25.5,25.66,343355,0
20150609,25.62,26,25.5,25.84,111725,0
20150610,25.84,26.79,25.84,26.68,101873,0
20150611,26.66,27.06,26.65,26.82,76363,0
20150612,26.72,26.98,26.65,26.78,23134,0
20150615,26.4,27.86,26.26,27.34,106681,0
20150616,27.3,27.3,26.852,27.01,39144,0
20150617,27.1,27.36,26.774,27.05,42147,0
20150618,27.04,27.24,26.87,27.058,31901,0
20150619,26.87,26.95,26.79,26.88,13416,0
20150622,27.1,27.45,26.72,27.25,56356,0
20150623,27.5,27.98,27.46,27.75,55441,0
20150624,27.6,27.9,27.58,27.8,43924,0
20150625,27.55,27.8,27.3,27.63,63086,0
20150626,27.59,27.99,27.59,27.95,56523,0
20150629,27.45,27.87,27.17,27.28,82991,0
20150630,27.5,27.99,27.2,27.71,55823,0
20150701,27.95,28.5,27.82,28.5,441499,0
20150702,28.58,28.58,28.1,28.36,161599,0
20150706,28.01,28.45,27.75,28.2,102402,0
20150707,28.25,28.25,27.15,27.97,76941,0
20150708,27.9,27.92,27,27.13,19107,0
20150709,27.25,28.5,27.25,27.85,38496,0
20150710,27.86,28.5,27.86,28.4,63489,0
20150713,28.4,28.6,28.37,28.6,114707,0
20150714,28.52,28.8,28.52,28.75,39086,0
20150715,28.75,29.35,28.6,29.15,88229,0
20150716,29.15,29.35,28.97,28.97,46394,0
20150717,28.82,28.96,28.6,28.771,32087,0
20150720,28.65,28.82,28.65,28.75,36055,0
20150721,28.62,28.75,28.5,28.6,30227,0
20150722,28.16,29.25,28.16,28.68,100363,0
20150723,28.71,29.04,28.45,28.64,44040,0
20150724,28.53,28.77,28.25,28.53,70318,0
20150727,28.36,28.9,28,28.57,112767,0
20150728,28.6,29.52,28.6,28.72,266112,0
20150729,28.61,29.56,28.61,29.4,87692,0
20150730,29.4,29.4,29.066,29.21,54057,0
20150731,29.2,29.35,28.81,28.98,37072,0
20150803,28.61,29.2,28.61,29.1,83192,0
20150804,28.2,28.53,26.85,28.5,177392,0
20150805,28.4,28.75,28.11,28.14,31354,0
20150806,28.13,28.24,27.77,28,55081,0
20150807,27.77,28.29,27.77,28.05,29679,0
20150810,28.25,29.48,28.25,28.624,95653,0
20150811,28.5,28.5,28.05,28.3,150893,0
20150812,28.15,28.25,27.05,28.249,295432,0
20150813,28.1,28.3,28.01,28.2,32540,0
20150814,28.01,28.75,28.01,28.6,193472,0
20150817,28.46,28.538,28.17,28.36,56658,0
20150818,28.12,28.33,27.8,27.8,30385,0
20150819,27.56,27.56,27.15,27.5,31814,0
20150820,27.04,27.345,27.04,27.28,149740,0
20150821,26.71,27.4,26.1,26.76,387840,0
20150824,22.39,25.89,22.25,25,349131,0
20150825,25.41,27.16,24.41,24.41,115157,0
20150826,25.15,26.09,24.57,25.933,72262,0
20150827,26.12,27.46,26.12,27.21,55521,0
20150828,26.96,27.6,26.51,27.44,77232,0
20150831,27.14,27.14,26.6,26.77,49884,0
20150901,26.25,26.34,25,25.75,109019,0
20150902,26,26.02,25.35,26.02,21624,0
20150903,26.02,26.58,26,26,17310,0
20150904,25.5,25.65,25.3,25.65,56666,0
20150908,25.71,26.1,25.5,25.9,42133,0
20150909,26,26.14,25.39,25.42,75727,0
20150910,25.25,25.352,24.9,25.02,59017,0
20150911,24.88,25,24.6,25,18264,0
20150914,25.1,25.1,24.45,24.52,12657,0
20150915,24.55,25.359,24.513,25.33,25064,0
20150916,25.16,25.413,24.97,25.242,26217,0
20150917,25.21,25.7,24.96,24.96,12916,0
20150918,24.55,24.95,24.15,24.36,15748,0
20150921,24.45,24.82,24.16,24.16,50091,0
20150922,24.3,24.3,23.7,23.81,58806,0
20150923,23.95,23.95,23.52,23.52,55766,0
20150924,23.22,23.22,22.87,23.1,101239,0
20150925,23.26,24.55,23.25,23.3,109718,0
20150928,23.01,23.1,21.91,22.25,78804,0
20150929,22.19,22.55,21.81,21.99,247846,0
20150930,22.24,22.97,22.24,22.7,111617,0
20151001,22.58,23,22.35,22.88,25172,0
20151002,22.38,23.3,21.83,23.3,97217,0
20151005,24.02,24.1,23.65,23.975,15762,0
20151006,23.72,24.08,23.63,23.8,19331,0
20151007,23.81,24.353,23.41,23.6,60838,0
20151008,23.39,23.65,23.22,23.55,89420,0
20151009,23.56,23.698,23.21,23.529,40996,0
20151012,23.5,23.84,23.35,23.71,32088,0
20151013,23.766,24.069,23.71,23.71,19529,0
20151014,23.79,23.79,23.3,23.3,30880,0
20151015,23.33,23.89,23.27,23.89,28818,0
20151016,24.25,24.81,23.94,24.79,52807,0
20151019,24.34,24.66,24.28,24.51,29272,0
20151020,24.48,24.91,24.47,24.73,19358,0
20151021,24.62,25.065,24.5,24.5,16435,0
20151022,24.8,25.1,24.65,24.7,41962,0
20151023,24.95,25.2,24.933,25.02,27404,0
20151026,24.99,25.09,24.54,24.54,84082,0
20151027,24.54,24.54,24.1,24.351,11120,0
20151028,25.51,26.28,25.452,26.26,165337,0
20151029,26.26,26.505,25.916,26.34,64916,0
20151030,26.28,26.49,26.003,26.17,56365,0
20151102,26.12,26.8,26.12,26.6,102974,0
20151103,25.6,25.6,24.25,24.45,574702,0
20151104,24.31,24.39,23.596,24.07,66825,0
20151105,24.05,24.751,24.05,24.07,216398,0
20151106,24.5,24.959,23.84,23.86,218408,0
20151109,23.8,23.8,23.322,23.48,38963,0
20151110,23.32,23.84,23.26,23.72,39371,0
20151111,23.57,24.03,23.556,23.56,68613,0
20151112,23.21,23.4,22.91,22.92,64146,0
20151113,22.81,23.28,22.61,22.9,52027,0
20151116,22.99,23.95,22.99,23.77,13045,0
20151117,24.01,24.5,24.01,24.3,31488,0
20151118,24.15,24.97,24.15,24.93,64284,0
20151119,24.72,25,24.61,24.99,62641,0
20151120,24.92,25.14,24.815,24.97,56465,0
20151123,25.01,25.67,24.9,25.26,106949,0
20151124,24.91,25.48,24.81,25.37,85360,0
20151125,25.3,25.3,24.9,24.99,114486,0
20151127,24.73,25.42,24.73,25.42,77601,0
20151130,25,25.7,25,25.67,110483,0
20151201,25.61,25.7,25.36,25.55,244275,0
20151202,25.5,25.59,24.95,24.984,265467,0
20151203,25,25,24.7,24.7,270254,0
20151204,24.89,25.2,24.79,25.02,459800,0
20151207,24.81,25,24.47,24.76,109637,0
20151208,24.26,24.68,24.023,24.68,46070,0
20151209,24.55,24.6,24.01,24.5,148092,0
20151210,24.1,24.1,23.611,23.83,155736,0
20151211,23.41,23.5,22.575,22.7,148341,0
20151214,22.62,22.9,21.75,22.018,99915,0
20151215,22.35,23.25,22.1,23.19,131922,0
20151216,23.3,23.5,22.5,22.91,516341,0
20151217,22.95,23.35,22.8,23.01,179266,0
20151218,22.87,22.99,22.1,22.43,213899,0
20151221,22.45,22.85,22.28,22.35,61358,0
20151222,22.42,22.62,22.28,22.5,111086,0
20151223,22.54,22.89,22.48,22.73,89045,0
20151224,22.5,23.32,22.24,22.89,86044,0
20151228,22.83,22.98,22.64,22.98,69796,0
20151229,23.03,23.93,23.03,23.85,76870,0
20151230,23.71,24.18,23.6,23.95,53160,0
20151231,23.6,24.12,23.6,23.76,54607,0
20160104,22.29,22.76,22.26,22.7,88330,0
20160105,22.57,23.14,22.57,23.01,32895,0
20160106,22.59,22.69,22.3,22.5,66565,0
20160107,22,22.11,21.23,21.24,116621,0
20160108,21.5,21.61,20.5,20.59,59417,0
20160111,20.75,20.882,19.29,20.13,189311,0
20160112,20.5988,20.87,20.02,20.48,90018,0
20160113,21.6,22.55,19.65,19.96,216188,0
20160114,19.86,20.47,19.1168,20.09,154607,0
20160115,19.28,19.65,19.05,19.26,337607,0
20160119,19.16,19.16,19.16,19.16,0,0
20160120,18.31,19.6,17.445,19.01,424061,0
20160121,18.88,19.6765,18.76,19.02,41030,0
20160122,19.5,20.15,19.38,20.01,41910,0
20160125,19.59,19.86,18.8,18.8,73779,0
20160126,18.99,19.7,18.99,19.7,38190,0
20160127,19.2,19.7,18.66,18.67,131960,0
20160128,19,19,18.14,18.46,140333,0
20160129,18.48,19.02,18.2619,18.75,384705,0
20160201,18.61,18.75,18.25,18.32,237027,0
20160202,18.03,18.07,17.75,17.85,176663,0
20160203,17.85,17.85,16.03,17.69,408112,0
20160204,17.53,18.01,17.4,17.538,67056,0
20160205,17.28,17.4,16.8,17.391,141027,0
20160208,16.98,17,16.17,17,112980,0
20160209,16.63,17.3,16.5,16.78,267851,0
20160210,17.1,17.79,16.6,17.45,177457,0
20160211,16.75,17,16.31,16.6,212068,0
20160212,16.9,18.4985,16.9,17.82,207193,0
20160216,17.87,17.87,17.07,17.43,661011,0
20160217,17.47,17.85,17.46,17.63,169941,0
20160218,17.8,17.8,16.91,17.0001,64169,0
20160219,16.8,17.19,16.73,17.1,88389,0
20160222,17.21,17.76,17.09,17.76,135395,0
20160223,17.55,17.55,16.95,16.95,176458,0
20160224,16.9,16.9399,16.3,16.59,211859,0
20160225,16.33,16.81,16.32,16.81,98768,0
20160226,16.9,17.2315,16.45,16.45,63713,0
20160229,16.47,16.47,16.06,16.28,184105,0
20160301,16.3,17.48,16.3,17.48,95248,0
20160302,17.64,17.64,16.96,17.4,72484,0
20160303,17.48,17.48,16.95,17.459,82609,0
20160304,17.77,18.2,17.5,18.07,203590,0
20160307,17.98,18,17.5101,18,62183,0
20160308,17.57,17.89,17.32,17.4,128165,0
20160309,17.43,17.5,16.93,17.1283,46653,0
20160310,17.02,17.33,16.82,17.1,208219,0
20160311,17.2,17.6,17.2,17.42,106735,0
20160314,17.4,17.55,17.19,17.35,63908,0
20160315,17.04,17.3599,16.964,17.2,185733,0
20160316,17.15,17.2,16.96,17.04,99189,0
20160317,17,17.2,16.85,17.06,144156,0
20160318,17.15,17.3,16.925,17.1,190002,0
20160321,17.15,17.25,16.87,17.05,44895,0
20160322,17.03,17.26,16.9,17.1,137472,0
20160323,17.2,17.43,16.9,17.25,98782,0
20160324,16.77,16.96,16.6109,16.96,94186,0
20160328,17,17.44,16.99,17.34,66432,0
20160329,17.02,17.3,16.9,17.18,75832,0
20160330,17.3,18.19,17.28,18.15,108923,0
20160331,18.01,18.85,18.01,18.7,239847,0
20160401,18.5,19.57,18.355,19.4,124650,0
20160404,19.2,19.3,18.44,18.52,163789,0
20160405,18.04,18.35,17.8,17.8,71123,0
20160406,17.8,18.24,17.7397,18.24,41418,0
20160407,17.75,17.85,17.23,17.41,49355,0
20160408,17.52,17.719,17.28,17.4,85357,0
20160411,17.42,17.6,17.2342,17.35,92435,0
20160412,17.1,17.47,16.96,17.17,249843,0
20160413,17.32,17.84,17.32,17.64,107679,0
20160414,17.66,17.92,17.5,17.61,231211,0
20160415,17.55,17.65,17.31,17.55,135890,0
20160418,17.12,17.5038,17.12,17.5038,41068,0
20160419,17.4,18.23,17.4,18.2,42895,0
20160420,17.9,18.71,17.88,18.4,83156,0
20160421,18.22,18.42,18.05,18.11,35262,0
20160422,18.01,18.61,18.01,18.61,40307,0
20160425,18.42,18.47,17.911,18.1999,28732,0
20160426,18.01,18.619,18.01,18.5882,54132,0
20160427,18.65,18.9021,18.65,18.87,22037,0
20160428,18.67,18.76,18.4001,18.5,37928,0
20160429,18.51,18.78,18.0001,18.78,43910,0
20160502,18.78,18.99,18.5325,18.8578,49403,0
20160503,17.7,18.32,17.48,17.94,119637,0
20160504,17.75,17.84,16.95,16.98,104351,0
20160505,17.31,17.41,16.95,17.28,39162,0
20160506,17.42,17.42,16.99,17.0601,51285,0
20160509,17.09,17.42,17.08,17.3,111232,0
20160510,17.3,17.8,17.27,17.75,34554,0
20160511,17.67,18.02,17.57,17.59,36783,0
20160512,17.66,18.18,17.59,18.17,49071,0
20160513,18.03,18.32,17.7001,17.91,149242,0
20160516,17.8,17.82,17.33,17.33,41285,0
20160517,17.36,17.8,17.277,17.6499,84841,0
20160518,17.4,18.31,17.27,18.1,362346,0
20160519,17.85,18.23,17.7,17.95,58963,0
20160520,18.02,18.78,18.02,18.55,59493,0
20160523,18.31,18.7,18.18,18.576,36937,0
20160524,18.57,19.06,18.57,18.84,100924,0
20160525,18.92,19.38,18.9,18.96,145997,0
20160526,18.9,19.13,18.824,18.95,112003,0
20160527,18.89,19.33,18.89,19.23,99100,0
20160531,19.18,19.42,18.88,18.88,57122,0
20160601,18.53,18.92,18.15,18.7,102543,0
20160602,18.75,18.8,18.6,18.7,62515,0
20160603,18.38,18.57,18.2,18.57,35035,0
20160606,18.51,18.6,18.34,18.5,49082,0
20160607,18.41,18.77,18.33,18.53,59066,0
20160608,18.42,18.63,18.34,18.4999,84397,0
20160609,18.5,18.54,18.3,18.3,47557,0
20160610,18.3,18.3,17.64,17.64,113079,0
20160613,17.2,17.57,17,17.3,253219,0
20160614,17.2,17.44,17.02,17.42,89243,0
20160615,17.34,17.47,17.1,17.2,49732,0
20160616,17.2,17.21,16.8,17.15,190569,0
20160617,17,17.05,16.85,17.05,17797,0
20160620,17.36,17.6326,17.1755,17.2,43361,0
20160621,17.23,17.3847,17.12,17.23,38047,0
20160622,17.28,17.45,17.15,17.21,85862,0
20160623,17.4,17.75,17.4,17.65,113912,0
20160624,16.5,17.11,16.25,16.9,222246,0
20160627,16.56,16.56,15.5,15.9,700243,0
20160628,16.74,16.74,15.8,16,238289,0
20160629,16.8,17.2,16.2921,17.2,296642,0
20160630,17.11,18.69,16.9,18.69,260500,0
20160701,17.92,17.99,17.69,17.76,50283,0
20160705,17.48,17.48,16.52,16.69,1038071,0
20160706,16.61,16.99,16.36,16.87,207440,0
20160707,16.82,17.2799,16.82,17.03,67775,0
20160708,17.19,17.7,17.19,17.6,131825,0
20160711,17.47,17.77,17.245,17.77,230365,0
20160712,17.8,18.05,17.68,18.05,216178,0
20160713,17.85,18.19,17.85,18.19,94478,0
20160714,18.26,18.68,18.2,18.35,111068,0
20160715,18.46,18.83,18.3,18.74,116906,0
20160718,18.52,19.07,18.27,19.07,184272,0
20160719,18.67,19.02,18.6,19.02,30883,0
20160720,18.85,19.1,18.7401,19.05,45643,0
20160721,18.47,19.26,18.47,19.26,107019,0
20160722,19.06,19.45,19.06,19.42,69187,0
20160725,19.65,19.68,19.4678,19.68,217079,0
20160726,19.68,19.845,19.56,19.8383,131282,0
20160727,19.74,19.875,19.6,19.85,270139,0
20160728,19.78,19.99,19.635,19.99,77129,0
20160729,19.75,20,19.61,19.85,120304,0
20160801,19.81,19.99,19.62,19.89,289068,0
20160802,19.68,19.84,19.51,19.82,226058,0
20160803,21.84,22.5,21.52,22.35,416384,0
20160804,22.14,22.5985,21.87,22.2,158573,0
20160805,22.2,22.45,22,22.45,462066,0
20160808,22.5,22.85,22.32,22.63,89922,0
20160809,22.65,22.89,22.19,22.35,81481,0
20160810,22.59,22.75,22.2268,22.53,56154,0
20160811,22.33,22.75,22.23,22.59,92907,0
20160812,22.41,22.44,22.12,22.43,45052,0
20160815,22.43,22.5,22.2,22.4,182515,0
20160816,22.2,22.53,22.2,22.51,153323,0
20160817,22.3,22.55,22.2,22.5,94686,0
20160818,22.38,22.55,22.38,22.5,65880,0
20160819,22.39,22.65,22.39,22.65,68706,0
20160822,22.42,22.65,22.35,22.65,21194,0
20160823,22.65,22.65,22.45,22.65,30904,0
20160824,22.49,22.6,22.26,22.5,41139,0
20160825,22.39,22.59,22.24,22.25,69364,0
20160826,22.27,22.6,22.195,22.3,233426,0
20160829,22.3,22.565,22.2,22.41,388980,0
20160830,22.33,22.35,22,22.2,347208,0
20160831,22.25,22.49,22,22.35,476576,0
20160901,22.25,22.28,21.705,22.1,100569,0
20160902,22.09,22.35,22.015,22.35,194552,0
20160906,22.15,22.15,21.7077,21.95,78728,0
20160907,22,22.1,21.59,22.05,83641,0
20160908,22,22.11,21.51,21.8,46435,0
20160909,21.95,21.96,21.54,21.75,64466,0
20160912,21.55,22.04,20.81,21.95,104113,0
20160913,21.75,21.87,20.69,21.81,64846,0
20160914,21.5,21.8879,21.43,21.6,56445,0
20160915,21.51,22,21.51,21.94,52679,0
20160916,21.56,21.66,21.2,21.25,43018,0
20160919,21.27,21.61,21.01,21.01,98722,0
20160920,21.18,21.44,21.01,21.32,90203,0
20160921,21.35,21.6,20.79,21.6,97898,0
20160922,21.6,22,21.16,22,131938,0
20160923,22,22,21.65,21.95,79783,0
20160926,21.51,21.7223,21.32,21.57,40795,0
20160927,21.5,21.7,21.215,21.58,174676,0
20160928,21.4,22,21.34,22,279554,0
20160929,21.71,21.98,21.03,21.04,374272,0
20160930,21.22,21.5,21,21.2,629112,0
20161003,21.05,21.09,20.67,20.93,83717,0
20161004,20.87,21.1,20.69,21.04,133869,0
20161005,21.04,21.4,20.99,21.075,239149,0
20161006,21.03,21.04,20.63,20.69,141877,0
20161007,20.73,21.17,20.61,20.84,153709,0
20161010,20.8,21.35,20.8,21,83596,0
20161011,20.96,20.96,20.31,20.68,116467,0
20161012,20.52,21.0968,20.52,20.82,221026,0
20161013,20.51,20.8,19.7,20.5,204449,0
20161014,20.83,21.32,20.63,20.85,209588,0
20161017,20.83,21.0364,20.72,20.8152,52774,0
20161018,21.3,21.305,20.78,20.97,175658,0
20161019,20.85,21.0485,20.85,20.92,154230,0
20161020,20.92,20.94,20.48,20.87,91782,0
20161021,20.28,20.7,20.2,20.7,36836,0
20161024,20.66,20.94,20.66,20.7,283987,0
20161025,20.5,20.9,20.5,20.8,238846,0
20161026,20.54,20.99,20.52,20.91,210501,0
20161027,21,21.4284,20.83,21.05,160684,0
20161028,21.1,21.5,20.87,21.3,305521,0
20161031,21.28,21.529,21.1,21.1,159281,0
20161101,21.2,21.3,20.31,20.71,112617,0
20161102,20.43,20.94,20.28,20.4,70262,0
20161103,19.22,19.25,18.3,18.89,442254,0
20161104,18.91,19,18.6,18.62,214957,0
20161107,18.86,19.59,18.86,19.07,266076,0
20161108,18.99,19.8195,18.85,19.08,155847,0
20161109,19.34,20.55,19.26,20.22,384282,0
20161110,20.57,21.9,20.405,21.63,569420,0
20161111,21.5,21.73,21.3,21.54,278535,0
20161114,21.79,22.2,21.52,21.84,551058,0
20161115,21.76,21.94,21.435,21.83,1202592,0
20161116,21.4,21.785,21.05,21.48,297104,0
20161117,21.44,22,21,21.85,402869,0
20161118,21.8,21.8,21.29,21.74,164548,0
20161121,21.65,21.89,21.45,21.59,233435,0
20161122,21.69,21.775,21.0601,21.6,89410,0
20161123,21.65,22,21.51,21.9,320963,0
20161125,21.87,22,21.75,22,79374,0
20161128,21.62,21.975,21.23,21.25,50913,0
20161129,21.25,21.61,21.25,21.46,89431,0
20161130,21.56,21.9,21.39,21.39,102598,0
20161201,21.52,22,21.52,21.8605,219291,0
20161202,21.8,22,21.8,21.95,166188,0
20161205,21.95,22.05,21.9,22,202335,0
20161206,22.09,22.485,21.9579,22.21,207230,0
20161207,22.3,22.9699,22.3,22.76,311719,0
20161208,22.85,24,22.85,23.83,313384,0
20161209,23.73,23.94,23.49,23.8,212049,0
20161212,23.8,24.4,23.3025,23.68,438262,0
20161213,23.91,24.3699,23.47,24.33,94342,0
20161214,24.11,24.739,23.72,23.9899,161835,0
20161215,24,24.68,24,24.1,194947,0
20161216,24.38,24.505,24.03,24.08,54265,0
20161219,24.18,24.45,23.632,24.29,73024,0
20161220,24.3,24.74,23.91,24.56,117136,0
20161221,24.56,24.73,24.23,24.6899,44455,0
20161222,24.4,24.6499,24.0881,24.16,67377,0
20161223,24.13,24.45,24.12,24.3,51243,0
20161227,24.35,24.81,24.35,24.72,131571,0
20161228,24.6,24.6946,23.87,24,120755,0
20161229,23.91,24.01,23.54,23.64,52554,0
20161230,23.71,23.71,23.21,23.46,152784,0
20170103,23.71,24,22.87,23.18,120844,0
20170104,23.35,24.14,23.35,23.8101,105159,0
20170105,23.56,23.94,23.1,23.51,52214,0
20170106,23.87,24.9,23.87,24.7875,250233,0
20170109,24.78,24.78,24.11,24.53,200320,0
20170110,24.39,25.26,24.35,25.22,183625,0
20170111,25.05,25.06,24.35,24.8,64267,0
20170112,24.6,24.6,23.86,24.28,63813,0
20170113,24.12,24.83,24.12,24.3,63493,0
20170117,23.78,24.45,23.61,24.26,61508,0
20170118,24.35,24.4,24.102,24.2,34453,0
20170119,24.31,24.47,24.01,24.39,48842,0
20170120,24.15,25.19,24.15,24.5,183377,0
20170123,24.4,24.4,23.61,23.7,168143,0
20170124,23.8,23.82,23.45,23.57,117101,0
20170125,23.67,23.94,23.4778,23.76,38203,0
20170126,23.85,24.29,23.53,24,66707,0
20170127,23.8,23.8,23,23.15,116449,0
20170130,22.72,23,22.2,22.88,170460,0
20170131,22.63,23,22.13,22.23,152637,0
20170201,22.45,22.82,22.08,22.15,68521,0
20170202,22.02,22.46,21.78,22.19,334892,0
20170203,22.65,23,22.51,22.87,68252,0
20170206,22.71,23,22.623,22.89,76561,0
20170207,22.98,23.17,22.73,22.9098,41754,0
20170208,22.81,23.0698,22.64,23.0023,34963,0
20170209,22.99,23.54,22.99,23.35,57263,0
20170210,23.32,23.76,23.32,23.63,148427,0
20170213,23.75,24.165,23.75,24.05,206255,0
20170214,24.22,24.68,24.22,24.68,167751,0
20170215,21.6,21.6,19.395,20.64,2791010,0
20170216,20.5,21.58,20.43,21.39,686711,0
20170217,21.39,21.5,21,21.4,102946,0
20170221,21.5,22.12,21.5,22.08,228848,0
20170222,22.27,22.8,22,22.22,354082,0
20170223,22.33,22.47,22.06,22.08,124121,0
20170224,21.68,21.89,21.4,21.6703,300113,0
20170227,21.7,22.38,21.7,22.04,808303,0
20170228,21.87,22.235,21.78,21.94,270528,0
20170301,22.42,22.9,22.42,22.71,661554,0
20170302,22.42,22.76,21.99,22,219673,0
20170303,21.87,22.381,21.87,22.3499,530363,0
20170306,22.02,22.15,21.6063,22.04,395490,0
20170307,21.68,21.825,21.06,21.63,151378,0
20170308,21.79,22.11,21.55,21.62,60961,0
20170309,22.46,22.75,21.26,21.34,323861,0
20170310,21.6,21.6,21.14,21.2701,194811,0
20170313,21.02,21.59,20.91,21.5,226819,0
20170314,21.3,21.3499,20.89,21.33,104616,0
20170315,21.32,21.71,21.31,21.43,46006,0
20170316,21.6,21.61,21.1801,21.25,111297,0
20170317,20.92,21.4,20.77,21.0697,97492,0
20170320,20.82,21.3893,20.6,21.05,103098,0
20170321,21.01,21.2656,20.48,20.55,126227,0
20170322,20.64,20.6999,20.04,20.25,55170,0
20170323,20.02,20.76,20.02,20.3943,37398,0
20170324,20.4,20.67,19.66,19.96,59618,0
20170327,19.51,20.25,19.16,20.19,86414,0
20170328,19.91,21.09,19.91,20.87,77021,0
20170329,20.64,20.88,20.55,20.7873,60535,0
20170330,20.71,21.6,20.701,21.4581,40545,0
20170331,21.48,21.61,21.09,21.37,90073,0
20170403,21.22,21.25,20.47,20.68,117660,0
20170404,20.55,20.99,20.46,20.9692,85843,0
20170405,21.05,21.35,20.5,20.54,47154,0
20170406,20.42,20.97,20.38,20.79,53248,0
20170407,20.55,20.69,20.04,20.04,148042,0
20170410,20.3,21.69,20.1,20.1,197911,0
20170411,20.15,20.15,19.5366,19.62,61127,0
20170412,19.06,19.5626,19,19.35,228706,0
20170413,19.35,19.73,18.77,18.7802,133057,0
20170417,18.81,19.11,18.67,19.01,119177,0
20170418,18.75,20.07,18.577,18.7406,46653,0
20170419,18.85,18.85,18.05,18.13,99864,0
20170420,18.1,19.212,18.1,18.64,142675,0
20170421,18.7,18.75,18.38,18.5,101460,0
20170424,18.77,19.02,18.75,18.8,81986,0
20170425,19.01,19.37,18.98,19.28,60398,0
20170426,19.25,19.82,19.2,19.3,62188,0
20170427,19.32,20.34,19.3,20.0101,40536,0
20170428,19.97,20.28,19.93,20,54440,0
20170501,20.05,20.68,20.05,20.55,52394,0
20170502,20.55,20.95,20.39,20.4966,105559,0
20170503,20.4,20.74,20.4,20.61,47465,0
20170504,21.05,21.9404,20.95,21.31,259135,0
20170505,21.3,21.5,21.21,21.23,516463,0
20170508,21.02,21.0845,20.36,20.5,68225,0
20170509,20.51,20.82,20.25,20.29,95235,0
20170510,20.12,20.3754,19.85,19.8712,80064,0
20170511,20.95,21.1,20.29,20.48,368942,0
20170512,20.25,20.48,20,20.01,187905,0
20170515,20.17,20.56,20.13,20.37,118577,0
20170516,20.69,20.99,20.46,20.5,80516,0
20170517,20.1,20.48,19.96,20.04,153768,0
20170518,20.04,20.36,19.87,20.1,137822,0
20170519,20.08,20.35,19.9,19.9,95928,0
20170522,20.14,20.34,19.76,19.95,43243,0
20170523,19.84,20.69,19.75,20.6,236947,0
20170524,20.5,21.07,20.5,20.9294,116316,0
20170525,20.92,21.3,20.85,21.2501,120881,0
20170526,21.12,21.84,21.12,21.64,239984,0
20170530,21.24,22.32,21.24,22.19,498496,0
20170531,21.82,22.17,21.55,22.17,271266,0
20170601,21.95,22.25,21.65,22.13,380837,0
20170602,21.65,22.35,21.56,22.22,246310,0
20170605,22.03,22.1399,21.76,21.91,40672,0
20170606,21.62,21.65,21.25,21.43,150374,0
20170607,21.35,21.44,21.2,21.2,95817,0
20170608,21.22,22.05,21.22,21.68,139208,0
20170609,21.89,22.069,21.4,22.03,97878,0
20170612,21.98,22.58,21.7856,21.96,87347,0
20170613,21.96,22.36,21.96,22.3226,107103,0
20170614,22.32,22.34,21.67,22.2813,115147,0
20170615,21.93,22.133,21.66,21.85,75445,0
20170616,22.05,22.05,21.8,21.93,36696,0
20170619,22.12,22.14,21.85,21.98,68243,0
20170620,21.83,21.98,21.5,21.54,64462,0
20170621,21.64,22.04,21.5,21.5,112403,0
20170622,21.3,21.54,21.16,21.24,52426,0
20170623,21.23,21.53,21.0708,21.2,108739,0
20170626,21.31,21.77,21.31,21.48,78990,0
20170627,21.5,22.15,21.5,21.76,102636,0
20170628,21.76,22.2623,21.76,21.95,123412,0
20170629,22.17,22.5,21.6,21.8,100181,0
20170630,21.9,21.9,20.81,21.08,127818,0
20170703,21.15,22.0717,21.15,21.8,33678,0
20170705,21.6,21.65,20.9868,21.13,126528,0
20170706,21.15,22.025,21.15,21.35,129376,0
20170707,21.57,21.75,21.372,21.71,80491,0
20170710,22,22,21.35,21.58,29325,0
20170711,21.52,21.6,21.2532,21.4,50106,0
20170712,21.32,21.7999,21.32,21.58,53405,0
20170713,21.57,22.45,21.57,22.24,243288,0
20170714,21.86,22.4,21.86,22.4,72112,0
20170717,22.2,22.31,21.72,22.26,43932,0
20170718,22,22.21,21.8613,21.99,25399,0
20170719,22.04,22.2974,21.92,22.25,141051,0
20170720,22.12,22.25,22,22.07,679578,0
20170721,22,22.06,21.81,22,106626,0
20170724,21.85,22.3,21.85,22.24,170840,0
20170725,22.54,22.99,22.51,22.8,375275,0
20170726,22.69,22.976,22.64,22.67,111029,0
20170727,22.7,23.36,22.62,22.68,372118,0
20170728,22.64,22.92,22.6,22.84,136441,0
20170731,22.8,23.157,22.672,23.05,104219,0
20170801,23.05,23.2,22.95,23.1,115867,0
20170802,22.8,23.45,22.66,23.25,94213,0
20170803,24.12,24.5,22.63,23.42,120744,0
20170804,23.52,23.52,22.37,22.65,93798,0
20170807,22.42,22.6,22.04,22.41,169995,0
20170808,22.25,22.616,22,22.1,133612,0
20170809,21.9,21.9,21.38,21.59,47115,0
20170810,21.31,21.31,20.7001,20.7001,149726,0
20170811,20.85,20.8701,20.3,20.47,74503,0
20170814,20.67,21.066,20.52,20.52,27994,0
20170815,20.81,21,20.64,20.68,85382,0
20170816,20.8,20.85,20.4814,20.5705,115944,0
20170817,20.29,20.31,19.38,19.47,109705,0
20170818,19.25,19.6,19.1,19.2,217500,0
20170821,19.2,19.2,18.86,19.196,85249,0
20170822,19.2,19.4,18.87,19.06,187045,0
20170823,18.95,18.96,18.67,18.8,143030,0
20170824,18.85,18.85,18.25,18.25,253559,0
20170825,18.35,18.82,18.26,18.73,160253,0
20170828,18.7,18.75,18.24,18.38,153660,0
20170829,18.05,18.293,17.98,18.13,207411,0
20170830,18.2,18.37,18.1124,18.25,61850,0
20170831,18.38,18.53,18.25,18.35,165613,0
20170901,18.51,18.93,18.5,18.5061,50491,0
20170905,18.35,18.55,17.57,17.76,145524,0
20170906,17.94,18,17.56,17.56,162089,0
20170907,17.42,17.505,16.33,16.62,365064,0
20170908,16.47,18.315,16.35,17.78,306382,0
20170911,18.11,18.9,18.1,18.74,380978,0
20170912,18.9,19.1592,18.8,19.13,38550,0
20170913,18.97,19.02,18.6,18.85,30446,0
20170914,18.62,18.72,18.05,18.22,83214,0
20170915,18.08,18.35,18,18.15,167445,0
20170918,18.22,18.3,17.95,18.0799,203307,0
20170919,17.92,18.2399,17.855,18.04,146260,0
20170920,18.04,18.7694,17.95,18.56,159090,0
20170921,18.62,19,18.51,18.89,83148,0
20170922,18.85,19.36,18.85,19.1,52590,0
20170925,18.95,19.5,18.95,19.39,72517,0
20170926,19.34,19.34,18.6001,19.03,157024,0
20170927,19.26,19.9,19,19.81,117000,0
20170928,19.64,19.67,19.29,19.46,151662,0
20170929,19.61,20.18,19.61,20,122069,0
20171002,20,20.35,19.99,20.35,159077,0
20171003,20.01,20.3,19.78,20,82878,0
20171004,19.94,20.19,19.8,20.1,24748,0
20171005,20.14,20.49,20.09,20.45,106659,0
20171006,20.46,20.8,20.3601,20.7,99894,0
20171009,20.47,20.47,20.05,20.1785,183634,0
20171010,20,20.2,19.73,19.98,358918,0
20171011,19.89,20.1,19.695,20.02,202945,0
20171012,19.9,20.82,19.9,20.67,149075,0
20171013,20.52,21.3,20.49,21.18,185364,0
20171016,21.45,21.93,21.21,21.93,160200,0
20171017,22,22,21.465,21.57,782948,0
20171018,21.91,21.91,21.2575,21.46,283176,0
20171019,21.33,22.78,21.25,22.75,422684,0
20171020,23,23.1,22.59,22.63,304321,0
20171023,22.7,23,22.56,22.6,695623,0
20171024,22.66,22.8,22.52,22.73,154017,0
20171025,22.82,23.1,22.63,22.7,136846,0
20171026,22.93,22.98,22.26,22.51,105835,0
20171027,22.49,22.58,21.79,22.29,135447,0
20171030,21.89,22.65,21.89,22.4,174625,0
20171031,22.36,22.62,22.28,22.52,180798,0
20171101,22.6,22.8316,22.32,22.44,91367,0
20171102,22.25,22.95,22.25,22.76,87062,0
20171103,20.3,20.9,19.75,20.07,511701,0
20171106,19.9,20.8,19.8,20.64,152481,0
20171107,20.48,20.95,19.9,20.2099,2052680,0
20171108,20.06,20.3,19.63,19.75,268079,0
20171109,19.45,20.29,19.42,20.25,192187,0
20171110,20.2,20.25,19.95,20,1522672,0
20171113,19.7,20.05,19.66,19.9,140897,0
20171114,19.7,19.77,19.4,19.5499,96732,0
20171115,19.18,19.57,19.1,19.28,156201,0
20171116,19.25,19.3,18.25,18.26,256960,0
20171117,18.11,18.36,17.76,18.36,186712,0
20171120,18.2,18.24,17.7,17.94,254478,0
20171121,17.91,18.24,17.79,17.9,201236,0
20171122,18,18,17.52,17.53,264519,0
20171124,17.51,17.63,17.45,17.45,31543,0
20171127,17.4,17.5,17.2,17.25,133772,0
20171128,17.2,18.36,17.05,18.13,173775,0
20171129,18.55,19.18,18.55,18.55,173970,0
20171130,18.62,18.75,18,18.15,185776,0
20171201,18.26,18.32,17.5,17.96,310738,0
20171204,18.48,18.48,17.42,17.55,170422,0
20171205,17.74,18.1899,17.31,17.81,268688,0
20171206,17.56,18.6,17.56,18.22,309673,0
20171207,18.06,18.56,18.06,18.12,102703,0
20171208,18.16,18.2,17.88,18.07,225079,0
20171211,17.99,18.46,17.97,18.44,214039,0
20171212,18.31,18.73,18.28,18.6,177151,0
20171213,18.51,18.51,17.9,17.95,380905,0
20171214,17.99,18.02,17.14,17.26,578598,0
20171215,17.5,18.33,17.35,18.2,379220,0
20171218,18.17,18.64,17.95,18.17,178644,0
20171219,18.38,18.6,18.2662,18.4,162911,0
20171220,18.45,18.6147,18.34,18.59,117034,0
20171221,18.59,19,18.52,18.52,139757,0
20171222,18.62,18.66,17.81,17.87,122203,0
20171226,17.91,18.25,17.79,17.88,114287,0
20171227,17.9,18.055,17.76,17.95,138408,0
20171228,17.9,18.39,17.89,18.33,193001,0
20171229,18.35,18.52,18.1173,18.12,125494,0
20180102,18.5,18.5,17.78,18.04,299395,0
20180103,17.88,18.74,17.88,18.66,282062,0
20180104,18.7,19.36,18.7,18.98,172464,0
20180105,19.11,19.2,18.78,19.2,179618,0
20180108,19.18,19.18,18.65,18.68,415565,0
20180109,18.71,19.55,18.71,18.995,134742,0
20180110,18.95,19.65,18.95,19.37,100135,0
20180111,19.43,19.74,19.43,19.63,175365,0
20180112,19.37,19.63,19.29,19.35,92283,0
20180116,19.45,19.65,19.4,19.53,114111,0
20180117,19.9,20.04,19.6,19.78,224815,0
20180118,20,20.21,19.61,20.06,118628,0
20180119,20.01,20.25,19.9,20.095,65202,0
20180122,19.66,19.7399,19.205,19.63,316592,0
20180123,19.65,21,19.5,20.99,376140,0
20180124,21.14,22.61,20.99,22.46,377758,0
20180125,22.7,22.95,22.09,22.88,238195,0
20180126,22.6,23,22.4,22.76,220805,0
20180129,22.7,23,22.2999,22.3369,527075,0
20180130,21.81,22.3,21.1626,21.5775,233745,0
20180131,21.78,22.2,21.64,22.19,184020,0
20180201,22.14,22.3201,21.6,22.2,167080,0
20180202,21.98,22.0376,21.33,21.505,262559,0
20180205,20.8,21.3,19.75,19.89,553499,0
20180206,19.03,20.37,18.74,20.12,634528,0
20180207,19.6,20.6,19.6,20,208993,0
20180208,19.98,19.99,18.3,18.44,536235,0
20180209,19.45,20.7457,18.55,20.02,719204,0
20180212,20.18,20.26,19.16,19.63,297565,0
20180213,19.33,19.65,18.75,19.32,139919,0
20180214,19.3,19.5,19.3,19.3,312667,0
20180215,19.38,19.59,18.82,18.9501,239997,0
20180216,18.77,19.57,18.67,19.4,151553,0
20180220,19.3,19.62,19.2,19.6,154842,0
20180221,19.64,20.7,19.545,20,304077,0
20180222,19.95,20.6,19.7,19.7201,230095,0
20180223,19.94,20.3,19.45,19.85,493627,0
20180226,19.9,19.9,18.4431,19.05,474791,0
20180227,19,19.3,18.03,18.225,303060,0
20180228,18.31,18.5838,17.4,17.4,324441,0
20180301,17.57,17.75,16.6501,17.02,866423,0
20180302,16.65,17,15.76,16.95,723624,0
20180305,16.9,18.02,16.8,17.97,661463,0
20180306,18.23,18.33,17.56,18.33,429197,0
20180307,17.95,18.3299,17.55,17.55,462388,0
20180308,17.61,17.63,16.51,17.01,872792,0
20180309,17.26,17.37,16.6,16.98,407484,0
20180312,16.85,17.8,16.85,17.28,244584,0
20180313,17.25,17.5,16.43,16.61,361560,0
20180314,16.68,16.99,15.86,16.39,753780,0
20180315,16.59,16.59,16.1,16.46,330974,0
20180316,16.4,16.5,16.03,16.3,241342,0
20180319,16.21,16.52,15.9001,16.22,207253,0
20180320,16.4,17.18,16.4,17.05,213546,0
20180321,16.89,17.8,16.7401,17.38,279272,0
20180322,17.2,17.38,16.63,16.8,113430,0
20180323,16.72,16.76,16,16,296827,0
20180326,16.46,17.01,16.3,16.57,142323,0
20180327,16.57,16.75,15.9,16,130832,0
20180328,16,16.75,15.7748,16.5,204184,0
20180329,16.47,16.6,16.19,16.4,106790,0
20180402,16.2,16.35,15.3683,15.75,284271,0
20180403,16.1,16.34,15.76,16.29,116307,0
20180404,15.85,16.25,15.552,16.2,220110,0
20180405,16.2,16.35,16.05,16.22,155325,0
20180406,16.03,16.194,15.51,15.79,122271,0
20180409,15.8,16.1,15.51,15.51,156871,0
20180410,15.9,15.9,15.5,15.65,88570,0
20180411,15.49,15.74,15.35,15.68,239896,0
20180412,15.9,15.9,15.54,15.79,90294,0
20180413,15.9,15.9,15.55,15.8,117201,0
20180416,15.94,16.4,15.7,16.15,437211,0
20180417,16.2,16.25,15.93,16.22,47676,0
20180418,16.17,16.515,16.064,16.35,162157,0
20180419,16.5,17,16.5,16.79,143450,0
20180420,16.85,17.25,16.85,17.1,373188,0
20180423,17.15,17.1819,16.75,17,43190,0
20180424,17,17.1,16.8,16.8,103159,0
20180425,16.87,17.22,16.72,17.06,146270,0
20180426,17.06,17.2,16.85,17.0946,96586,0
20180427,17.05,17.55,17.04,17.4,131424,0
20180430,17.4,17.95,17.2235,17.31,69147,0
20180501,17.12,17.2617,16.775,17.19,40415,0
20180502,16.89,16.9,16.35,16.35,127636,0
20180503,14.3,15.005,13.25,14.37,1254288,0
20180504,14.21,14.99,14.21,14.685,346095,0
20180507,14.41,14.725,14,14.21,365219,0
20180508,14.12,14.26,13.99,14.03,292837,0
20180509,14.04,14.3,14,14.15,247125,0
20180510,14.3,14.31,14,14.25,171138,0
20180511,14.2,14.375,14,14.32,160152,0
20180514,14.28,14.28,13.8,14.22,184166,0
20180515,14.08,14.472,14.08,14.23,72920,0
20180516,14.2,14.63,14.06,14.57,75985,0
20180517,14.78,15.6796,14.78,15.04,216314,0
20180518,14.93,15.5,14.82,15.23,90707,0
20180521,15.42,15.75,15.38,15.5,151557,0
20180522,15.5,15.6602,15.2,15.38,70981,0
20180523,15.23,15.23,14.8,15.09,235613,0
20180524,14.91,14.91,14.46,14.85,45662,0
20180525,14.52,14.81,14.4,14.4,25759,0
20180529,14.2,14.4198,13.8,14.18,329533,0
20180530,14.24,14.74,14.03,14.6,73025,0
20180531,14.23,14.28,13.9101,14.06,312992,0
20180601,14.25,14.7,14.25,14.58,89894,0
20180604,14.28,14.9658,14.28,14.96,83784,0
20180605,14.78,15.02,14.54,14.93,121121,0
20180606,14.91,14.99,14.62,14.8,55471,0
20180607,14.62,14.815,14.61,14.74,44532,0
20180608,14.7,15.6656,14.7,15.65,145694,0
20180611,15.6,15.8,15.4853,15.75,70901,0
20180612,15.69,15.8,15.23,15.4,45624,0
20180613,15.22,16.13,15.22,15.52,75591,0
20180614,15.47,16.12,15.3261,15.9,68212,0
20180615,15.76,16.1502,15.76,15.9617,51137,0
20180618,15.72,16.29,15.2501,16.2227,15242,0
20180619,16.22,16.42,16.0101,16.3099,60408,0
20180620,16.15,16.4599,16.11,16.12,83777,0
20180621,16.12,16.12,15.27,15.6272,117541,0
20180622,15.65,16,15.371,15.99,37411,0
20180625,15.75,15.75,15.28,15.28,61904,0
20180626,15.3,15.58,14.84,15.35,73878,0
20180627,15.32,15.57,14.8,14.8,76885,0
20180628,14.5,15.01,14.15,14.65,157778,0
20180629,14.7,15.33,14.5,14.5,72541,0
20180702,14.5,14.93,14.1,14.89,115556,0
20180703,14.6,15.42,14.6,14.85,27384,0
20180705,14.45,15.49,14.45,15.08,43680,0
20180706,15,16.045,14.86,16.02,171734,0
20180709,15.76,16.65,15.76,16.32,110521,0
20180710,16.29,16.5778,16.03,16.3,50857,0
20180711,15.9,16.152,15.42,15.73,46123,0
20180712,15.73,15.7399,15.46,15.55,57151,0
20180713,15.58,15.82,15.43,15.82,122529,0
20180716,15.71,16.0899,15.5,16,22210,0
20180717,16,16.25,15.83,16.25,116829,0
20180718,16.11,16.6,16.02,16.5,67113,0
20180719,16.44,16.65,15.285,15.6,592943,0
20180720,15.46,15.635,15.26,15.26,396521,0
20180723,15.1,15.45,14.93,14.93,451288,0
20180724,14.98,15.38,14.98,15.38,290255,0
20180725,15.23,15.7,14.75,15.03,106979,0
20180726,15.23,16.05,15.23,15.5,212995,0
20180727,15.38,15.95,15.38,15.52,182479,0
20180730,15.52,16.26,15.4,16,80520,0
20180731,16.2,16.65,16.035,16.65,278372,0
20180801,16.65,17.1454,16.19,16.19,193068,0
20180802,15.9,16.78,15.74,16.31,95429,0
20180803,15.33,15.77,14.5,15.31,303885,0
20180806,15.13,15.2,14.56,14.98,235464,0
20180807,15,15.18,14.66,14.77,216235,0
20180808,14.71,15.08,14.3505,14.48,109087,0
20180809,14.37,14.73,14.09,14.26,221525,0
20180810,14,14.57,13.8,14.08,202919,0
20180813,14.12,14.2933,13.75,14.13,109913,0
20180814,14.13,14.535,13.76,14.15,169401,0
20180815,14,14.1828,13.9001,14.05,86078,0
20180816,14.05,14.58,14.05,14.58,62826,0
20180817,14.3,14.65,14.16,14.39,43298,0
20180820,14.33,14.674,14.33,14.51,141936,0
20180821,14.52,15.01,14.5,14.75,137436,0
20180822,14.59,14.59,14.16,14.47,111200,0
20180823,14.32,14.45,14.1,14.1,38698,0
20180824,14.15,14.65,14.15,14.6,51515,0
20180827,14.55,15.57,14.55,15.08,99304,0
20180828,15.08,15.4329,14.79,14.96,133597,0
20180829,14.81,14.922,14.75,14.75,83658,0
20180830,14.75,15,14.5,14.557,24282,0
20180831,14.44,14.44,14,14.15,109553,0
20180904,13.9,14.62,13.9,14.4,46526,0
20180905,14.4,14.8306,14.4,14.8306,60770,0
20180906,14.64,15,14.625,14.77,70539,0
20180907,14.6,14.92,14.3,14.35,168418,0
20180910,13.8,13.95,13.31,13.81,213085,0
20180911,13.45,13.8,13.1,13.6,138624,0
20180912,13.49,13.745,13.25,13.55,57585,0
20180913,13.55,13.9779,13.4,13.85,66023,0
20180914,13.87,14.2007,13.87,13.94,171291,0
20180917,13.91,14.19,13.86,14.01,53337,0
20180918,13.96,14.5002,13.96,14.36,223226,0
20180919,14.06,14.96,14.06,14.45,59657,0
20180920,14.59,14.98,14.59,14.84,43439,0
20180921,14.89,15.06,14.76,14.92,132793,0
20180924,14.92,15.08,14.66,14.875,209922,0
20180925,14.8,14.99,14.45,14.52,113091,0
20180926,14.51,14.72,14.35,14.55,307145,0
20180927,14.55,14.78,14.28,14.5,202001,0
20180928,14.2,14.8,13.88,14.62,178135,0
20181001,14.56,14.6683,14.26,14.26,65325,0
20181002,14.11,14.335,13.9,13.91,246823,0
20181003,14.1,14.68,14.1,14.64,147868,0
20181004,14.4,14.84,14.4,14.59,70646,0
20181005,14.63,15,14.33,14.575,87479,0
20181008,14.25,15,14.25,14.68,157599,0
20181009,14.59,14.65,14.08,14.2,136970,0
20181010,14.08,14.4,13.85,13.85,258826,0
20181011,13.74,14.03,12.75,13.34,304997,0
20181012,13.2,13.6399,12.55,13.44,196107,0
20181015,13.25,13.29,12.7,12.85,35894,0
20181016,12.7,12.7,12.2,12.26,291841,0
20181017,12.28,12.67,11.86,12.02,200142,0
20181018,11.91,12.05,11.44,11.52,295267,0
20181019,11,11.39,10.5,10.6,404868,0
20181022,10.6,10.7166,9.35,9.35,280064,0
20181023,9.09,9.09,8.25,8.67,490759,0
20181024,8.75,8.75,7.8987,8.25,530167,0
20181025,8.3,8.3421,7.85,8,437719,0
20181026,7.9,7.9,6.87,7.24,288013,0
20181029,7.6,7.61,6.9,7.025,249551,0
20181030,7.03,7.94,6.7,7.37,243251,0
20181031,7.71,8.4299,7.56,8,221012,0
20181101,8.76,9.5,8.5,8.734,647341,0
20181102,8.93,9.08,8.09,8.6,163250,0
20181105,8.41,8.972,8.41,8.969,130428,0
20181106,8.82,9.55,8.72,9.5,165569,0
20181107,9.2,9.56,8.865,9.22,201484,0
20181108,9.05,9.4466,8.96,8.96,64475,0
20181109,8.91,9,8.7,8.81,80843,0
20181112,8.56,8.811,8.01,8.0675,166670,0
20181113,8.03,8.28,7.8,7.9,193022,0
20181114,7.86,8.28,7.61,7.61,215938,0
20181115,7.55,8.34,7.3001,8.34,180171,0
20181116,8.2,8.4,8,8.2,156175,0
20181119,8.01,8.45,8,8.3742,145554,0
20181120,8,8.5,8,8.16,93488,0
20181121,8.12,8.88,8.12,8.2,509861,0
20181123,8.15,8.22,8,8.05,44933,0
20181126,8.08,8.5,7.93,7.93,293479,0
20181127,8,8.0499,7.48,7.71,222508,0
20181128,7.6,8.1045,7.3301,7.97,168649,0
20181129,7.5,8.12,7.5,7.55,106007,0
20181130,7.45,7.56,7.1,7.35,106063,0
20181203,7.45,7.8299,7.11,7.18,155698,0
20181204,7.1,7.23,6.2,6.21,483014,0
20181206,6.12,6.21,5.3849,5.76,770211,0
20181207,5.68,6,5.07,5.46,400311,0
20181210,5.28,5.31,4.565,5.02,672216,0
20181211,5.23,5.4,4.6,4.8,283298,0
20181212,4.89,5.31,4.72,5.15,602636,0
20181213,5.19,5.2597,4.75,4.93,513967,0
20181214,4.71,5.15,4.71,4.85,155856,0
20181217,4.75,5.19,4.75,4.8,362057,0
20181218,4.86,5.45,4.86,4.98,254648,0
20181219,5.02,5.92,5.02,5.63,291295,0
20181220,5.57,5.9299,5.17,5.5,442288,0
20181221,5.5,5.8,5.1,5.35,544858,0
20181224,5.11,5.4,4.903,5.22,577619,0
20181226,5.2,5.44,4.75,5.17,570134,0
20181227,4.95,5.57,4.8,5.57,289795,0
20181228,5.57,5.687,4.98,5.15,1411723,0
20181231,5.15,5.6999,5.15,5.44,995939,0
20190102,5.3,5.81,5.15,5.75,78860,0
20190103,5.7,5.7,5.3,5.3,63082,0
20190104,5.67,6.5799,5.66,6.35,214549,0
20190107,6.35,7.01,6.25,6.79,183342,0
20190108,6.9,6.93,6.4004,6.88,117155,0
20190109,6.65,7.13,6.65,7.1,120714,0
20190110,7,7.3,6.87,7,119054,0
20190111,7.01,7.25,6.95,7.1,94422,0
20190114,7.1,7.41,6.938,7.4,124582,0
20190115,7.33,7.5,7.17,7.37,40536,0
20190116,7.65,7.9034,7.48,7.9,309462,0
20190117,7.9,7.91,7.32,7.91,198889,0
20190118,8,8.07,7.75,7.9,206337,0
20190122,7.65,7.7,7.45,7.45,107736,0
20190123,7.47,7.52,7.14,7.31,92353,0
20190124,7.18,7.65,7.15,7.3,119081,0
20190125,7.37,7.72,7.27,7.27,53398,0
20190128,7.46,7.46,7.0001,7.1,59408,0
20190129,7.08,7.21,7,7.07,46153,0
20190130,7.1,7.16,7,7.1011,114629,0
20190131,7.1,7.2,6.9,7.08,107581,0
20190201,7.04,7.3,7.035,7.21,209404,0
20190204,7.28,7.51,7.23,7.33,96437,0
20190205,7.17,7.24,7,7.13,59835,0
20190206,7.02,7.36,7,7.07,104332,0
20190207,6.98,7,6.5,6.75,97073,0
20190208,6.63,6.7178,6.48,6.5,63419,0
20190211,6.5,7.1,6.5,7.05,119753,0
20190212,7.14,7.3699,7.1,7.15,180478,0
20190213,7.12,7.53,7.1,7.16,190072,0
20190214,6.35,6.35,4.87,5.58,1310582,0
20190215,5.66,6.39,5.6,6.21,189072,0
20190219,6.01,6.75,6.01,6.53,183293,0
20190220,6.55,6.7,6.45,6.52,117943,0
20190221,6.4,6.7,6.4,6.45,121191,0
20190222,6.44,6.61,6.3,6.3,35639,0
20190225,6.4,6.79,6.4,6.5,394893,0
20190226,6.49,6.82,6.49,6.5,194053,0
20190227,6.5,6.5,6.05,6.1859,236236,0
20190228,6.24,6.355,6,6.13,133840,0
20190301,6.28,6.28,5.95,6.02,161531,0
20190304,6.08,6.2,5.6022,6,347335,0
20190305,5.98,6.08,5.642,5.93,50560,0
20190306,5.85,6,5.63,5.7,77909,0
20190307,5.63,5.82,5.25,5.66,204719,0
20190308,5.44,5.83,5.36,5.6,38609,0
20190311,5.62,6.1,5.62,5.86,100779,0
20190312,5.85,6.15,5.73,5.85,115824,0
20190313,5.87,6.15,5.87,6.025,329965,0
20190314,6.05,6.1434,6.01,6.06,191097,0
20190315,6.01,6.15,6.01,6.06,181091,0
20190318,6.05,6.4,6.05,6.14,314069,0
20190319,6.17,6.6225,5.92,5.92,132483,0
20190320,5.9,6.1,5.65,5.8,127463,0
20190321,5.64,6.05,5.61,5.88,245013,0
20190322,5.88,5.88,5.2924,5.68,170594,0
20190325,5.68,5.72,5.4,5.67,67306,0
20190326,5.78,6.0051,5.75,5.81,47560,0
20190327,5.87,6.05,5.8001,5.93,51920,0
20190328,5.85,5.94,5.535,5.77,115118,0
20190329,5.84,6,5.56,5.61,102038,0
20190401,5.7,6.18,5.7,6.1,241253,0
20190402,6.1,6.22,5.78,6,45201,0
20190403,6.15,6.2,5.9,6.15,148893,0
20190404,6.2,6.55,6.1475,6.26,282080,0
20190405,6.21,6.7,6.21,6.62,270723,0
20190408,6.5,6.6887,6.4,6.6043,7430,0
20190409,6.5,6.5,6.11,6.35,22166,0
20190410,6.29,6.5899,6.25,6.52,30470,0
20190411,6.65,7.1663,6.6,7.04,175691,0
20190412,7.2,7.9,7.2,7.28,111546,0
20190415,7.27,7.434,7.2,7.2,97502,0
20190416,7.11,7.75,7.11,7.75,211239,0
20190417,7.72,7.72,7.11,7.22,67922,0
20190418,7.26,7.4874,7.21,7.44,47234,0
20190422,7.31,7.45,7.24,7.24,29313,0
20190423,7.05,7.35,6.97,7.35,54815,0
20190424,7.16,7.35,7.07,7.07,32836,0
20190425,6.95,7.05,6.7,6.75,81279,0
20190426,6.7,7.325,6.68,7.2,48369,0
20190429,7.18,7.8971,7.18,7.7,144487,0
20190430,7.72,8.06,7.72,8.04,239352,0
20190501,7.99,8.24,7.64,7.64,66006,0
20190502,7.69,8.08,7.5,7.8,42905,0
20190503,7.77,7.9,7.695,7.7,148549,0
20190506,7.44,7.95,7.328,7.9267,49946,0
20190507,10.3,10.75,9.96,10.31,1152987,0
20190508,10.02,11.37,9.95,9.95,390371,0
20190509,9.75,10.653,9.5,10.55,280701,0
20190510,10.18,11.1499,10.14,11.09,135839,0
20190513,10.65,10.9,10.21,10.5225,133945,0
20190514,10.55,11.36,10.55,11.2599,144642,0
20190515,10.96,11.65,10.83,11.48,340521,0
20190516,11.5,12.34,11.5,11.7,246359,0
20190517,11.7,12,11.2,11.84,107504,0
20190520,11.66,12.26,11.6,11.8,106040,0
20190521,11.9,12.01,11.6,11.93,167127,0
20190522,11.77,12.05,11.55,11.8,122149,0
20190523,11.55,11.57,11.12,11.57,324900,0
20190524,11.68,12.0902,11.57,11.96,98261,0
20190528,11.96,12.21,11.38,11.5646,149560,0
20190529,11.13,11.32,10.8,11.06,140888,0
20190530,11.06,11.54,11.04,11.3292,120722,0
20190531,10.94,10.94,10.41,10.91,177768,0
20190603,10.92,11.88,10.8,11.86,253278,0
20190604,12,12.8,12,12.75,286032,0
20190605,12.57,12.65,11.85,12.57,116870,0
20190606,12.6,13,12.39,12.56,76539,0
20190607,12.47,12.7,11.98,12.03,79366,0
20190610,12.1,12.5,12.09,12.35,168005,0
20190611,12.5,12.59,11.86,12.13,122215,0
20190612,12.1,12.1,11.7,11.94,27592,0
20190613,11.97,12.65,11.96,12.43,29539,0
20190614,12.29,12.57,12.25,12.45,74831,0
20190617,12.45,12.69,12.2,12.2197,96605,0
20190618,12.14,12.65,12.14,12.511,96969,0
20190619,12.52,12.95,12.52,12.7,94664,0
20190620,13.02,13.24,12.46,13.17,347189,0
20190621,13.15,13.31,12.61,12.66,91997,0
20190624,12.51,13.06,12.4,12.41,48597,0
20190625,12.27,12.5518,11.84,11.94,79281,0
20190626,11.81,12.01,11.44,11.75,82065,0
20190627,11.75,12.25,11.62,12.25,32752,0
20190628,12.28,12.49,12.11,12.25,132495,0
20190701,12.25,12.85,12.23,12.66,151488,0
20190702,12.52,12.8,12.25,12.66,75871,0
20190703,12.66,13.709,12.66,13.48,252627,0
20190705,13.51,13.5981,12.94,13.3,57262,0
20190708,13.12,13.79,13.12,13.7,155744,0
20190709,13.45,14.11,13.4,14.11,135801,0
20190710,14.05,14.5,14.03,14.29,156005,0
20190711,14.16,14.6371,13.95,14.06,146306,0
20190712,14.18,14.78,14.08,14.78,169444,0
20190715,14.8,14.95,14.62,14.65,142044,0
20190716,14.6,14.8,14.53,14.55,70502,0
20190717,14.52,14.52,13.65,13.91,102088,0
20190718,13.86,14.26,13.86,14.11,62913,0
20190719,14,15.0851,14,14.52,105689,0
20190722,14.35,14.62,14.2,14.5,60154,0
20190723,14.55,14.75,14.1165,14.75,67074,0
20190724,14.59,15.83,14.59,15.75,153399,0
20190725,15.85,16.05,15.48,15.7,387097,0
20190726,15.61,15.896,15.5,15.72,187175,0
20190729,15.5,15.7,15.0241,15.17,234100,0
20190730,14.88,15.22,14.77,15.06,253683,0
20190731,15.27,15.53,14.32,14.64,182950,0
20190801,14.4,14.59,13.1801,13.85,266700,0
20190802,13.67,13.72,13.2,13.4804,59957,0
20190805,12.91,12.96,11.84,12.17,187329,0
20190806,12.36,13.43,12.23,13.43,278920,0
20190807,12.46,13.62,12.12,13.4,206361,0
20190808,15.22,15.81,14.28,15.22,673763,0
20190809,15,15.101,14.3342,15.0014,70215,0
20190812,14.35,14.4,13.26,13.65,172740,0
20190813,13.41,14.9,13.41,14.53,122668,0
20190814,13.8,13.95,12,12.46,232419,0
20190815,12.82,12.92,12.22,12.79,93884,0
20190816,12.96,13.4,12.75,13.26,136171,0
20190819,13.66,13.86,13.3926,13.6316,40895,0
20190820,13.4,13.4,12.49,12.55,131824,0
20190821,12.68,12.89,12.47,12.6864,175007,0
20190822,12.74,13.13,12.58,12.65,236524,0
20190823,12.3,13,11.45,11.56,149569,0
20190826,11.86,12.18,11.692,12.18,69393,0
20190827,12.19,12.354,11.49,11.9,56756,0
20190828,11.65,12.03,11.51,11.6,91746,0
20190829,11.8655,12.2,11.6235,11.67,55944,0
20190830,11.7,11.9999,10.97,11.13,188731,0
20190903,10.92,11.5,10.92,11.41,44752,0
20190904,11.87,13.0379,11.87,13.03,205383,0
20190905,13.51,14.35,13.19,13.2,163826,0
20190906,13.15,13.82,13.15,13.34,69371,0
20190909,13.34,13.9,13.25,13.79,65628,0
20190910,14,14.32,13.685,13.85,169755,0
20190911,13.9,14.88,13.4,14.88,169318,0
20190912,14.64,15.25,14.59,14.87,377992,0
20190913,15.07,15.52,14.97,15.38,196777,0
20190916,14.78,15.02,14.5,14.77,78548,0
20190917,14.62,15.5,14.62,15.44,173758,0
20190918,15.2,15.94,14.92,15.94,352206,0
20190919,15.94,16.75,15.94,16.03,412271,0
20190920,16.32,16.5,15.54,15.872,93346,0
20190923,15.41,15.9382,15.3,15.61,81375,0
20190924,15.47,15.8901,15.13,15.3,112951,0
20190925,15.19,15.43,14.8,14.82,113144,0
20190926,14.78,14.79,14.05,14.43,56281,0
20190927,14.44,14.9,14.34,14.75,40539,0
20190930,14.67,14.71,14.2,14.2609,33360,0
20191001,14.45,14.5,13.05,13.1,99030,0
20191002,12.98,12.98,12.28,12.5,185098,0
20191003,12.25,12.54,11.78,12.27,195072,0
20191004,12.2,13.3578,12.2,13.31,76401,0
20191007,13.07,13.2,12.72,12.72,90681,0
20191008,12.12,12.21,11.6,11.6,130234,0
20191009,12.01,12.47,11.9136,12.29,42551,0
20191010,12.25,13.43,12.25,13.1239,59284,0
20191011,13.86,14.4,13.34,13.48,108424,0
20191014,13.06,13.25,12.66,13.11,62737,0
20191015,13.1,13.85,13.1,13.5172,65442,0
20191016,13.24,13.36,12.6487,13.2064,36045,0
20191017,13.41,13.58,12.88,12.91,43069,0
20191018,12.9,13.14,12.88,12.92,31556,0
20191021,13.24,13.64,13.24,13.38,39579,0
20191022,12.91,12.91,12.31,12.32,133605,0
20191023,11.93,12.41,11.89,12.27,73222,0
20191024,12.6,12.601,11.81,12.06,65981,0
20191025,11.88,12.0004,11.5502,12,149363,0
20191028,12.07,12.33,11.72,11.78,123517,0
20191029,11.41,11.8,10.66,11.35,249563,0
20191030,11.24,12.09,11.18,11.88,184969,0
20191031,11.55,12.29,11.33,11.9,245453,0
20191101,11.2,12.7,11.17,12.52,345014,0
20191104,12.78,13.92,12.75,13.52,207973,0
20191105,13.55,13.75,12.96,13.52,81000,0
20191106,13.36,13.98,13.25,13.91,226260,0
20191107,14,14.66,13.95,14.05,193561,0
20191108,14.07,14.3521,13.56,14.25,59135,0
20191111,13.86,14.4,13.86,13.9,24156,0
20191112,13.56,14.1498,13.56,13.76,21031,0
20191113,13.56,13.6396,13.21,13.21,60929,0
20191114,12.93,13.35,12.59,12.85,62149,0
20191115,12.75,13.14,12.4,12.4,60554,0
20191118,12.39,12.65,12.25,12.65,47593,0
20191119,12.67,12.8,12.0635,12.08,39984,0
20191120,11.93,11.99,11.4,11.6,203049,0
20191121,11.63,11.63,11.1,11.1,181628,0
20191122,11.2,12.02,11.16,11.9706,149739,0
20191125,12.03,12.32,11.8656,11.9814,91455,0
20191126,11.77,12.19,11.65,11.8753,43741,0
20191127,11.83,11.84,11.4914,11.55,71695,0
20191129,11.39,11.83,11.37,11.37,63910,0
20191202,11.41,11.47,10.61,10.61,170117,0
20191203,10.2,10.5,9.5,10.3,373516,0
20191204,10.49,10.82,10.09,10.09,125282,0
20191205,10,10.5,10,10.22,73887,0
20191206,10.66,10.95,10.23,10.7499,130692,0
20191209,10.69,11.2,10.48,10.48,39892,0
20191210,10.27,10.61,10.03,10.05,174300,0
20191211,10.05,10.08,9.7,9.79,267489,0
20191212,9.71,10.5268,9.7,10.23,187754,0
20191213,10.21,11.05,10.21,10.38,228107,0
20191216,10.65,11.1265,10.65,10.73,166179,0
20191217,10.64,11.24,10.64,10.69,656862,0
20191218,10.51,11.13,10.5,10.9,152213,0
20191219,10.62,10.9,10.48,10.73,81208,0
20191220,10.6,11,10.5,10.5,59917,0
20191223,10.44,10.44,9.85,10,147804,0
20191224,9.83,10.4,9.83,9.95,203258,0
20191226,9.97,10.0683,9.6829,9.6829,166636,0
20191227,9.72,10.09,9.65,10.0592,94338,0
20191230,10.06,10.2,9.8,10.0684,99950,0
20191231,10.04,10.28,9.84,10.28,319728,0
20200102,10.4,10.82,10.23,10.45,125713,0
20200103,10.12,10.36,10,10.2679,42044,0
20200106,9.96,10.47,9.96,10.25,85774,0
20200107,10.11,10.25,9.725,10.06,37823,0
20200108,10.01,11.03,10.01,10.6,178665,0
20200109,10.6,11,10.6,11,316966,0
20200110,10.95,11.3,10.72,10.81,40756,0
20200113,10.94,11.34,10.6102,11.34,293209,0
20200114,11.15,11.73,10.98,11,144401,0
20200115,10.86,11,10.3,10.5401,89080,0
20200116,11.39,11.39,10.95,11.13,140605,0
20200117,11.4,11.6299,11.22,11.5,274990,0
20200121,11.08,11.18,10.4,10.4,63363,0
20200122,10.53,11.1,10.45,10.942,85445,0
20200123,10.55,10.73,10.135,10.4775,172839,0
