Date,Open,High,Low,Close,Volume,OpenInt
20171207,14.8,14.99,14.03,14.2,2552954,0
20171208,14.27,14.38,14.1,14.2,205871,0
20171211,14.22,14.27,13.8,13.84,450169,0
20171212,13.72,13.91,13.5,13.75,146272,0
20171213,13.73,14,13.6,13.82,104189,0
20171214,13.94,14.1,13.83,14.05,99512,0
20171215,14.06,14.38,13.83,14,92949,0
20171218,14.03,14.13,13.85,14.07,48419,0
20171219,14.135,14.135,13.85,14.01,28202,0
20171220,13.91,14.12,13.89,14.03,38163,0
20171221,13.99,14.225,13.99,14.03,70909,0
20171222,14.02,14.05,13.96,14.04,37190,0
20171226,14,14.4,14,14.23,54641,0
20171227,14.2,14.28,13.925,14.07,70156,0
20171228,14.07,14.2,14,14.08,90887,0
20171229,14.05,14.16,14,14.08,63544,0
20180102,14.16,14.2999,13.95,14.05,307359,0
20180103,14.2,14.2,13.51,14.02,483009,0
20180104,14.17,14.4,13.79,14.13,511554,0
20180105,14.18,14.85,14.05,14.49,389879,0
20180108,14.49,14.5884,14.12,14.27,79920,0
20180109,14.43,14.75,14.29,14.43,180501,0
20180110,14.37,14.4995,14.23,14.28,104387,0
20180111,14.39,14.89,14.23,14.76,152646,0
20180112,14.64,15.76,14.64,15.47,212120,0
20180116,15.52,16.38,15.52,15.97,126902,0
20180117,15.9,16.23,15.74,15.95,316611,0
20180118,15.95,16.43,15.67,16.04,57585,0
20180119,16.05,16.3,15.88,16.24,164845,0
20180122,16.2,16.342,16,16.31,188976,0
20180123,16.3,16.5,16.01,16.4,84250,0
20180124,16.47,16.809,16.4017,16.48,66517,0
20180125,16.54,16.59,16.061,16.28,121759,0
20180126,17.05,17.05,16.22,16.31,107485,0
20180129,16.29,17.16,16.29,17.09,161434,0
20180130,16.9,17.15,16.595,16.83,70461,0
20180131,16.97,17,16.18,16.76,122194,0
20180201,16.62,17,16.18,16.63,108388,0
20180202,17.07,17.89,16.91,17.21,822739,0
20180205,17.11,17.565,17.05,17.14,97168,0
20180206,16.89,17.138,16.63,16.92,151275,0
20180207,16.86,17.4546,16.68,17.3,86274,0
20180208,17.35,17.85,16.86,16.86,91327,0
20180209,16.98,17.51,15.59,16.61,262218,0
20180212,17.4,17.505,16.4634,17.24,43043,0
20180213,17.3,17.6451,16.78,17.1,185109,0
20180214,17.5,17.795,17.5,17.5,179000,0
20180215,17.9,17.9,17.105,17.57,91896,0
20180216,17.48,17.7899,17.31,17.43,76007,0
20180220,17.3,17.65,17.021,17.2,82554,0
20180221,17.97,17.97,17.12,17.39,68172,0
20180222,17.52,17.55,16.5501,17.23,272848,0
20180223,17.29,17.49,16.88,17.38,94450,0
20180226,17.44,17.48,16.98,17.25,86958,0
20180227,17.46,17.46,16.881,17.19,107302,0
20180228,17.01,17.18,16.73,16.76,83527,0
20180301,16.86,17.1399,16.61,17,132614,0
20180302,16.85,17.74,16.721,17.38,125780,0
20180305,17.24,17.66,17.03,17.35,54972,0
20180306,17.37,17.54,17.25,17.29,51623,0
20180307,17.2,17.63,17.2,17.28,295159,0
20180308,17.31,17.49,16.86,17.25,89192,0
20180309,17.43,17.7048,17.2634,17.41,179356,0
20180312,17.57,17.769,17.17,17.31,98323,0
20180313,17.37,17.54,16.86,17.04,185756,0
20180314,17.11,17.41,16.76,17.2,111356,0
20180315,17.22,17.37,16.375,16.73,240562,0
20180316,17.01,17.17,16.71,16.85,922758,0
20180319,17.28,17.33,16.58,17.19,144678,0
20180320,17.18,17.45,16.85,17.3,115624,0
20180321,17.23,17.76,17.14,17.3,138441,0
20180322,17.17,17.25,16.91,17,69338,0
20180323,17.01,17.28,16.81,16.91,140729,0
20180326,17.08,17.32,16.93,17.08,287121,0
20180327,17.08,17.3,16.96,17.18,83360,0
20180328,17.21,17.4,17.045,17.18,117879,0
20180329,17.2,17.33,16.83,17.2,118670,0
20180402,17.17,17.75,16.94,17,295123,0
20180403,17.14,17.455,16.95,17.34,125305,0
20180404,17.16,17.6,17.145,17.25,153058,0
20180405,17.42,17.6699,17.25,17.29,165091,0
20180406,17.16,17.38,16.9,17.13,79368,0
20180409,17.26,17.47,17.15,17.24,157402,0
20180410,17.42,17.7,17.16,17.63,166474,0
20180411,17.54,19.11,17.54,18.65,669027,0
20180412,18.86,19.115,18.32,18.56,131032,0
20180413,18.78,18.84,17.68,18,144264,0
20180416,18.43,18.43,17.4401,17.75,167973,0
20180417,18.02,18.81,18.02,18.77,340276,0
20180418,18.88,19.3682,18.66,19,101479,0
20180419,18.92,19.6869,18.92,19.53,160256,0
20180420,19.46,20.06,19.37,19.86,122620,0
20180423,19.9,20,19.6,19.74,82824,0
20180424,19.79,19.86,19.46,19.61,93485,0
20180425,19.64,20,19.41,19.86,97268,0
20180426,19.89,20.22,19.8052,19.97,70746,0
20180427,21.2,21.76,20.2,21.15,353188,0
20180430,21.33,22.19,21.26,21.87,99837,0
20180501,21.87,23.32,21.6854,23.31,190431,0
20180502,23.26,24.07,23.19,23.22,151231,0
20180503,23.2,23.95,22.63,23.8,227195,0
20180504,23.72,24.23,23.3,23.43,170034,0
20180507,23.68,24.4,23.399,24.31,156848,0
20180508,24.51,24.66,23.82,24.15,134105,0
20180509,24.21,24.33,24.025,24.29,148628,0
20180510,24.4,24.53,24.245,24.37,52853,0
20180511,24.3,24.57,24.16,24.3,96641,0
20180514,24.3,24.65,24.19,24.35,176984,0
20180515,23.28,23.28,21.96,22.25,439554,0
20180516,22.18,23.9,21.601,23.61,844836,0
20180517,24.82,24.87,23.27,23.57,4214289,0
20180518,23.7,24,23.1,23.55,754344,0
20180521,23.75,24.15,23.38,23.52,495124,0
20180522,23.7,23.7,22.64,22.71,734280,0
20180523,22.61,23.135,22.5,23.04,248409,0
20180524,23.07,23.34,22.58,22.78,327773,0
20180525,22.7,22.93,22.29,22.33,226227,0
20180529,22.32,22.56,21.92,22.53,335788,0
20180530,22.6,23.33,22.6,23.16,292355,0
20180531,23.05,23.165,22.64,23.01,305721,0
20180601,23.07,23.6,22.9,22.96,219509,0
20180604,22.93,23.24,22.7336,23.09,154339,0
20180605,23.13,23.62,22.93,23.1,211675,0
20180606,23.04,23.31,22.91,23.06,208472,0
20180607,22.99,23.38,22.99,23.18,324404,0
20180608,23.13,23.41,22.88,23.23,171201,0
20180611,23.37,23.4487,22.645,22.94,172599,0
20180612,22.91,23.18,22.825,23.05,127671,0
20180613,23.05,23.31,23.01,23.11,203431,0
20180614,23.18,23.34,22.915,23.02,135608,0
20180615,22.96,23.33,22.6,23.26,178910,0
20180618,23.15,23.39,22.75,23.05,203894,0
20180619,22.86,22.97,22.1,22.75,222156,0
20180620,22.77,23.05,22.43,22.5,123528,0
20180621,22.73,23.99,22.73,23.2,584963,0
20180622,23.3,24.85,22.97,24.84,666963,0
20180625,24.84,26.19,24.6,25.92,792507,0
20180626,26.1,27.1,26.0326,26.11,623545,0
20180627,26.12,26.12,24.42,24.68,331706,0
20180628,24.69,25.04,24.2223,24.87,196423,0
20180629,24.99,25.1299,24.78,24.95,148629,0
20180702,24.87,25.8,24.8501,25.68,197174,0
20180703,25.79,26.725,25.68,26.46,243334,0
20180705,26.49,26.96,26.4,26.77,143917,0
20180706,26.71,27.11,26.32,27.03,198516,0
20180709,27.2,28.1161,27.15,27.51,247302,0
20180710,27.5,27.81,27.29,27.5,106241,0
20180711,27.52,27.8,27.2526,27.37,121409,0
20180712,27.45,27.61,26.59,26.81,131494,0
20180713,26.81,27.5,25.85,27.34,221635,0
20180716,27.51,27.99,26.95,27.79,220534,0
20180717,27.58,27.99,27.3,27.88,156555,0
20180718,27.84,28.12,27.36,28.1,141652,0
20180719,27.96,28.26,27.431,28.2,133005,0
20180720,28.3,28.85,28.3,28.39,132248,0
20180723,28.34,28.79,28.34,28.53,105335,0
20180724,28.54,29,28.3587,28.4,222586,0
20180725,28.58,28.75,28.15,28.32,137820,0
20180726,28.28,28.64,27.69,27.78,155681,0
20180727,27.7,27.76,26.46,26.79,278569,0
20180730,26.8,26.8332,25.98,26.16,126831,0
20180731,25.75,26.6,24.38,26.03,726425,0
20180801,26,26.54,25.99,26.48,129389,0
20180802,26.38,26.675,26.05,26.11,208458,0
20180803,26.05,26.47,25.66,25.7,147039,0
20180806,25.77,26,25.5,25.74,89763,0
20180807,25.89,26.76,25.66,26.69,110994,0
20180808,26.7,27.08,26.53,26.93,125633,0
20180809,26.88,27.19,26.65,27.02,83971,0
20180810,26.87,27.115,26.52,26.77,40382,0
20180813,26.85,27.36,26.85,27.25,182554,0
20180814,27.3,27.7773,26.49,26.66,218807,0
20180815,26.63,27.28,26.2565,27.07,182041,0
20180816,27.24,28.36,27.059,28.21,101537,0
20180817,28.26,28.49,28.1,28.34,62110,0
20180820,28.52,29.15,28.5,28.96,113920,0
20180821,28.96,29.87,28.96,29.7,197141,0
20180822,29.66,30.21,29.3988,30.18,102503,0
20180823,30.24,30.35,29.75,30.16,98340,0
20180824,30.23,30.5,30.13,30.46,90076,0
20180827,30.6,30.95,30.4739,30.56,172683,0
20180828,30.65,30.7599,30.03,30.63,141286,0
20180829,30.74,31.32,30.74,31.22,155736,0
20180830,31.24,32.1,30.46,30.76,219052,0
20180831,30.87,31.2541,30.77,30.86,150028,0
20180904,30.88,31.29,30.5401,30.99,179570,0
20180905,30.99,31.14,30.19,30.83,196329,0
20180906,30.87,30.99,30.57,30.62,94419,0
20180907,30.62,30.93,30.42,30.43,65028,0
20180910,30.6,31.09,30.48,30.8,98225,0
20180911,30.72,31.41,30.55,31.24,104264,0
20180912,31.19,31.26,29.29,30.31,303878,0
20180913,30.35,30.94,29.99,30.49,100730,0
20180914,30.43,31.08,29.64,30.41,85356,0
20180917,30.4,30.89,29.44,29.88,153483,0
20180918,29.88,30.46,29.88,30.3,256931,0
20180919,30.37,30.8,29.27,29.76,198791,0
20180920,29.95,30.89,29.87,30.7,139424,0
20180921,30.74,31.62,30.17,30.99,831451,0
20180924,30.98,31.2,30.34,30.6,138727,0
20180925,31.24,32.2,31,31.33,302993,0
20180926,31.4,31.69,30.32,30.56,210649,0
20180927,30.64,31.41,30.07,31.07,422544,0
20180928,30.98,31.581,30.04,30.23,172437,0
20181001,30.51,30.65,29.1,29.18,222057,0
20181002,29.19,29.43,28.5,28.6,155522,0
20181003,28.71,28.87,27.5,27.57,311660,0
20181004,27.41,27.498,26.17,26.69,555156,0
20181005,26.66,26.847,25.48,26.09,470068,0
20181008,25.9,26.4,24.93,25.85,379126,0
20181009,25.5,26.52,25.38,25.64,239901,0
20181010,25.7,25.71,24.42,24.44,199212,0
20181011,24.41,25.1,24.09,24.18,257184,0
20181012,24.62,24.8376,23.5,23.8,269979,0
20181015,23.72,23.98,23.4601,23.94,142853,0
20181016,24.06,24.74,23.83,24.59,338117,0
20181017,24.58,24.62,23.83,24.27,158195,0
20181018,24.18,24.18,23.5925,23.87,144222,0
20181019,23.87,24.37,23.78,24.04,165563,0
20181022,24.05,24.2,23.78,23.97,156488,0
20181023,23.58,24.5,23.5,24.08,134337,0
20181024,24.01,24.215,22.78,22.87,370893,0
20181025,18.5,18.5,14.67,15.18,2988549,0
20181026,14.84,14.9399,14.02,14.33,959444,0
20181029,14.47,14.71,12.84,13.44,743697,0
20181030,13.37,13.465,12.965,13.25,422821,0
20181031,13.39,14.33,13.085,14.07,668606,0
20181101,14.1,15.61,14.1,15.39,495268,0
20181102,15.49,15.6299,14.95,15.27,494008,0
20181105,15.26,15.34,14.5,14.8,325227,0
20181106,14.75,15.5795,14.64,15.51,222634,0
20181107,15.62,16.01,15.2,15.97,264097,0
20181108,15.96,16.46,15.52,16.16,398390,0
20181109,16.06,16.06,14.43,14.53,329552,0
20181112,14.46,14.68,14.01,14.44,160668,0
20181113,14.44,14.61,14,14.16,263057,0
20181114,14.39,14.78,14.13,14.39,94042,0
20181115,14.38,14.68,14.14,14.66,110683,0
20181116,14.59,14.67,13.85,14.15,177089,0
20181119,14.18,14.18,13.63,13.92,320037,0
20181120,13.88,13.95,13.21,13.4,306124,0
20181121,13.5,13.79,13.27,13.58,132783,0
20181123,13.5,13.82,13.46,13.76,151188,0
20181126,13.91,14.04,13.6,13.84,116011,0
20181127,13.75,13.845,13.36,13.4,244399,0
20181128,13.41,13.75,13.1264,13.55,154252,0
20181129,13.51,13.77,13.03,13.4,279601,0
20181130,13.38,13.64,13.08,13.33,181481,0
20181203,13.49,13.5,13.19,13.48,197613,0
20181204,13.37,13.57,12.3599,12.76,308231,0
20181206,12.37,12.66,12.28,12.37,248288,0
20181207,12.4,12.62,11.99,12.17,276387,0
20181210,12.13,12.29,11.77,11.79,105269,0
20181211,11.94,11.98,11.3,11.36,182481,0
20181212,11.49,11.99,11.48,11.55,205648,0
20181213,11.54,11.75,11.11,11.21,235269,0
20181214,11.14,11.46,10.72,10.77,163768,0
20181217,10.8,10.97,10.64,10.71,264318,0
20181218,10.78,11.015,10.37,10.4,180996,0
20181219,10.4,10.65,10.09,10.1,332262,0
20181220,10.04,10.2,9.73,9.95,241650,0
20181221,9.92,9.99,9.48,9.58,385981,0
20181224,9.44,9.455,9.15,9.15,113808,0
20181226,9.3,9.66,8.735,9.62,553663,0
20181227,9.42,9.445,8.82,9.42,398560,0
20181228,9.35,9.84,9.35,9.61,175062,0
20181231,9.64,9.6973,9.12,9.49,149164,0
20190102,9.4,9.9776,9.04,9.77,137604,0
20190103,9.67,9.83,9.34,9.53,134924,0
20190104,9.65,10.27,9.61,9.98,207516,0
20190107,9.98,10.31,9.87,10.09,403581,0
20190108,10.14,10.39,9.99,10.28,293811,0
20190109,10.36,11.18,10.36,10.93,323514,0
20190110,10.86,11.46,10.76,11.41,161467,0
20190111,11.32,11.745,11.1,11.55,127378,0
20190114,11.43,11.93,11.21,11.8,226032,0
20190115,11.81,11.99,11.47,11.97,256428,0
20190116,12.03,12.58,12.03,12.35,181870,0
20190117,12.22,12.65,12.09,12.49,180704,0
20190118,12.56,12.865,12.28,12.8,190064,0
20190122,12.67,12.67,11.89,11.99,306256,0
20190123,12.02,12.225,11.57,11.77,146873,0
20190124,11.77,12.13,11.6018,11.92,92024,0
20190125,12,12.3,11.6379,12.26,108684,0
20190128,12.09,12.34,11.81,12.24,161081,0
20190129,12.27,12.38,11.95,12.18,176355,0
20190130,12.33,12.65,12.05,12.57,142757,0
20190131,12.47,12.94,12.38,12.5,294494,0
20190201,13.09,13.82,11.74,11.94,846336,0
20190204,11.9,12.35,11.78,11.89,286641,0
20190205,11.89,12.13,11.75,11.8,257784,0
20190206,11.77,11.77,11.02,11.19,589123,0
20190207,11.15,11.15,10.51,10.83,280888,0
20190208,10.73,10.78,10.31,10.77,219144,0
20190211,10.94,11.18,10.62,10.85,411906,0
20190212,11,11.37,10.93,11,231315,0
20190213,11.07,11.17,10.915,11.03,124818,0
20190214,11,11.11,10.85,10.95,117871,0
20190215,11.07,11.13,10.89,11,266663,0
20190219,11,11.26,10.93,11.17,307818,0
20190220,11.21,11.68,11.15,11.15,333637,0
20190221,11.11,11.19,10.57,10.62,171055,0
20190222,10.66,10.83,10.42,10.74,736116,0
20190225,10.91,11.15,10.43,10.46,438097,0
20190226,10.43,10.525,9.575,9.71,578351,0
20190227,9.72,9.9522,9.17,9.86,281917,0
20190228,9.99,11.18,9.98,11.02,438557,0
20190301,11.08,11.59,10.86,11.48,274160,0
20190304,11.49,11.5,10.99,11.1,453290,0
20190305,11.12,11.14,10.44,10.83,186465,0
20190306,10.75,10.7812,10.14,10.24,193786,0
20190307,10.22,10.22,9.51,9.57,211765,0
20190308,9.47,9.64,9.26,9.54,168606,0
20190311,9.6,9.8,9.43,9.78,123253,0
20190312,9.77,10.04,9.71,10,127515,0
20190313,10.07,10.4,10.01,10.12,104696,0
20190314,10.14,10.2999,9.91,10.02,100692,0
20190315,10.05,11.45,9.9,11.24,1042827,0
20190318,11.22,11.28,10.72,10.76,159242,0
20190319,10.85,10.91,10.29,10.45,138340,0
20190320,10.45,10.84,10.32,10.53,154647,0
20190321,10.48,10.66,10.37,10.65,130322,0
20190322,10.5,10.55,9.5738,9.68,143070,0
20190325,9.7,9.89,9.52,9.64,131395,0
20190326,9.62,9.775,9.5,9.64,116968,0
20190327,9.64,9.77,9.46,9.68,82601,0
20190328,9.69,10.02,9.69,9.92,84282,0
20190329,10,10.295,9.84,10.03,145323,0
20190401,10.1,10.295,9.9,10.1,89762,0
20190402,10.05,10.19,9.71,10.04,85265,0
20190403,10.1,10.7,10.06,10.56,117401,0
20190404,10.54,10.75,10.45,10.74,85252,0
20190405,10.79,11.56,10.78,10.95,231487,0
20190408,10.86,11.31,10.72,11.26,116749,0
20190409,11.16,11.16,10.62,10.72,86226,0
20190410,10.68,11.08,10.68,11.04,73894,0
20190411,11.04,11.28,10.93,11.08,48524,0
20190412,11.19,11.375,10.945,11.06,63210,0
20190415,11.05,11.05,10.61,11,92287,0
20190416,11.04,11.25,10.88,11.09,104055,0
20190417,10.88,11.2575,10.79,10.8,122171,0
20190418,10.77,11.05,10.37,11.01,140113,0
20190422,11.07,11.49,10.68,11.36,188006,0
20190423,11.51,11.82,11.21,11.72,110411,0
20190424,11.7,12.23,11.53,12.14,101499,0
20190425,12.12,12.52,11.56,12.43,120255,0
20190426,12.44,12.89,12.44,12.68,171018,0
20190429,12.79,13.5,12.75,13.24,205884,0
20190430,14.65,14.65,13.06,13.32,639380,0
20190501,13.41,13.53,12.34,12.39,206154,0
20190502,12.38,12.97,12.13,12.25,190948,0
20190503,12.3,12.98,12.19,12.79,117307,0
20190506,12.3,12.54,12.24,12.25,219068,0
20190507,12.05,12.1,11.7901,11.97,174522,0
20190508,12,12.12,11.68,11.7,173527,0
20190509,11.54,11.63,11.17,11.28,269571,0
20190510,11.22,11.68,11.02,11.59,137587,0
20190513,11.31,11.53,10.83,10.9,183040,0
20190514,11.04,11.14,10.75,10.94,479714,0
20190515,10.76,10.87,10.57,10.58,219433,0
20190516,10.49,10.59,10.06,10.09,227487,0
20190517,9.98,10.01,9.63,9.72,231880,0
20190520,9.7,10.09,9.58,9.82,285300,0
20190521,9.91,10,9.76,9.83,202395,0
20190522,9.78,9.78,9.5194,9.61,78051,0
20190523,9.48,9.63,9.1732,9.55,232985,0
20190524,9.63,9.85,9.49,9.8,154999,0
20190528,9.81,10.05,9.66,9.99,189774,0
20190529,9.87,10.1,9.69,10.04,215414,0
20190530,10.05,10.3128,9.9,10,138120,0
20190531,9.78,9.78,9.285,9.37,151529,0
20190603,9.34,9.565,9.29,9.45,112796,0
20190604,9.58,9.98,9.58,9.97,80097,0
20190605,10,10,9.4564,9.5,84681,0
20190606,9.53,9.62,9.1054,9.21,219292,0
20190607,9.25,9.61,9.12,9.58,88344,0
20190610,9.62,10,9.62,9.91,156858,0
20190611,10.02,10.18,9.9,10.09,138303,0
20190612,10.16,10.32,9.965,10.08,83445,0
20190613,10.15,10.15,9.65,9.78,113483,0
20190614,9.78,9.87,9.6,9.68,57292,0
20190617,9.71,9.81,9.52,9.54,91557,0
20190618,9.61,9.93,9.42,9.58,117585,0
20190619,9.6,9.695,9.33,9.56,115383,0
20190620,9.58,10.11,9.55,10.06,180218,0
20190621,10.03,10.21,9.75,10.1,269859,0
20190624,10.17,10.47,9.64,9.79,236982,0
20190625,9.79,9.95,9.65,9.67,183484,0
20190626,9.71,10.37,9.65,10.23,368538,0
20190627,10.04,10.88,10.04,10.44,275915,0
20190628,10.56,11.34,10.45,11.05,756821,0
20190701,11.35,11.4,10.87,10.98,170193,0
20190702,10.98,11.03,10.6,10.82,167384,0
20190703,10.85,11.21,10.85,11.07,91896,0
20190705,11.01,11.33,11,11.15,134940,0
20190708,11.08,11.3,10.68,10.74,196030,0
20190709,10.69,10.96,10.61,10.79,137517,0
20190710,10.83,11.05,10.44,10.58,131336,0
20190711,10.65,10.68,9.73,10.17,230575,0
20190712,10.22,10.68,10.22,10.58,173392,0
20190715,10.59,10.59,10.05,10.18,111584,0
20190716,10.17,10.4822,10.12,10.19,112422,0
20190717,10.18,10.25,9.62,10.18,220278,0
20190718,10.51,10.67,10.2,10.51,207326,0
20190719,10.49,10.59,10.35,10.37,254652,0
20190722,10.43,10.52,10.26,10.27,131613,0
20190723,10.34,10.53,9.94,10,242741,0
20190724,9.96,10.65,9.96,10.56,243879,0
20190725,10.62,10.66,10.0101,10.04,317141,0
20190726,10,10.69,9.92,10.43,283226,0
20190729,10.45,10.66,10.41,10.46,349767,0
20190730,11.3,12.1,11.1,11.95,1086088,0
20190731,12.2,13.065,12.05,12.42,641302,0
20190801,12.4,13.14,12.285,12.75,467415,0
20190802,12.67,12.795,12.26,12.7,314472,0
20190805,12.47,13.39,12.25,12.98,314494,0
20190806,13.02,13.28,12.58,12.64,325159,0
20190807,12.53,13.14,12.24,13.03,344486,0
20190808,13.19,13.63,13.16,13.44,239448,0
20190809,13.41,13.65,13.34,13.35,171588,0
20190812,13.24,13.67,13.06,13.39,114472,0
20190813,13.67,14.16,13.4561,13.66,247796,0
20190814,13.41,13.49,13.12,13.22,172400,0
20190815,13.21,13.3,12.75,12.8,207875,0
20190816,12.82,13.33,12.68,13.2,244863,0
20190819,13.42,13.67,13.27,13.33,256491,0
20190820,13.32,13.54,13.22,13.34,271213,0
20190821,13.51,14.55,13.41,14.54,223833,0
20190822,14.55,15.13,14.01,14.15,239140,0
20190823,14.01,14.6816,13.66,13.82,228927,0
20190826,14.06,14.34,13.935,14.16,203045,0
20190827,14.24,14.38,13.58,13.96,250928,0
20190828,13.84,14.22,13.84,13.96,136472,0
20190829,14.04,14.43,13.82,13.97,124436,0
20190830,14.07,14.285,13.56,13.62,161377,0
20190903,13.5,13.7,13.22,13.52,269455,0
20190904,13.97,14.59,13.97,14.25,214453,0
20190905,14.58,15.13,14.58,14.69,164594,0
20190906,14.74,15.1,14.35,14.37,211452,0
20190909,14.47,15.1127,14.47,14.94,137952,0
20190910,14.9,15.27,14.9,15.18,136664,0
20190911,15.31,15.39,15.03,15.39,143777,0
20190912,15.3,15.545,15.02,15.4,219493,0
20190913,15.49,15.97,15.31,15.32,237489,0
20190916,15.13,15.38,14.99,15.25,195157,0
20190917,15.16,15.16,14.31,14.72,244410,0
20190918,14.66,14.7,13.9,14.27,189645,0
20190919,14.18,14.86,14.05,14.08,273909,0
20190920,14.04,14.47,13.97,14.15,303927,0
20190923,14.04,14.36,13.95,14.13,136771,0
20190924,14.1,14.29,13.35,13.37,178505,0
20190925,13.25,13.87,13.24,13.75,163310,0
20190926,13.71,13.8087,13.33,13.38,159126,0
20190927,13.42,13.77,13.25,13.46,129593,0
20190930,13.55,13.55,13.12,13.28,255967,0
20191001,13.36,13.74,12.94,13.05,259719,0
20191002,13.01,13.32,12.68,13.21,227722,0
20191003,13.08,13.36,12.72,12.87,187518,0
20191004,12.88,13.22,12.78,13.17,155870,0
20191007,13.12,13.3011,12.94,13.04,198519,0
20191008,12.89,13.2,12.73,12.87,259247,0
20191009,13.02,13.15,12.82,12.91,157578,0
20191010,12.98,13.15,12.94,12.98,249152,0
20191011,13.22,13.34,12.77,12.85,292399,0
20191014,12.64,12.91,12.3485,12.57,326932,0
20191015,12.68,13.03,12.65,12.75,262750,0
20191016,12.63,12.76,12.24,12.48,200224,0
20191017,12.56,12.72,12.36,12.43,194216,0
20191018,12.34,12.65,12.26,12.5,152842,0
20191021,12.67,12.765,12.44,12.5,288570,0
20191022,12.45,13.12,12.42,12.85,250406,0
20191023,12.8,12.98,12.42,12.52,191378,0
20191024,12.6,12.67,12.1,12.39,223063,0
20191025,13.75,13.815,12.87,13.41,1388831,0
20191028,13.49,14.36,13.21,14.34,1205659,0
20191029,14.48,14.99,14.36,14.86,640191,0
20191030,14.85,15,14.643,14.78,287615,0
20191031,14.76,14.76,13.78,13.99,330756,0
20191101,14.06,14.15,13.74,13.92,240270,0
20191104,13.92,14.37,13.92,14.19,274776,0
20191105,14.19,14.47,14.07,14.17,286842,0
20191106,13.91,14.37,13.91,14.09,213890,0
20191107,14.28,14.84,13.99,14.39,365025,0
20191108,14.26,14.9,14.15,14.8,295301,0
20191111,14.67,15.75,14.52,15.4,433961,0
20191112,15.36,15.61,15.23,15.57,288228,0
20191113,15.45,16.17,15.3,15.85,383302,0
20191114,15.82,16.26,15.7,16.24,434758,0
20191115,16.41,16.99,15.59,15.61,827827,0
20191118,15.5,15.6,14.63,14.77,563371,0
20191119,14.69,14.99,14.37,14.82,310702,0
20191120,14.77,14.88,14.09,14.3,426035,0
20191121,14.3,14.36,13.51,13.63,427125,0
20191122,13.65,13.75,12.91,13.09,450889,0
20191125,13.16,13.51,13.16,13.33,309278,0
20191126,13.33,13.54,13.19,13.22,635033,0
20191127,13.27,13.58,13.1866,13.47,259544,0
20191129,13.42,13.93,13.42,13.61,150093,0
20191202,13.8,14.09,13.52,13.64,259695,0
20191203,13.55,13.64,13.3132,13.48,588916,0
20191204,13.57,13.95,13.52,13.89,238988,0
20191205,13.79,14.14,13.16,13.19,449922,0
20191206,13.44,13.44,12.8821,13.18,441447,0
20191209,13.15,13.32,12.81,12.85,446324,0
20191210,12.85,13.03,12.31,12.67,744996,0
20191211,12.59,12.65,11.4,11.74,690833,0
20191212,11.75,11.85,11.265,11.57,367753,0
20191213,11.57,11.86,11.34,11.7,398717,0
20191216,11.85,12.39,11.77,12.35,392551,0
20191217,12.395,13.04,12.28,12.92,412874,0
20191218,12.99,13.47,12.99,13.07,369150,0
20191219,13.06,13.26,12.87,12.95,341664,0
20191220,13.01,13.08,12.5,12.8,624206,0
20191223,12.7,12.7,12.2,12.33,248311,0
20191224,12.32,12.78,12.32,12.74,133261,0
20191226,12.67,12.8,12.35,12.56,218294,0
20191227,12.5,12.6,12.21,12.34,177939,0
20191230,12.35,12.55,12.27,12.33,224964,0
20191231,12.34,12.49,11.9381,12.18,366711,0
20200102,12.2,12.28,11.64,11.69,200844,0
20200103,11.55,11.61,11.3,11.35,325716,0
20200106,10.68,10.99,10.2,10.4,613474,0
20200107,10.36,10.62,9.75,10.42,781410,0
20200108,10.41,10.51,10.04,10.22,492664,0
20200109,10.23,10.54,10.15,10.37,397184,0
20200110,10.39,10.39,9.84,9.9,340366,0
20200113,9.97,9.99,9.4703,9.99,396960,0
20200114,9.97,10.26,9.93,10.11,274146,0
20200115,10.12,10.48,10.09,10.25,388965,0
20200116,10.31,10.73,10.31,10.52,386064,0
20200117,10.6,10.94,10.535,10.88,364497,0
20200121,10.95,11.07,10.63,10.71,499086,0
20200122,10.7,10.93,10.28,10.29,823840,0
20200123,10.27,10.5,10.01,10.47,242543,0
