Date,Open,High,Low,Close,Volume,OpenInt
20170504,24.62,24.62,24.208,24.208,1108,0
20170505,24.674,25.016,24.634,25.016,9886,0
20170508,25.414,25.414,24.823,24.933,4775,0
20170509,25.404,25.404,25.01,25.015,3630,0
20170510,25.336,25.336,24.309,24.614,4078,0
20170511,23.965,24.743,23.965,24.664,2342,0
20170512,24.763,24.763,24.329,24.369,5290,0
20170515,24.674,24.674,24.674,24.674,900,0
20170516,25.02,25.02,24.803,24.803,1261,0
20170517,24.162,24.162,23.481,23.481,5166,0
20170518,22.729,23.618,22.729,23.351,2432,0
20170519,23.688,24.624,23.688,24.384,13582,0
20170522,26.303,26.376,24.94,25.043,54791,0
20170523,25.218,25.512,24.833,25.365,102468,0
20170524,25.978,26.195,25.652,25.929,30906,0
20170525,26.452,26.658,26.146,26.658,36844,0
20170526,26.648,26.754,26.452,26.619,29957,0
20170530,26.461,26.619,26.026,26.174,17454,0
20170531,26.491,26.747,25.81,26.747,28287,0
20170601,27.113,27.123,26.461,27.033,15137,0
20170602,27.646,28.036,27.201,27.636,20628,0
20170605,27.765,27.854,26.717,26.777,25402,0
20170606,26.303,26.481,25.855,26.106,14060,0
20170607,26.015,26.126,25.79,26.016,14042,0
20170608,25.671,26.796,25.671,26.619,15667,0
20170609,26.926,27.864,26.412,26.668,11057,0
20170612,27.487,27.487,25.86,26.205,15011,0
20170613,25.919,26.865,25.919,26.737,5508,0
20170614,27.103,27.142,26.668,26.807,8181,0
20170615,26.757,26.955,26.474,26.916,3984,0
20170616,27.003,27.232,26.955,26.955,2591,0
20170619,27.39,27.6,27.188,27.497,22549,0
20170620,27.814,27.814,26.837,26.837,25377,0
20170621,26.648,27.162,26.356,26.461,14384,0
20170622,26.412,26.458,26.205,26.205,11892,0
20170623,25.869,26.648,25.71,26.116,39223,0
20170626,26.481,26.76,25.958,25.968,21131,0
20170627,25.919,26.026,25.414,25.424,15437,0
20170628,25.424,26.648,25.424,26.628,6784,0
20170629,26.645,26.645,25.414,25.932,11488,0
20170630,26.166,26.659,26.116,26.471,6695,0
20170703,26.896,27.182,26.881,27.055,10225,0
20170705,27.212,27.834,27.063,27.805,33272,0
20170706,27.467,27.775,27.033,27.043,20213,0
20170707,27.497,28.189,27.305,27.975,14308,0
20170710,28.248,28.594,27.867,28.199,10750,0
20170711,28.248,28.652,27.882,28.64,17975,0
20170712,28.969,29.491,28.929,28.969,26327,0
20170713,28.914,29.117,28.465,28.721,12699,0
20170714,29.195,29.491,29.113,29.431,21007,0
20170717,29.611,29.718,29.117,29.461,22577,0
20170718,29.679,29.679,29.046,29.067,9459,0
20170719,29.334,29.757,29.334,29.65,19615,0
20170720,30.252,30.252,29.63,29.63,35362,0
20170721,29.611,29.836,29.354,29.718,15111,0
20170724,29.875,30.098,29.777,30.073,15175,0
20170725,30.598,30.962,29.864,30.064,19488,0
20170726,30.449,31.089,29.915,30.113,13015,0
20170727,30.425,30.425,29.413,29.772,14988,0
20170728,29.836,30.794,29.836,30.794,16224,0
20170731,31.031,31.04,30.154,30.351,16168,0
20170801,31.089,31.089,30.253,30.458,19900,0
20170802,30.379,31.168,30.379,31.114,19125,0
20170803,31.337,31.888,30.873,31.888,28937,0
20170804,32.23,32.247,31.524,31.908,36187,0
20170807,32.077,32.472,32.018,32.293,35102,0
20170808,32.502,32.877,32.166,32.215,60207,0
20170809,33.016,33.016,32.064,32.264,74903,0
20170810,32.492,32.492,31.228,31.228,77979,0
20170811,31.416,32.077,31.288,31.673,43892,0
20170814,32.185,32.592,31.908,32.532,65497,0
20170815,33.065,33.065,31.966,32.058,51674,0
20170816,32.187,32.422,31.946,31.978,30925,0
20170817,31.888,31.888,30.667,30.667,47015,0
20170818,30.598,30.867,30.107,30.518,42180,0
20170821,30.518,30.835,30.16,30.639,20393,0
20170822,31.041,31.809,31.041,31.76,65166,0
20170823,31.465,31.722,31.222,31.222,14030,0
20170824,31.328,31.789,31.199,31.436,14182,0
20170825,31.859,31.859,31.307,31.356,10043,0
20170828,31.485,31.495,31.139,31.139,8805,0
20170829,31.789,32.462,31.387,32.447,45404,0
20170830,32.748,33.003,32.608,32.828,49784,0
20170831,32.867,33.558,32.867,33.473,32692,0
20170901,34.188,34.426,33.39,33.402,37203,0
20170905,34.001,34.001,32.203,32.34,83009,0
20170906,32.532,32.532,31.584,31.595,35405,0
20170907,31.584,31.828,31.149,31.785,66890,0
20170908,31.868,32.067,31.402,31.829,17969,0
20170911,32.008,32.672,32.008,32.502,30343,0
20170912,32.66,32.758,32.432,32.601,39543,0
20170913,32.572,32.689,32.097,32.412,11930,0
20170914,32.254,32.867,32.167,32.81,23217,0
20170915,32.906,33.46,32.816,33.431,26406,0
20170918,33.795,35.335,33.795,35.305,60323,0
20170919,35.375,36.182,35.108,36.173,89133,0
20170920,36.272,36.945,36.075,36.814,96430,0
20170921,36.814,37.377,36.755,37.297,101101,0
20170922,37.693,38.152,37.505,37.663,116577,0
20170925,37.891,39.233,36.488,37.052,102301,0
20170926,37.377,38.236,37.13,37.969,65105,0
20170927,37.969,38.74,37.777,38.62,60149,0
20170928,38.839,38.839,37.773,37.803,67836,0
20170929,37.803,38.148,37.525,38.148,47198,0
20171002,38.474,39.588,38.474,39.588,66568,0
20171003,39.844,39.997,39.34,39.746,80639,0
20171004,39.883,40.02,39.737,40.002,47478,0
20171005,40.132,41.068,40.053,40.792,74174,0
20171006,40.812,40.812,40.316,40.694,47298,0
20171009,41,41.128,40.763,40.95,66527,0
20171010,41.315,41.315,40.604,40.822,69552,0
20171011,40.91,40.96,40.37,40.536,46562,0
20171012,40.369,41.345,40.369,41.207,48464,0
20171013,41.572,41.69,40.744,40.765,53589,0
20171016,40.793,41.118,40.466,40.763,51468,0
20171017,40.555,40.631,40.052,40.24,60156,0
20171018,40.062,40.565,39.854,40.396,51032,0
20171019,40.22,40.455,39.116,40.388,42936,0
20171020,40.664,41.947,40.664,41.947,79907,0
20171023,42.312,42.312,41.096,41.138,60840,0
20171024,40.624,41.602,40.624,41.315,42846,0
20171025,41.275,41.464,40.022,40.881,71869,0
20171026,40.91,41.216,39.243,39.903,88756,0
20171027,40.002,40.002,39.391,39.588,66576,0
20171030,39.36,40.051,39.34,39.41,37635,0
20171031,40.002,40.171,39.48,39.48,33693,0
20171101,39.717,39.973,39.283,39.48,31788,0
20171102,39.727,41.691,39.697,41.543,66630,0
20171103,42.036,42.036,40.193,40.516,57107,0
20171106,40.585,41.118,40.585,40.793,55060,0
20171107,41.207,41.444,40.446,40.763,64028,0
20171108,41.245,41.254,40.624,41.118,33103,0
20171109,40.812,40.812,38.819,39.293,101332,0
20171110,39.233,39.233,38.375,38.59,42936,0
20171113,38.59,38.59,37.515,38.019,75340,0
20171114,37.833,38.279,37.466,38.138,50074,0
20171115,37.753,38.068,37.267,37.466,49470,0
20171116,37.831,38.601,37.831,38.404,37094,0
20171117,38.286,39.026,37.713,37.713,28850,0
20171120,37.554,38.779,37.505,38.76,29388,0
20171121,39.184,39.992,39.184,39.983,60053,0
20171122,40.456,40.456,39.41,39.5,24481,0
20171124,39.627,39.834,39.5,39.727,16745,0
20171127,39.677,39.953,39.45,39.873,38210,0
20171128,39.973,41.444,39.854,41.395,50071,0
20171129,41.641,41.798,41.118,41.355,61429,0
20171130,41.454,43.063,41.387,42.963,78598,0
20171201,42.225,43.033,39.184,40.96,102307,0
20171204,42.806,42.806,40.97,41.018,72958,0
20171205,40.96,41.245,39.933,40.052,51265,0
20171206,40.052,41.454,39.48,40.94,50396,0
20171207,41.395,42.203,41.249,41.947,40728,0
20171208,42.441,42.541,41.68,42.076,37461,0
20171211,42.225,42.471,41.178,41.178,30928,0
20171212,41.255,42.166,41.255,41.712,22771,0
20171213,40.704,42.441,40.604,41.749,40422,0
20171214,42.431,42.557,41.454,41.464,42777,0
20171215,42.007,43.873,41.265,43.438,103122,0
20171218,44.405,44.415,43.478,43.882,79737,0
20171219,44.463,44.463,43.427,43.467,41476,0
20171220,44.434,44.453,43.724,43.821,37103,0
20171221,44.453,44.453,43.614,43.911,48411,0
20171222,44.107,44.107,43.278,43.661,25059,0
20171226,44.137,44.433,43.687,43.841,33080,0
20171227,44.216,44.216,43.665,44.039,32151,0
20171228,44.186,44.715,44.058,44.602,32015,0
20171229,44.996,45.254,43.941,43.941,66169,0
20180102,44.71,44.71,43.497,43.941,58664,0
20180103,43.989,44.335,43.721,44.186,37173,0
20180104,44.71,45.246,44.444,45.234,58479,0
20180105,45.619,46.449,45.402,46.449,66556,0
20180108,46.744,47.544,46.319,47.259,120954,0
20180109,47.604,48.422,47.494,48.077,92468,0
20180110,47.988,48.077,47.009,47.919,67315,0
20180111,48.946,49.35,48.245,49.341,144387,0
20180112,50.121,51.818,49.938,51.73,184612,0
20180116,53.231,54.169,49.573,49.805,289477,0
20180117,50.111,51.74,50.111,51.711,165574,0
20180118,51.788,51.788,50.131,50.436,152202,0
20180119,51.011,51.541,50.639,51.443,92637,0
20180122,51.345,51.345,49.913,50.902,132067,0
20180123,50.912,51.026,49.863,50.397,95666,0
20180124,49.963,51.661,49.963,51.148,118394,0
20180125,51.758,53.409,51.493,53.38,185689,0
20180126,54.092,55.491,53.025,55.481,172212,0
20180129,55.54,56.864,55.176,55.759,234447,0
20180130,54.406,54.959,53.133,54.465,268550,0
20180131,57.27,57.27,54.493,54.86,217026,0
20180201,54.712,57.172,54.317,55.759,198897,0
20180202,54.84,54.869,52.185,52.243,212116,0
20180205,50.684,51.954,42.084,44.553,454969,0
20180206,41.373,46.006,40.316,45.589,271569,0
20180207,45.895,49.093,45.771,47.634,338799,0
20180208,49.014,49.083,42.724,42.724,223977,0
20180209,45.026,45.845,41.403,44.789,239423,0
20180212,46.834,47.781,44.568,46.853,203724,0
20180213,46.459,47.831,45.865,47.385,156375,0
20180214,46.714,49.843,46.419,49.736,212067,0
20180215,50.951,53.162,50.646,53.162,281656,0
20180216,53.32,54.481,52.676,53.468,262907,0
20180220,52.077,53.903,52.077,52.077,168012,0
20180221,52.185,54.682,52.077,52.204,204693,0
20180222,53.873,53.873,52.332,52.599,104299,0
20180223,53.715,53.715,51.987,53.617,121371,0
20180226,54.396,55.48,53.902,55.149,223113,0
20180227,55.453,56.282,53.528,53.528,163458,0
20180228,54.792,56.104,53.249,53.291,175613,0
20180301,53.291,53.483,48.986,49.893,385234,0
20180302,48.384,50.917,47.495,50.595,203799,0
20180305,49.688,52.195,48.697,51.778,145269,0
20180306,53.38,53.38,50.489,51.423,146501,0
20180307,49.083,52.283,49.083,52.057,103580,0
20180308,52.421,52.679,51.217,52.5,108183,0
20180309,53.813,54.81,52.47,54.81,161586,0
20180312,55.286,55.286,51.739,52.047,193242,0
20180313,52.381,53.31,51.118,51.582,127495,0
20180314,52.067,52.263,48.542,49.873,198911,0
20180315,50.961,50.961,48.629,49.785,76346,0
20180316,49.993,50.062,49.053,49.379,58659,0
20180319,48.599,49.886,48.146,49.658,104095,0
20180320,50.25,51.608,49.909,50.832,100354,0
20180321,50.951,52.401,50.14,51.148,74735,0
20180322,50.456,50.456,46.469,46.694,143039,0
20180323,46.616,50.09,46.419,47.029,267687,0
20180326,50.22,50.733,48.401,50.625,187451,0
20180327,51.522,51.828,47.395,48.345,174921,0
20180328,48.185,48.822,46.19,47.029,126347,0
20180329,47.059,50.007,47.059,49.133,101254,0
20180402,48.877,49.043,45.059,46.774,153348,0
20180403,47.239,48.659,46.814,48.639,89787,0
20180404,44.681,49.538,44.533,49.37,104603,0
20180405,49.863,51.838,49.853,51.681,145456,0
20180406,50.516,50.902,46.818,47.928,177843,0
20180409,48.679,49.448,47.259,47.504,124167,0
20180410,49.498,49.808,48.126,48.849,65490,0
20180411,48.235,50.298,48.235,48.966,79061,0
20180412,49.658,51.226,49.658,50.733,112076,0
20180413,51.345,51.345,49.331,49.953,84468,0
20180416,50.733,51.768,50.667,51.562,83408,0
20180417,52.312,53.695,52.19,53.103,148750,0
20180418,54.013,54.86,53.645,54.446,118642,0
20180419,53.833,55.345,53.813,54.782,97553,0
20180420,54.762,54.834,53.311,53.883,75522,0
20180423,54.023,54.504,53.311,53.998,56613,0
20180424,54.949,55.887,47.821,50.279,225977,0
20180425,50.052,50.497,46.26,48.848,174602,0
20180426,49.093,49.973,47.375,48.679,87807,0
20180427,48.384,48.384,46.21,46.655,142159,0
20180430,46.646,46.863,44.582,44.582,107259,0
20180501,44.434,44.434,40.306,42.104,223287,0
20180502,41.717,43.12,41.313,41.413,124729,0
20180503,40.503,42.154,39.377,41.501,147408,0
20180504,40.621,43.248,40.621,42.902,126395,0
20180507,42.961,44.779,42.961,44.7,94678,0
20180508,44.927,46.719,44.917,46.704,186796,0
20180509,47.395,48.55,47.149,48.126,146334,0
20180510,48.384,48.914,47.882,48.285,125440,0
20180511,48.867,49.014,48.179,48.579,88486,0
20180514,48.718,49.039,47.435,47.732,111677,0
20180515,47.159,47.464,46.556,46.98,77422,0
20180516,46.596,47.7,46.596,46.999,43522,0
20180517,47.049,48.285,46.73,47.978,78590,0
20180518,47.484,49.272,47.484,49.014,54084,0
20180521,50.121,51.458,50.121,51.237,151253,0
20180522,51.336,51.336,49.004,49.073,91652,0
20180523,48.629,50.269,47.741,50.269,57308,0
20180524,49.588,51.266,49.172,51.227,68200,0
20180525,51.336,51.336,49.993,50.516,59511,0
20180529,49.37,50.023,47.99,48.629,82487,0
20180530,49.083,50.733,48.742,50.625,53384,0
20180531,49.883,50.485,48.679,48.778,42219,0
20180601,49.785,50.492,49.633,50.101,51357,0
20180604,50.724,51.326,50.298,50.684,58085,0
20180605,51.148,51.148,50.013,50.715,45912,0
20180606,50.397,52.122,50.397,52.086,62544,0
20180607,52.185,52.519,51.266,52.057,60289,0
20180608,51.04,53.172,51.04,53.172,41587,0
20180611,53.311,53.567,52.175,52.579,42013,0
20180612,52.352,52.579,50.585,51.04,89209,0
20180613,50.625,51.296,50.003,50.22,59733,0
20180614,50.24,51.118,48.649,49.053,77596,0
20180615,47.958,48.599,47.189,48.422,66561,0
20180618,47.435,48.684,47.435,48.579,40882,0
20180619,47.088,47.193,44.921,45.19,136660,0
20180620,45.605,46.197,44.891,45.771,70068,0
20180621,45.416,45.416,43.673,44.318,79462,0
20180622,44.911,45.13,44.298,44.774,60417,0
20180625,44.1,44.456,42.794,43.478,76424,0
20180626,43.418,44.366,43.167,43.991,38225,0
20180627,44.744,45.912,43.101,43.101,85278,0
20180628,42.714,44.229,41.895,43.729,81876,0
20180629,43.793,45.515,43.793,44.031,64212,0
20180702,42.833,44.318,42.27,44.298,42300,0
20180703,44.754,45.791,44.239,44.377,30173,0
20180705,44.476,45.229,43.596,44.561,45048,0
20180706,43.863,45.317,43.687,44.802,38313,0
20180709,45.249,47.168,45.249,47.078,105594,0
20180710,47.198,48.009,46.899,47.601,60895,0
20180711,46.504,46.534,45.268,45.515,108431,0
20180712,46.376,47.92,46.058,47.891,84910,0
20180713,47.891,49.225,47.891,49.146,88374,0
20180716,49.472,50.412,49.305,49.602,74372,0
20180717,49.116,50.631,49.116,50.452,41440,0
20180718,50.462,51.606,50.432,51.471,54199,0
20180719,51.086,51.212,50.601,51.038,65590,0
20180720,50.393,51.827,49.918,51.204,73466,0
20180723,51.402,51.402,49.552,49.552,73073,0
20180724,50.452,51.946,49.373,50.601,82233,0
20180725,49.789,50.799,48.038,50.7,77808,0
20180726,51.155,52.827,50.7,52.273,107405,0
20180727,52.273,53.075,51.015,51.64,41090,0
20180730,51.53,52.066,49.337,49.442,49736,0
20180731,50.116,53.45,50.116,53.204,113535,0
20180801,52.887,53.728,52.036,52.362,41683,0
20180802,51.204,52.342,51.165,52.135,28044,0
20180803,52.371,52.371,50.794,51.481,18545,0
20180806,51.352,51.411,50.452,51.411,23155,0
20180807,51.441,52.21,50.859,51.946,17213,0
20180808,51.284,51.986,51.199,51.679,15543,0
20180809,51.451,52.391,51.284,51.511,18059,0
20180810,50.245,51.349,50.235,50.839,22463,0
20180813,50.749,51.66,49.948,50.681,17040,0
20180814,50.829,52.243,50.829,51.877,33540,0
20180815,50.779,51.059,48.969,49.948,51435,0
20180816,51.411,52.125,51.063,51.966,44396,0
20180817,51.55,53.035,51.55,52.817,58555,0
20180820,52.936,54.192,52.936,53.688,65632,0
20180821,54.124,54.994,53.836,54.994,49161,0
20180822,54.667,54.757,53.589,53.589,36115,0
20180823,53.253,53.381,52.392,52.569,41360,0
20180824,52.54,53.619,52.54,53.599,15804,0
20180827,54.42,55.222,54.134,54.911,44195,0
20180828,55.41,55.806,54.607,55.162,45536,0
20180829,55.232,55.459,54.81,55.054,21092,0
20180830,54.164,55.152,53.359,53.677,29460,0
20180831,53.658,54.212,52.622,54.173,44548,0
20180904,54.046,54.315,53.042,54.115,38387,0
20180905,53.45,54.617,53.411,54.607,15699,0
20180906,54.787,56.695,54.787,56.37,76294,0
20180907,56.25,56.25,54.677,55.697,39437,0
20180910,56.529,56.529,55.707,55.707,28215,0
20180911,55.232,56.331,54.707,55.759,25849,0
20180912,55.396,56.675,55.302,56.45,21683,0
20180913,56.646,58.478,56.646,57.586,75795,0
20180914,58.2,60.219,58.183,60.07,109051,0
20180917,59.96,60.479,59.566,60.076,40856,0
20180918,60.674,62.772,60.288,62.345,66524,0
20180919,62.514,63.444,60.475,60.802,102164,0
20180920,61.535,62.058,58.321,59.338,94952,0
20180921,60.802,61.237,60.003,60.851,50236,0
20180924,60.445,60.445,58.556,58.882,50305,0
20180925,59.498,61.064,58.912,60.747,34860,0
20180926,60.747,61.143,59.826,59.943,36839,0
20180927,60.261,61.464,59.855,60.945,45807,0
20180928,60.995,62.216,60.737,62.006,24289,0
20181001,63.038,63.97,61.739,62.513,55225,0
20181002,62.603,62.703,61.779,62.333,20075,0
20181003,63.226,63.852,62.349,62.831,48965,0
20181004,62.563,62.632,60.925,62.076,59201,0
20181005,62.393,62.821,59.737,60.628,80561,0
20181008,60.202,61.005,59.131,60.896,64212,0
20181009,60.449,60.896,58.019,58.352,96696,0
20181010,58.497,58.497,52.664,52.664,164160,0
20181011,52.07,52.952,48.281,48.528,121486,0
20181012,50.581,51.152,47.328,49.172,114320,0
20181015,49.847,52.159,49.738,51.246,102568,0
20181016,51.84,54.657,50.84,54.657,148403,0
20181017,54.38,54.38,52.267,53.021,72482,0
20181018,52.05,52.524,49.45,50.442,74121,0
20181019,50.442,50.78,49.331,49.59,52029,0
20181022,49.46,50.017,48.227,49.341,46335,0
20181023,47.457,49.262,46.872,48.331,93732,0
20181024,49.38,49.38,43.271,43.331,139984,0
20181025,44.055,44.502,42.746,43.163,77706,0
20181026,42.646,43.657,40.474,42.596,80459,0
20181029,43.907,44.154,36.067,37.648,136131,0
20181030,37.48,40.365,37.014,40.257,83331,0
20181031,41.814,43.441,41.814,41.844,115905,0
20181101,43.213,45.127,42.232,44.809,88480,0
20181102,45.365,46.615,44.224,44.699,97773,0
20181105,45.067,45.751,44.227,45.46,69970,0
20181106,45.623,47.26,45.523,46.981,66599,0
20181107,47.657,48.41,45.741,48.38,80962,0
20181108,48.311,48.547,47.214,47.914,33917,0
20181109,47.11,48.341,47.01,48.032,42441,0
20181112,48.092,48.092,43.867,43.917,78618,0
20181113,44.016,45.077,42.855,43.53,38507,0
20181114,43.521,44.928,42.42,42.509,39232,0
20181115,41.654,44.582,41.109,43.827,40139,0
20181116,43.827,43.827,42.102,43.301,21283,0
20181119,42.835,42.835,39.582,39.84,61154,0
20181120,37.985,38.372,36.3,37.946,125550,0
20181121,39.157,39.294,38.362,38.486,30745,0
20181123,38.482,39.827,38.482,39.157,16379,0
20181126,40.068,40.713,39.098,39.82,35028,0
20181127,38.6,38.928,37.143,37.975,79519,0
20181128,39.176,40.753,38.162,40.723,86439,0
20181129,40.327,41.49,39.85,40.872,37236,0
20181130,40.598,41.502,40.068,41.308,33220,0
20181203,43.637,44.174,41.672,42.31,98874,0
20181204,41.664,42.38,37.247,37.251,132862,0
20181206,36.14,36.637,33.067,36.558,137533,0
20181207,36.3,38.11,34.654,35.04,85528,0
20181210,35.565,37.191,34.504,36.598,120116,0
20181211,37.896,38.58,35.245,36.003,78825,0
20181212,37.39,38.751,37.211,37.211,66410,0
20181213,37.916,37.916,36.28,36.498,46543,0
20181214,35.258,36.214,35.114,35.437,51110,0
20181217,34.931,36.17,32.917,33.415,58825,0
20181218,34.246,35.605,33.592,34.146,59877,0
20181219,34.146,35.06,31.003,31.707,85741,0
20181220,31.321,31.757,27.911,28.971,117048,0
20181221,28.761,29.211,26.778,26.798,69682,0
20181224,25.618,26.015,24.458,24.458,77134,0
20181226,25.182,27.146,23.694,27.146,106274,0
20181227,25.693,28.389,25.364,28.389,102681,0
20181228,29.284,29.563,28.05,28.498,104664,0
20181231,29.095,29.603,28.676,29.503,61738,0
20190102,27.693,29.92,27.693,29.92,42379,0
20190103,29.801,29.801,27.026,27.026,72653,0
20190104,27.89,30.02,27.89,29.831,62649,0
20190107,29.93,30.736,29.264,30.478,53744,0
20190108,31.78,32.011,31.036,31.979,60319,0
20190109,32.457,32.826,32.129,32.547,91753,0
20190110,32.258,33.78,32.009,33.711,43248,0
20190111,33.82,33.998,32.564,33.978,48257,0
20190114,33.521,34.58,32.918,33.899,31269,0
20190115,33.892,34.249,33.103,34.108,31460,0
20190116,34.686,34.686,33.521,33.85,51005,0
20190117,33.113,36.127,33.103,35.441,68739,0
20190118,36.346,37.619,36.166,37.152,130664,0
20190122,36.406,36.406,33.731,34.406,102681,0
20190123,35.322,36.526,34.371,35.73,75086,0
20190124,36.366,37.429,36.123,36.793,65010,0
20190125,37.579,38.266,37.39,37.709,79888,0
20190128,36.803,37.57,36.009,37.57,70660,0
20190129,37.629,40.206,37.629,39.658,160213,0
20190130,41.618,41.957,39.235,41.38,233989,0
20190131,40.793,41.915,40.186,41.32,121757,0
20190201,41.4,42.318,41.031,41.31,62849,0
20190204,41.677,44.006,41.526,43.981,64844,0
20190205,44.583,45.487,44.045,45.487,158473,0
20190206,45.885,46.054,44.96,45.617,70642,0
20190207,45.17,45.17,43.249,44.811,148695,0
20190208,43.906,45.26,43.479,45.26,50079,0
20190211,45.785,46.381,45.369,45.775,67439,0
20190212,46.751,47.576,46.578,47.447,64052,0
20190213,48.472,48.472,47.158,47.557,70321,0
20190214,46.999,47.944,46.512,47.407,39880,0
20190215,47.269,50.278,47.269,50.222,135679,0
20190219,49.984,50.61,49.536,50.232,98627,0
20190220,50.232,51.068,49.936,50.92,57523,0
20190221,50.93,50.93,49.33,49.854,73302,0
20190222,50.362,51.228,50.162,51.187,46800,0
20190225,51.983,52.37,51.058,51.248,70555,0
20190226,51.068,51.227,50.083,50.083,52538,0
20190227,49.496,50.62,48.971,50.491,48511,0
20190228,50.75,51.953,50.75,51.078,44137,0
20190301,51.267,51.724,50.172,50.92,65188,0
20190304,51.555,51.953,47.829,48.59,112545,0
20190305,48.54,48.85,47.876,47.925,32421,0
20190306,47.726,48.89,46.423,46.433,98833,0
20190307,46.005,46.153,44.092,45.399,107062,0
20190308,43.786,45.05,43.766,44.96,61705,0
20190311,42.285,44.673,41.33,44.673,94591,0
20190312,43.836,44.192,42.702,43.13,71335,0
20190313,43.806,44.781,43.17,44.194,110555,0
20190314,44.384,44.673,43.14,43.15,53521,0
20190315,43.349,43.706,42.064,42.861,104169,0
20190318,42.632,43.896,42.275,43.836,37853,0
20190319,44.385,45.182,43.129,43.578,94847,0
20190320,43.139,44.172,42.522,43.039,57477,0
20190321,42.64,44.235,42.64,43.996,44310,0
20190322,43.029,43.323,40.618,40.862,95970,0
20190325,40.827,41.914,40.817,41.724,42841,0
20190326,42.839,42.839,41.122,41.874,39602,0
20190327,42.053,42.77,40.788,41.954,69398,0
20190328,42.373,42.918,41.855,42.82,30267,0
20190329,43.448,44.275,43.448,44.205,45499,0
20190401,44.992,47.353,44.992,47.279,87141,0
20190402,47.164,47.419,46.097,46.277,49663,0
20190403,46.656,46.787,44.241,44.664,107094,0
20190404,44.803,47.101,44.803,46.397,87226,0
20190405,47.114,47.323,46.636,47.303,52650,0
20190408,45.431,45.948,44.544,45.898,81159,0
20190409,45.062,45.062,43.846,44.016,63896,0
20190410,44.335,44.335,43.089,43.686,44510,0
20190411,44.026,45.56,44.026,45.441,48671,0
20190412,46.646,47.633,46.37,47.613,83190,0
20190415,47.722,47.722,46.327,46.457,42663,0
20190416,47.124,47.822,46.766,47.493,57933,0
20190417,48.031,48.38,46.556,46.766,64574,0
20190418,47.024,48.11,47.024,47.882,58779,0
20190422,47.234,47.971,46.766,47.433,28808,0
20190423,49.066,50.811,48.917,50.242,109014,0
20190424,51.06,51.06,49.535,49.665,51305,0
20190425,48.967,49.924,47.553,49.545,61569,0
20190426,49.904,50.166,49.345,50.083,22943,0
20190429,49.904,51.279,49.814,50.312,43943,0
20190430,50.292,50.937,49.697,50.771,35402,0
20190501,51.348,53.077,50.901,50.97,87979,0
20190502,50.581,50.681,49.066,50.113,77264,0
20190503,50.791,51.803,50.678,51.747,46302,0
20190506,48.558,51.377,48.31,51.159,63444,0
20190507,49.385,49.675,46.783,47.603,71447,0
20190508,47.274,49.395,47.174,48.708,68820,0
20190509,47.323,48.917,46.277,48.648,64455,0
20190510,47.523,49.375,46.367,49.236,50412,0
20190513,46.018,46.397,44.004,44.952,87755,0
20190514,45.788,47.114,45.162,46.237,54204,0
20190515,45.172,47.034,44.245,46.482,43906,0
20190516,47.303,48.748,46.959,48.558,89033,0
20190517,47.832,48.924,47.154,47.403,63077,0
20190520,46.954,47.897,46.571,47.493,38777,0
20190521,48.37,49.744,48.132,49.675,57381,0
20190522,49.405,49.405,48.728,48.828,29427,0
20190523,46.964,47.533,45.411,46.486,86526,0
20190524,47.114,47.94,46.661,47.104,34649,0
20190528,47.433,48.076,46.576,46.686,25188,0
20190529,45.769,46.536,45.331,46.257,67372,0
20190530,46.576,47.152,45.808,46.297,23800,0
20190531,44.833,45.414,44.554,44.614,40756,0
20190603,44.415,45.739,43.946,45.301,42365,0
20190604,46.756,48.23,46.636,48.12,45627,0
20190605,48.658,50.242,48.643,50.242,68650,0
20190606,50.541,50.921,49.138,50.561,28686,0
20190607,51.159,51.946,51.08,51.517,35374,0
20190610,52.873,53.329,50.412,50.601,75430,0
20190611,51.279,51.279,46.177,47.084,147447,0
20190612,46.826,47.583,46.351,47.413,37450,0
20190613,48.19,48.707,46.826,48.707,37841,0
20190614,48.18,48.634,47.822,47.961,38737,0
20190617,48.35,48.571,47.648,48.071,19515,0
20190618,49.006,51.527,49.006,51.477,130425,0
20190619,51.856,52.056,51.07,51.747,52757,0
20190620,53.072,54.695,52.733,54.586,114120,0
20190621,54.496,54.945,53.212,53.4,66259,0
20190624,53.7,54.845,53.7,53.849,30548,0
20190625,53.899,54.038,52.543,52.632,65896,0
20190626,52.912,53.5,52.533,52.553,29240,0
20190627,51.735,52.423,51.195,51.864,48485,0
20190628,52.353,53.361,51.529,53.041,33388,0
20190701,54.696,55.385,51.585,51.764,71919,0
20190702,51.665,52.742,51.567,52.592,25954,0
20190703,53.251,53.261,52.38,53.261,25424,0
20190705,52.732,53.251,51.525,53.251,23557,0
20190708,52.333,52.333,51.027,51.615,31639,0
20190709,50.987,52.595,50.618,52.473,35450,0
20190710,53.341,53.78,52.243,52.328,41585,0
20190711,52.091,53.779,51.836,53.54,48343,0
20190712,53.969,55.624,53.849,55.584,68343,0
20190715,55.454,55.454,54.082,54.397,52085,0
20190716,54.527,55.265,54.527,54.826,28441,0
20190717,54.876,55.085,53.51,53.52,82755,0
20190718,52.603,53.48,51.715,52.603,61207,0
20190719,53.64,55.544,53.64,54.766,77609,0
20190722,54.846,55.644,54.28,54.866,53787,0
20190723,55.833,56.472,54.467,55.843,69526,0
20190724,55.245,57.451,54.317,56.442,55269,0
20190725,56.183,56.981,55.199,55.973,24033,0
20190726,55.903,55.903,54.754,55.125,38714,0
20190729,54.976,55.115,54.069,54.327,25008,0
20190730,53.65,54.587,52.902,54.587,44043,0
20190731,54.876,56.213,52.852,53.51,65124,0
20190801,53.221,54.477,50.918,51.047,101772,0
20190802,50.828,51.237,49.022,50.499,51423,0
20190805,48.185,48.365,45.403,47.038,79790,0
20190806,48.863,50.798,48.793,50.678,60363,0
20190807,48.763,52.104,48.335,51.535,52837,0
20190808,52.513,55.031,52.188,54.776,71170,0
20190809,54.079,54.756,52.904,53.899,48437,0
20190812,52.912,53.371,51.133,51.635,44880,0
20190813,51.047,53.56,51.047,52.253,63509,0
20190814,50.06,50.621,47.826,48.125,92426,0
20190815,48.952,49.86,47.736,49.541,96278,0
20190816,50.828,51.475,49.86,51.207,93708,0
20190819,52.981,53.161,52.253,52.782,44261,0
20190820,52.682,53.151,52.004,52.772,36590,0
20190821,53.7,54.814,53.499,54.099,57324,0
20190822,54.317,56.522,54.139,55.953,68815,0
20190823,55.185,57.838,52.044,52.792,122542,0
20190826,54.297,55.091,52.656,54.159,40748,0
20190827,55.125,55.125,52.453,53.131,30939,0
20190828,53.031,54.983,51.625,54.814,50103,0
20190829,56.452,57.379,55.774,57.021,57930,0
20190830,58.097,58.247,57.08,57.578,31575,0
20190903,56.203,56.203,54.102,55.604,43722,0
20190904,57.06,57.438,56.642,57.2,26939,0
20190905,58.845,59.985,58.147,58.446,52126,0
20190906,58.805,60.062,58.735,59.256,46670,0
20190909,59.164,59.164,56.839,56.991,32447,0
20190910,56.502,57.967,54.836,57.967,51140,0
20190911,58.147,60.39,58.147,60.39,37909,0
20190912,60.919,61.495,59.942,61.009,46977,0
20190913,61.867,62.525,61.617,61.777,50476,0
20190916,62.705,64.27,62.036,63.691,86633,0
20190917,63.781,64.536,62.325,64.23,71796,0
20190918,64.06,64.689,62.646,64.669,89741,0
20190919,64.788,65.16,63.696,63.701,53484,0
20190920,63.771,63.84,61.079,61.298,53223,0
20190923,61.029,61.667,60.082,60.889,27622,0
20190924,61.419,61.947,59.51,60.789,70409,0
20190925,60.699,62.679,60.699,62.409,59997,0
20190926,62.449,63.019,61.52,62.269,23183,0
20190927,62.729,62.825,59.56,59.97,42596,0
20190930,60.12,60.623,59.74,59.79,24222,0
20191001,60.169,60.729,55.601,55.831,81480,0
20191002,54.851,54.861,52.022,53.152,58668,0
20191003,53.182,54.301,51.453,54.269,66447,0
20191004,54.301,56.211,54.301,56.061,41497,0
20191007,55.871,56.929,55.281,55.811,17013,0
20191008,54.321,55.941,53.352,54.481,45620,0
20191009,55.731,56.323,55.028,55.591,26820,0
20191010,55.431,57.203,55.431,56.391,44504,0
20191011,58.01,58.737,57.091,57.77,43355,0
20191014,57.57,58.34,57.191,57.5,17593,0
20191015,57.91,58.6,57.68,57.75,26160,0
20191016,57.091,58.84,57.091,57.9,14781,0
20191017,58.34,58.75,56.851,56.871,49473,0
20191018,56.331,56.767,52.462,52.502,83269,0
20191021,52.452,52.452,50.983,51.752,60975,0
20191022,52.042,53.822,52.042,52.942,50856,0
20191023,53.972,54.371,52.631,53.192,38762,0
20191024,53.672,55.891,53.082,55.681,37282,0
20191025,55.581,55.581,54.172,54.172,34735,0
20191028,54.411,55.841,54.411,54.831,36689,0
20191029,54.411,55.981,54.411,55.411,25326,0
20191030,55.311,56.603,54.891,56.531,41145,0
20191031,56.201,56.481,55.149,55.451,18299,0
20191101,56.731,58.18,56.562,58.07,28834,0
20191104,59,59.058,57.181,57.78,53322,0
20191105,58.33,59.38,58.31,58.88,42492,0
20191106,58.88,59.45,58.599,59.35,27510,0
20191107,59.98,61.339,59.98,60.509,77155,0
20191108,60.584,61.494,60.149,60.809,39922,0
20191111,59.97,62.979,59.431,62.569,74272,0
20191112,62.609,63.328,61.919,62.749,41902,0
20191113,62.079,63.558,62.079,63.088,37841,0
20191114,63.118,64.723,63.088,64.498,43394,0
20191115,65.008,66.737,64.978,66.257,69218,0
20191118,66.257,66.737,65.589,65.918,49337,0
20191119,66.087,66.646,65.108,65.222,55150,0
20191120,64.858,66.067,64.498,65.328,64472,0
20191121,65.208,65.208,63.57,63.728,27999,0
20191122,64.038,64.138,62.96,64.058,43205,0
20191125,64.568,64.995,64.129,64.476,31290,0
20191126,64.468,65.788,64.468,65.408,40494,0
20191127,65.718,65.718,64.176,64.978,59695,0
20191129,64.928,64.928,64.118,64.168,16397,0
20191202,64.498,64.498,60.06,60.11,73987,0
20191203,58.13,59.72,57.98,59.42,35622,0
20191204,60.359,61.605,59.67,59.67,28754,0
20191205,60.349,60.349,59.47,59.756,12556,0
20191206,61.819,62.064,60.979,61.789,27439,0
20191209,61.609,61.609,60.304,60.359,23545,0
20191210,60.329,60.869,59.915,60.03,17661,0
20191211,59.75,61.169,58.93,61.099,63334,0
20191212,61.189,62.089,60.659,61.341,42421,0
20191213,60.809,62.218,60.38,60.759,22219,0
20191216,59.33,60.569,59.07,59.38,58467,0
20191217,59.02,59.05,57.231,58.21,76897,0
20191218,58.61,58.61,56.971,57.087,39629,0
20191219,57.23,58.15,56.981,58.01,54289,0
20191220,58.79,58.98,58.15,58.68,27544,0
20191223,60.13,61.11,60.13,60.58,67084,0
20191224,60.86,60.86,59.5,59.5,34299,0
20191226,59.57,59.69,58.75,59.21,36238,0
20191227,59.66,59.66,58.75,58.83,46116,0
20191230,58.89,58.89,57.73,58.18,38611,0
20191231,58,58.35,57.055,57.56,55727,0
20200102,58.61,61.67,58.5423,61.67,77057,0
20200103,64.08,64.08,61.4166,63.71,164116,0
20200106,65.18,65.18,62.76,63.97,119831,0
20200107,64,65.46,62.5701,64.74,100488,0
20200108,65.46,65.46,63.401,63.5,117857,0
20200109,64.01,65.67,63.7783,64.89,60010,0
20200110,65.08,65.08,62.1301,62.32,103192,0
20200113,63.07,64.35,62.95,63.9425,45446,0
20200114,63.9,64.7482,62.75,63.85,56634,0
20200115,63.63,65.3,63.63,64.3,38901,0
20200116,64.97,66.5,64.97,66.42,58103,0
20200117,66.8,66.8,65.21,65.4082,47984,0
20200121,64.54,65.68,61.75,63.92,93259,0
20200122,63.79,64.1393,61.99,62.6,53508,0
20200123,62.08,64.8222,62.08,64.58,34154,0
