Date,Open,High,Low,Close,Volume,OpenInt
20140221,23.102,23.102,22.917,23.009,54000,0
20140224,23.056,23.148,22.907,22.917,192607,0
20140225,22.982,22.992,22.889,22.936,68490,0
20140226,23,23,22.945,22.963,43967,0
20140227,22.963,22.982,22.917,22.936,55960,0
20140228,22.963,23,22.917,22.917,63583,0
20140303,22.963,23.046,22.917,23.009,61000,0
20140304,22.982,23.407,22.982,23.213,117990,0
20140305,23.241,23.472,23.195,23.333,63625,0
20140306,23.333,23.472,23.231,23.343,48783,0
20140307,23.241,23.323,23.167,23.222,25255,0
20140310,23.268,23.277,23.158,23.195,34856,0
20140311,23.213,23.231,23.176,23.231,20342,0
20140312,23.222,23.222,23.148,23.213,8446,0
20140313,23.26,23.287,23.241,23.268,24874,0
20140314,23.241,23.287,23.195,23.268,27259,0
20140317,23.287,23.287,23.158,23.231,29761,0
20140318,23.277,23.315,23.231,23.287,46706,0
20140319,23.435,23.435,23.287,23.351,46435,0
20140320,23.333,23.389,23.305,23.38,39113,0
20140321,23.416,23.416,23.333,23.38,20162,0
20140324,23.472,23.472,23.333,23.38,29068,0
20140325,23.38,23.389,23.333,23.333,19067,0
20140326,23.435,23.435,23.38,23.38,22834,0
20140327,23.444,23.444,23.305,23.407,18614,0
20140328,23.472,23.472,23.361,23.38,26156,0
20140331,23.462,23.462,23.38,23.426,16233,0
20140401,23.509,23.545,23.444,23.49,23520,0
20140402,23.545,23.879,23.472,23.823,38399,0
20140403,24.396,24.452,23.795,23.841,17445,0
20140404,23.961,23.961,23.776,23.961,4037,0
20140407,24.025,24.025,23.665,23.749,9831,0
20140408,23.86,23.86,23.665,23.841,6602,0
20140409,23.85,24.025,23.767,23.86,16140,0
20140410,23.828,24.1,23.762,23.791,28206,0
20140411,23.978,24.278,23.922,24.231,8357,0
20140414,24.24,24.24,24.1,24.138,12478,0
20140415,24.138,24.381,24.1,24.24,28290,0
20140416,24.381,24.381,23.987,24.193,9607,0
20140417,24.287,24.287,24.1,24.25,22005,0
20140421,24.1,24.231,24.1,24.231,14990,0
20140422,24.269,24.269,24.118,24.175,5412,0
20140423,24.1,24.193,24.1,24.165,41562,0
20140424,24.165,24.381,24.1,24.24,26247,0
20140425,24.363,24.381,24.193,24.222,17474,0
20140428,25.554,25.554,24.259,24.259,23221,0
20140429,24.728,24.728,24.306,24.428,198005,0
20140430,24.428,24.437,24.175,24.371,100961,0
20140501,24.231,24.475,24.231,24.447,46572,0
20140502,24.41,24.475,24.297,24.381,106338,0
20140505,24.381,24.541,24.381,24.381,18978,0
20140506,24.381,24.653,24.381,24.596,53441,0
20140507,24.616,24.69,24.428,24.504,27726,0
20140508,24.522,24.569,24.465,24.475,17366,0
20140509,24.522,24.569,24.39,24.41,26378,0
20140512,24.447,24.522,24.41,24.475,14664,0
20140513,24.447,24.504,24.428,24.475,21967,0
20140514,24.4,24.475,24.109,24.428,76551,0
20140515,24.278,24.457,24.278,24.457,10665,0
20140516,24.672,24.672,24.437,24.465,6534,0
20140519,24.494,24.569,24.475,24.522,4799,0
20140520,24.475,24.569,24.259,24.381,54318,0
20140521,24.334,24.512,24.334,24.334,412018,0
20140522,24.4,24.522,24.371,24.447,163543,0
20140523,24.428,24.596,24.428,24.512,3946,0
20140527,24.522,24.709,24.522,24.569,21425,0
20140528,24.437,24.635,24.437,24.578,2746,0
20140529,24.822,24.897,24.747,24.897,17160,0
20140530,24.897,25.178,24.888,24.897,9118,0
20140602,25.225,25.225,24.859,24.944,7753,0
20140603,24.944,24.944,24.709,24.737,9043,0
20140604,24.897,24.897,24.831,24.831,11752,0
20140605,24.625,24.888,24.447,24.709,6503,0
20140606,24.747,24.756,24.737,24.756,3355,0
20140609,24.944,24.944,24.756,24.841,2283,0
20140610,24.813,24.813,24.709,24.803,2133,0
20140611,24.85,24.85,24.831,24.831,3546,0
20140612,24.953,24.953,24.484,24.672,7888,0
20140613,24.709,24.756,24.709,24.728,1654,0
20140616,24.653,24.728,24.653,24.728,6700,0
20140617,24.756,24.991,24.756,24.991,2346,0
20140618,24.756,24.925,24.747,24.925,2239,0
20140619,24.934,25.197,24.934,25.131,18771,0
20140620,25.169,25.3,25.028,25.028,10091,0
20140623,25.309,25.309,25.028,25.3,22052,0
20140624,25.037,25.225,25.037,25.037,3840,0
20140625,25.047,25.281,25.028,25.028,10883,0
20140626,25.131,25.291,24.709,24.972,15429,0
20140627,25.047,25.075,24.972,24.981,7506,0
20140630,24.981,24.991,24.85,24.85,18880,0
20140701,24.859,25.009,24.859,25.009,3754,0
20140702,24.953,25.066,24.953,24.953,4265,0
20140703,24.737,25.037,24.719,25.037,3716,0
20140707,25.037,25.169,25.037,25.122,16339,0
20140708,25.084,25.131,24.944,25.037,5499,0
20140709,25.037,25.215,25.028,25.215,10340,0
20140710,25.172,25.364,25.105,25.364,5130,0
20140711,25.259,25.373,25.259,25.364,5067,0
20140714,25.469,25.546,25.469,25.469,5118,0
20140715,25.508,25.508,25.373,25.498,3750,0
20140716,25.498,25.546,25.421,25.546,4080,0
20140717,25.536,25.536,25.536,25.536,1385,0
20140718,25.565,25.651,25.565,25.613,2883,0
20140721,25.594,25.651,25.546,25.603,1692,0
20140722,25.546,25.555,25.373,25.373,14563,0
20140723,25.479,25.479,25.326,25.326,9987,0
20140724,25.23,25.354,25.153,25.278,15284,0
20140725,25.191,25.613,25.172,25.574,70113,0
20140728,25.316,25.603,25.23,25.517,19739,0
20140729,25.278,25.46,25.211,25.45,4924,0
20140730,25.23,25.23,25.191,25.201,4656,0
20140731,25.249,25.326,25.038,25.326,4245,0
20140801,25.268,25.297,25.038,25.038,4289,0
20140804,25.134,25.23,24.923,24.923,10416,0
20140805,24.895,25,24.895,25,601,0
20140806,24.914,24.961,24.895,24.961,3687,0
20140807,24.961,24.991,24.847,24.991,10914,0
20140808,24.981,24.981,24.981,24.981,325,0
20140811,25.038,25.172,24.923,25.009,5640,0
20140812,25.191,25.211,25.067,25.067,1977,0
20140813,25.096,25.326,25.067,25.268,9023,0
20140814,25.287,25.364,25.038,25.038,47157,0
20140815,25.326,25.326,25.038,25.086,8925,0
20140818,25.249,25.249,25.201,25.201,1408,0
20140819,25.086,25.182,25.086,25.163,2439,0
20140820,25.268,25.268,25.105,25.105,3812,0
20140821,25.086,25.268,25.086,25.239,5535,0
20140822,25.23,25.23,25.134,25.134,1186,0
20140825,25.297,25.297,24.991,25.009,23781,0
20140826,25.067,25.067,24.991,25.038,4282,0
20140827,25.038,25.067,25.019,25.067,2162,0
20140828,24.991,25.086,24.923,24.991,5719,0
20140829,25.048,25.048,24.991,24.991,2768,0
20140902,25.144,25.144,24.991,24.991,19619,0
20140903,25.077,25.077,25,25.057,4347,0
20140904,25.029,25.067,24.885,25.067,24157,0
20140905,24.857,25.057,24.857,24.991,3567,0
20140908,24.991,25,24.991,24.991,1719,0
20140909,24.991,25,24.837,24.837,4543,0
20140910,24.857,24.857,24.847,24.847,1377,0
20140911,24.761,25.048,24.761,24.885,3968,0
20140912,24.991,24.991,24.684,24.789,2194,0
20140915,24.971,24.971,24.703,24.971,11556,0
20140916,24.923,25.249,24.827,25.009,9986,0
20140917,25.038,25.038,25.019,25.019,490,0
20140918,25.009,25.086,24.895,25.038,39260,0
20140919,24.943,25.182,24.943,24.961,1316,0
20140922,24.895,25.153,24.895,25.153,3896,0
20140923,25.019,25.105,24.895,24.895,10052,0
20140924,24.732,25.038,24.732,24.895,11269,0
20140925,24.943,25.048,24.895,25.048,9016,0
20140926,25.029,25.048,25.009,25.038,7938,0
20140929,25.038,25.163,25.038,25.134,1489,0
20140930,25.067,25.086,25.067,25.086,7742,0
20141001,25.163,25.23,25.086,25.086,1712,0
20141002,25.316,25.316,25.134,25.268,6508,0
20141003,25.392,25.392,25.105,25.354,7316,0
20141006,25.201,25.603,25.201,25.603,7724,0
20141007,25.498,25.498,25.392,25.498,4491,0
20141008,25.373,25.421,25.182,25.335,37039,0
20141009,25.242,25.33,25.037,25.33,6595,0
20141010,24.909,25.164,24.89,25.134,9078,0
20141013,24.89,24.988,24.616,24.988,4806,0
20141014,24.714,25.31,22.875,24.147,57989,0
20141015,23.97,24.665,23.97,24.655,5220,0
20141016,24.469,24.948,24.205,24.909,6597,0
20141017,24.89,24.89,24.694,24.694,1278,0
20141020,24.694,25.085,24.694,24.939,716,0
20141021,24.939,25.193,24.831,24.87,2607,0
20141022,24.89,24.89,24.587,24.86,2965,0
20141023,24.86,24.89,24.616,24.724,6796,0
20141024,24.89,25.232,24.743,25.232,4755,0
20141027,25.222,25.418,24.919,25.115,5010,0
20141028,25.007,25.359,24.528,24.772,1738,0
20141029,24.831,25.281,24.802,24.802,818,0
20141030,24.958,25.271,24.841,25.271,3750,0
20141031,25.007,25.428,25.007,25.428,4142,0
20141104,25.213,25.565,25.173,25.379,8454,0
20141105,25.477,25.819,25.379,25.428,23441,0
20141106,25.428,25.525,25.046,25.428,6544,0
20141107,25.428,25.477,25.232,25.232,7665,0
20141110,25.232,25.702,24.812,24.919,10900,0
20141111,24.988,25.017,24.988,25.017,891,0
20141112,25.32,25.33,25.32,25.33,3068,0
20141113,25.183,25.281,25.183,25.183,1299,0
20141114,25.428,25.428,25.428,25.428,2537,0
20141117,25.183,25.467,25.115,25.33,2607,0
20141118,25.799,25.799,25.134,25.486,1048,0
20141119,25.428,25.428,25.134,25.213,1432,0
20141120,25.281,25.281,25.134,25.134,542,0
20141121,25.007,25.428,25.007,25.428,1391,0
20141124,25.301,25.428,25.183,25.428,2965,0
20141125,25.623,25.799,25.076,25.076,16217,0
20141126,25.085,25.398,25.046,25.398,1329,0
20141128,25.31,25.31,25.027,25.027,1135,0
20141201,25.037,25.281,24.645,24.89,11951,0
20141202,24.978,24.978,24.87,24.87,2899,0
20141203,24.782,24.782,24.254,24.548,11111,0
20141204,24.45,24.548,24.156,24.352,152771,0
20141205,24.411,24.44,24.401,24.401,5910,0
20141208,24.45,24.45,23.462,23.931,13703,0
20141209,23.726,24.235,23.726,24.225,11896,0
20141210,23.961,24.156,23.775,23.961,6667,0
20141211,24.088,24.548,23.765,23.775,14284,0
20141212,23.843,24.137,23.814,23.863,19685,0
20141215,24.107,24.107,23.775,23.775,12579,0
20141216,23.873,24.567,22.259,22.259,19203,0
20141217,23.462,23.462,22.748,23.374,11333,0
20141218,23.687,24.45,23.462,24.391,10200,0
20141219,24.205,24.205,24.107,24.107,2607,0
20141222,24.479,24.479,23.677,24,14494,0
20141223,24.205,24.44,24.176,24.44,2942,0
20141224,24.156,24.303,24.156,24.303,1125,0
20141226,24.254,24.254,24.254,24.254,354,0
20141229,24.254,24.254,24.01,24.01,1943,0
20141230,24.098,24.107,23.97,24.01,3743,0
20141231,24.195,24.195,23.452,23.472,3829,0
20150102,23.55,24.166,23.55,24.156,3706,0
20150105,24.254,24.45,24.254,24.323,5270,0
20150106,24.499,24.508,24.401,24.45,4918,0
20150107,24.763,24.763,24.45,24.45,2914,0
20150108,24.45,24.596,24.45,24.596,8143,0
20150109,24.724,24.724,24.323,24.645,4247,0
20150112,24.8,24.96,24.75,24.96,3238,0
20150113,24.95,24.95,24.75,24.75,6355,0
20150114,24.81,24.81,24.35,24.35,6100,0
20150115,24.5,24.85,24.36,24.75,21952,0
20150116,24.36,24.95,24.36,24.9,8759,0
20150120,24.89,24.89,24.36,24.36,6260,0
20150121,24.67,24.75,24.65,24.72,9155,0
20150122,24.9,24.9,24.64,24.75,2273,0
20150123,24.76,24.94,24.76,24.94,2050,0
20150126,24.81,24.9,24.78,24.9,1652,0
20150127,24.83,24.9,24.83,24.9,2066,0
20150128,24.98,25.43,24.88,25.43,5053,0
20150129,25.3,25.32,24.92,25.28,3634,0
20150130,25.3,25.3,25.25,25.3,4167,0
20150202,25.19,25.19,24.94,24.97,1113,0
20150203,25.68,25.81,24.96,25,6028,0
20150204,25,25,24.95,25,10952,0
20150205,25,25,24.97,25,6936,0
20150206,25,25,23.94,24.19,43190,0
20150209,24.27,24.27,23.92,24.08,30088,0
20150210,24.25,24.25,24.11,24.24,25380,0
20150211,24.23,24.25,23.99,24.24,9353,0
20150212,24.24,24.25,24.24,24.25,5112,0
20150213,24.25,24.25,24.2,24.25,14114,0
20150217,24.25,24.25,24.17,24.25,6552,0
20150218,24.25,24.25,24.24,24.25,4125,0
20150219,24.25,24.25,24.23,24.23,8502,0
20150220,24.23,24.25,24.2,24.25,18335,0
20150223,24.25,24.25,24,24.25,12844,0
20150224,24.2,24.4,24.11,24.3,30259,0
20150225,24.4,24.8,24.16,24.68,22057,0
20150226,24.68,24.78,24.55,24.78,5623,0
20150227,24.49,24.96,24.49,24.91,6377,0
20150302,24.96,24.96,24.85,24.85,3535,0
20150303,24.89,25.38,24.89,25.38,4254,0
20150304,25.05,25.5,25.05,25.167,4500,0
20150306,25.46,25.61,25,25.15,14467,0
20150309,25.4,25.4,25.1,25.2,2450,0
20150310,25.05,25.163,24.95,25.163,1800,0
20150312,25.03,25.1,25,25,6900,0
20150313,25,25.05,24.89,25.05,1600,0
20150316,25.05,25.36,25,25.15,20959,0
20150317,25.172,25.19,25.011,25.16,4061,0
20150318,25.2,25.2,25.2,25.2,2000,0
20150319,25.11,25.11,25.093,25.093,1200,0
20150320,25.05,25.18,24.87,24.9,3876,0
20150323,25.18,25.18,25,25.034,8700,0
20150324,25.03,25.03,24.87,25,17801,0
20150325,25.129,25.13,25,25,1775,0
20150326,25.13,25.13,25.05,25.095,2380,0
20150327,25.1,25.141,25.1,25.141,2206,0
20150330,25.16,25.18,25.15,25.18,6405,0
20150331,25.43,25.59,25.43,25.59,29690,0
20150401,25.5,25.5,25.36,25.36,2235,0
20150402,25.45,25.58,25.45,25.47,5190,0
20150406,25.54,25.54,25.2,25.2,5737,0
20150407,25.35,25.5,25.35,25.35,20159,0
20150408,25.54,25.59,25.44,25.59,4080,0
20150409,25.5,25.551,25.5,25.55,1000,0
20150410,25.1,25.1,25,25.1,15333,0
20150413,25,25.1,25,25.1,2799,0
20150414,25.12,25.12,25.1,25.12,2700,0
20150415,25.2,25.25,25.11,25.192,36811,0
20150416,25.199,25.25,25.11,25.159,22978,0
20150417,25.11,25.31,25.1,25.1,15695,0
20150420,25.59,25.59,25.48,25.48,201,0
20150421,25.44,25.45,25.25,25.4,3575,0
20150422,25.3,25.3,25.25,25.3,1010,0
20150423,25.31,25.49,25.25,25.25,2825,0
20150424,25.3,25.3,25.25,25.25,2600,0
20150427,25.25,25.27,25.16,25.23,11030,0
20150428,25.25,25.35,25.25,25.3,27752,0
20150429,25.3,25.349,25.2,25.2,10450,0
20150430,25.35,25.35,25.1,25.1,5777,0
20150501,25.1,25.1,24.779,25.01,4265,0
20150504,24.78,25.06,24.78,25,800,0
20150505,25,25.16,25,25.16,4519,0
20150506,24.99,25.05,24.99,25.03,3630,0
20150507,25.252,25.35,25.08,25.33,1675,0
20150508,25.309,25.309,25,25.05,1152,0
20150511,25.02,25.32,24.99,25.02,11681,0
20150512,24.95,25.15,24.95,25.15,3600,0
20150513,25.05,25.29,24.99,25.15,22152,0
20150514,25.15,25.28,24.85,24.85,25993,0
20150515,24.84,25.01,24.61,24.85,5995,0
20150518,25,25,24.8,25,4000,0
20150519,24.73,24.96,24.575,24.923,22114,0
20150520,24.62,24.64,24.5,24.6,8195,0
20150521,24.38,24.97,24.35,24.97,24233,0
20150522,24.95,25.02,24.9,25.02,1000,0
20150526,25.05,25.05,24.61,24.61,2401,0
20150527,24.81,24.9,24.81,24.85,1400,0
20150528,24.9,24.999,24.855,24.95,6850,0
20150529,25,25,25,25,2707,0
20150601,24.8,24.801,24.8,24.8,475,0
20150602,25,25.2,24.9,25.05,5550,0
20150603,25.03,25.05,24.65,24.65,12445,0
20150604,24.9,25,24.9,24.92,4005,0
20150605,24.7,24.91,24.65,24.91,5300,0
20150608,24.92,24.92,24.67,24.67,490,0
20150609,24.65,24.8,24.65,24.75,5740,0
20150610,24.85,25.09,24.85,25.04,1000,0
20150611,25,25.04,24.85,24.94,5220,0
20150612,24.95,25.19,24.9,25.131,14098,0
20150615,25,25.18,24.974,25.15,10372,0
20150616,25.1,25.2,25.05,25.2,2100,0
20150617,25.25,25.25,25.02,25.1,2200,0
20150618,25.07,25.07,25.07,25.07,300,0
20150619,25.3,25.3,24.9,25.05,12855,0
20150622,25.2,25.2,25.01,25.16,1800,0
20150623,25.03,25.11,25,25.107,6200,0
20150624,25.13,25.13,25.01,25.01,1600,0
20150625,25.01,25.37,25,25.37,2500,0
20150626,25.1,25.27,25.1,25.1,1474,0
20150629,25,25.05,24.66,24.67,11000,0
20150630,24.745,24.99,24.745,24.99,2100,0
20150701,24.81,25.05,24.81,24.95,1145,0
20150702,25.09,25.11,25.072,25.072,898,0
20150706,25,25.11,25,25.01,22600,0
20150707,25.09,25.1,25,25.1,2140,0
20150708,25,25.09,25,25.03,9525,0
20150709,25.03,25.1,24.89,24.9,14626,0
20150710,24.67,24.76,24.6,24.61,9200,0
20150713,24.75,24.88,24.75,24.87,3808,0
20150714,24.9,24.9,24.82,24.83,1900,0
20150715,24.9,24.9,24.8,24.9,6661,0
20150716,24.9,24.9,24.75,24.9,9508,0
20150717,24.8,25.09,24.8,25.09,14907,0
20150720,25.09,25.1,24.89,25,17448,0
20150721,24.89,25,24.81,24.9,9780,0
20150722,24.889,25.2,24.889,25,29769,0
20150723,25.12,25.21,25.01,25.01,31579,0
20150724,25.04,25.22,24.9,25.06,14474,0
20150727,25.051,25.15,25.019,25.019,1150,0
20150728,25.032,25.18,25.012,25.138,5884,0
20150729,25.08,25.15,25.02,25.02,5844,0
20150730,25,25.085,24.953,24.96,4940,0
20150731,24.9,24.95,24.81,24.81,6816,0
20150803,24.8,24.81,24.7,24.7,5500,0
20150804,24.67,24.79,24.65,24.7,2299,0
20150805,24.78,24.78,24.65,24.78,2984,0
20150806,24.77,24.85,24.7,24.7,5340,0
20150807,24.82,24.87,24.8,24.87,1800,0
20150810,24.7,24.77,24.7,24.77,990,0
20150811,24.905,24.905,24.75,24.75,2824,0
20150812,24.7,24.8,24.62,24.75,2580,0
20150814,24.75,24.75,24.641,24.69,2980,0
20150817,24.694,24.7,24.632,24.632,700,0
20150818,24.61,24.65,24.6,24.6,1505,0
20150819,24.6,24.8,24.5,24.6,2200,0
20150820,24.52,24.52,23.5,24.1,12590,0
20150821,23.8,23.8,23.17,23.37,5150,0
20150824,23.15,24.67,23.15,23.392,4515,0
20150825,23.73,24.185,23.45,24.137,1335,0
20150826,23.8,24.058,23.326,23.9,1705,0
20150827,23.99,23.99,23.95,23.99,805,0
20150828,23.74,23.81,23.33,23.73,2225,0
20150831,23.746,23.746,23.32,23.62,2100,0
20150901,23.33,23.33,23.05,23.05,10100,0
20150902,23.1,23.312,22.99,23.312,4975,0
20150903,23.81,23.81,23.465,23.5,9702,0
20150904,23.586,23.79,23.586,23.6,4200,0
20150908,23.55,23.55,23.24,23.418,4899,0
20150909,23.35,23.5,23.35,23.363,8039,0
20150910,23.5,23.5,23.183,23.197,7115,0
20150911,23.181,23.2,22.762,23,6953,0
20150914,22.8,22.986,22.7,22.7,5807,0
20150915,22.7,22.7,22.25,22.28,12589,0
20150916,22.3,22.3,21.914,22.05,23910,0
20150917,22,22.21,21.82,21.91,27723,0
20150918,21.813,22,21.65,22,11298,0
20150921,22.11,22.11,21.56,21.985,4222,0
20150922,21.9,21.9,21.78,21.78,5075,0
20150923,21.53,21.53,21,21,15249,0
20150924,20.91,20.91,20.54,20.69,7821,0
20150925,21.004,21.004,20.616,20.83,4314,0
20150928,20.66,20.66,19.5,20.13,12487,0
20150929,20,20.286,19.8,20.11,4635,0
20150930,19.65,20,19.45,19.69,12429,0
20151001,19.99,20.19,19.8,20,11513,0
20151002,19.98,20.277,19.95,19.98,13700,0
20151005,20,20.7,19.98,20.7,16937,0
20151006,20.66,21.144,20.45,20.96,8944,0
20151007,20.9,20.9,20.51,20.69,9750,0
20151008,20.6,20.977,20.539,20.84,18249,0
20151009,20.37,20.598,20.31,20.42,7792,0
20151012,20.251,20.49,20.24,20.43,4720,0
20151013,20.255,20.763,20.255,20.51,4521,0
20151014,20.6,20.746,20.47,20.47,1600,0
20151015,20.8,20.8,20.5,20.69,7324,0
20151016,20.83,21.39,20.662,21.29,9150,0
20151019,21.055,21.15,20.635,20.71,10444,0
20151020,20.812,21.1,20.812,20.85,4390,0
20151021,20.75,21.39,20.75,21,17675,0
20151022,20.749,20.8,20.62,20.8,500,0
20151023,20.774,20.994,20.56,20.993,4626,0
20151026,21.004,21.245,20.802,20.9,15773,0
20151027,20.8,20.9,20.8,20.9,5477,0
20151028,20.9,20.9,20.895,20.895,4200,0
20151029,20.89,22.07,20.89,21,10296,0
20151030,20.76,21.374,20.76,21.374,2393,0
20151102,21.4,21.55,21.37,21.49,5196,0
20151103,21.604,21.606,20.9,21.17,10605,0
20151104,20.764,21,20.6,20.97,4235,0
20151105,21.004,21.004,21,21,1300,0
20151106,20.672,20.672,20.531,20.595,5826,0
20151109,20.76,20.76,20.11,20.3,5119,0
20151110,20.37,20.427,19.13,19.13,15928,0
20151111,19.15,19.48,17.53,17.607,17091,0
20151112,17.52,17.52,14,15.96,63665,0
20151113,16,16.86,15.75,16.85,15084,0
20151116,17,17.33,17,17.33,1500,0
20151117,17.25,17.25,15.91,16.2,5217,0
20151118,15.45,15.85,14,14.6,34896,0
20151119,14.2,15,14.2,14.56,19394,0
20151120,14.41,14.93,14.2,14.533,21146,0
20151123,14.9,15.12,12.8,13.26,59447,0
20151124,13.31,13.88,12.81,13.518,18389,0
20151125,13.5,13.989,13.114,13.61,40018,0
20151127,13.69,14.1,13.69,14.1,3130,0
20151130,14.129,14.809,14.05,14.75,13020,0
20151201,14.8,14.8,13.56,14.16,10462,0
20151202,13.7,13.7,12.304,12.86,35423,0
20151203,12.652,13.49,12.5,13.49,19268,0
20151204,13.5,13.5,12.78,13.47,10634,0
20151207,13,13,11.09,11.33,32137,0
20151208,11.35,12.325,11.35,11.98,20978,0
20151209,11.89,12.79,10.889,11.13,44062,0
20151210,11.14,11.45,10.67,11.45,24819,0
20151211,10.8,11.205,10.8,11.09,32706,0
20151214,11,11,10.75,10.8,23809,0
20151215,11,11.1,10.6,10.99,25083,0
20151216,11.16,12.03,11.15,12.03,14609,0
20151217,12.04,12.04,10.715,11.57,60974,0
20151218,11.47,11.759,11.47,11.759,400,0
20151221,11.58,11.6,11.1,11.46,8800,0
20151222,11.148,13.29,11.04,13.2,25650,0
20151223,13.7,14.58,13.584,14.1,21540,0
20151224,14.24,14.47,14.002,14.34,5984,0
20151228,14,14.29,13.7,14.29,9808,0
20151229,14,14.25,13.8,13.95,18158,0
20151230,13.95,14.6199,13.95,14.24,8573,0
20151231,13.95,14.25,13.761,14.25,28923,0
20160104,14,14.5,13.75,14.5,13939,0
20160105,14.5,14.92,14.1,14.7001,12581,0
20160106,14.69,14.7,14.14,14.62,7609,0
20160107,14.03,14.48,12.82,13.72,33370,0
20160108,13.64,13.65,12.66,13.17,21784,0
20160111,13.14,13.14,10.9,11.11,38895,0
20160112,10.615,11.1,10.25,10.6,23218,0
20160113,11,11,8.821,9.5782,79568,0
20160114,9.98,11.25,8.98,11.25,76328,0
20160115,10.5,11.25,10.17,11.25,47343,0
20160119,10.81,10.81,10.81,10.81,0,0
20160120,10.8,10.8,8.95,9.5,26356,0
20160121,10,11,10,10.8776,18597,0
20160122,11.23,12.25,10.9,12.19,43110,0
20160125,11.9,12.2,11.4,11.74,5743,0
20160126,12,12.1128,11.52,11.9,2095,0
20160127,11.794,11.898,11.39,11.44,10685,0
20160128,11.65,11.85,11.475,11.85,3875,0
20160129,12.1402,12.69,11.68,12.69,16240,0
20160201,12.5,12.83,12.06,12.83,13116,0
20160202,12.02,12.25,12.02,12.25,542,0
20160203,12.5,12.5,12.104,12.165,2817,0
20160204,12.0001,12.89,12,12,8643,0
20160205,12.25,12.81,12.2,12.81,1021,0
20160208,12.055,12.1767,9.73,10.6999,10207,0
20160209,10.27,10.611,9.7,10.45,9217,0
20160210,10.36,10.45,10.1172,10.45,1773,0
20160211,9.86,10.3839,9.55,10.33,4202,0
20160212,9.99,11.24,9.52,11.2,26304,0
20160216,11.48,11.48,10.5,11.09,2724,0
20160217,11.1,11.48,10.94,11.2,17321,0
20160218,10.79,11.3399,10.7839,11.1526,3175,0
20160219,10.686,10.9999,10.686,10.9999,1202,0
20160222,11.07,11.07,10.7,10.89,3151,0
20160223,10.8,10.84,10.55,10.75,619,0
20160224,10.2501,10.71,10.2501,10.71,2356,0
20160225,10.52,10.5995,10.0001,10.4899,7906,0
20160226,10.65,10.65,10.49,10.49,736,0
20160229,10.47,10.9506,10.04,10.92,3915,0
20160301,10.8599,10.998,10.609,10.95,4536,0
20160302,10.94,11.7,10.94,11.69,10256,0
20160303,11.6,12.7318,11.6,12.6499,17427,0
20160304,12.7451,13.28,12.22,13.19,37388,0
20160307,13.15,13.46,12.9,13,16142,0
20160308,12.89,12.89,12.0499,12.38,9014,0
20160309,11.6563,11.71,11.3,11.71,4076,0
20160310,11.71,11.91,11.5,11.6,11160,0
20160311,11.39,11.4,10.99,11.4,4280,0
20160314,11.5,11.949,11.4854,11.9445,2995,0
20160315,11.8712,11.8712,11.37,11.53,5074,0
20160316,11.8899,11.89,11.7,11.7,3150,0
20160317,11.88,11.88,11.3,11.6,63382,0
20160318,11.79,11.79,11.66,11.75,5054,0
20160321,11.88,12.22,11.8,12.03,106585,0
20160322,12.05,12.05,11.7232,11.9,27902,0
20160323,11.95,11.95,11.7,11.89,30486,0
20160324,11.5,12.09,11.5,11.57,37670,0
20160328,12.25,12.85,12.1101,12.85,155513,0
20160329,12.84,13.9,12.77,13.8999,55236,0
20160330,14,14.84,14,14.78,37286,0
20160331,14.5,15.18,14.5,15.15,28849,0
20160401,15.24,15.24,14.8,15.2,17449,0
20160404,14.85,14.99,14.0001,14.5399,42602,0
20160405,14.4,15.15,14.25,14.71,23141,0
20160406,15.11,15.69,14.7,15.59,18012,0
20160407,15.6,15.8999,15.1201,15.2018,24969,0
20160408,15.244,16.75,15.244,16.64,48836,0
20160411,16.73,17.99,16.73,17.99,67228,0
20160412,17.49,18.05,16.51,18.05,47341,0
20160413,17.95,18.35,17.11,17.66,35796,0
20160414,17.58,17.75,16.6,17.19,9053,0
20160415,17.55,17.56,17.0531,17.26,6012,0
20160418,16.6,17.3,16.6,17.28,38384,0
20160419,17,17.83,17,17.7,20491,0
20160420,17.7343,17.8999,17.62,17.63,3911,0
20160421,17.62,17.63,17.1,17.29,10963,0
20160422,17.46,17.5,16.97,17.47,8433,0
20160425,17.46,17.46,16.62,16.87,20038,0
20160426,16.9559,16.9578,16.637,16.7699,3676,0
20160427,16.42,17.2,16.08,17.09,18415,0
20160428,17.09,17.3699,16.468,17.34,9066,0
20160429,17.379,17.379,16.643,17.23,12365,0
20160502,17.416,17.8,17.19,17.41,11392,0
20160503,17.42,17.42,16.75,17.27,9183,0
20160504,16.8131,17.07,16.81,16.95,6164,0
20160505,17,17.08,16.73,17.08,9608,0
20160506,17.1,17.26,17.1,17.26,14120,0
20160509,17.26,17.26,17.05,17.19,5821,0
20160510,16.89,17.2,16.89,17.15,3731,0
20160511,16.8,17.28,16.8,17.08,13230,0
20160512,17,17.15,16.7001,16.9399,3790,0
20160513,16.959,18.52,16.65,18.52,8806,0
20160516,17.0012,17.29,16.54,17.26,3321,0
20160517,17.61,17.61,16.6201,17.42,3772,0
20160518,17.47,17.47,16.23,16.35,22615,0
20160519,16.41,16.41,15.02,15.92,30526,0
20160520,15.57,15.8444,15.5,15.65,9617,0
20160523,15.626,15.626,15,15.04,16568,0
20160524,15.3808,15.432,14.795,15.1359,6204,0
20160525,14.9,15,14.6001,14.73,9591,0
20160526,14.67,14.7162,13.2501,13.42,34406,0
20160527,14.1516,15.02,13.52,14.98,12466,0
20160531,14.9,15.4,14.9,15.34,14785,0
20160601,14.25,15.4664,13.94,14.98,10675,0
20160602,14.82,15.3,14.7,15.3,7080,0
20160603,15,15.24,14.41,15.24,5008,0
20160606,15.1,16.03,15.1,15.8,11513,0
20160607,15.8,16.22,15.7133,16.0899,10875,0
20160608,16.1,16.5701,16,16.1,11547,0
20160609,16.0923,16.1914,16.0923,16.19,5054,0
20160610,16.15,16.32,16.0001,16.32,1556,0
20160613,16.32,16.32,16.04,16.2,11823,0
20160614,16.0201,16.17,16,16.12,8335,0
20160615,16.2,16.62,16.1101,16.25,3827,0
20160616,16.6799,16.6799,16.06,16.65,10154,0
20160617,16.49,16.69,16.3903,16.69,8587,0
20160620,16.7,16.85,16.38,16.39,21964,0
20160621,16.405,16.575,16.07,16.2799,6117,0
20160622,16.25,16.25,16.2,16.22,1550,0
20160623,16.25,16.5,16,16.23,9500,0
20160624,16,16.25,15.9,15.95,8187,0
20160627,15.93,15.93,15.02,15.41,14169,0
20160628,15.65,15.9061,15.2001,15.85,18237,0
20160629,15.9,16.225,15.9,16.1153,17081,0
20160630,16.27,16.7,15.94,16.683,19881,0
20160701,16.75,17.04,16.7,17.04,6513,0
20160705,17.1,17.65,17.1,17.57,20093,0
20160706,17.5501,17.7,17.3101,17.4999,17674,0
20160707,17.36,17.68,17.36,17.6239,9663,0
20160708,17.79,18.16,17.7095,18.05,21480,0
20160711,18.06,18.5057,17.725,18.33,21204,0
20160712,17.57,17.91,16.81,17.3,15978,0
20160713,17.47,17.7399,17.01,17.7399,8303,0
20160714,17.75,17.75,17.589,17.71,3541,0
20160715,17.7,17.7007,17.55,17.665,6648,0
20160718,17.5888,17.5888,17.54,17.55,2056,0
20160719,17.55,17.75,17.43,17.611,5516,0
20160720,17.59,17.908,17.353,17.63,10657,0
20160721,17.13,17.8899,17.03,17.8899,19669,0
20160722,17.45,17.69,17.23,17.62,5182,0
20160725,17.31,18.0453,17.19,17.19,5670,0
20160726,17.1518,17.35,17.11,17.2,4406,0
20160727,17.9299,17.9299,16.87,17.12,5220,0
20160728,17.12,17.4157,16.59,16.59,1272,0
20160729,16.505,17.13,16.25,17.13,13793,0
20160801,17.07,17.15,16.82,16.95,17338,0
20160802,16.99,17.17,16.8501,17.01,19360,0
20160803,17.04,17.35,17.04,17.09,3700,0
20160804,17.09,17.35,17.09,17.34,6716,0
20160805,17.4499,17.4499,17.08,17.08,6500,0
20160808,17.03,17.2899,16.99,17.2,3096,0
20160809,17.01,17.29,17.01,17.08,12150,0
20160810,16.99,17.19,16.92,17.19,25933,0
20160811,17.1668,17.2,17.01,17.2,5065,0
20160812,17.23,17.3499,17.01,17.01,6480,0
20160815,17.19,17.35,17.11,17.33,17876,0
20160816,17.34,17.34,17.064,17.26,17949,0
20160817,17.04,17.2499,17.04,17.2,2605,0
20160818,17.2,17.3199,17.0501,17.233,4080,0
20160819,17.219,17.31,17.18,17.3,17800,0
20160822,17.32,17.32,17.2,17.265,4192,0
20160823,17.32,17.75,17.21,17.21,30826,0
20160824,17.2,17.2,17,17.16,10877,0
20160825,17.2001,17.439,17.0301,17.1,4932,0
20160826,16.99,17.05,16.5,17.05,53814,0
20160829,17.05,17.25,16.84,17.25,20037,0
20160830,17.39,17.39,17.05,17.22,6200,0
20160831,17.02,17.34,16.99,17.34,8019,0
20160901,17.2693,17.2693,17.02,17.1,8950,0
20160902,17.4,17.4,17.1322,17.1322,2089,0
20160906,17.33,17.52,17.2,17.436,26432,0
20160907,17.5,17.52,17.35,17.35,12319,0
20160908,17.3,17.35,17,17.06,24570,0
20160909,17,17.0851,16.9001,17.0006,18430,0
20160912,16.8501,17.2,16.3432,17.08,10040,0
20160913,16.5801,16.75,16.2701,16.56,8147,0
20160914,16,16.35,15.29,15.55,54614,0
20160915,15.5646,15.8087,14.89,14.99,14325,0
20160916,15.26,15.7499,14.98,15.5,18234,0
20160919,15.59,16.36,15.4899,16.36,9494,0
20160920,16,16.82,16,16.82,12838,0
20160921,17.31,17.31,16.57,16.65,13108,0
20160922,16.81,17.3499,16.75,16.75,7092,0
20160923,16.85,17.25,16.85,17.24,6782,0
20160926,17.0001,17.22,17,17.1101,6302,0
20160927,17.11,17.29,17.0201,17.15,6140,0
20160928,17.12,17.29,16.9,17.14,34259,0
20160929,17.13,17.1501,16.93,17.02,8851,0
20160930,16.95,17.3,16.89,17.12,16018,0
20161003,17.3099,17.3099,16.95,17.09,7737,0
20161004,17.1,17.14,16.91,17.14,5882,0
20161005,17.14,17.31,16.995,17.15,11431,0
20161006,17.16,17.2,17.01,17.15,9509,0
20161007,17.05,17.2499,17.05,17.2499,1302,0
20161010,17.23,17.35,16.95,17.15,13513,0
20161011,17.0868,17.09,16.95,17.02,4008,0
20161012,16.69,16.89,16.247,16.89,13180,0
20161013,16.36,16.715,15.11,15.65,17815,0
20161014,15.32,15.65,14.74,15.1,24306,0
20161017,15,15.48,14.975,15.04,5292,0
20161018,15.008,15.48,15.005,15.43,6760,0
20161019,15.55,15.99,15.105,15.3935,5794,0
20161020,15.4,15.4899,15.25,15.32,2705,0
20161021,15.6,15.6,15.323,15.49,7775,0
20161024,15.5,15.5,15,15.15,7994,0
20161025,15.1,15.21,14.8,15.1755,3440,0
20161026,14.9501,15.11,14.24,14.89,13821,0
20161027,14.8905,15.1,14.8501,15.0899,6545,0
20161028,15.09,15.09,15,15.07,1375,0
20161031,15,15.31,14.85,15.31,1000,0
20161101,14.65,15.1244,14.52,14.53,2231,0
20161102,14.784,15,14.61,14.946,9501,0
20161103,14.6,14.7127,14.55,14.55,8280,0
20161104,15.13,15.14,14.56,15,3593,0
20161107,15.12,15.144,14.6,14.61,4985,0
20161108,15.0153,15.0153,14.7099,14.7099,2415,0
20161109,14.81,15.15,14.6,14.78,8080,0
20161110,15,15.34,14.87,15.25,6430,0
20161111,15.34,16.1252,15.34,15.95,12995,0
20161114,15.9,16.595,15.9,16.23,10007,0
20161115,16.35,16.9799,16.21,16.9,24329,0
20161116,17.12,17.69,16.62,16.7,93965,0
20161117,17,17,15.015,15.87,16445,0
20161118,15.86,16.58,15.54,15.78,6871,0
20161121,16.34,16.96,16.11,16.59,14444,0
20161122,16.64,16.64,16.13,16.25,4274,0
20161123,16.02,16.12,15.57,16.07,4844,0
20161125,16.35,16.35,16.35,16.35,100,0
20161128,16.34,16.34,15.4054,15.5,5970,0
20161129,16.17,16.17,15.8,15.8,5086,0
20161130,15.7,16.25,14.8,14.8,11197,0
20161201,16.07,16.07,15.2,15.56,6324,0
20161202,15.77,15.77,15.25,15.48,5974,0
20161205,15.49,15.5825,15.2739,15.41,7419,0
20161206,15.1,15.59,15.1,15.59,600,0
20161207,15.7096,15.7096,15.4,15.4,1488,0
20161208,15.5227,15.602,15.39,15.6,6620,0
20161209,15.3,15.641,15.207,15.48,2650,0
20161212,15.479,15.48,15.15,15.45,13905,0
20161213,15.151,15.5,15.151,15.5,1082,0
20161214,15.7499,15.7499,15.46,15.55,1675,0
20161215,15.585,16.27,15.55,16,8532,0
20161216,15.4301,16.25,15.4301,16.19,4152,0
20161219,16.14,16.14,15.7943,15.94,3604,0
20161220,15.611,15.92,15.611,15.85,5064,0
20161221,15.93,16.18,15.5175,16.17,8513,0
20161222,16.0309,16.1,15.95,15.96,8613,0
20161223,15.6238,16.0495,15.6238,16,5952,0
20161227,16.12,16.52,16.05,16.48,16879,0
20161228,16.64,16.64,16.05,16.12,10231,0
20161229,16.13,16.5,16.08,16.08,6212,0
20161230,16.101,16.55,16.1,16.41,11425,0
20170103,16.46,17.25,16.46,17.24,35820,0
20170104,17.24,17.5,17.0262,17.47,14271,0
20170105,17.53,17.92,17.53,17.64,36907,0
20170106,17.95,17.98,17.79,17.83,17574,0
20170109,17.99,18.017,17.84,17.85,39039,0
20170110,17.9,18.0468,17.827,17.87,25354,0
20170111,17.77,17.94,17.5,17.6,21634,0
20170112,17.53,17.92,17.5,17.66,10610,0
20170113,17.8,17.84,17.6,17.6,5915,0
20170117,17.7,17.87,17.455,17.809,12851,0
20170118,17.88,18.28,17.6125,17.89,17882,0
20170119,18.11,18.23,17.3,18.03,13510,0
20170120,18.05,18.43,17.9243,18.4,26879,0
20170123,18.399,19.71,18.356,19.32,33452,0
20170124,19.2731,19.2731,18.7882,19.01,6911,0
20170125,19.2227,19.3799,19.1503,19.2209,4100,0
20170126,19.2104,19.25,19,19.25,4037,0
20170127,19.19,19.192,18.8601,18.96,3635,0
20170130,18.96,19.19,18.52,18.63,14689,0
20170131,18.63,19.14,18.5814,19.13,2510,0
20170201,18.6501,19.16,18.65,18.98,11699,0
20170202,19.0713,19.09,18.6601,19.03,5100,0
20170203,19.1,19.1,18.6535,18.989,3546,0
20170206,19,19,18.66,18.8,9313,0
20170207,18.9,18.9,18.7501,18.9,2194,0
20170208,18.69,18.96,18.6101,18.93,3161,0
20170209,18.88,18.88,18.631,18.64,5388,0
20170210,18.65,18.9718,18.65,18.9718,9132,0
20170213,18.8382,18.8613,18.65,18.7001,3511,0
20170214,18.96,19,18.62,18.8547,11006,0
20170215,18.89,18.99,18.63,18.9276,21853,0
20170216,18.94,18.94,18.801,18.89,6847,0
20170217,18.81,18.95,18.81,18.95,8694,0
20170221,18.97,19.09,18.86,18.89,48876,0
20170222,18.9,18.9407,18.84,18.85,8895,0
20170223,18.8,18.8,18.65,18.7,9471,0
20170224,18.71,18.71,18.25,18.4,10205,0
20170227,18.6083,18.65,18.22,18.22,3455,0
20170228,18.22,18.29,17.99,18,12319,0
20170301,17.99,18.165,17.72,18.04,11561,0
20170302,18.2285,18.2285,18.089,18.089,1985,0
20170303,18.05,18.25,18.05,18.2499,4723,0
20170306,18.24,18.59,18.2081,18.59,10813,0
20170307,18.6,18.85,18.6,18.82,9160,0
20170308,18.82,18.82,18.6301,18.7819,1865,0
20170309,18.77,18.78,18.36,18.49,6020,0
20170310,18.43,18.59,18.4001,18.59,1700,0
20170313,18.7,18.9,18.7,18.9,11188,0
20170314,18.75,19.05,18.75,18.9624,8268,0
20170315,18.9626,19,18.76,18.96,22732,0
20170316,19.07,19.184,18.94,18.94,31807,0
20170317,18.9,19.07,18.85,18.96,11731,0
20170320,18.96,19.0344,18.85,19.03,5249,0
20170321,19.15,19.15,18.6785,19.03,1893,0
20170322,19.13,19.13,18.75,18.75,12786,0
20170323,18.97,19.19,18.8236,19.13,13795,0
20170324,19.2,19.89,19.2,19.87,33351,0
20170327,19.75,20.4,19.54,20,14179,0
20170328,20.1,21.26,20.1,20.75,29247,0
20170329,20.75,21.4,20.501,21.26,21508,0
20170330,21.65,21.65,21.25,21.26,29974,0
20170331,21.65,22.2,21.26,21.93,18395,0
20170403,21.96,22.7164,21.96,22.3696,15760,0
20170404,22.32,22.99,22.32,22.7,23685,0
20170405,22.7,22.7,21.9,21.98,16448,0
20170406,21.95,22.39,21.95,22.11,12103,0
20170407,22.54,22.9799,22.48,22.69,30009,0
20170410,22.65,22.65,22.018,22.52,8272,0
20170411,22.19,22.19,21.2713,21.8977,4180,0
20170412,21.5158,21.852,21.31,21.69,5110,0
20170413,21.58,21.6,21.23,21.47,10846,0
20170417,21.21,21.84,21.21,21.84,5843,0
20170418,21.31,21.31,20.75,20.89,20636,0
20170419,21.12,22.15,21.12,21.99,36149,0
20170420,22,22,20.99,21.9299,26302,0
20170421,21.8,22.25,21.2065,22.223,33495,0
20170424,22.3,22.3,21.72,21.95,13351,0
20170425,22.44,22.499,21.5301,21.85,10557,0
20170426,21.94,22.2,21.2346,22.05,13094,0
20170427,22.15,22.3799,22.06,22.37,2800,0
20170428,22.25,22.3899,22.05,22.08,3343,0
20170501,22.07,22.25,21.5564,22.25,9339,0
20170502,22.25,22.25,21.5423,21.86,5987,0
20170503,21.8957,21.8957,21.51,21.76,5755,0
20170504,21.89,21.89,21.34,21.46,23610,0
20170505,21.54,21.55,21.3984,21.4669,6452,0
20170508,21.4,22.24,21.4,22.24,6154,0
20170509,21.95,22.24,21.87,22.18,5635,0
20170510,22.14,22.1799,21.8648,22.14,8012,0
20170511,22.18,22.18,21.84,22.077,2800,0
20170512,22.24,22.24,21.89,22.04,7257,0
20170515,21.87,22.0456,21.87,22,14148,0
20170516,22.05,22.05,21.89,22.04,5393,0
20170517,22.15,22.15,21.9,21.9,809,0
20170518,22,22.14,21.5,22.14,16140,0
20170519,22.24,22.24,21.92,22.1968,2464,0
20170522,22.2,22.21,22,22.1115,5261,0
20170523,22.25,22.39,22.1159,22.31,14052,0
20170524,22.42,22.49,22.1,22.3999,4384,0
20170525,22.27,22.42,22.1677,22.3867,2169,0
20170526,22.2843,22.31,22.2843,22.31,1205,0
20170530,22.193,22.3869,21.9088,22.1,3992,0
20170531,22.41,22.41,21.6636,21.96,4995,0
20170601,22.167,22.167,21.62,21.98,5053,0
20170602,21.9574,21.9574,21.51,21.8,17266,0
20170605,21.01,21.91,21,21.91,21340,0
20170606,21.5,21.85,21.5,21.85,1392,0
20170607,21.6672,21.6672,21.4,21.5,3866,0
20170608,21.549,21.75,21.4725,21.75,5211,0
20170609,21.7648,22.17,21.7648,21.9341,11017,0
20170612,22.13,22.13,21.95,22.06,1480,0
20170613,22.1281,22.13,22.1281,22.13,1050,0
20170614,22.13,22.13,21.8094,22.084,826,0
20170615,22.124,22.15,21.22,21.22,10995,0
20170616,22.05,22.1,21.55,21.9,2525,0
20170619,21.9,21.9681,21.18,21.75,8999,0
20170620,21.75,21.92,21.75,21.8,2127,0
20170621,22,22.12,21.5155,21.98,5815,0
20170622,22.05,22.21,22.05,22.1008,6092,0
20170623,22.1,22.2,22.1,22.1,14599,0
20170626,22.2,22.2,22,22,8691,0
20170627,22.42,22.42,21.7532,22.1,7928,0
20170628,22.54,22.54,22,22.39,22355,0
20170629,22.42,22.42,21.75,22.39,3828,0
20170630,22.05,22.27,21.9635,22.1946,5340,0
20170703,22.47,22.47,22.02,22.0245,7991,0
20170705,22.49,22.49,22.074,22.32,10256,0
20170706,22.07,22.25,22.07,22.08,3909,0
20170707,22.25,22.5,21.99,22.25,6605,0
20170710,22.2013,22.35,22.1,22.29,4205,0
20170711,22.23,22.3231,21.8065,22.3231,7521,0
20170712,21.82,21.83,21.52,21.6773,7366,0
20170713,21.55,21.77,21.5,21.6,5209,0
20170714,21.58,21.58,21.5601,21.5601,2016,0
20170717,21.56,21.86,21.56,21.83,6359,0
20170718,21.8309,21.91,21.7201,21.89,9560,0
20170719,21.81,21.837,21.71,21.7654,2750,0
20170720,21.99,22.02,21.5332,22,6279,0
20170721,21.6001,21.94,21.6001,21.81,2120,0
20170724,22,22,21.8,21.8,3832,0
20170725,21.96,21.96,21.8235,21.905,3790,0
20170726,21.96,22.5,21.78,22.46,8747,0
20170727,22.33,22.33,21.9,21.9,16876,0
20170728,22.1,22.1,21.66,21.84,17654,0
20170731,22.01,22.0499,21.909,21.96,3304,0
20170801,21.99,22,21.71,21.9799,1960,0
20170802,21.9313,21.9313,21.7001,21.7001,900,0
20170803,21.82,22.05,21.72,21.8799,13440,0
20170804,21.88,21.88,21.7818,21.7818,2213,0
20170807,22.09,22.13,21.93,21.95,7126,0
20170808,22.24,22.25,21.8,21.8553,10203,0
20170809,22.25,22.25,22.0554,22.0554,1516,0
20170810,22.05,22.06,21.7,21.7,11497,0
20170811,22,22,21.63,21.9,6266,0
20170814,21.95,22.25,21.95,22.15,2617,0
20170815,22.12,22.2,21.7501,21.9,2658,0
20170816,22.1015,22.2059,22,22.2059,2840,0
20170817,21.95,22.129,21.95,22.034,3056,0
20170818,22.13,22.14,21.9,21.9,12472,0
20170821,21.94,22.1328,21.85,21.85,9496,0
20170822,22.28,22.28,22,22.14,18599,0
20170823,22.14,22.2,21.9947,22.1399,4369,0
20170824,22.2399,22.24,22.05,22.2221,2595,0
20170825,22.28,22.35,22.1943,22.35,10104,0
20170828,22.35,22.35,22.261,22.27,5391,0
20170829,21.5801,22.35,21.5801,22.35,6399,0
20170830,21.7147,22.3399,21.7147,21.93,8600,0
20170831,22.0359,22.2,22.0359,22.13,1265,0
20170901,22.2,22.5,22.0721,22.12,16646,0
20170905,22.12,22.83,22.12,22.65,18705,0
20170906,22.65,23.72,22.6221,22.7041,5948,0
20170907,22.67,22.68,22.67,22.68,200,0
20170908,22.27,22.75,22.27,22.75,12077,0
20170911,23.39,23.43,23.39,23.43,231,0
20170912,23.3,23.3,23.086,23.25,1150,0
20170913,23.25,23.2899,23.0908,23.2315,1670,0
20170914,23.15,23.15,23.0198,23.139,9359,0
20170915,23.103,23.18,23.0001,23.1799,8379,0
20170918,23.3,23.37,23.1501,23.34,10914,0
20170919,23.32,23.39,23.151,23.38,11969,0
20170920,23.41,23.5931,23.41,23.41,6142,0
20170921,23.4781,23.58,23.2301,23.53,3407,0
20170922,23.43,23.58,23.43,23.58,13022,0
20170925,23.513,23.5622,23.484,23.5499,7063,0
20170926,23.62,23.8,23.62,23.68,15223,0
20170927,23.7,23.77,23.57,23.7489,12911,0
20170928,23.7628,24.4,23.76,24.19,8857,0
20170929,24,24.2,23.99,24.06,5783,0
20171002,24.15,24.5136,24.15,24.4512,7914,0
20171003,24.6599,24.75,24.52,24.69,14723,0
20171004,24.69,24.71,24.55,24.65,3064,0
20171005,24.65,24.8488,24.55,24.7308,9598,0
20171006,24.66,24.75,24.57,24.68,6545,0
20171009,24.6,24.75,24.6,24.684,6600,0
20171010,24.76,24.76,24.68,24.69,11675,0
20171011,24.75,24.75,24.6775,24.7,9284,0
20171012,24.29,24.3929,24.0321,24.29,8894,0
20171013,24.24,24.24,23.758,24.1199,10030,0
20171016,24.09,24.18,24.02,24.18,5690,0
20171017,24.2,24.3,24,24.1074,11125,0
20171018,24.26,24.26,23.64,23.7,10962,0
20171019,23.7,23.7,23.45,23.55,14602,0
20171020,23.5,23.98,23.5,23.74,6108,0
20171023,24.23,24.434,24.16,24.2,17629,0
20171024,24.21,24.4753,24.15,24.35,13522,0
20171025,24.35,24.654,24.35,24.5,20125,0
20171026,24.26,24.5,24.2555,24.4403,15856,0
20171027,24.3,24.3,24.1512,24.3,12879,0
20171030,24.1268,24.2119,24.021,24.03,3309,0
20171031,24.2999,24.2999,24.0926,24.186,8210,0
20171101,24.25,24.25,24.15,24.15,3187,0
20171102,24.18,24.209,23.7325,23.9722,9075,0
20171103,24.08,24.2943,24.08,24.18,4781,0
20171106,24.25,24.5,24.25,24.41,16248,0
20171107,24.41,24.4649,24.21,24.3,5688,0
20171108,24.4,24.4,24.0781,24.34,6771,0
20171109,24.3009,24.3009,24.3009,24.3009,2270,0
20171110,24.25,24.25,24.02,24.25,4446,0
20171113,24.11,24.2132,24.1,24.19,5100,0
20171114,24.12,24.1609,23.93,23.93,22438,0
20171115,24.0195,24.02,23.45,23.54,4385,0
20171116,23.56,24.18,23.56,23.8,2665,0
20171117,24,24,23.65,23.65,8287,0
20171120,23.7,23.889,23.53,23.53,8174,0
20171121,23.77,23.77,23.6304,23.6631,4558,0
20171122,23.7808,24.2,23.7808,24.08,42801,0
20171124,24.1,24.1,24.1,24.1,500,0
20171127,24.09,24.2,23.791,23.791,6048,0
20171128,24.2499,24.46,24.2499,24.46,14075,0
20171129,24.45,24.5,24.13,24.23,11228,0
20171130,24.69,24.69,24.16,24.39,14356,0
20171201,24.29,24.3,24.1,24.3,6340,0
20171204,24.29,24.3,24.29,24.3,4106,0
20171205,24.3,24.3788,24.2914,24.3788,4273,0
20171206,24.3269,24.3476,24.25,24.2543,2792,0
20171207,24.26,24.26,23.8003,24.1234,6454,0
20171208,24.13,24.14,24.13,24.133,2251,0
20171211,24.01,24.15,24.01,24.109,5352,0
20171212,24.05,24.23,24.042,24.23,9430,0
20171213,24.33,24.42,24.16,24.16,1481,0
20171214,24.3606,24.3606,24.2145,24.3211,5443,0
20171215,24.29,24.3445,24.16,24.33,7653,0
20171218,24.2,24.3,24.1078,24.27,4160,0
20171219,24.2185,24.2185,24.2185,24.2185,500,0
20171220,24.3524,24.3524,24.2,24.3416,2497,0
20171221,24.17,24.42,24.17,24.35,2223,0
20171222,24.4,24.42,24.35,24.35,1553,0
20171226,24.41,24.6628,24.41,24.52,13772,0
20171227,24.58,24.652,24.55,24.652,5352,0
20171228,24.6,24.8209,24.6,24.624,9290,0
20171229,24.54,24.88,24.54,24.81,6730,0
20180102,24.89,24.89,24.7,24.7706,7506,0
20180103,24.8406,25.1203,24.75,24.87,18946,0
20180104,24.89,24.9,24.795,24.8648,3165,0
20180105,24.72,24.88,24.65,24.65,7090,0
20180108,24.85,24.85,24.75,24.82,2858,0
20180109,25.04,25.04,24.75,24.89,20466,0
20180110,24.74,24.94,24.7,24.94,8863,0
20180111,24.44,24.44,24.1642,24.2828,5438,0
20180112,24.29,24.3526,24.29,24.3185,1143,0
20180116,24.46,24.46,24.16,24.42,3728,0
20180117,24.3327,24.3327,24.09,24.09,11077,0
20180118,24.08,24.11,23.5275,23.8795,16231,0
20180119,23.82,23.885,23.75,23.885,14515,0
20180122,23.8203,23.8203,23.65,23.7245,8203,0
20180123,23.73,23.88,23.73,23.8379,2936,0
20180124,23.89,23.89,23.69,23.69,6773,0
20180125,23.8099,23.8099,23.64,23.64,5223,0
20180126,23.62,23.7075,23.6,23.6276,9842,0
20180129,23.58,23.72,23.48,23.4801,4065,0
20180130,23.6692,23.72,23.5,23.5,1790,0
20180131,23.25,23.36,23.25,23.3,876,0
20180201,23.2,23.2,23,23.1391,5278,0
20180202,23,23,21.86,22.6,19743,0
20180205,22.6,23.09,22.58,22.83,13042,0
20180206,22.75,23.38,22.545,23.38,8570,0
20180207,23.38,23.38,22.82,22.82,4043,0
20180208,22.82,23.44,22.82,23.2,5166,0
20180209,23.56,23.8281,23.375,23.77,8028,0
20180212,23.8403,23.9353,23.8403,23.9353,1667,0
20180213,23.94,24.1053,23.94,24.06,7580,0
20180214,24.1,24.1036,22.83,23.5,9613,0
20180215,23.8953,24.1022,23.8953,23.9,4692,0
20180216,23.8587,23.9123,23.8587,23.9123,1169,0
20180220,23.6865,23.8476,23.55,23.8476,2515,0
20180221,23.97,24.1399,23.85,24.1399,6191,0
20180222,24.15,24.4231,24.15,24.4231,5739,0
20180223,23.6097,24.113,23.5847,24.05,12078,0
20180226,23.9768,24.21,23.8565,24.21,6901,0
20180227,24.19,24.89,24.19,24.5,16071,0
20180228,24.5,24.53,24.5,24.53,2709,0
20180302,24.4,24.5475,24.1997,24.41,11089,0
20180305,24.4648,24.6947,24.4648,24.6,4397,0
20180306,24.787,24.82,24.0697,24.3893,18731,0
20180307,24.51,24.51,24.2989,24.38,3066,0
20180308,24.38,24.413,24.38,24.413,1534,0
20180309,24.45,24.9,24.37,24.55,6100,0
20180312,24.5816,24.7,24.5816,24.7,2207,0
20180314,24.703,24.703,24.5948,24.5948,1004,0
20180315,24.4602,24.7499,24.4602,24.6399,10815,0
20180316,24.6058,24.69,24.4292,24.69,4341,0
20180319,24.62,24.705,24.58,24.6,5433,0
20180320,24.649,24.6601,24.604,24.604,5600,0
20180321,24.61,24.699,24.61,24.66,3007,0
20180322,24.58,24.7,24.4209,24.7,6559,0
20180323,24.43,24.6453,23.9,24,4700,0
20180326,24.02,24.331,23.6,24.331,6237,0
20180327,24.5,24.5,24.05,24.16,5077,0
20180328,24.473,24.473,24.1332,24.4618,912,0
20180329,24.39,24.52,24.39,24.5098,3430,0
20180402,24.36,24.52,24.05,24.28,2216,0
20180403,24.28,24.51,24.28,24.51,2646,0
20180404,24.4999,24.5,24.3798,24.38,5290,0
20180405,24.3801,24.3801,24.24,24.35,8918,0
20180406,24.26,24.55,24.05,24.55,16002,0
20180409,24.51,24.528,24.251,24.251,6032,0
20180410,24.31,24.6,24.261,24.59,7545,0
20180411,24.59,24.59,24.2748,24.35,5522,0
20180412,23.98,24.48,23.97,24.48,10407,0
20180413,24.34,24.4967,24.16,24.47,2552,0
20180416,24.06,24.4018,24.04,24.1101,5639,0
20180417,24.12,24.224,24.01,24.0891,14751,0
20180418,24.1598,24.1998,24.0522,24.0884,2573,0
20180419,24.14,24.2277,24.14,24.2277,1061,0
20180420,24.283,24.283,24.24,24.2448,2822,0
20180423,24.2148,24.2148,24.16,24.161,813,0
20180424,24.1504,24.1684,23.97,24,3315,0
20180425,24.0803,24.0803,23.6,23.7,11036,0
20180426,23.9925,23.9925,23.9925,23.9925,162,0
20180427,23.8444,24.16,23.8,24.16,6553,0
20180430,24.0363,24.042,24.0363,24.042,585,0
20180501,24.24,24.24,24.0359,24.0359,1883,0
20180502,24.04,24.04,24.03,24.0392,1039,0
20180503,23.8,23.8,23.8,23.8,1000,0
20180504,23.8925,24.29,23.8925,23.91,1564,0
20180507,24.152,24.152,24.152,24.152,187,0
20180508,24.3012,24.3012,24.169,24.169,1094,0
20180509,24.171,24.3492,24.1608,24.24,4814,0
20180510,24.318,24.4,24.318,24.39,4738,0
20180511,24.1971,24.45,24.1971,24.45,2980,0
20180514,24.4799,24.4799,24.411,24.411,1080,0
20180515,24.25,24.25,23.8422,23.85,14515,0
20180516,24,24.0101,23.7,23.7,14394,0
20180517,23.84,24.1401,23.8194,24.1401,7077,0
20180518,24.2982,24.6404,24.285,24.51,9122,0
20180521,24.6012,24.6035,24.5,24.5,6317,0
20180522,24.5,24.7,24.5,24.699,3730,0
20180523,24.57,24.69,24.55,24.69,3355,0
20180524,24.57,24.679,24.5,24.58,3892,0
20180529,24.58,24.7,24.58,24.631,5150,0
20180530,24.7,24.7,24.58,24.6185,1532,0
20180531,24.7,24.92,24.7,24.85,6267,0
20180601,24.9,24.9,24.5434,24.5605,4348,0
20180604,24.75,24.9,24.5667,24.8261,4153,0
20180605,24.8,24.88,24.7261,24.85,5746,0
20180606,24.81,24.94,24.736,24.94,10715,0
20180607,24.9,25,24.9,24.9572,9335,0
20180608,24.9,24.9,24.88,24.88,818,0
20180611,24.88,25,24.87,25,5036,0
20180612,25,25,24.98,24.984,1795,0
20180613,24.8869,24.99,24.86,24.9044,2586,0
20180614,24.8848,24.9,24.86,24.9,3875,0
20180615,24.9,24.95,24.9,24.935,3929,0
20180618,24.9254,25,24.9254,24.9899,3529,0
20180619,24.9229,25,24.9229,24.9675,3000,0
20180620,24.941,24.941,24.92,24.94,2183,0
20180621,24.989,25,24.915,24.92,4127,0
20180622,24.88,25,24.88,25,13080,0
20180625,25.02,25.02,24.94,25,2747,0
20180626,24.94,24.94,24.94,24.94,1070,0
20180627,25,25.05,24.87,24.87,6432,0
20180628,24.9,24.9,24.77,24.77,5186,0
20180629,24.8,25.2223,24.77,25.2,12342,0
20180702,25.19,25.21,25.13,25.15,10135,0
20180703,25.097,25.152,24.9797,25.15,5548,0
20180705,25.0598,25.3,25.0598,25.2525,8254,0
20180706,25.2975,25.4,25.24,25.4,4807,0
20180709,25.49,25.52,25.35,25.5088,5992,0
20180710,25.519,25.69,25.463,25.69,7417,0
20180711,25.75,25.8,25.691,25.8,9441,0
20180712,25.18,25.3,25.0601,25.21,7808,0
20180713,25.15,25.15,25,25.085,3618,0
20180716,25.14,25.14,24.7827,24.8394,6161,0
20180717,24.99,25.0444,24.7184,24.9001,14995,0
20180718,24.95,24.95,24.8169,24.85,8210,0
20180719,24.82,24.95,24.75,24.83,2954,0
20180720,24.85,24.85,24.83,24.85,1201,0
20180723,24.89,24.89,24.204,24.65,15262,0
20180724,24.41,24.77,24.41,24.74,5996,0
20180725,24.74,24.769,24.5,24.7,29082,0
20180726,24.7,24.7899,24.3,24.3,15049,0
20180727,24.4,24.6974,24.4,24.5,2678,0
20180730,24.51,24.62,24.41,24.43,3395,0
20180731,24.33,24.6419,21.3,24.6409,7590,0
20180801,24.3,24.67,24.3,24.67,9450,0
20180802,24.68,24.69,24.5686,24.5686,2482,0
20180803,24.839,24.839,24.1414,24.63,3202,0
20180806,24.6644,24.67,24.3501,24.55,8214,0
20180807,24.72,24.789,24.55,24.77,7301,0
20180808,24.51,24.53,24.4,24.4999,2618,0
20180809,24.4,24.4,24.35,24.4,5600,0
20180810,24.4,24.4,24.4,24.4,177,0
20180813,24.5027,24.6128,24.5,24.5397,1914,0
20180814,24.55,24.6812,24.45,24.6812,2112,0
20180815,24.71,24.71,24.4,24.4042,8774,0
20180816,24.41,24.625,24.392,24.625,6566,0
20180817,24.69,24.75,24.5554,24.69,24551,0
20180820,24.68,24.68,24.567,24.567,443,0
20180821,24.7,24.72,24.669,24.669,1530,0
20180822,24.72,25.03,24.72,25.02,9023,0
20180823,24.99,25,24.82,24.99,4660,0
20180824,24.8506,24.8506,24.8506,24.8506,1060,0
20180827,25.0973,25.0973,25.0973,25.0973,200,0
20180828,25.1,25.13,25.0063,25.0063,3298,0
20180829,25.1,25.1,24.93,25,6410,0
20180830,25.05,25.05,24.9515,25.05,3574,0
20180831,25,25.0754,25,25.05,1734,0
20180904,25.042,25.1,25.042,25.0499,2055,0
20180905,25.024,25.05,25.024,25.05,697,0
20180906,25,25,24.98,24.98,9480,0
20180907,24.98,24.98,24.88,24.89,6210,0
20180910,24.88,24.92,24.88,24.92,2224,0
20180911,24.9,25,24.8573,24.8999,5698,0
20180912,24.85,24.9,24.52,24.52,29243,0
20180913,24.8,24.8,24.68,24.68,2924,0
20180914,24.62,24.7036,24.6001,24.65,4258,0
20180917,24.53,24.6198,24.5,24.57,6135,0
20180918,24.585,24.5899,24.55,24.58,3712,0
20180919,24.5501,24.6637,24.5501,24.6302,2004,0
20180920,24.7,24.7,24.5905,24.5905,2180,0
20180921,24.614,24.7,24.614,24.7,2144,0
20180924,24.9221,24.9221,24.9221,24.9221,248,0
20180925,24.72,25.054,24.7,25,3348,0
20180926,25.03,25.03,24.8098,24.8098,2958,0
20180927,24.9793,25.04,24.9487,24.9744,1485,0
20180928,24.9115,25.1154,24.9115,25.1154,8451,0
20181001,25.0112,25.1,24.8904,25.012,3360,0
20181002,24.9148,25.15,24.9148,25.0758,3748,0
20181003,25.05,25.25,25.05,25.18,7412,0
20181004,25.25,25.25,25.0827,25.1314,8705,0
20181005,25.151,25.25,25.1501,25.19,2044,0
20181008,25.2501,25.37,25.2197,25.2815,5252,0
20181009,25.34,25.4875,25.2896,25.4875,8505,0
20181010,25.62,25.62,25.17,25.2601,13190,0
20181011,24.94,24.94,24.7505,24.9207,3161,0
20181012,24.92,24.92,24.6206,24.7491,6330,0
20181015,24.75,24.75,24.3429,24.3593,5895,0
20181016,24.4899,24.5,24.3621,24.5,5829,0
20181017,24.59,24.59,24.3,24.3,2260,0
20181018,24.27,24.5373,24.21,24.35,3050,0
20181019,24.3,24.48,24.2001,24.31,1361,0
20181022,24.2427,24.2734,24.2427,24.2734,430,0
20181023,24.04,24.25,24.02,24.25,1409,0
20181024,24.25,24.34,24.1676,24.2,2291,0
20181025,24.35,24.9551,24.35,24.84,11384,0
20181026,24.5739,24.5739,24.5739,24.5739,235,0
20181029,24.57,24.57,24.35,24.35,4200,0
20181030,24.99,24.99,24.25,24.99,5171,0
20181031,24.3,24.6632,24.2501,24.6632,2260,0
20181101,24.72,24.72,24.4087,24.63,2224,0
20181102,24.5831,24.5831,24.5,24.57,1440,0
20181105,24.6353,24.68,24.6353,24.68,2339,0
20181106,24.7681,24.7681,24.7681,24.7681,159,0
20181107,24.89,24.89,24.89,24.89,233,0
20181108,24.89,24.89,24.89,24.89,100,0
20181109,24.6841,24.6841,24.51,24.51,320,0
20181112,25.04,25.04,24.66,24.75,5088,0
20181113,24.53,24.7131,24.5,24.7131,7890,0
20181114,24.7,24.715,24.68,24.68,1190,0
20181115,24.5,24.52,24.2501,24.35,2642,0
20181116,24.3499,24.3499,24.25,24.25,944,0
20181119,24.67,24.67,24.0981,24.334,2504,0
20181120,24.08,24.2003,22.3159,23.1765,18846,0
20181121,23.17,23.79,22.935,23.79,4719,0
20181123,24.051,24.5,23.75,23.75,8254,0
20181126,23.9033,24.26,23.8,24.26,5171,0
20181127,24.26,24.4258,24.24,24.35,10930,0
20181128,24.26,24.55,24.2,24.4,3150,0
20181129,24.46,24.75,24.4,24.415,10302,0
20181130,24.25,24.25,24.25,24.25,175,0
20181203,24.7,24.7,24.25,24.4814,7596,0
20181204,24.43,24.7352,24.43,24.4734,2212,0
20181206,24.15,24.74,23.8,23.9,5604,0
20181207,24.4551,24.6307,23.8,24.6307,4493,0
20181210,23.9291,24.175,23.851,24.1307,3203,0
20181211,24.25,24.25,23.6935,23.6935,4281,0
20181212,23.8256,24.1399,23.8256,24,5880,0
20181213,24,24,23.7527,24,1740,0
20181214,23.52,24.1,23.52,23.63,5887,0
20181217,24,24,23.01,23.06,9031,0
20181218,23,23.97,23,23.5,15406,0
20181219,23.7273,23.75,23.03,23.4452,8115,0
20181220,23,23,21.48,21.85,9688,0
20181221,21.5,21.85,20.8839,21.0594,11762,0
20181224,21.06,21.1625,20.25,20.61,2297,0
20181226,21.5843,21.98,21.5237,21.8912,3753,0
20181227,21.75,22.13,21,22.0845,4289,0
20181228,22,22.29,21.8153,22.06,8142,0
20181231,22.97,24.0875,22.96,23.31,7700,0
20190102,23.31,23.8473,23.27,23.46,7379,0
20190103,23.32,24.4818,23.32,24.43,1614,0
20190104,24.4,24.5,24.36,24.4523,2924,0
20190107,24.7,24.7,24.5,24.7,7302,0
20190108,24.69,24.6999,24,24.51,13362,0
20190109,24.0218,24.68,24.0218,24.5782,2690,0
20190110,24.5,24.6999,24.053,24.6103,4274,0
20190111,24.21,24.3,24.1135,24.1803,2253,0
20190114,24.6,24.6,24.06,24.1,3177,0
20190115,24.43,24.43,23.9765,24.0001,1870,0
20190116,24.05,24.4425,24,24.1,1687,0
20190117,24.02,24.0899,23.64,23.935,5114,0
20190118,23.8112,24.0602,23.52,24,10460,0
20190122,23.7,23.7,23.6294,23.6294,736,0
20190123,24.06,24.06,24.06,24.06,200,0
20190124,23.651,23.8469,23.651,23.8338,778,0
20190125,23.7,23.7,23.7,23.7,1366,0
20190128,23.7783,23.7783,22.79,23,6571,0
20190129,23.23,23.3,23.2,23.299,1240,0
20190130,23.3,23.3193,23.01,23.1,5644,0
20190131,23.55,23.55,23.25,23.399,2911,0
20190201,23.3925,23.3925,23.05,23.05,3808,0
20190204,23.11,23.45,23,23.16,5582,0
20190205,23.57,23.57,23.3331,23.3668,550,0
20190206,23.3999,23.4,22.97,22.97,6525,0
20190207,23.1535,23.1535,22.85,22.85,1512,0
20190208,23.25,23.25,22.6,22.6295,5483,0
20190211,23.0069,23.0069,22.6,22.6001,1470,0
20190212,23.3,23.3,23.3,23.3,300,0
20190213,23.3,23.3,22.85,22.8992,3065,0
20190214,22.64,23,22.63,22.9401,2480,0
20190215,22.9808,23,22.9532,22.9532,650,0
20190219,23.05,23.75,23.05,23.75,22247,0
20190220,23.54,23.6,23.4005,23.6,4308,0
20190221,23.6,23.6,23.24,23.26,3466,0
20190222,23.68,24.1,23.3466,23.6464,10603,0
20190225,23.7001,23.82,23.2,23.6,4585,0
20190226,23.601,23.65,23,23.2733,10253,0
20190227,23.21,23.45,23.12,23.25,7757,0
20190228,23.3821,23.45,23.1707,23.3344,3283,0
20190301,23.33,23.45,22.9156,23.42,6955,0
20190304,23.12,23.2417,23.1,23.1,3333,0
20190305,23.25,23.8636,23.25,23.71,3314,0
20190306,23.76,23.8,23.52,23.5826,3376,0
20190307,23.5,23.6825,23.5,23.6825,2166,0
20190308,23.51,23.65,23.5,23.65,5728,0
20190311,23.752,23.78,23.75,23.78,615,0
20190312,23.6825,23.8,23.6825,23.76,1580,0
20190313,23.5001,23.8,23.5,23.7495,2574,0
20190314,23.69,23.69,23,23.3,22761,0
20190315,23.75,23.75,23.17,23.17,3242,0
20190318,23.4,23.401,23.4,23.4,390,0
20190319,23.5,23.8181,23.18,23.25,15018,0
20190320,23.2672,23.3979,23.15,23.2836,2625,0
20190321,23.45,23.45,23.3153,23.3535,4334,0
20190322,23.42,23.44,23.3441,23.364,4256,0
20190325,23.21,23.6,23.21,23.21,4468,0
20190326,23.634,23.634,23.09,23.23,5848,0
20190327,23.5916,23.6972,23.25,23.26,2081,0
20190328,23.64,23.64,23.5,23.5,1275,0
20190329,23.5999,23.6,23.32,23.33,8537,0
20190401,23.58,23.59,23.4,23.59,6195,0
20190402,23.6,23.75,23.5517,23.75,6291,0
20190403,23.85,23.9,23.76,23.9,6374,0
20190404,23.9,24.18,23.9,24.176,11095,0
20190405,24.24,24.25,24.2,24.25,8390,0
20190408,24.2755,24.3265,24.23,24.3,9460,0
20190409,24.295,24.3499,24.1448,24.155,3887,0
20190410,24.36,24.5,24.2212,24.465,10445,0
20190411,24.1,24.1,23.9,23.99,5122,0
20190412,24.0536,24.25,23.83,23.98,9911,0
20190415,23.99,24.21,23.9,24.2,10739,0
20190416,24.16,24.25,24.15,24.155,9558,0
20190417,23.8342,24.25,23.8342,24.105,1639,0
20190418,24.1313,24.1313,24.06,24.105,1495,0
20190422,24.0996,24.0996,24.0591,24.0591,519,0
20190423,24.1718,24.2525,24.1718,24.24,5225,0
20190424,24.23,24.3658,23.79,23.79,6624,0
20190425,23.81,24.22,23.81,24.15,5688,0
20190426,24.1213,24.2,23.83,24.0299,12193,0
20190429,24.0749,24.2717,24.03,24.081,3649,0
20190430,24.08,24.47,24.08,24.2943,7400,0
20190501,24.3,24.31,24.1,24.3,7701,0
20190502,24.25,24.25,24.1192,24.2241,3510,0
20190503,24.23,24.25,24.2296,24.25,3270,0
20190506,24.2,24.2709,24.2,24.2709,1200,0
20190507,24.2999,24.2999,23.94,24,4092,0
20190508,24,24.17,23.9435,24.1014,7826,0
20190509,24.09,24.3,24.09,24.29,3168,0
20190510,24.3,24.5085,24.3,24.45,4317,0
20190513,24.29,24.29,23.9208,24.23,11098,0
20190514,24.25,24.43,24.25,24.427,2275,0
20190515,24.33,24.43,24.1669,24.41,4512,0
20190516,24.42,24.52,24.15,24.4811,10232,0
20190517,24.42,24.46,24.3345,24.4578,5501,0
20190520,24.54,24.55,24.4167,24.4167,2312,0
20190521,24.35,24.5,24.35,24.4314,2758,0
20190522,24.5,24.55,24.371,24.4465,3820,0
20190523,24.4878,24.4878,24.1482,24.34,9450,0
20190524,24.55,24.55,24.1001,24.14,4550,0
20190528,24.1,24.52,24.1,24.33,7487,0
20190529,24.2333,24.413,24.184,24.19,9070,0
20190530,24.3009,24.3009,24.25,24.29,785,0
20190531,24.3,24.415,24.1,24.1123,6386,0
20190603,24.3224,24.3411,24.1,24.15,1615,0
20190604,24.199,24.36,24.1596,24.25,2688,0
20190605,24.2295,24.365,24.211,24.211,2315,0
20190606,24.1921,24.4499,24.1921,24.39,3041,0
20190607,24.55,24.55,24.3538,24.55,2265,0
20190610,24.55,24.55,24.4456,24.4456,1642,0
20190611,24.4789,24.5665,24.4789,24.525,1146,0
20190612,24.54,24.55,24.5,24.5,1538,0
20190613,24.55,24.55,24.5,24.55,4378,0
20190614,24.55,24.63,24.525,24.541,3478,0
20190617,24.646,24.76,24.646,24.76,3664,0
20190618,24.75,24.915,24.6198,24.75,7474,0
20190619,24.73,24.93,24.6262,24.93,1971,0
20190620,24.664,24.8089,24.664,24.8089,2373,0
20190621,24.56,24.8877,24.56,24.8,10385,0
20190624,24.8,24.8,24.75,24.78,5316,0
20190625,24.8,24.8,24.78,24.78,2371,0
20190626,24.75,24.775,24.66,24.66,1843,0
20190627,24.5986,24.71,23.99,24.449,41930,0
20190628,24.79,24.8,24.4152,24.743,3499,0
20190701,24.75,24.81,24.7,24.81,5793,0
20190702,24.9901,25.03,24.8461,25.0163,10254,0
20190703,24.7183,24.9412,24.7183,24.9412,4264,0
20190705,24.943,25.05,24.9,25.05,5734,0
20190708,25.03,25.2267,25.03,25.111,3740,0
20190709,25.05,25.2142,25.0325,25.21,14031,0
20190710,25.1176,25.1772,25.0959,25.1772,5292,0
20190711,24.42,24.8,24.42,24.75,10146,0
20190712,24.64,24.8333,24.64,24.8333,4964,0
20190715,24.7073,24.7754,24.65,24.67,2149,0
20190716,24.7333,24.85,24.7333,24.74,2997,0
20190717,24.8076,24.8219,24.7527,24.82,1576,0
20190718,24.8,24.85,24.8,24.849,3911,0
20190719,24.85,24.85,24.7548,24.829,6691,0
20190722,24.85,24.85,24.78,24.84,3600,0
20190723,24.84,24.95,24.84,24.95,5385,0
20190724,24.95,25,24.8752,25,1428,0
20190725,24.99,25.09,24.9108,24.9108,5200,0
20190726,24.94,25.02,24.94,25.02,3023,0
20190729,24.9889,25.0243,24.98,24.98,6940,0
20190730,24.98,25,24.72,24.9407,10688,0
20190731,25,25,25,25,393,0
20190801,24.9886,25.01,24.95,24.95,1153,0
20190802,24.95,25.02,24.95,25.02,2093,0
20190805,24.96,25.05,24.7412,24.747,4896,0
20190806,24.82,24.95,24.76,24.95,5292,0
20190807,24.7752,24.9067,24.7752,24.8489,1148,0
20190808,24.91,24.95,24.8452,24.9205,4227,0
20190809,24.91,24.91,24.87,24.87,3650,0
20190812,24.71,24.89,24.69,24.89,1911,0
20190813,24.8874,24.89,24.77,24.8,2589,0
20190814,24.88,24.89,24.8,24.8,1997,0
20190815,24.78,24.8,24.7639,24.8,1264,0
20190816,24.7494,24.89,24.7494,24.8342,5684,0
20190819,25,25.07,24.95,25.0336,2739,0
20190820,24.95,24.95,24.85,24.8866,3736,0
20190821,24.95,24.95,24.8744,24.8966,1513,0
20190822,24.9,24.9323,24.85,24.87,2555,0
20190823,24.95,24.95,24.94,24.94,4132,0
20190826,24.8299,25.07,24.8299,24.9449,6650,0
20190827,24.9481,25.0599,24.85,24.8501,5339,0
20190828,24.85,25.2,24.85,25.1308,8280,0
20190829,25.0941,25.25,25.0941,25.18,2291,0
20190830,25.1157,25.1746,25.03,25.1746,1507,0
20190903,25.2299,25.2299,25.1,25.1,1510,0
20190904,25.1,25.2,25.1,25.1,12479,0
20190905,25.1125,25.156,25.06,25.09,12528,0
20190906,25.086,25.086,25.02,25.05,3719,0
20190909,25.06,25.1,25.06,25.1,5300,0
20190910,25.11,25.11,25.0726,25.0726,1500,0
20190911,25.1364,25.1364,25.0448,25.0463,7096,0
20190912,25.1593,25.25,25.0944,25.2144,7630,0
20190913,25.244,25.29,25.2201,25.29,2639,0
20190916,25.31,25.3112,25.2549,25.2549,1452,0
20190917,25.3189,25.34,25.01,25.12,4748,0
20190918,25.35,25.43,25.25,25.3593,4298,0
20190919,25.3001,25.3589,25.21,25.21,3021,0
20190920,25.42,25.42,25.3495,25.3899,1300,0
20190923,25.325,25.45,25.325,25.4099,3610,0
20190924,25.43,25.44,25.427,25.44,1285,0
20190925,25.46,25.46,25.25,25.3245,3177,0
20190926,25.23,25.5,25.23,25.3566,3464,0
20190927,25.31,25.54,25.31,25.32,8291,0
20190930,25.39,25.39,25.38,25.39,1953,0
20191001,25.39,25.55,25.39,25.5239,2019,0
20191002,25.53,25.53,25.3,25.51,1422,0
20191004,25.32,25.42,25.32,25.3635,1100,0
20191007,25.4,25.5651,25.4,25.5651,5648,0
20191008,25.59,25.741,25.55,25.7159,8649,0
20191009,25.7,25.7666,25.601,25.6701,5254,0
20191010,25.08,25.21,25.02,25.05,10126,0
20191011,25.06,25.15,25.06,25.064,3403,0
20191014,25.1,25.33,25.1,25.28,5046,0
20191015,25.3,25.49,25.3,25.46,6480,0
20191016,25.33,25.58,25.33,25.577,5037,0
20191017,25.42,25.42,25.41,25.41,1474,0
20191018,25.42,25.58,25.41,25.5291,9157,0
20191021,25.51,25.51,25.4432,25.4432,311,0
20191022,25.51,25.51,25.4217,25.4301,2495,0
20191023,25.4466,25.4466,25.4,25.41,2671,0
20191024,25.42,25.5,25.29,25.41,9787,0
20191025,25.4,25.4727,25.3756,25.4727,1100,0
20191028,25.43,25.4894,25.3245,25.3245,1718,0
20191029,25.3556,25.42,25.3556,25.41,2328,0
20191030,25.42,25.42,25.3603,25.3792,3076,0
20191031,25.36,25.38,25.35,25.3793,1299,0
20191101,25.32,25.42,25.32,25.42,4510,0
20191104,25.42,25.49,25.42,25.49,1284,0
20191105,25.484,25.5,25.484,25.5,1104,0
20191106,25.51,25.5501,25.51,25.5501,464,0
20191107,25.5552,25.5552,25.5001,25.5252,2219,0
20191108,25.5658,25.5658,25.55,25.55,421,0
20191111,25.6,25.6,25.5501,25.5527,507,0
20191112,25.62,25.654,25.5701,25.6369,917,0
20191113,25.7,25.7,25.55,25.55,925,0
20191114,25.7,25.77,25.7,25.77,2500,0
20191115,25.482,25.601,25.45,25.601,2134,0
20191119,25.69,25.76,25.42,25.664,4931,0
20191120,25.75,25.76,25.6536,25.6536,887,0
20191121,25.5156,25.6299,25.5156,25.6299,919,0
20191122,25.4287,25.613,25.42,25.569,1250,0
20191125,25.57,25.76,25.57,25.6267,5753,0
20191126,25.74,25.74,25.6215,25.6215,600,0
20191129,25.5001,25.5001,25.5,25.5,811,0
20191202,25.64,25.65,25.51,25.55,2449,0
20191203,25.5061,25.5061,25.35,25.4406,1000,0
20191204,25.4,25.4,25.36,25.3737,6307,0
20191205,25.34,25.5,25.34,25.5,2547,0
20191206,25.4189,25.4189,25.4,25.4004,1960,0
20191209,25.4,25.479,25.366,25.366,6109,0
20191210,25.37,25.5,25.37,25.38,1428,0
20191211,25.41,25.5729,25.407,25.5729,2550,0
20191212,25.64,25.64,25.58,25.6,1230,0
20191213,25.51,25.6,25.5,25.5,7502,0
20191216,25.6195,25.6195,25.5577,25.5702,1213,0
20191217,25.5,25.6295,25.5,25.5617,1510,0
20191218,25.6063,25.64,25.6063,25.6264,553,0
20191219,25.61,25.65,25.55,25.65,2381,0
20191220,25.68,25.76,25.5971,25.76,1060,0
20191223,25.58,25.6048,25.55,25.6048,2800,0
20191224,25.6405,25.7,25.36,25.45,9497,0
20191226,25.4999,25.4999,25.4645,25.4645,2051,0
20191227,25.45,25.48,25.41,25.41,15146,0
20191230,25.44,25.55,25.44,25.5425,5554,0
20191231,25.67,25.67,25.43,25.53,3858,0
20200102,25.6,25.6,25.45,25.45,2269,0
20200103,25.541,25.69,25.45,25.56,8284,0
20200106,25.59,25.68,25.59,25.66,3430,0
20200107,25.54,25.6838,25.54,25.65,3936,0
20200108,25.72,25.89,25.72,25.89,4567,0
20200109,25.89,26.0827,25.791,25.8605,15291,0
20200110,25.8,25.95,25.75,25.7775,9823,0
20200113,25.36,25.42,25.2129,25.3,9888,0
20200114,25.43,25.5015,25.3592,25.49,9868,0
20200115,25.22,25.4,25.22,25.33,12282,0
20200116,25.27,26.2007,25.27,25.94,80763,0
20200117,25.93,26.9,25.913,26,22974,0
20200121,26,26.2576,26,26.12,6016,0
20200122,26.12,26.2445,25.95,26.09,5561,0
20200123,25.95,26.13,25.95,25.9519,6560,0
