Date,Open,High,Low,Close,Volume,OpenInt
20180427,25.2,25.29,25.14,25.25,152091,0
20180430,25.23,25.32,25.18,25.25,420953,0
20180501,25.26,25.26,25.181,25.23,63780,0
20180502,25.24,26.04,25.2,25.38,226298,0
20180503,25.28,25.4394,25.28,25.32,112731,0
20180504,25.4,25.45,25.37,25.37,410126,0
20180507,25.4,25.4,25.2383,25.3,145525,0
20180508,25.3,25.32,25.22,25.28,130904,0
20180509,25.25,25.33,25.23,25.24,229354,0
20180510,25.27,25.33,25.22,25.26,1471541,0
20180511,25.28,25.54,25.24,25.48,691756,0
20180514,25.47,25.54,25.375,25.44,150664,0
20180515,25.41,25.41,25.25,25.26,230446,0
20180516,25.26,25.43,25.2501,25.35,169517,0
20180517,25.37,25.49,25.37,25.43,274037,0
20180518,25.45,25.45,25.33,25.44,30198,0
20180521,25.5,25.5,25.3,25.36,69693,0
20180522,25.4,25.4081,25.33,25.38,220831,0
20180523,25.38,25.4199,25.3601,25.39,122199,0
20180524,25.4,25.45,25.3901,25.42,82379,0
20180525,25.45,25.45,25.39,25.41,56095,0
20180529,25.42,25.55,25.3588,25.43,749575,0
20180530,25.43,25.48,25.4161,25.45,212931,0
20180531,25.49,25.75,25.43,25.66,371267,0
20180601,25.55,25.8341,25.5,25.63,78631,0
20180604,25.63,25.7,25.56,25.57,54718,0
20180605,25.6,25.6203,25.43,25.49,54468,0
20180606,25.53,25.5975,25.44,25.44,154929,0
20180607,25.48,25.55,25.44,25.55,669495,0
20180608,25.5,25.55,25.4937,25.5,28369,0
20180611,25.46,25.58,25.42,25.44,199047,0
20180612,25.48,25.52,25.44,25.47,32755,0
20180613,25.54,25.54,25.3923,25.45,66653,0
20180614,25.45,25.49,25.41,25.46,37371,0
20180615,25.45,25.5674,25.41,25.53,171364,0
20180618,25.52,25.52,25.3,25.43,212307,0
20180619,25.41,25.46,25.38,25.43,334140,0
20180620,25.46,25.525,25.419,25.43,80909,0
20180621,25.45,25.46,25.38,25.385,20011,0
20180622,25.41,25.49,25.35,25.49,163787,0
20180625,25.44,25.48,25.39,25.45,105743,0
20180626,25.48,25.48,25.35,25.4,81170,0
20180627,25.43,25.51,25.4027,25.431,118658,0
20180628,25.1,25.18,25.05,25.17,68729,0
20180629,25.15,25.3044,25.15,25.18,107072,0
20180702,25.22,25.42,25.2,25.35,30747,0
20180703,25.35,25.4602,25.3,25.36,16188,0
20180705,25.42,25.6399,25.42,25.5699,52848,0
20180706,25.5,25.56,25.4575,25.4668,40144,0
20180709,25.49,25.49,25.32,25.35,57501,0
20180710,25.49,25.5,25.41,25.49,371148,0
20180711,25.49,25.54,25.42,25.52,45481,0
20180712,25.55,25.59,25.48,25.57,55767,0
20180713,25.59,25.59,25.44,25.511,21597,0
20180716,25.51,25.51,25.2601,25.39,96372,0
20180717,25.39,25.3916,25.32,25.3601,56699,0
20180718,25.4,25.53,25.3255,25.4603,54610,0
20180719,25.46,25.62,25.3225,25.38,181453,0
20180720,25.3607,25.39,25.2967,25.38,90239,0
20180723,25.38,25.47,25.38,25.45,55567,0
20180724,25.47,25.47,25.35,25.35,19163,0
20180725,25.35,25.44,25.33,25.35,149992,0
20180726,25.42,25.5799,25.36,25.53,71753,0
20180727,25.6,25.6,25.45,25.55,40460,0
20180730,25.6,25.6,25.47,25.52,18572,0
20180731,25.5,25.54,25.45,25.5,166960,0
20180801,25.41,25.55,25.4,25.41,29383,0
20180802,25.54,25.66,25.51,25.55,77548,0
20180803,25.55,25.64,25.538,25.55,37471,0
20180806,25.63,25.63,25.475,25.51,52892,0
20180807,25.57,25.6284,25.46,25.5,68270,0
20180808,25.53,25.57,25.4574,25.492,37225,0
20180809,25.55,25.57,25.4866,25.5572,45194,0
20180810,25.54,25.56,25.5,25.53,18236,0
20180813,25.56,25.56,25.4626,25.4763,26608,0
20180814,25.54,25.545,25.44,25.45,69853,0
20180815,25.43,25.4622,25.38,25.4313,26173,0
20180816,25.47,25.5,25.44,25.45,32954,0
20180817,25.48,25.55,25.4743,25.55,42373,0
20180820,25.58,25.58,25.45,25.48,39408,0
20180821,25.54,25.54,25.41,25.48,19932,0
20180822,25.5,25.58,25.5,25.56,46884,0
20180823,25.59,25.63,25.54,25.63,26116,0
20180824,25.63,25.65,25.5574,25.65,29375,0
20180827,25.65,25.69,25.5609,25.67,33956,0
20180828,25.69,25.73,25.6001,25.73,36215,0
20180829,25.74,25.74,25.6,25.72,28666,0
20180830,25.72,25.7565,25.6449,25.7,26747,0
20180831,25.88,25.9,25.61,25.63,44846,0
20180904,25.75,25.77,25.57,25.67,21733,0
20180905,25.75,25.85,25.54,25.65,101907,0
20180906,25.53,25.7,25.51,25.53,99345,0
20180907,25.46,25.48,25.39,25.47,37530,0
20180910,25.5,25.54,25.4334,25.46,62664,0
20180911,25.53,25.535,25.3766,25.46,130115,0
20180912,25.5,25.57,25.44,25.51,60590,0
20180913,25.57,25.57,25.51,25.55,38454,0
20180914,25.51,25.57,25.47,25.57,17944,0
20180917,25.57,25.57,25.4001,25.47,90820,0
20180918,25.42,25.472,25.39,25.41,250811,0
20180919,25.45,25.45,25.2856,25.31,60327,0
20180920,25.35,25.43,25.31,25.32,53041,0
20180921,25.33,25.45,25.31,25.32,30337,0
20180924,25.36,25.45,25.36,25.44,25091,0
20180925,25.45,25.45,25.37,25.4,45187,0
20180926,25.44,25.45,25.35,25.44,26194,0
20180927,25.45,25.59,25.4017,25.52,26538,0
20180928,25.24,25.25,25.11,25.24,73822,0
20181001,25.16,25.24,25.1,25.19,174338,0
20181002,25.168,25.24,25.15,25.15,61844,0
20181003,25.16,25.2,24.85,24.93,117177,0
20181004,24.99,24.99,24.77,24.86,71399,0
20181005,24.88,24.96,24.79,24.8,41264,0
20181008,24.95,24.9565,24.7973,24.84,68898,0
20181009,24.85,24.99,24.85,24.89,29189,0
20181010,24.97,24.97,24.7,24.88,41372,0
20181011,24.88,24.96,24.72,24.7453,36900,0
20181012,24.95,24.95,24.77,24.8,30516,0
20181015,24.85,24.904,24.7,24.74,64967,0
20181016,24.9,24.9,24.72,24.73,79919,0
20181017,24.72,24.7673,24.61,24.65,49161,0
20181018,24.65,24.82,24.65,24.8,87030,0
20181019,24.81,24.81,24.71,24.71,39076,0
20181022,24.79,24.8,24.62,24.79,21580,0
20181023,24.79,24.79,24.6,24.65,44671,0
20181024,24.75,24.75,24.65,24.7,49634,0
20181025,24.7,24.79,24.57,24.69,31596,0
20181026,24.74,24.79,24.65,24.69,23689,0
20181029,24.7,24.74,24.65,24.69,33623,0
20181030,24.7,24.74,24.61,24.63,34656,0
20181031,24.68,24.74,24.63,24.68,185667,0
20181101,24.68,24.7,24.55,24.62,132408,0
20181102,24.64,24.64,24.55,24.55,27572,0
20181105,24.6,24.63,24.52,24.63,45625,0
20181106,24.63,24.79,24.5888,24.73,33960,0
20181107,24.79,24.9889,24.7772,24.79,44574,0
20181108,24.86,24.88,24.61,24.7,86914,0
20181109,24.69,24.8,24.69,24.7,19838,0
20181112,24.72,24.79,24.7,24.784,21289,0
20181113,24.79,24.83,24.7,24.7,17532,0
20181114,24.7,24.85,24.6,24.6192,94515,0
20181115,24.6,24.66,24.2001,24.46,49246,0
20181116,24.4,24.54,24.4,24.4488,27454,0
20181119,24.5,24.61,24.34,24.34,47898,0
20181120,24.4,24.4,23.93,23.93,128180,0
20181121,24.21,24.21,24.0249,24.07,60118,0
20181123,23.97,24.13,23.93,23.99,20309,0
20181126,24.1,24.1,23.622,23.88,68751,0
20181127,23.92,23.92,23.63,23.74,124183,0
20181128,23.8,23.83,23.32,23.37,183247,0
20181129,23.3,23.45,23.07,23.1,400229,0
20181130,23.08,23.29,22.9,23.26,235912,0
20181203,23.3,23.37,22.94,23.2,92850,0
20181204,23.22,23.39,22.9,23.3,122237,0
20181206,23.15,23.3,23,23.18,156367,0
20181207,23.38,23.5,23.24,23.45,118046,0
20181210,23.59,23.59,23.335,23.43,36977,0
20181211,23.47,23.67,23.45,23.55,135125,0
20181212,23.67,24.09,23.67,23.98,320808,0
20181213,23.87,24.1,23.87,23.99,39439,0
20181214,24.04,24.22,23.7722,24.09,95812,0
20181217,24.13,24.13,23.77,23.77,81799,0
20181218,23.83,23.9,23.46,23.5,348419,0
20181219,23.6,23.88,23.47,23.76,182457,0
20181220,23.79,24.07,23.45,23.67,160672,0
20181221,23.68,23.68,23.36,23.36,69324,0
20181224,22.85,23.25,22.52,22.85,57932,0
20181226,22.85,23.4899,22.85,23.06,75483,0
20181227,23.01,23.09,22.89,22.89,63371,0
20181228,22.78,22.97,22.5551,22.88,131604,0
20181231,23.01,23.55,22.9,23.54,145066,0
20190102,23.21,24.1,23.2,24.09,165789,0
20190103,24.06,24.16,23.82,24.15,80139,0
20190104,24.16,24.7,24.16,24.7,110652,0
20190107,24.7,25.1,24.65,24.98,83308,0
20190108,25,25.15,24.812,25.14,54379,0
20190109,25.19,25.19,24.84,25.19,81287,0
20190110,25.13,25.13,24.98,25.01,49742,0
20190111,25.09,25.4,24.95,25.15,152367,0
20190114,25.2,25.43,25.0781,25.2,94557,0
20190115,25.32,25.32,25.08,25.11,86262,0
20190116,25.16,25.28,24.78,24.88,136712,0
20190117,24.91,25.16,24.8186,25.14,106047,0
20190118,25.11,25.24,24.93,25.11,45147,0
20190122,25,25.24,24.8258,25.2,94542,0
20190123,25.19,25.19,24.81,25.09,32123,0
20190124,25.08,25.08,24.85,24.85,56869,0
20190125,24.96,25.0288,24.86,24.9,66149,0
20190128,24.9,25.08,24.8626,25.02,97269,0
20190129,25.06,25.08,24.96,24.96,44759,0
20190130,25,25.17,24.9998,25.06,177215,0
20190131,25.12,25.49,25.07,25.2,218702,0
20190201,25.13,25.37,25.13,25.37,22663,0
20190204,25.36,25.5467,25.235,25.5,53780,0
20190205,25.54,25.65,25.3707,25.42,60523,0
20190206,25.5,25.5387,25.32,25.4,69894,0
20190207,25.45,25.6,25.25,25.25,44146,0
20190208,25.32,25.59,25.31,25.4821,51304,0
20190211,25.4,25.6,25.34,25.45,79535,0
20190212,25.58,25.58,25.4,25.45,88596,0
20190213,25.52,25.52,25.31,25.34,30796,0
20190214,25.37,25.45,25.26,25.29,57922,0
20190215,25.37,25.52,25.27,25.27,60142,0
20190219,25.37,25.42,25.3,25.33,28495,0
20190220,25.41,25.41,25.21,25.23,110507,0
20190221,25.26,25.38,25.22,25.38,50241,0
20190222,25.38,25.5,25.3136,25.5,32460,0
20190225,25.5,25.57,25.35,25.52,303517,0
20190226,25.54,25.57,25.3701,25.57,34310,0
20190227,25.56,25.59,25.4,25.5,75933,0
20190228,25.56,25.84,25.5119,25.84,286343,0
20190301,25.87,25.97,25.52,25.75,206687,0
20190304,25.82,25.82,25.53,25.67,55834,0
20190305,25.7,25.77,25.55,25.77,87774,0
20190306,25.78,25.78,25.61,25.68,66053,0
20190307,25.7,25.76,25.5501,25.65,129607,0
20190308,25.66,25.75,25.56,25.69,103627,0
20190311,25.72,25.72,25.5999,25.68,59714,0
20190312,25.72,25.72,25.54,25.67,194813,0
20190313,25.7,25.75,25.58,25.63,67607,0
20190314,25.65,25.82,25.61,25.8,65671,0
20190315,25.8,25.97,25.745,25.97,33357,0
20190318,25.96,26.15,25.96,26.03,67603,0
20190319,26.1,26.1,25.94,26.09,35785,0
20190320,26.1,26.18,25.95,26.18,62329,0
20190321,26.25,26.33,26.0415,26.25,53036,0
20190322,25.97,26.28,25.93,25.97,48194,0
20190325,26.07,26.09,25.94,25.99,75740,0
20190326,26.13,26.21,25.97,26.2,46036,0
20190327,26.14,26.5,26.1152,26.5,63116,0
20190328,26.54,26.6789,26.375,26.45,77206,0
20190329,26.24,26.24,25.89,26,255751,0
20190401,26.04,26.1277,25.83,26.1,52060,0
20190402,26.09,26.1,25.9375,26.05,27341,0
20190403,26.08,26.13,25.9979,26.08,38021,0
20190404,26.13,26.19,25.93,26.19,80524,0
20190405,26.17,26.21,26.0219,26.08,46908,0
20190408,26.05,26.1803,25.76,25.79,65217,0
20190409,25.79,25.84,25.76,25.76,43422,0
20190410,25.82,25.87,25.7,25.75,124182,0
20190411,25.81,25.81,25.73,25.79,22341,0
20190412,25.8,25.92,25.7901,25.86,26876,0
20190415,25.92,25.95,25.85,25.88,57967,0
20190416,25.94,25.94,25.8,25.89,97871,0
20190417,25.94,25.95,25.86,25.94,47311,0
20190418,25.95,26,25.9001,26,42120,0
20190422,26.03,26.1089,25.91,25.94,48283,0
20190423,26.07,26.15,25.97,26.15,45512,0
20190424,26.15,26.3,26.12,26.29,42800,0
20190425,26.29,26.29,26.11,26.18,39541,0
20190426,26.22,26.22,25.97,26.14,35921,0
20190429,26.18,26.25,26.0301,26.15,51677,0
20190430,26.15,26.5,26.1,26.43,269893,0
20190501,26.48,26.48,26.28,26.35,30588,0
20190502,26.42,26.42,26.2486,26.2486,25723,0
20190503,26.33,26.38,26.18,26.2,864987,0
20190506,26.24,26.375,26.02,26.34,33089,0
20190507,26.34,26.34,26.05,26.32,57632,0
20190508,26.33,26.4044,26.2038,26.36,42178,0
20190509,26.36,26.42,26.15,26.42,35955,0
20190510,26.41,26.47,26.35,26.46,37666,0
20190513,26.38,26.55,26.16,26.38,45922,0
20190514,26.47,26.5,26.29,26.46,53221,0
20190515,26.47,26.59,26.45,26.53,56725,0
20190516,26.59,26.59,26.41,26.55,39086,0
20190517,26.54,26.57,26.48,26.54,58814,0
20190520,26.56,26.56,26.35,26.35,115396,0
20190521,26.45,26.51,26.36,26.51,46848,0
20190522,26.55,26.57,26.4239,26.5,36691,0
20190523,26.5,26.5,26.31,26.35,65300,0
20190524,26.45,26.49,26,26.49,23449,0
20190528,26.49,26.6269,26.43,26.47,40655,0
20190529,26.48,26.6232,26.22,26.31,81087,0
20190530,26.38,26.46,26.22,26.29,132635,0
20190531,26.28,26.45,26.2,26.42,216564,0
20190603,26.45,26.45,26.128,26.2755,38556,0
20190604,26.33,26.4,26.22,26.3,41673,0
20190605,26.33,26.33,26.22,26.25,42130,0
20190606,26.3,26.4,26.22,26.37,44605,0
20190607,26.4,26.47,26.39,26.45,26547,0
20190610,26.48,26.55,26.41,26.44,110065,0
20190611,26.49,26.58,26.4332,26.5229,72205,0
20190612,26.55,26.55,26.43,26.47,23474,0
20190613,26.51,26.54,26.47,26.4935,21554,0
20190614,26.5,26.66,26.44,26.64,40213,0
20190617,26.69,26.69,26.57,26.5943,21817,0
20190618,26.76,26.76,26.42,26.45,158870,0
20190619,26.5,26.5532,26.32,26.39,54240,0
20190620,26.46,26.55,26.4235,26.52,32696,0
20190621,26.52,26.55,26.44,26.55,34863,0
20190624,26.55,26.56,26.45,26.48,142674,0
20190625,26.5,26.5,26.45,26.49,51764,0
20190626,26.5,26.54,26.45,26.49,79277,0
20190627,26.45,26.5795,26.45,26.5,75737,0
20190628,26.14,26.2,26.04,26.1,302990,0
20190701,26.14,26.14,26.01,26.14,41041,0
20190702,26.14,26.16,24.27,26.09,119072,0
20190703,26.15,26.18,26.02,26.18,22973,0
20190705,26.18,26.18,26.1,26.15,25577,0
20190708,26.15,26.19,26.1,26.19,19348,0
20190709,26.13,26.29,26.12,26.13,36069,0
20190710,26.22,26.34,26.1663,26.33,21130,0
20190711,26.32,26.37,26.2859,26.37,16915,0
20190712,26.37,26.42,26.36,26.4,56637,0
20190715,26.4,26.42,26.3265,26.41,27737,0
20190716,26.41,26.5,26.3585,26.5,25854,0
20190717,26.38,26.68,26.38,26.66,47507,0
20190718,26.69,26.76,26.605,26.76,64896,0
20190719,26.76,26.76,26.585,26.67,103237,0
20190722,26.68,26.7292,26.58,26.64,47336,0
20190723,26.76,26.76,26.542,26.63,85593,0
20190724,26.67,26.75,26.6006,26.68,159098,0
20190725,26.78,26.78,26.59,26.62,36569,0
20190726,26.63,26.65,26.52,26.62,41797,0
20190729,26.68,26.68,26.56,26.65,174087,0
20190730,26.66,26.74,26.639,26.66,164370,0
20190731,26.72,26.85,26.67,26.79,239019,0
20190801,26.66,26.93,26.66,26.89,31869,0
20190802,26.899,27.2,26.833,27.13,50700,0
20190805,27.09,27.09,26.79,26.89,30879,0
20190806,26.97,27.01,26.88,26.9,33694,0
20190807,26.97,26.97,26.67,26.6828,30941,0
20190808,26.84,26.9,26.65,26.8,29982,0
20190809,26.82,27.03,26.82,26.94,35687,0
20190812,26.94,27.09,26.86,27,29545,0
20190813,27.03,27.2,26.9835,27.19,20136,0
20190814,27.15,27.52,27.15,27.52,52504,0
20190815,27.57,27.81,27.37,27.59,55960,0
20190816,27.64,27.76,27.4866,27.65,48275,0
20190819,27.74,27.74,27.32,27.56,80355,0
20190820,27.62,27.68,27.49,27.57,45416,0
20190821,27.68,27.68,27.53,27.65,34341,0
20190822,27.65,27.8,27.65,27.78,35648,0
20190823,27.78,27.89,27.68,27.79,35146,0
20190826,27.92,27.92,27.667,27.78,40747,0
20190827,27.78,27.84,27.65,27.8,79768,0
20190828,27.8,27.8,27.6643,27.71,79532,0
20190829,27.75,27.85,27.6701,27.85,51285,0
20190830,27.87,27.92,27.75,27.92,204767,0
20190903,27.85,27.93,27.8456,27.9,43035,0
20190904,27.95,27.95,27.82,27.92,42968,0
20190905,27.94,27.95,27.7593,27.76,43969,0
20190906,27.76,27.9099,27.76,27.89,29324,0
20190909,27.91,27.911,27.6881,27.75,43029,0
20190910,27.81,27.81,27.6,27.68,34840,0
20190911,27.64,27.64,27.24,27.43,44996,0
20190912,27.54,27.66,27.36,27.44,44241,0
20190913,27.49,27.49,26.85,26.97,67586,0
20190916,27.17,27.28,27.0108,27.165,14023,0
20190917,27.26,27.37,27.205,27.34,23291,0
20190918,27.28,27.49,27.15,27.45,50221,0
20190919,27.52,27.67,27.43,27.48,57716,0
20190920,27.58,27.6,27.4913,27.55,44719,0
20190923,27.63,27.68,27.5,27.57,49714,0
20190924,27.6,27.7039,27.51,27.58,34770,0
20190925,27.64,27.77,27.594,27.73,32590,0
20190926,27.79,27.97,27.6631,27.97,26833,0
20190927,27.97,28.29,27.95,28.2,76809,0
20190930,27.91,28.16,27.5152,27.9,300335,0
20191001,27.9,27.9,27.71,27.73,61931,0
20191002,27.78,27.78,27.3586,27.62,23975,0
20191003,27.71,27.7525,27.47,27.54,40492,0
20191004,27.62,27.8157,27.5408,27.68,20104,0
20191007,27.6,27.79,27.591,27.78,22933,0
20191008,27.66,27.75,27.4725,27.6,18161,0
20191009,27.78,27.8,27.6357,27.66,28166,0
20191010,27.7569,27.785,27.56,27.695,22651,0
20191011,27.7,27.71,27.56,27.71,23232,0
20191014,27.71,27.735,27.61,27.67,50771,0
20191015,27.74,27.8,27.6393,27.66,22582,0
20191016,27.69,27.8,27.6104,27.77,46200,0
20191017,27.83,27.92,27.7,27.76,33782,0
20191018,27.9,27.92,27.59,27.6,35193,0
20191021,27.6,27.71,27.57,27.71,24662,0
20191022,27.71,27.8613,27.7,27.82,51254,0
20191023,27.88,28.06,27.7785,27.84,55870,0
20191024,27.91,27.96,27.76,27.82,37534,0
20191025,27.89,27.9,27.68,27.86,37695,0
20191028,27.9,27.9,27.53,27.83,146529,0
20191029,27.73,27.7857,27.49,27.53,30291,0
20191030,27.6,27.65,27.4,27.54,54079,0
20191031,27.54,27.65,27.19,27.46,289723,0
20191101,27.46,27.49,27.29,27.35,37680,0
20191104,27.43,27.43,27.293,27.4,25482,0
20191105,27.33,27.41,27.2,27.34,43218,0
20191106,27.36,27.4507,27.17,27.17,47990,0
20191107,27.11,27.11,26.93,26.99,29550,0
20191108,26.99,27.28,26.9388,27.24,22611,0
20191111,27.24,27.39,27.13,27.25,27500,0
20191112,27.29,27.38,27.185,27.35,37271,0
20191113,27.39,27.5,27.29,27.4,29460,0
20191114,27.5,27.55,27.33,27.46,43070,0
20191115,27.56,27.67,27.42,27.64,23342,0
20191118,27.64,27.7,27.52,27.55,49178,0
20191119,27.63,27.64,27.42,27.57,35258,0
20191120,27.59,27.63,27.27,27.38,46945,0
20191121,27.47,27.5,27.35,27.4333,25725,0
20191122,27.52,27.56,27.26,27.31,49220,0
20191125,27.42,27.42,27.18,27.22,27630,0
20191126,27.26,27.3238,27.18,27.22,46707,0
20191127,27.22,27.3661,27.04,27.08,55141,0
20191129,27.14,27.14,26.87,26.95,103982,0
20191202,26.96,26.96,26.55,26.77,36463,0
20191203,26.75,26.75,26.58,26.59,33917,0
20191204,26.67,26.7792,26.61,26.64,32176,0
20191205,26.72,26.74,26.55,26.62,36779,0
20191206,26.63,26.74,26.51,26.67,26486,0
20191209,26.7,26.7261,26.58,26.67,39534,0
20191210,26.67,26.74,26.52,26.71,28008,0
20191211,26.72,26.9295,26.66,26.92,40717,0
20191212,26.97,26.98,26.75,26.97,56743,0
20191213,26.98,27.09,26.96,27.05,44841,0
20191216,27.11,27.15,27.01,27.1,32088,0
20191217,27.1,27.29,26.965,27.29,26049,0
20191218,27.25,27.383,27.18,27.38,31545,0
20191219,27.4,27.46,27.28,27.44,21746,0
20191220,27.46,27.61,27.38,27.56,24730,0
20191223,27.6,27.89,27.5,27.89,29746,0
20191224,27.94,27.97,27.8751,27.97,19333,0
20191226,27.99,28.33,27.85,28.33,26972,0
20191227,28.15,28.3,28.01,28.19,41798,0
20191230,27.92,27.92,27.61,27.84,15306,0
20191231,27.85,27.85,27.56,27.58,41261,0
20200102,27.6,27.85,27.5,27.7,76215,0
20200103,27.7,27.74,27.64,27.68,63783,0
20200106,27.68,27.78,27.54,27.54,49313,0
20200107,27.59,27.59,27.37,27.39,107728,0
20200108,27.47,27.64,27.42,27.42,46647,0
20200109,27.58,27.66,27.4083,27.56,19501,0
20200110,27.56,27.6614,27.46,27.646,31255,0
20200113,27.65,27.68,27.5928,27.68,39116,0
20200114,27.68,27.68,27.5768,27.67,39193,0
20200115,27.68,27.75,27.53,27.64,40788,0
20200116,27.65,27.65,27.51,27.585,33512,0
20200117,27.6,27.66,27.58,27.6453,24139,0
20200121,27.69,27.69,27.6093,27.68,28199,0
20200122,27.69,27.69,27.61,27.645,26703,0
20200123,27.71,27.71,27.6,27.68,30171,0
