Date,Open,High,Low,Close,Volume,OpenInt
20120412,22.5,22.9,21.63,21.75,11830515,0
20120413,21.95,22.23,21.5,21.5,2219714,0
20120416,21.75,22.07,21.63,21.74,557051,0
20120417,22.04,23,21.75,22.25,670254,0
20120418,22.01,22.21,21,21.7,877410,0
20120419,21.9,22,21.52,21.96,298713,0
20120420,22,22.19,21.75,22.05,727636,0
20120423,22.03,22.04,21.54,22.01,423812,0
20120424,21.91,22.2,21.56,21.66,798074,0
20120425,21.8,21.85,21.27,21.45,451455,0
20120426,21.44,21.95,21.25,21.8,345840,0
20120427,21.82,22.65,21.73,22.35,860009,0
20120430,22.29,23.86,22.19,23.12,715837,0
20120501,23.17,23.43,22.77,23.09,1033335,0
20120502,22.9,23.47,22.9,23.29,436447,0
20120503,22.9,23.21,22.9,23.08,509487,0
20120504,23,23.09,22.73,22.79,734654,0
20120507,22.58,22.89,22.46,22.73,294596,0
20120508,22.51,22.65,21.99,22.2,696269,0
20120509,21.93,22.12,21.82,21.99,366520,0
20120510,22.01,22.08,21.5,21.85,281966,0
20120511,21.69,21.81,21.5,21.76,147491,0
20120514,21.5,21.73,21.43,21.56,504160,0
20120515,21.54,22.23,21.43,21.51,607576,0
20120516,21.56,21.62,20.81,21.43,511078,0
20120517,21.53,21.64,20.9,21,680704,0
20120518,21.18,21.25,20.84,20.92,555767,0
20120521,20.93,22.17,20.93,21.64,480483,0
20120522,22.19,22.37,21.55,21.72,530363,0
20120523,21.98,21.98,21.1,21.34,523371,0
20120524,21.72,21.72,21.13,21.37,355204,0
20120525,21.56,21.56,21.11,21.38,399009,0
20120529,21.64,22.39,21.59,22.11,285322,0
20120530,21.99,22,21.52,21.6,338479,0
20120531,21.67,21.94,20.95,21.48,262210,0
20120601,19.26,21.15,19.26,21.03,885350,0
20120604,21.06,21.1,19.7,20.07,575181,0
20120605,19.98,20.64,19.72,19.99,472416,0
20120606,20.22,20.98,19.99,20,147894,0
20120607,20.29,21.23,19.96,20.75,354302,0
20120608,20.65,21,20.04,20.83,351640,0
20120611,21,21.11,19.81,20,618940,0
20120612,20,20.08,19.81,19.98,748919,0
20120613,19.91,20.01,19.7,19.92,500364,0
20120614,20,20.13,19.85,20.06,245699,0
20120615,19.85,20.08,19.61,20.08,684236,0
20120618,19.91,20.6,19.9,20.48,267146,0
20120619,20.5,20.99,20.25,20.77,446553,0
20120620,20.88,20.89,20.47,20.58,171594,0
20120621,20.53,20.55,19.68,19.79,693586,0
20120622,19.97,20.02,19.71,19.89,3084835,0
20120625,19.49,19.83,19.13,19.68,273531,0
20120626,19.71,19.73,19.21,19.25,293840,0
20120627,19.33,19.36,18.89,19.14,240633,0
20120628,19,19.34,18.73,19.31,167673,0
20120629,19.62,19.85,19.5,19.69,156030,0
20120702,19.69,19.81,19.45,19.66,218936,0
20120703,19.7,20.88,19.62,20.5,381753,0
20120705,20.41,20.55,19.85,20.43,175697,0
20120706,20.18,20.44,19.92,20.01,95662,0
20120709,19.97,20.45,19.91,20.3,242623,0
20120710,20.25,20.25,19.52,19.6,87095,0
20120711,19.68,19.86,19.35,19.63,154096,0
20120712,19.43,19.52,18.88,19.41,125205,0
20120713,19.42,19.93,19.31,19.83,209662,0
20120716,19.71,19.71,19.01,19.56,230700,0
20120717,19.62,19.79,19.25,19.56,177811,0
20120718,19.47,19.71,19.19,19.45,347051,0
20120719,19.56,19.67,19.33,19.59,65641,0
20120720,19.5,19.91,19.4,19.79,117547,0
20120723,19.47,19.78,19.23,19.75,190600,0
20120724,19.85,19.93,19.24,19.38,269608,0
20120725,19.5,19.58,19.23,19.52,142411,0
20120726,19.75,21.15,19.72,20.8,745224,0
20120727,18.62,20.69,18.6,20.43,667493,0
20120730,20.27,20.78,20.26,20.6,404780,0
20120731,20.55,21.12,20.52,20.84,869093,0
20120801,20.93,21.29,20.76,21.11,329788,0
20120802,20.81,21.1,20.77,21,366461,0
20120803,21.33,22,21.28,21.78,412197,0
20120806,21.82,22.58,21.64,22.09,486476,0
20120807,22.21,22.29,21.77,22.02,408849,0
20120808,21.81,22.31,21.72,21.95,414767,0
20120809,22,22.07,21.33,21.41,889418,0
20120810,21.34,21.79,20.82,21.67,244804,0
20120813,21.6,21.66,21.25,21.64,210268,0
20120814,21.84,22.15,21.84,22.07,182204,0
20120815,22.04,22.29,21.81,22.26,114034,0
20120816,22.33,22.45,22.3,22.4,183355,0
20120817,22.42,22.94,22.38,22.9,366705,0
20120820,22.95,22.98,22.65,22.8,108806,0
20120821,22.96,23.3,22.61,22.61,322720,0
20120822,22.67,22.67,21.7,21.92,264647,0
20120823,21.92,22.21,21.66,22.14,256255,0
20120824,21.99,23.12,21.99,22.98,365465,0
20120827,22.99,23.05,22.67,22.84,279966,0
20120828,22.75,23.5,22.7,23.42,357378,0
20120829,23.5,23.57,23.21,23.54,852851,0
20120830,23.36,23.5,23.19,23.42,373664,0
20120831,23.6,24.09,23.25,23.67,564959,0
20120904,23.77,23.8,23.28,23.57,231717,0
20120905,23.53,23.55,23.06,23.21,318266,0
20120906,23.4,24.53,23.37,23.95,799605,0
20120907,23.98,24.2,23.5,24.14,232245,0
20120910,24.03,24.48,24.01,24.09,212540,0
20120911,24.08,24.19,23.7,24.19,161128,0
20120912,24.35,24.65,24.14,24.54,271647,0
20120913,24.67,25.33,24.55,24.87,322281,0
20120914,24.75,25.69,24.69,25.22,529413,0
20120917,25.2,25.51,24.93,25.28,320400,0
20120918,25.78,25.78,25.19,25.2,478928,0
20120919,25.25,25.33,24.75,25.11,239582,0
20120920,24.91,25.24,24.48,25.07,201289,0
20120921,25.39,25.75,24.96,25.56,723369,0
20120924,25.7,25.73,25.39,25.69,321533,0
20120925,25.69,25.7,24.5,24.51,347285,0
20120926,24.47,24.53,23.7,24.23,474907,0
20120927,24.37,24.82,24.14,24.3,347905,0
20120928,24.24,24.58,24.1,24.32,233302,0
20121001,23.65,24.35,23.21,23.72,774102,0
20121002,23.68,23.78,22.5,22.95,527779,0
20121003,22.92,22.92,22.06,22.47,720771,0
20121004,22.45,22.71,22,22.7,402494,0
20121005,22.74,23.26,22.67,23.03,485285,0
20121008,22.93,23.35,22.44,23.29,476694,0
20121009,23.2,23.37,22.82,23.09,392093,0
20121010,23.03,23.34,22.51,22.55,224176,0
20121011,22.76,23.1,22.61,22.82,205633,0
20121012,22.75,22.89,22.4,22.7,79332,0
20121015,22.63,22.72,22.08,22.66,143685,0
20121016,22.63,22.89,22.36,22.74,150250,0
20121017,22.74,23.15,22.47,23.15,364518,0
20121018,23.1,23.32,22.98,23.08,121761,0
20121019,23,23,22.45,22.52,273872,0
20121022,22.56,22.56,22.02,22.17,86624,0
20121023,21.86,22.32,21.79,22.26,269437,0
20121024,22.28,22.28,21.03,21.54,749301,0
20121025,21.83,21.88,21.53,21.67,215865,0
20121026,21.59,21.99,21.59,21.89,164743,0
20121031,22.1,22.98,21.51,22.31,329311,0
20121101,22.21,23.33,21.77,23.25,508266,0
20121102,23.62,23.62,22.5,22.67,370886,0
20121105,22.19,23.37,22.19,23.22,311083,0
20121106,23.23,23.62,22.65,22.8,204321,0
20121107,22.5,22.62,22.27,22.33,180916,0
20121108,22.38,22.57,21.66,21.7,158642,0
20121109,21.61,22.06,21.53,21.62,179349,0
20121112,21.76,22.46,21.68,22.25,183524,0
20121113,22.07,22.87,21.93,22.62,269585,0
20121114,22.5,22.94,22.37,22.59,308708,0
20121115,22.82,24,22.54,23.79,890790,0
20121116,23.73,23.91,23.2,23.38,461800,0
20121119,23.5,24.16,23.31,24.16,483911,0
20121120,24,24.26,23.45,24.01,332455,0
20121121,24.09,24.91,23.89,24.58,318326,0
20121123,24.59,24.92,24.58,24.92,85181,0
20121126,24.85,24.95,24.14,24.47,564978,0
20121127,24.47,24.61,24.23,24.34,488005,0
20121128,24.28,24.5,24.2,24.38,915241,0
20121129,24.44,24.69,24.17,24.52,1224657,0
20121130,24.67,25.4,24.53,25.24,3854689,0
20121203,25.82,25.82,25.02,25.2,377013,0
20121204,25.04,25.39,24.93,25.17,359024,0
20121205,25,25.04,24.44,24.53,664386,0
20121206,24.57,24.96,24.35,24.64,887030,0
20121207,24.73,24.73,23.91,24.52,761518,0
20121210,24.59,25.23,24.46,25.13,781409,0
20121211,25.28,25.45,24.9,25.04,399471,0
20121212,25.12,25.26,25.02,25.11,472927,0
20121213,25.07,25.34,24.76,25.09,336854,0
20121214,24.9,25.2,24.27,24.54,410635,0
20121217,24.85,24.85,24.07,24.49,239700,0
20121218,24.69,25.24,24.62,24.89,543203,0
20121219,24.98,24.98,24.49,24.68,436157,0
20121220,24.84,25.51,24.74,25.19,551632,0
20121221,25.15,25.19,24.66,25.19,453717,0
20121224,25.03,25.03,24.53,24.67,84638,0
20121226,24.6,24.78,24.42,24.73,167916,0
20121227,24.65,24.71,24.29,24.52,275106,0
20121228,24.3,24.59,24.28,24.29,151297,0
20121231,24.14,24.77,24.06,24.75,252884,0
20130102,25.45,25.84,25,25.76,497226,0
20130103,25.7,26.4,25.7,26.18,370011,0
20130104,26.41,26.59,26.19,26.42,271763,0
20130107,26.04,26.42,25.76,26.37,307277,0
20130108,26.3,26.36,25.81,26.22,199465,0
20130109,26.42,26.52,26.31,26.5,118818,0
20130110,26.83,26.83,26.27,26.58,138310,0
20130111,26.67,26.74,26.4,26.57,207514,0
20130114,26.52,26.52,24.77,25.77,417556,0
20130115,25.76,26,25.62,25.84,256854,0
20130116,25.82,26.73,25.63,26.58,189985,0
20130117,25.1,25.42,24.02,24.5,3068095,0
20130118,24.4,25.21,24.31,25.18,343609,0
20130122,25.4,25.66,25.05,25.16,467112,0
20130123,25.19,25.19,24.95,25.09,264000,0
20130124,25.11,25.92,25.06,25.67,270522,0
20130125,25.75,25.97,25.45,25.89,192822,0
20130128,25.91,25.94,24.89,25.6,389041,0
20130129,25.53,25.92,25.5,25.88,208817,0
20130130,25.78,25.78,25,25.32,187410,0
20130131,25.26,25.69,25.26,25.51,274387,0
20130201,25.68,26.14,25.52,25.97,363797,0
20130204,25.83,26.02,25.36,25.39,154266,0
20130205,25.39,25.94,25.26,25.81,187876,0
20130206,25.59,25.88,25.29,25.87,197963,0
20130207,25.79,26.01,25.02,25.07,181566,0
20130208,25.05,25.64,25.01,25.55,78929,0
20130211,25.46,25.46,24.95,25.07,111755,0
20130212,25.21,25.42,25.15,25.37,273463,0
20130213,25.45,25.62,25.18,25.49,218194,0
20130214,25.44,26.77,25.09,26.64,472388,0
20130215,24.86,26.87,24.86,26.51,1064591,0
20130219,27.01,27.49,26.8,27.05,1012363,0
20130220,26.96,27.3,26.44,26.56,925753,0
20130221,26.6,26.62,25.5,26.05,443301,0
20130222,26.2,27.33,26.2,27.15,798764,0
20130225,27.56,27.56,26.37,26.47,725149,0
20130226,26.6,26.67,26.15,26.42,855164,0
20130227,26.45,26.71,26.36,26.62,494500,0
20130228,26.69,26.84,26.56,26.68,302910,0
20130301,26.55,26.55,25.85,26.17,326299,0
20130304,26.03,26.2,25.64,26.04,588810,0
20130305,26.17,26.38,26,26.2,448788,0
20130306,26.25,26.4,25.69,25.96,366519,0
20130307,26,26.02,25.36,25.73,444563,0
20130308,25.9,25.99,25.37,25.74,356748,0
20130311,25.73,25.73,25.41,25.47,159039,0
20130312,25.5,25.55,25.14,25.39,323424,0
20130313,25.61,25.67,25.4,25.54,508200,0
20130314,25.66,25.92,25.58,25.6,283341,0
20130315,25.71,26.32,25.59,26.32,587578,0
20130318,25.98,26.99,25.92,26.85,615915,0
20130319,26.83,27.33,26.69,26.92,541969,0
20130320,26.97,27.4,26.81,27.2,441354,0
20130321,26.97,28,26.85,27.87,517717,0
20130322,27.99,28.28,27.82,28.28,598264,0
20130325,28.31,28.52,28.1,28.44,526675,0
20130326,28.51,28.94,28.51,28.79,415090,0
20130327,28.65,29.19,28.56,28.98,834737,0
20130328,29.1,29.13,28.67,28.76,409443,0
20130401,28.59,28.59,27.2,27.39,355965,0
20130402,27.47,27.61,26.73,27.14,544225,0
20130403,27.21,27.33,26.67,26.86,527795,0
20130404,26.81,26.81,26.27,26.68,162747,0
20130405,26.35,27.05,26.28,26.79,151473,0
20130408,27.24,27.58,26.71,27.56,363894,0
20130409,27.55,27.64,27.36,27.51,121725,0
20130410,27.55,27.93,27.55,27.85,180658,0
20130411,27.92,28.22,27.69,27.83,184363,0
20130412,27.57,27.68,26.95,27.16,206411,0
20130415,26.84,26.94,26.01,26.02,347740,0
20130416,26.19,26.58,26,26.37,318072,0
20130417,26.13,26.17,25.27,25.72,195337,0
20130418,25.99,26.25,25.39,26.21,195412,0
20130419,26.44,26.44,25.71,26.23,214279,0
20130422,26.46,26.85,26.03,26.73,195690,0
20130423,26.78,27.44,26.77,27.2,308601,0
20130424,27.34,27.72,27.22,27.47,480659,0
20130425,27.46,27.65,26.34,26.52,625764,0
20130426,26,26.87,25.2,26.64,770695,0
20130429,26.38,27.45,26.02,27.32,808377,0
20130430,27.4,28,26.99,27.81,393452,0
20130501,27.63,27.63,27,27.2,301228,0
20130502,26.58,27.63,26.03,27.59,393433,0
20130503,27.5,28.1,27.43,27.89,321829,0
20130506,27.84,28.36,27.58,27.77,283811,0
20130507,27.96,28.33,27.76,28.22,125887,0
20130508,28.23,28.23,27.53,28,218264,0
20130509,27.97,28.34,27.76,28.01,168851,0
20130510,27.91,28.47,27.81,28.31,260072,0
20130513,28.25,28.7,28.17,28.63,189856,0
20130514,28.5,29,28,28.39,291340,0
20130515,28.25,28.96,28.25,28.95,266541,0
20130516,28.94,29.41,28.87,29.05,272818,0
20130517,29.23,29.79,29.03,29.62,199627,0
20130520,29.61,29.95,29.57,29.85,317627,0
20130521,29.94,30.11,29.83,29.96,286260,0
20130522,30.03,30.45,29.76,29.9,447407,0
20130523,29.65,29.95,28.94,29.62,551925,0
20130524,29.53,29.65,29.35,29.57,171464,0
20130528,30.05,30.6,29.78,30.42,217545,0
20130529,30.39,30.42,29.92,30.3,264213,0
20130530,30.35,30.46,30,30.1,625580,0
20130531,30,30.21,29.6,29.69,287038,0
20130603,29.42,29.92,29.16,29.62,282818,0
20130604,29.57,29.74,29.19,29.38,489020,0
20130605,29.35,30.2,29.19,30.11,253432,0
20130606,30.1,30.37,29.68,30.15,269124,0
20130607,30.47,30.72,30.17,30.34,186170,0
20130610,30.58,31.52,30.28,30.58,337656,0
20130611,30.14,30.5,29.92,30.43,249103,0
20130612,30.37,30.72,29.81,29.97,377934,0
20130613,30.04,30.56,29.72,30.49,245298,0
20130614,30.4,30.78,30.28,30.5,190253,0
20130617,30.64,31.69,30.48,31.45,326560,0
20130618,31.45,32,31.27,31.8,257667,0
20130619,31.59,32.52,31.59,31.73,649780,0
20130620,31.42,31.42,30.57,30.89,551718,0
20130621,31.01,31.17,30.72,30.99,739635,0
20130624,30.71,30.82,30.06,30.75,762058,0
20130625,30.98,31.43,30.55,31.42,326340,0
20130626,31.62,31.72,31.02,31.16,397770,0
20130627,31.35,31.4,30.93,31.02,362543,0
20130628,31.02,31.05,30.24,30.43,1818646,0
20130701,30.77,30.87,30.09,30.31,382899,0
20130702,30.32,30.35,29.73,29.9,510510,0
20130703,29.84,30.05,29.65,29.97,214636,0
20130705,30.35,30.53,29.8,30.1,406659,0
20130708,30.3,30.51,30.06,30.3,455378,0
20130709,30.1,30.53,30,30.41,789039,0
20130710,30.34,30.76,30.05,30.7,332718,0
20130711,30.99,31.31,30.88,31.06,390583,0
20130712,31.07,31.37,30.96,31.05,173196,0
20130715,30.81,30.81,29.89,30.04,1124388,0
20130716,29.91,29.96,29.22,29.84,693239,0
20130717,29.87,30,29.25,29.43,640191,0
20130718,29.42,29.92,29.33,29.74,439528,0
20130719,29.71,30.01,29.53,29.85,238193,0
20130722,29.97,30.16,29.57,29.7,514756,0
20130723,29.84,29.91,29.4,29.8,197416,0
20130724,29.79,29.79,29.33,29.56,352679,0
20130725,29.45,30.31,29.37,30.19,505966,0
20130726,29.24,29.3,27.86,28.32,1517632,0
20130729,27.68,28.76,27.68,28.6,899044,0
20130730,28.56,28.89,28.56,28.85,223048,0
20130731,28.95,29.5,28.84,28.88,486610,0
20130801,29.22,29.78,28.98,29.6,614089,0
20130802,29.5,29.63,28.32,28.38,597891,0
20130805,27.5,28.08,27.36,27.89,1423870,0
20130806,27.79,27.99,27.15,27.58,494467,0
20130807,27.55,27.66,27.09,27.52,461994,0
20130808,27.72,27.72,27.25,27.49,278473,0
20130809,27.48,27.56,27.07,27.27,210054,0
20130812,27.07,27.4,26.92,26.95,344766,0
20130813,26.93,27.07,26.78,26.98,251415,0
20130814,27,27.1,26.76,26.76,265585,0
20130815,26.5,26.62,25.89,26.35,351462,0
20130816,26.23,26.46,25.94,26.21,231209,0
20130819,26.1,26.31,25.74,25.84,227153,0
20130820,25.83,26.18,25.83,26.08,119699,0
20130821,26.08,26.26,25.74,25.94,117851,0
20130822,26,26.3,25.93,26.16,168509,0
20130823,26.17,26.35,25.9,26.04,225242,0
20130826,26.13,26.24,25.7,26.1,225781,0
20130827,25.88,26.42,25.88,26.07,477474,0
20130828,26.01,26.6,26.01,26.36,635640,0
20130829,26.37,26.58,26.26,26.54,335990,0
20130830,26.52,26.56,25.73,26.17,231699,0
20130903,26.47,26.62,25.77,25.82,784935,0
20130904,25.91,26.28,25.72,26.25,318002,0
20130905,26.24,26.62,26.22,26.4,478039,0
20130906,26.5,26.69,26.06,26.43,324743,0
20130909,26.51,26.87,26.51,26.79,430406,0
20130910,26.87,26.95,26.78,26.86,218079,0
20130911,26.82,27,26.77,26.84,486573,0
20130912,26.87,27.1,26.72,26.96,432279,0
20130913,27.05,27.05,26.83,26.92,341062,0
20130916,26.93,27.52,26.92,27.47,209331,0
20130917,27.54,27.77,27.32,27.41,453272,0
20130918,27.43,28.02,27.42,27.85,433053,0
20130919,27.91,28.27,27.73,28.23,421382,0
20130920,28.37,28.46,27.63,28.11,1074467,0
20130923,27.64,28.44,27.5,27.89,424814,0
20130924,27.99,28.16,27.35,27.5,327207,0
20130925,27.52,28.01,27.45,27.65,330503,0
20130926,27.65,27.94,27.51,27.61,363638,0
20130927,27.4,27.62,27.22,27.23,198535,0
20130930,26.9,27.13,26.61,27.01,421462,0
20131001,26.94,27.78,26.94,27.68,459006,0
20131002,27.63,28.62,27.63,28.57,366845,0
20131003,28.47,28.58,28.07,28.36,166899,0
20131004,28.29,28.91,28.29,28.69,121920,0
20131007,28.4,29,28.27,28.61,184405,0
20131008,28.65,28.86,28.39,28.62,305342,0
20131009,28.64,29.28,28.48,29.24,501170,0
20131010,29.52,29.52,29.06,29.28,345681,0
20131011,29.23,29.51,29.22,29.45,190138,0
20131014,29.24,29.76,29.05,29.64,267921,0
20131015,29.95,30.26,29.72,29.86,502067,0
20131016,29.84,30.44,29.75,30.23,229232,0
20131017,30.17,30.58,30.12,30.58,160088,0
20131018,30.83,31.29,30.65,31.13,346885,0
20131021,31.01,31.21,30.6,30.7,360580,0
20131022,30.87,31.35,30.59,30.73,218816,0
20131023,30.52,30.63,29.97,30.03,172590,0
20131024,29.93,30.27,29.59,29.66,646086,0
20131025,29.54,29.86,28.7,29.05,578612,0
20131028,29.71,29.75,28.93,29.24,340279,0
20131029,29.3,29.55,29.1,29.48,201238,0
20131030,29.54,29.81,29.11,29.23,162911,0
20131031,29.28,29.52,28.9,29.26,249700,0
20131101,29.34,29.97,28.67,29.04,243358,0
20131104,29.07,29.49,29.07,29.47,211797,0
20131105,30.06,30.64,29.59,29.63,257214,0
20131106,29.88,30,29.25,29.7,231928,0
20131107,27.67,28.21,27.11,27.69,2249385,0
20131108,27.72,28.38,27.7,28.18,412172,0
20131111,28.32,28.54,28.11,28.47,336361,0
20131112,28.41,28.44,28.12,28.24,226173,0
20131113,28.08,28.48,28.01,28.31,204152,0
20131114,28.41,28.61,28.05,28.42,507298,0
20131115,28.53,28.78,28.27,28.59,555271,0
20131118,28.73,28.77,28.03,28.21,296454,0
20131119,28.14,28.37,27.71,27.89,183825,0
20131120,27.92,28,27.5,27.78,455978,0
20131121,27.79,28.05,27.63,27.91,244571,0
20131122,28.05,28.38,27.58,28.23,170209,0
20131125,28.22,28.22,27.4,27.55,127153,0
20131126,27.49,27.62,27.27,27.61,205239,0
20131127,27.5,27.63,26.98,27.05,259186,0
20131129,27.01,27.29,26.91,27.01,116402,0
20131202,27.15,27.25,26.48,26.88,594682,0
20131203,26.89,27.12,26.63,26.93,417855,0
20131204,27,27.4,26.82,27.33,366959,0
20131205,27.37,27.51,27.11,27.22,133241,0
20131206,27.35,27.47,26.46,26.49,331231,0
20131209,26.92,26.98,26.02,26.18,681947,0
20131210,26.23,26.44,25.85,26.05,366110,0
20131211,26.14,26.26,25.89,25.99,311616,0
20131212,26,26.35,26,26.13,452010,0
20131213,26.22,26.3,25.94,26.18,378140,0
20131216,26.5,26.87,26.3,26.67,388441,0
20131217,26.6,27.14,26.54,27.09,436966,0
20131218,27.06,27.42,26.8,27.34,410199,0
20131219,27.22,27.31,26.83,27.11,669142,0
20131220,27.11,27.81,27.11,27.72,771377,0
20131223,27.72,27.85,27.37,27.59,186176,0
20131224,27.48,28.11,27.44,27.94,186530,0
20131226,27.95,28.21,27.82,27.91,191732,0
20131227,27.87,28.28,27.87,28.26,179700,0
20131230,28.21,28.41,28.01,28.22,284163,0
20131231,28.2,28.48,28.09,28.26,323708,0
20140102,28.1,28.28,27.94,28.12,313388,0
20140103,28,28.15,27.71,27.79,527172,0
20140106,27.83,27.98,27.65,27.82,240785,0
20140107,27.74,27.91,27.48,27.81,303553,0
20140108,27.67,27.75,27.46,27.66,234807,0
20140109,28.07,28.6,27.98,28.25,522946,0
20140110,28.29,28.57,28.19,28.47,155483,0
20140113,28.46,28.46,28.08,28.16,570677,0
20140114,28.17,28.41,28.04,28.32,304478,0
20140115,27.94,27.99,26.68,26.72,611800,0
20140116,25.79,26.72,25.47,26,1210408,0
20140117,25.97,26.23,25.77,25.9,389182,0
20140121,26.15,26.39,25.68,25.9,446662,0
20140122,25.99,26.22,25.86,26.22,180084,0
20140123,26.28,26.28,25.68,25.76,419639,0
20140124,25.56,25.74,25.14,25.42,386668,0
20140127,25.42,25.69,25.07,25.09,237790,0
20140128,25.12,25.43,24.77,25.43,736892,0
20140129,25.21,25.45,24.97,25.21,261685,0
20140130,25.4,25.5,25.15,25.16,208044,0
20140131,24.77,25.35,24.64,25.12,421952,0
20140203,24.97,25.28,24.32,24.66,360913,0
20140204,24.72,25.22,24.7,25.17,502044,0
20140205,25.17,25.62,24.95,25.52,401027,0
20140206,25.65,26.14,25.47,26.12,383484,0
20140207,26.06,27.13,25.74,26.1,654634,0
20140210,25.91,26.13,25.57,25.79,453989,0
20140211,25.72,26.79,25.68,26.68,382591,0
20140212,26.79,27.31,26.79,27,504060,0
20140213,26.93,27.38,26.83,27.26,294001,0
20140214,27.43,27.59,27.13,27.5,128620,0
20140218,27.41,27.43,26.91,27.26,244376,0
20140219,27.14,27.83,27.02,27.24,287252,0
20140220,27.16,27.27,27,27.22,183866,0
20140221,27.31,27.41,26.92,26.96,161737,0
20140224,26.99,27.54,26.96,27.39,256236,0
20140225,27.33,27.38,26.68,26.79,408292,0
20140226,26.9,26.96,26.36,26.41,360408,0
20140227,26.37,26.4,25.51,25.84,520478,0
20140228,25.88,26.16,25.52,25.9,558579,0
20140303,25.6,26.19,25.36,25.9,638264,0
20140304,26.23,26.6,26.16,26.43,720569,0
20140305,26.43,26.57,26.14,26.2,278099,0
20140306,26.18,26.72,26.07,26.7,319400,0
20140307,26.82,27.27,26.82,27.03,527826,0
20140310,27,27.26,26.86,27.19,647788,0
20140311,27.27,27.32,26.89,27.08,334309,0
20140312,26.88,27.02,26.66,27.01,192122,0
20140313,27.1,27.19,26.37,26.7,275937,0
20140314,26.57,27.34,26.57,27.3,284200,0
20140317,27.41,27.66,27.3,27.64,228149,0
20140318,27.6,28.32,27.49,28.2,518848,0
20140319,28.18,28.27,28,28.25,422204,0
20140320,28.21,29.43,28.1,29.15,407287,0
20140321,29.25,29.75,29.21,29.52,462536,0
20140324,29.53,29.92,29.36,29.82,540469,0
20140325,29.88,29.99,29.72,29.94,292873,0
20140326,30,30.24,29.58,29.62,417800,0
20140327,30,30.82,29.8,30.8,483947,0
20140328,30.85,30.89,30.55,30.58,451373,0
20140331,30.75,31.05,30.41,30.98,411849,0
20140401,30.88,31.05,30.41,30.95,341527,0
20140402,30.94,31.26,30.88,31.13,130047,0
20140403,31.13,31.25,30.93,31.14,108540,0
20140404,31.27,31.32,30.63,30.76,138132,0
20140407,30.71,30.94,30.25,30.36,267242,0
20140408,30.45,30.78,30.23,30.58,311178,0
20140409,30.68,30.81,30.27,30.76,151173,0
20140410,30.79,31.01,29.94,30.16,218688,0
20140411,29.87,30.15,29.49,29.53,280114,0
20140414,29.75,30.28,29.55,29.89,165687,0
20140415,29.95,30.4,29.81,30.25,253125,0
20140416,30.45,30.47,30.24,30.41,156236,0
20140417,30.4,31.06,30.27,30.76,227540,0
20140421,30.78,30.99,30.56,30.86,166178,0
20140422,30.81,31.5,30.67,31.08,293135,0
20140423,31.2,32.38,31.2,31.54,542170,0
20140424,31.55,31.83,31.26,31.49,266547,0
20140425,31.54,33.84,31.32,32.06,1289034,0
20140428,32.5,32.86,31.64,32,390735,0
20140429,31.38,31.79,30.87,30.99,723478,0
20140430,30.67,30.8,29.45,29.86,2009597,0
20140501,29.49,30.31,29.05,29.85,6622062,0
20140502,29.9,31.01,29.84,30.53,1717250,0
20140505,30.45,31,30.19,30.82,665404,0
20140506,30.82,31.5,30.64,31.19,801226,0
20140507,31.25,31.98,30.99,31.9,776383,0
20140508,31.91,31.97,31.31,31.36,596455,0
20140509,31.27,31.75,31.12,31.61,774477,0
20140512,31.68,32.22,31.43,32.11,498688,0
20140513,32.11,32.43,31.96,32.42,713440,0
20140514,32.36,32.69,32.1,32.29,769980,0
20140515,32.08,32.39,31.54,32.33,608445,0
20140516,32.21,32.53,32,32.52,481286,0
20140519,32.47,32.75,32.1,32.57,643921,0
20140520,32.49,32.68,32.29,32.58,651484,0
20140521,32.64,33.1,32.44,32.68,549177,0
20140522,32.84,33.03,32.67,32.81,354602,0
20140523,32.82,33.02,32.55,32.95,452644,0
20140527,32.94,33.09,32.6,32.87,640598,0
20140528,32.97,33.15,32.55,32.99,525427,0
20140529,33.23,33.53,32.98,33.41,326221,0
20140530,33.42,33.45,32.79,33.04,483689,0
20140602,33.21,33.62,32.99,33.51,423035,0
20140603,33.31,33.69,32.95,33.54,622216,0
20140604,33.53,33.92,33.28,33.59,575153,0
20140605,33.56,33.77,33.27,33.68,576912,0
20140606,33.79,34.52,33.54,34.32,839558,0
20140609,34.35,34.68,34.11,34.46,618089,0
20140610,34.46,34.65,33.99,34,496700,0
20140611,33.96,34.01,33.58,33.93,259829,0
20140612,33.97,34.13,33.84,34.01,318112,0
20140613,34.17,34.2,33.68,34.08,564684,0
20140616,34.13,34.77,33.99,34.26,602166,0
20140617,34.25,34.51,34.12,34.24,617175,0
20140618,34.3,34.74,34.17,34.7,364509,0
20140619,34.6,35.36,34.43,35.35,567214,0
20140620,35.68,36.42,35.54,36.15,1087098,0
20140623,36.35,36.49,35.82,36.18,914752,0
20140624,36.37,36.52,35.86,36.01,756291,0
20140625,35.94,36.44,35.94,36.33,424177,0
20140626,36.33,36.46,36.1,36.28,534458,0
20140627,36.22,36.78,36.13,36.26,2225855,0
20140630,36.39,36.59,35.86,36.43,605947,0
20140701,36.5,36.81,36.16,36.27,548566,0
20140702,36.05,36.57,35.89,35.98,668700,0
20140703,36.08,36.37,35.69,36.33,220993,0
20140707,36.31,36.31,35.68,35.7,391547,0
20140708,35.69,35.86,35.32,35.86,460280,0
20140709,35.95,36.13,35.68,35.92,304189,0
20140710,35.31,35.47,34.79,35.14,324071,0
20140711,35.22,35.43,34.69,34.79,224919,0
20140714,35.03,35.32,34.9,35.21,190788,0
20140715,35.22,35.41,34.62,35.17,263152,0
20140716,35.44,35.66,34.99,35.53,345650,0
20140717,35.45,35.82,35.19,35.32,675594,0
20140718,35.45,35.73,35.05,35.72,424389,0
20140721,35.47,36.04,35.43,35.9,487193,0
20140722,36,36.63,35.9,36.56,578918,0
20140723,36.98,36.98,36.32,36.72,385822,0
20140724,36.9,37.03,36.36,36.64,725552,0
20140725,35.25,35.83,34.34,35.41,1393945,0
20140728,35.54,35.57,34.8,34.94,898052,0
20140729,35.12,35.45,35.06,35.26,452614,0
20140730,35.79,35.86,34.42,34.54,470977,0
20140731,34.32,34.35,32.93,33.29,545303,0
20140801,33.28,33.39,32.51,32.66,609995,0
20140804,32.79,33.27,32.52,33.21,468408,0
20140805,32.98,33.09,32.16,32.58,395141,0
20140806,32.36,32.97,32.29,32.46,308275,0
20140807,32.66,32.69,31.85,31.87,428239,0
20140808,32.06,32.89,31.94,32.69,583473,0
20140811,32.94,33.33,32.69,32.77,304984,0
20140812,32.64,32.91,32.29,32.58,195818,0
20140813,32.69,32.98,32.53,32.55,162473,0
20140814,32.5,32.66,31.82,31.97,185999,0
20140815,32.31,32.58,31.99,32.36,272942,0
20140818,32.63,32.67,32.24,32.65,227359,0
20140819,32.71,33,32.51,32.92,174227,0
20140820,32.84,33.3,32.44,33.14,279321,0
20140821,33.13,33.32,32.53,33.09,195582,0
20140822,33.07,33.07,32.55,32.87,228322,0
20140825,33.03,33.26,32.79,33.17,133744,0
20140826,33.3,33.74,33.09,33.35,214053,0
20140827,33.21,33.74,33.1,33.47,149566,0
20140828,33.44,33.65,33.05,33.43,234628,0
20140829,33.5,34.1,33.41,34.05,220295,0
20140902,34.12,34.39,33.63,34.02,383867,0
20140903,34.07,34.25,33.58,33.61,259442,0
20140904,33.61,33.78,32.91,33.14,346384,0
20140905,33.05,33.18,32.39,32.83,530712,0
20140908,32.75,33.3,32.27,32.52,740377,0
20140909,32.45,32.85,31.97,32.31,372494,0
20140910,32.3,32.42,31.75,32.19,690437,0
20140911,31.98,32.74,31.84,32.67,961649,0
20140912,32.66,32.86,32.24,32.48,446004,0
20140915,32.46,32.46,31.94,32.31,313208,0
20140916,32.22,32.76,32.16,32.65,288357,0
20140917,32.81,33.4,32.65,33.11,434067,0
20140918,33.35,33.89,32.96,33.02,796756,0
20140919,33.08,33.41,32.59,32.92,739542,0
20140922,32.88,32.88,32.09,32.23,310328,0
20140923,32.13,32.36,32,32.14,321599,0
20140924,32.13,32.37,31.46,32.07,323083,0
20140925,31.92,31.92,31.35,31.41,370661,0
20140926,31.2,31.63,31.15,31.56,301992,0
20140929,31.3,31.73,31.12,31.67,313387,0
20140930,31.67,31.71,30.61,30.61,554838,0
20141001,30.61,30.76,29.78,29.79,597506,0
20141002,29.71,29.73,28.55,29.24,616817,0
20141003,29.31,29.5,28.84,29.19,308378,0
20141006,29.24,29.63,29.05,29.21,215233,0
20141007,28.97,29.38,28.75,28.82,422618,0
20141008,28.75,29.25,28.26,29.22,695076,0
20141009,29.04,29.18,28.09,28.5,538110,0
20141010,28.34,28.51,27.58,27.66,343356,0
20141013,27.62,27.96,25.29,25.34,1196051,0
20141014,25.54,25.56,23.32,23.58,1934425,0
20141015,23.51,24.59,22.72,24.36,1410978,0
20141016,23.73,25.02,23.6,24.75,876415,0
20141017,25.28,25.91,24.43,24.76,771941,0
20141020,24.77,25.48,24.55,25.45,386833,0
20141021,25.67,26.09,25.56,25.93,298124,0
20141022,26.05,26.42,25.5,25.51,439760,0
20141023,25.95,26.72,25.73,26.12,869046,0
20141024,29.19,29.76,26.08,27.38,1110560,0
20141027,26.89,26.89,26.15,26.34,1177224,0
20141028,26.05,27.01,25.96,27,984541,0
20141029,27.17,27.52,26.92,27.31,599749,0
20141030,27.1,27.66,26.96,27.15,527117,0
20141031,28.03,28.37,26.99,27.3,956880,0
20141103,27.29,28.15,26.99,27.23,719666,0
20141104,26.94,27.05,25.83,25.84,986582,0
20141105,26.02,26.76,26.02,26.25,1172252,0
20141106,26.15,26.59,25.96,26.29,2268286,0
20141107,26.28,27.71,26.28,27.7,3796762,0
20141110,28.06,28.45,27.36,27.73,597981,0
20141111,27.82,27.84,27.1,27.54,549558,0
20141112,27.33,27.7,27.14,27.19,519135,0
20141113,27.02,27.1,26.26,26.66,995693,0
20141114,26.9,27.39,26.79,27.16,613198,0
20141117,27.05,27.25,26.79,26.96,661335,0
20141118,27.14,27.73,27.07,27.17,981893,0
20141119,26.97,27.24,26.64,26.82,565666,0
20141120,26.76,27.35,26.76,27.13,472341,0
20141121,27.63,27.89,26.99,27.33,680245,0
20141124,27.27,27.64,26.99,27.19,364290,0
20141125,27.34,27.47,26.65,26.82,599741,0
20141126,26.74,26.97,26.21,26.47,595481,0
20141128,25.44,25.44,23.76,24.01,645941,0
20141201,24.26,24.26,22.69,23.05,991226,0
20141202,22.94,23.36,22.59,22.87,810946,0
20141203,23.05,23.11,22.48,22.76,965859,0
20141204,22.49,22.84,21.95,22.01,826649,0
20141205,21.79,21.87,20.78,21.1,2195290,0
20141208,20.87,21.01,18.99,19.23,1319959,0
20141209,19.04,20.04,19.04,19.94,710869,0
20141210,19.24,19.48,18.58,18.86,866310,0
20141211,18.97,19.39,18.55,18.63,595320,0
20141212,18.11,18.61,17.79,17.82,963632,0
20141215,17.93,18.16,17.11,17.21,1255129,0
20141216,16.89,18.37,16.85,17.99,2082788,0
20141217,17.78,19.55,17.63,19.36,1221219,0
20141218,20.04,20.48,19.62,20.14,1058118,0
20141219,20.26,21.35,20,21.27,1054945,0
20141222,21.02,21.21,20.33,20.83,783391,0
20141223,20.87,21.05,20.71,20.88,617967,0
20141224,20.63,21.56,20.32,21.3,532796,0
20141226,21.48,21.73,21.1,21.34,630683,0
20141229,21.35,21.89,21.24,21.43,730632,0
20141230,21.17,21.38,20.9,21.03,683077,0
20141231,20.97,21.13,20.39,20.73,734909,0
20150102,20.6,21.37,20.36,20.95,559205,0
20150105,20.16,20.3,18.58,19.01,938609,0
20150106,18.96,18.98,17.67,18.25,994491,0
20150107,18.46,18.81,17.65,17.98,1022114,0
20150108,17.82,18.08,17.23,17.46,1438083,0
20150109,17.36,17.68,16.72,16.77,1484575,0
20150112,16.69,16.7,16.06,16.62,875017,0
20150113,16.77,17.25,16.52,16.87,918455,0
20150114,16.58,16.99,16.24,16.68,1147164,0
20150115,16.97,17.13,16.29,16.3,1233162,0
20150116,16.37,16.85,16.37,16.5,1015330,0
20150120,16.47,16.54,15.79,15.83,939236,0
20150121,15.79,16.74,15.76,16.55,1684051,0
20150122,16.75,16.8,16.38,16.72,731201,0
20150123,16.62,17.12,16.52,16.69,874399,0
20150126,16.76,17.08,16.65,16.8,602781,0
20150127,16.67,16.9,16.33,16.66,430898,0
20150128,16.7,16.7,15.56,15.69,744328,0
20150129,15.83,15.9,14.96,15.31,952806,0
20150130,15.25,15.81,15.06,15.45,1352502,0
20150202,15.44,16.34,15.44,16.22,934188,0
20150203,16.64,17.49,16.53,16.94,1433692,0
20150204,16.67,16.96,16.36,16.88,733433,0
20150205,17.14,17.78,17.09,17.41,928741,0
20150206,17.57,18.03,17.4,17.53,877088,0
20150209,17.6,17.84,17.33,17.49,881701,0
20150210,17.52,17.52,16.59,16.96,775466,0
20150211,16.75,16.83,16.2,16.56,726696,0
20150212,16.5,17.36,16.01,16.09,1467342,0
20150213,16.29,18.76,16.16,18.7,2404969,0
20150217,18.56,18.95,17.61,18.9,1909122,0
20150218,18.66,19.48,18.35,18.94,1911611,0
20150219,18.59,19.99,18.41,19.29,1445530,0
20150220,19.2,19.39,18.54,18.68,823547,0
20150223,18.49,18.87,17.94,18.59,696736,0
20150224,18.73,19.62,18.63,19.25,1205629,0
20150225,19.3,19.33,18.55,19.05,710705,0
20150226,18.9,19.56,18.78,19.54,1354938,0
20150227,19.62,20.1,19.46,19.53,854616,0
20150302,18.92,19.43,18.59,19.39,1388300,0
20150303,19.27,19.66,19.2,19.37,586400,0
20150304,19.39,19.85,19.13,19.71,529400,0
20150305,19.69,19.81,18.91,19.23,426600,0
20150306,18.96,19.26,18.78,18.96,473900,0
20150309,18.96,19.03,18.28,18.63,381400,0
20150310,18.32,18.5,17.93,18.08,498100,0
20150311,18.12,18.88,17.84,18.86,655800,0
20150312,18.96,19.12,18.43,18.83,569900,0
20150313,18.73,18.8,18.1,18.42,614900,0
20150316,18.54,18.86,18.05,18.5,1289500,0
20150317,18.27,18.89,18,18.49,769000,0
20150318,18.43,19.48,17.99,19.28,768200,0
20150319,18.95,19.06,18.63,18.87,917800,0
20150320,19.08,19.41,18.93,19.28,674900,0
20150323,19.23,19.73,19.2,19.33,643700,0
20150324,19.36,19.92,18.99,19.84,558500,0
20150325,20.02,20.27,19.67,19.86,373800,0
20150326,20.2,20.39,19.47,19.93,746900,0
20150327,19.79,19.9,18.89,19.74,1111200,0
20150330,19.75,20.34,19.68,20.15,643400,0
20150331,19.88,20.1,19.43,19.6,633273,0
20150401,19.74,20.24,19.55,19.87,759400,0
20150402,19.37,20.1,19.17,19.62,952800,0
20150406,19.71,20.5,19.58,20.17,999100,0
20150407,20,20.7,19.99,20.39,1343682,0
20150408,20.34,20.72,20.09,20.54,868300,0
20150409,20.54,21.89,20.51,21.86,1361263,0
20150410,21.72,22.33,21.41,22.24,1241700,0
20150413,21.66,21.76,21.06,21.3,1026900,0
20150414,21.47,22.18,21.42,21.97,673700,0
20150415,22.2,23.47,22.04,23.09,1304802,0
20150416,22.96,23,22.15,22.18,957612,0
20150417,21.95,21.95,21.09,21.37,1454900,0
20150420,21.38,21.73,21.2,21.3,1060292,0
20150421,21.31,21.37,20.69,20.91,913727,0
20150422,21.02,21.67,20.67,21.65,754538,0
20150423,21.78,22.5,21.78,22.09,1509700,0
20150424,20.61,23.11,20.42,23.08,1838300,0
20150427,23.46,24.36,23,23.04,1844200,0
20150428,22.99,23.45,22.13,22.93,1089400,0
20150429,22.88,23.48,22.57,23.13,794900,0
20150430,23.2,23.41,22.68,23.26,1492700,0
20150501,23.3,23.46,22.17,22.85,621300,0
20150504,22.97,23.01,22.34,22.39,628500,0
20150505,22.71,23.03,22.09,22.13,1097500,0
20150506,22.43,22.6,21.51,21.59,1192029,0
20150507,21.58,21.71,20.88,21.53,870960,0
20150508,21.84,21.88,20.99,21.5,705300,0
20150511,21.6,21.62,20.78,21.16,1057500,0
20150512,21.16,21.83,21,21.63,633060,0
20150513,21.86,21.89,21.21,21.52,971800,0
20150514,21.71,22.04,21.46,21.55,857900,0
20150515,21.42,22.17,21.02,22.03,940235,0
20150518,21.99,22.1,21.53,22,647728,0
20150519,21.65,21.66,20.52,20.68,1214100,0
20150520,20.81,21.45,20.35,21.28,751800,0
20150521,21.38,22.24,21.38,21.79,721900,0
20150522,21.51,21.77,21.07,21.42,560500,0
20150526,21.16,21.16,20.41,20.84,692103,0
20150527,20.77,21.13,20.5,21,828000,0
20150528,20.91,21.02,20.09,20.42,690232,0
20150529,20.44,21.11,20.27,20.74,1069400,0
20150601,20.71,20.71,20.1,20.51,638665,0
20150602,20.63,21.29,20.63,20.76,437755,0
20150603,20.69,21.23,20.51,20.6,474600,0
20150604,20.47,20.47,19.9,20.15,948600,0
20150605,20.02,21.08,19.82,20.99,915500,0
20150608,20.88,21.27,20.51,20.64,253300,0
20150609,20.88,21.13,20.67,20.83,289738,0
20150610,21.21,21.77,21.02,21.76,553205,0
20150611,21.82,21.88,21.57,21.7,710409,0
20150612,21.51,21.62,21.28,21.5,529500,0
20150615,21.29,21.86,21.14,21.76,857700,0
20150616,21.76,21.96,21.63,21.93,486600,0
20150617,22.15,22.46,21.91,21.93,490600,0
20150618,22.05,22.05,21.52,21.64,951000,0
20150619,21.71,21.74,21.42,21.48,1008400,0
20150622,21.53,21.98,21.32,21.87,442000,0
20150623,21.73,22.05,21.69,22.03,372511,0
20150624,21.93,22.1,21.65,21.75,670600,0
20150625,21.75,21.8,20.89,20.96,852900,0
20150626,20.9,20.96,20.42,20.55,1558200,0
20150629,20.2,20.42,19.97,20.01,984500,0
20150630,20.26,20.35,20,20.28,729110,0
20150701,20.29,20.38,19.07,19.3,796900,0
20150702,19.44,19.68,19.28,19.3,719900,0
20150706,18.95,19.31,18.76,18.99,1232200,0
20150707,18.81,19.22,18,19.08,527100,0
20150708,18.92,19.11,18.31,18.35,452100,0
20150709,18.63,18.65,18.07,18.36,1448000,0
20150710,18.72,18.97,18.35,18.5,806700,0
20150713,18.44,19.03,18.28,18.84,732400,0
20150714,18.82,19.37,18.8,19.24,639309,0
20150715,19.09,19.19,18.12,18.16,1213126,0
20150716,18.33,18.56,17.43,17.44,1253000,0
20150717,17.44,17.54,16.8,16.97,1143200,0
20150720,17.06,17.27,16.8,17.11,1370000,0
20150721,17.35,17.82,16.84,17.08,2205300,0
20150722,16.92,17.02,16.14,16.38,1683500,0
20150723,16.47,16.99,15.99,16.9,1544500,0
20150724,15.91,15.93,14.5,14.85,5882400,0
20150727,14.53,14.6,13.85,13.94,1723900,0
20150728,14,14.86,13.68,14.81,1869200,0
20150729,14.87,15.67,14.63,15,1777300,0
20150730,15,15.87,14.77,15.22,1603700,0
20150731,15.14,15.46,15.1,15.28,1364200,0
20150803,15.11,15.57,14.81,14.98,1401244,0
20150804,15.14,15.33,14.47,14.49,1206800,0
20150805,14.65,15.24,14.37,14.49,887700,0
20150806,14.38,15.23,14.1,15.04,1119122,0
20150807,14.91,15.5,14.52,14.58,1126500,0
20150810,14.6,15.83,14.51,15.77,1536500,0
20150811,15.32,15.64,15.21,15.55,703395,0
20150812,15.45,16.08,15.3,15.76,854700,0
20150813,15.54,15.75,14.85,14.98,845200,0
20150814,14.91,15.32,14.87,15.01,875800,0
20150817,14.88,15.27,14.75,15.2,875200,0
20150818,15.12,15.23,14.82,15.19,1130500,0
20150819,15.02,15.16,14.57,14.67,1115900,0
20150820,14.62,14.96,13.88,13.97,1103300,0
20150821,13.64,14.14,13.32,13.38,1727500,0
20150824,11.75,13.27,8.34,12.69,2081133,0
20150825,12.75,13.17,12.33,12.4,1226400,0
20150826,12.8,13.08,12.38,12.83,1703300,0
20150827,13.2,14.08,13.03,13.92,1119200,0
20150828,13.87,15.33,13.85,14.79,1482800,0
20150831,14.56,15.76,14.29,15.72,1014400,0
20150901,15.19,15.57,14.82,14.95,1035700,0
20150902,15.25,15.25,14.3,14.85,925500,0
20150903,14.91,15.65,14.69,15.13,960600,0
20150904,14.76,15.15,14.6,15.01,814500,0
20150908,14.96,15.63,13.87,15.34,776700,0
20150909,15.01,15.71,14.2,14.38,1021700,0
20150910,14.51,14.67,14.23,14.43,1552424,0
20150911,14.12,14.24,13.73,13.84,1058500,0
20150914,13.82,13.91,13.55,13.69,926100,0
20150915,13.82,14.29,13.75,14.08,1504000,0
20150916,14.22,15.35,14.13,14.78,1234600,0
20150917,14.69,15.41,14.38,14.87,1493026,0
20150918,14.53,14.67,14.03,14.21,1157500,0
20150921,14.4,14.45,13.93,14.1,1088500,0
20150922,13.79,14.35,13.62,14.07,908700,0
20150923,14.15,14.27,13.87,14.03,845900,0
20150924,13.83,13.98,13.42,13.73,1240103,0
20150925,13.87,13.93,12.89,13.2,2253700,0
20150928,13.08,13.19,12.34,12.72,1226162,0
20150929,12.88,13.03,12.5,12.65,1392800,0
20150930,12.81,12.89,12.08,12.21,1612700,0
20151001,12.42,12.75,11.92,11.96,1241100,0
20151002,11.85,12.47,11.68,12.42,1787200,0
20151005,12.63,13.53,12.63,13.21,2808058,0
20151006,13.35,14.67,13.1,14.53,1402600,0
20151007,14.81,15.29,14.2,14.63,1388400,0
20151008,14.63,15.03,14.13,14.94,1067700,0
20151009,15.01,15.29,14.6,15,869700,0
20151012,14.94,15.01,13.81,13.93,913231,0
20151013,13.75,13.92,13.17,13.22,1120200,0
20151014,13.32,13.81,13.09,13.75,1566600,0
20151015,13.64,13.96,13.32,13.96,1192900,0
20151016,13.98,14.03,13.25,13.65,1296000,0
20151019,13.49,13.49,12.6,12.86,1165400,0
20151020,12.76,13.57,12.76,13.38,1025425,0
20151021,13.37,13.38,12.72,12.87,1236900,0
20151022,13.01,13.54,12.66,12.98,1722100,0
20151023,13.3,14.5,12.96,13.67,3614200,0
20151026,13.48,13.61,12.32,12.63,2615300,0
20151027,12.48,12.8,12.37,12.63,2209900,0
20151028,12.8,14.04,12.68,13.95,2101600,0
20151029,13.69,14.26,13.15,13.24,1526100,0
20151030,13.33,13.52,12.84,13.25,1315600,0
20151102,13.11,13.89,12.98,13.73,1290950,0
20151103,13.87,14.73,13.76,14.64,1343900,0
20151104,14.63,15.06,14.19,14.47,1181673,0
20151105,14.35,15.17,14.3,14.58,1200300,0
20151106,14.4,15.03,14.21,14.76,912900,0
20151109,14.77,14.94,14.04,14.3,886575,0
20151110,14.19,14.54,13.97,14.42,780100,0
20151111,14.38,14.38,13.62,13.96,785400,0
20151112,13.62,14.31,13.31,13.41,963900,0
20151113,13.3,14.27,13.16,13.69,1131800,0
20151116,13.66,14.32,13.44,14.18,1085500,0
20151117,14.08,14.33,13.71,13.86,1192500,0
20151118,14.01,14.57,13.76,14.5,893300,0
20151119,14.31,14.54,13.82,14.15,953200,0
20151120,14.22,14.66,13.77,14.17,1216700,0
20151123,14.08,14.85,13.87,14.53,1251300,0
20151124,14.74,15.28,14.56,15.07,934200,0
20151125,14.79,15.68,14.53,15.37,837500,0
20151127,15.19,15.45,14.88,14.99,550400,0
20151130,15.8,16.06,15.27,15.66,1058800,0
20151201,15.58,15.95,15.42,15.6,801707,0
20151202,15.37,15.47,14.32,14.53,1337641,0
20151203,14.7,14.92,14.3,14.48,1094704,0
20151204,14.21,14.62,13.72,13.79,1337400,0
20151207,13.4,13.5,12.61,12.69,1574100,0
20151208,12.31,12.78,12.15,12.26,1999100,0
20151209,12.39,12.93,12.39,12.67,1410000,0
20151210,12.61,13.21,12.5,12.99,1191600,0
20151211,12.73,12.85,12.18,12.22,1399300,0
20151214,12.21,12.73,11.98,12.4,1391257,0
20151215,12.65,13.1,12.59,13,1176200,0
20151216,12.98,13.46,12.62,13.07,1427500,0
20151217,13.01,13.03,12.18,12.34,1179300,0
20151218,12.18,12.24,11.38,11.72,1854600,0
20151221,12.02,12.3,11.51,11.67,1783500,0
20151222,11.7,12.44,11.57,12.3,1004164,0
20151223,12.64,13.34,12.56,13.34,1110800,0
20151224,13.38,13.41,12.72,12.74,647571,0
20151228,12.36,12.53,12.313,12.47,907392,0
20151229,12.74,12.91,12.28,12.58,896469,0
20151230,12.19,12.63,12.11,12.44,1094715,0
20151231,12.38,12.65,12.2339,12.46,938709,0
20160104,12.47,13.1,12.25,12.47,1885200,0
20160105,12.62,12.67,11.92,12.19,1210450,0
20160106,11.76,11.86,11.2,11.28,1328324,0
20160107,10.94,11.32,10.835,10.91,1703675,0
20160108,11.03,11.13,10.5901,10.7,960856,0
20160111,10.71,10.77,10.175,10.41,1047948,0
20160112,10.66,10.66,9.83,10.22,1013868,0
20160113,10.4,10.6,9.78,9.86,1056546,0
20160114,9.95,10.685,9.74,10.52,1302122,0
20160115,9.78,10.4,9.78,10.31,1148489,0
20160119,10.38,10.45,9.33,9.75,1294700,0
20160120,9.46,9.92,8.87,9.66,1633973,0
20160121,9.48,10.38,9.39,9.98,2362442,0
20160122,10.48,10.62,9.76,10.06,1111419,0
20160125,9.71,10.12,9.37,9.39,679346,0
20160126,9.68,9.95,9.38,9.75,1328079,0
20160127,9.63,10.37,9.58,10.17,1412847,0
20160128,10.76,10.8,10.19,10.35,1100103,0
20160129,10.39,11.28,10.39,11.21,1475136,0
20160201,10.97,11.0099,10.495,10.78,1429481,0
20160202,10.44,10.52,10.17,10.36,1204215,0
20160203,10.37,10.61,9.78,10.38,1632393,0
20160204,10.49,11.55,10.49,11.24,1697116,0
20160205,11.02,11.33,10.545,10.73,1612802,0
20160208,10.5,10.565,9.93,10.24,1309290,0
20160209,9.98,10.06,9.14,9.44,1115477,0
20160210,9.4,9.81,9.23,9.36,860435,0
20160211,9.1,9.14,8.7,8.97,2095151,0
20160212,8.97,9.58,8.47,8.54,2906896,0
20160216,8.54,9.335,8.5,9.1,3201328,0
20160217,9.24,9.84,9.18,9.53,1683910,0
20160218,9.65,9.72,9.19,9.45,1942274,0
20160219,9.16,9.43,9.02,9.39,1358890,0
20160222,9.73,10.355,9.73,10.02,1315558,0
20160223,9.93,10.22,9.595,9.62,1191441,0
20160224,9.36,10.01,9.15,9.95,1380131,0
20160225,9.92,10.16,9.62,10.03,1242125,0
20160226,10.35,11.51,10.285,10.98,1743084,0
20160229,11.08,11.94,10.95,11.76,2448093,0
20160301,11.85,12.03,11.1,11.49,1744857,0
20160302,11.39,11.925,11.24,11.88,1528634,0
20160303,11.76,12.87,11.73,12.8,1332823,0
20160304,12.97,13.63,12.48,13.22,1791256,0
20160307,13.26,13.64,13.08,13.39,1378639,0
20160308,13.25,13.29,12.35,12.58,999765,0
20160309,12.88,13.1,12.29,12.77,1027367,0
20160310,12.61,12.71,12.2,12.51,1215770,0
20160311,12.98,13.64,12.9,13.52,1365588,0
20160314,13.28,13.775,13.16,13.21,1400299,0
20160315,12.89,12.91,12.22,12.56,1176011,0
20160316,12.71,13.05,12.64,12.93,1129008,0
20160317,12.99,13.515,12.88,13.43,758687,0
20160318,13.54,13.65,12.93,13.15,1118653,0
20160321,13.01,13.31,12.86,13.27,675107,0
20160322,13.12,13.28,12.98,13.12,433310,0
20160323,12.89,13.11,12.64,12.66,650221,0
20160324,12.45,12.9,12.345,12.89,550352,0
20160328,12.98,13.04,12.58,12.84,609059,0
20160329,12.6,13.15,12.46,13.08,819287,0
20160330,13.26,13.34,12.66,12.94,660451,0
20160331,12.95,13.39,12.88,13.2,551868,0
20160401,12.71,12.97,12.52,12.89,550015,0
20160404,12.86,13.11,12.5,12.54,961886,0
20160405,12.37,12.79,12.26,12.62,1256578,0
20160406,12.79,13.035,12.49,12.95,1259254,0
20160407,12.87,13.02,12.535,12.64,1253276,0
20160408,13.08,13.4098,12.93,13.21,821748,0
20160411,13.33,13.78,13.23,13.25,977622,0
20160412,13.38,14.11,13.19,13.97,955708,0
20160413,13.99,14.13,13.32,13.9,947828,0
20160414,13.96,14.02,13.42,13.97,990100,0
20160415,13.8,14.285,13.55,14.09,1014032,0
20160418,13.55,14.685,13.19,14.43,1074087,0
20160419,14.58,14.96,14.51,14.66,990954,0
20160420,14.59,15.19,14.48,14.85,1056284,0
20160421,14.93,15.32,14.59,14.69,832493,0
20160422,14.73,15.38,14.715,15.12,715170,0
20160425,15.02,15.35,14.58,14.78,938284,0
20160426,14.9,14.97,14.6,14.86,599623,0
20160427,14.97,15.65,14.94,15.32,767912,0
20160428,15.21,15.73,15.06,15.39,709055,0
20160429,15.48,17.26,15.28,16.74,2874533,0
20160502,16.82,17.44,16.6,17.13,1799861,0
20160503,16.86,16.94,16.51,16.62,1363670,0
20160504,16.57,17.03,16.05,16.2,1248436,0
20160505,16.66,16.91,16.12,16.24,1103533,0
20160506,16.01,16.81,15.99,16.55,1269025,0
20160509,16.4,16.4,15.35,15.54,744829,0
20160510,15.6,16.26,15.6,16.06,1053610,0
20160511,15.96,16.42,15.75,15.99,649760,0
20160512,16.08,16.49,15.73,15.95,657328,0
20160513,15.8,16.05,15.52,15.53,644197,0
20160516,15.84,16.48,15.84,16.18,751113,0
20160517,16.16,17.14,16.1,16.91,1226902,0
20160518,16.76,17.01,16.31,16.47,780617,0
20160519,16.25,16.64,15.89,16.42,1038452,0
20160520,16.54,17.1,16.34,17.05,935866,0
20160523,16.87,17.105,16.65,16.95,764271,0
20160524,17.09,17.09,16.6037,16.94,492200,0
20160525,17.09,17.81,17.07,17.77,500902,0
20160526,17.84,18.05,16.97,16.97,1061670,0
20160527,16.93,17.17,16.7807,17.15,700305,0
20160531,17.2,17.66,16.76,16.78,1464615,0
20160601,16.13,16.54,15.58,16.47,1621906,0
20160602,16.25,16.43,15.62,16.03,2308693,0
20160603,16.07,16.57,16.05,16.47,1434994,0
20160606,16.7,18.52,16.7,18.3,1567152,0
20160607,18.43,19.17,18.2,19,1557469,0
20160608,19.09,19.32,18.71,18.99,1151345,0
20160609,18.72,18.92,18.37,18.72,1067053,0
20160610,18.31,18.5,17.83,17.87,803943,0
20160613,17.63,18.05,17.53,17.74,678667,0
20160614,17.6,17.89,17.15,17.66,625386,0
20160615,17.6,17.94,17.28,17.45,443702,0
20160616,17.18,17.18,16.37,16.85,692838,0
20160617,17.02,17.65,17.02,17.5,1132604,0
20160620,17.78,18.09,17.57,17.58,940731,0
20160621,17.48,17.65,17.01,17.51,650733,0
20160622,17.66,17.84,17.28,17.29,855149,0
20160623,17.5,17.83,17.4,17.7,997685,0
20160624,16.68,17.11,16.68,16.83,911945,0
20160627,16.55,16.59,15.52,15.63,1283785,0
20160628,16.37,16.37,15.54,15.82,1228616,0
20160629,16.17,16.65,15.94,16.4,1136218,0
20160630,16.35,17.315,16.28,17.31,1095792,0
20160701,17.22,17.7,17.16,17.57,935012,0
20160705,17.16,17.31,16.03,16.23,797057,0
20160706,16.01,16.13,15.72,16.06,896691,0
20160707,16.3,16.63,15.765,15.91,680842,0
20160708,16.19,16.52,16.17,16.36,463856,0
20160711,16.56,16.91,16.32,16.32,573059,0
20160712,16.29,17.22,16.13,17.15,765178,0
20160713,17.12,17.25,15.96,16.1,1074392,0
20160714,16.42,17.16,16.36,16.5,948780,0
20160715,16.55,16.55,16.06,16.28,1265291,0
20160718,16.45,16.57,16.165,16.36,1309237,0
20160719,16.3,16.3,15.84,15.95,839742,0
20160720,15.85,16.45,15.65,16.25,616637,0
20160721,16.27,16.7,16.195,16.24,801933,0
20160722,16.3,16.44,15.93,16.19,1048776,0
20160725,16.02,16.05,14.83,15.12,1398601,0
20160726,15.07,15.395,14.91,15.35,1355131,0
20160727,15.45,15.75,14.86,15.22,736171,0
20160728,15.21,15.5,15.04,15.09,702418,0
20160729,15.11,16.68,15.11,16.33,2464045,0
20160801,16.5,16.53,15.24,15.45,1261348,0
20160802,15.68,16.05,15.4,15.67,1015360,0
20160803,15.67,16.11,15.4,15.99,611736,0
20160804,15.91,16.32,15.91,16.14,331061,0
20160805,16.22,16.91,16.11,16.9,713710,0
20160808,17.01,17.19,16.78,17.08,717460,0
20160809,17.23,17.43,17.02,17.2,1319101,0
20160810,17.27,17.42,16.59,16.6,484529,0
20160811,16.74,17.06,16.62,16.86,386307,0
20160812,16.94,17.04,16.42,16.53,389229,0
20160815,16.68,17.425,16.67,17.4,617827,0
20160816,17.78,17.86,17.42,17.82,724124,0
20160817,17.8,17.935,17.425,17.57,703940,0
20160818,17.69,18.47,17.69,18.41,408557,0
20160819,18.29,18.58,18.08,18.41,671291,0
20160822,18.13,18.3,17.89,18.15,797585,0
20160823,18.18,18.53,18.05,18.28,336307,0
20160824,18.13,18.51,17.89,17.95,713389,0
20160825,17.93,18.18,17.8,17.96,492518,0
20160826,18.04,18.385,17.9,18.13,482570,0
20160829,18,18.23,17.89,17.97,383924,0
20160830,18.04,18.43,17.67,17.69,693076,0
20160831,17.59,17.65,17.26,17.57,687324,0
20160901,17.5,17.68,17.23,17.64,690079,0
20160902,18,18.07,17.61,17.93,513586,0
20160906,18,18.36,17.74,18.35,590016,0
20160907,18.36,18.37,18,18.22,426137,0
20160908,18.38,19.07,18.38,18.88,912108,0
20160909,18.52,18.71,17.97,17.97,460652,0
20160912,17.75,18.55,17.62,18.46,589632,0
20160913,18.07,18.14,17.49,17.55,918807,0
20160914,17.47,17.73,17.02,17.26,758448,0
20160915,17.12,17.52,16.96,17.26,817280,0
20160916,17,17.3,16.81,17.1,1275525,0
20160919,17.3,17.459,17.01,17.09,634700,0
20160920,17.18,17.44,16.9401,17.21,656638,0
20160921,17.51,18.28,17.46,18.24,607503,0
20160922,18.63,19.21,18.1901,18.47,527163,0
20160923,18.89,18.95,18.16,18.21,851603,0
20160926,18.32,18.6,18.2,18.28,373229,0
20160927,17.93,18.13,17.83,17.98,444605,0
20160928,18.13,19.34,17.71,19.22,889385,0
20160929,19.45,20.14,19.21,19.8,899721,0
20160930,20.06,20.29,19.84,19.86,1667639,0
20161003,19.9,20.55,19.75,19.95,1002872,0
20161004,20,20.5,19.82,20.05,1083826,0
20161005,20.3,21.4,20.25,20.95,718482,0
20161006,21.15,21.7,20.8,21.6,1001881,0
20161007,21.6,21.65,20.95,21.25,916499,0
20161010,21.6,22.85,21.6,22.35,1189515,0
20161011,22.15,22.15,21.55,22.05,998195,0
20161012,21.9,22.45,21.75,22.15,871712,0
20161013,21.85,22.4,21.6,21.65,1164422,0
20161014,21.75,22,21.3,21.35,785873,0
20161017,21.35,21.55,20.675,21,1115817,0
20161018,21.4,21.5,20.95,21.1,680683,0
20161019,21.35,21.95,21.35,21.65,623896,0
20161020,21.35,21.55,21.025,21.49,783361,0
20161021,21.1,21.8,21,21.2,818415,0
20161024,21.3,21.55,20.75,21,566673,0
20161025,21.05,21.15,20.2,20.45,1205946,0
20161026,20.1,20.2,19.55,19.8,1240081,0
20161027,20.05,20.15,19.3,19.35,1358394,0
20161028,19.35,19.9,17.85,18.45,2301866,0
20161031,18.55,18.6,17.85,18,1567765,0
20161101,18.15,18.25,17.65,18.15,1168275,0
20161102,17.7,17.85,17.4,17.6,654063,0
20161103,17.65,17.95,17.4,17.4,771469,0
20161104,17.2,17.5,17,17.1,1702844,0
20161107,17.1,17.55,16.925,17.3,1159282,0
20161108,17.2,17.55,17.1,17.4,913760,0
20161109,17.25,18.9,17.25,18.75,1310678,0
20161110,18.6,19.1,18.6,18.7,1362533,0
20161111,18.45,19.1,18.3,19.05,1130911,0
20161114,19.05,19.6,18.85,19.45,791753,0
20161115,19.75,20.55,19.75,20.4,850916,0
20161116,20.3,20.4,19.9,20.15,777673,0
20161117,20.4,20.75,19.7,19.9,760932,0
20161118,20.05,20.45,19.625,19.75,518128,0
20161121,20.4,20.8,20.075,20.8,751701,0
20161122,20.9,21,20.4,20.8,730383,0
20161123,20.55,21.25,20.5,21.2,536313,0
20161125,20.95,21,20.5,20.85,284567,0
20161128,21,21,19.525,19.55,694862,0
20161129,18.9,19.35,18.55,19.1,845035,0
20161130,20.3,22.55,20.25,21.75,1817484,0
20161201,22.1,22.225,21.4,21.8,1007974,0
20161202,21.6,22.35,21.55,22.05,644505,0
20161205,22.2,23.6,22.2,23.2,823164,0
20161206,22.1,23,21.75,22.55,5572393,0
20161207,22.4,22.6,21.5,21.95,1885488,0
20161208,22.25,23.15,22,22.95,1547638,0
20161209,23.25,24,22.9,22.95,1200836,0
20161212,23.8,24.55,23.35,23.55,1637542,0
20161213,23.85,24.0006,23.2,23.55,1045054,0
20161214,23.2,23.45,22.05,22.1,562050,0
20161215,21.5,22.65,21.35,22.65,935995,0
20161216,22.85,22.85,22.175,22.45,1036090,0
20161219,22.35,23.05,22.3,22.5,1147621,0
20161220,22.8,23.4,22.75,23.05,769807,0
20161221,23.15,23.35,22.7,23,754196,0
20161222,23.05,23.25,22.3,22.45,773986,0
20161223,22.1,22.75,22,22.34,416847,0
20161227,22.5,23.35,22.5,23.13,593491,0
20161228,23.3,23.3,22.3,22.35,520256,0
20161229,22.25,22.525,21.9,22,655979,0
20161230,22.05,22.525,21.85,22,571879,0
20170103,22.6,23.4,22.25,22.65,738262,0
20170104,22.5,24,22.4,23.95,1013532,0
20170105,24,24.225,23.65,23.8,613309,0
20170106,23.9,23.9,23.2,23.5,771427,0
20170109,23.25,23.7,22.85,23.2,686690,0
20170110,23.45,24,23.25,23.8,832830,0
20170111,24,24.7,23.65,24.25,663808,0
20170112,24.5,24.5,22.8,23.45,1417514,0
20170113,23.35,23.65,23.15,23.35,648133,0
20170117,23.7,23.95,22.65,23.35,876220,0
20170118,23.1,23.4,22.875,23,509148,0
20170119,23.2,23.4,22.7,22.75,1001048,0
20170120,23.15,23.5,22.9,23.1,516100,0
20170123,22.85,23.15,22.1,22.35,849489,0
20170124,22.7,22.7,22,22.3,710973,0
20170125,22.25,22.9,22.25,22.85,432416,0
20170126,23,23,22.3,22.3,409088,0
20170127,22.05,22.2,21.45,21.8,388705,0
20170130,21.75,21.75,20.7,21.5,975201,0
20170131,21.65,21.9,21.35,21.7,701218,0
20170201,22,22.255,21.6,22,987301,0
20170202,22.2,22.2,21.6,22.1,1017814,0
20170203,22.2,23.1,21.95,23,791700,0
20170206,23,23.1,22.65,22.85,1354521,0
20170207,22.9,23.9,22.9,23.55,2105603,0
20170208,23.35,23.5,22.55,23.5,1326687,0
20170209,23.75,24.45,23.5,24.3,1556393,0
20170210,26.25,26.25,21.85,21.95,4660659,0
20170213,21.75,21.9,20.825,21.2,2849354,0
20170214,21.2,21.45,20.7,21.2,1986417,0
20170215,21,21.25,20.7,20.75,1803612,0
20170216,20.85,21.3,20.6,20.85,1281091,0
20170217,20.6,20.825,20.1,20.1,867409,0
20170221,20.5,20.9,20.3,20.9,789640,0
20170222,20.55,20.9,20.35,20.85,1074775,0
20170223,21.35,21.35,20.6,21.25,1375605,0
20170224,20.85,21,20.65,21,1074637,0
20170227,21.1,21.8,20.95,21.65,730274,0
20170228,21.4,21.95,21.05,21.7,1358669,0
20170301,22.1,23,21.95,22.6,1731558,0
20170302,22.3,22.55,21.5,21.5,921921,0
20170303,21.6,21.75,21.2,21.25,727154,0
20170306,21.15,21.6,20.9,21.5,622513,0
20170307,21.55,21.65,20.95,21,867741,0
20170308,20.9,21.0001,19.85,20,1129834,0
20170309,19.75,19.85,18.9,19.25,1293962,0
20170310,19.6,19.75,19.15,19.4,895622,0
20170313,19.35,19.85,19.3,19.75,748361,0
20170314,19.35,19.35,18.6,19.2,1353215,0
20170315,19.65,20.35,19.2,19.95,1251500,0
20170316,20.05,20.25,19.5,20.15,868503,0
20170317,20.25,20.65,20.25,20.35,921883,0
20170320,20.1,20.15,19.4,20,513754,0
20170321,20.15,20.15,19.25,19.45,813248,0
20170322,19.3,19.45,18.75,18.85,855322,0
20170323,18.75,18.9,18.55,18.6,1001829,0
20170324,18.75,19.1,18.65,18.75,600057,0
20170327,18.3,18.5,18.05,18.3,1008582,0
20170328,18.4,19.05,18.2,18.9,675530,0
20170329,18.8,19.75,18.375,19.5,885090,0
20170330,19.75,20.475,19.5,20.25,1220754,0
20170331,20.15,20.75,20.15,20.7,1343461,0
20170403,20.7,21.15,19.65,20.2,1234489,0
20170404,20.3,20.6,19.925,20.45,827086,0
20170405,20.85,21.3,20.35,20.5,1263923,0
20170406,20.75,21.05,20.45,21,598313,0
20170407,21,21.2,20.65,20.75,453340,0
20170410,21,21.675,20.75,21.35,717770,0
20170411,21.3,21.55,21.05,21.5,652233,0
20170412,21.45,21.625,20.8,20.85,803670,0
20170413,20.9,20.9,20.1,20.3,885257,0
20170417,20.05,20.225,19.75,20,1196989,0
20170418,19.7,19.9,19.225,19.5,876779,0
20170419,19.5,19.55,18.3,18.55,1158870,0
20170420,18.6,18.75,17.45,18.2,1702443,0
20170421,18.2,18.4,17.825,18.2,963765,0
20170424,18.45,18.65,18.3,18.45,626386,0
20170425,18.65,19.05,18.5,18.95,981540,0
20170426,18.75,19.65,18.75,19.15,909735,0
20170427,18.8,18.925,17.8,18.1,2755897,0
20170428,18.6,18.6,16.625,16.9,2280303,0
20170501,16.75,16.75,15.9,16.15,2316282,0
20170502,16.25,16.5,15.5,15.65,2117463,0
20170503,15.6,15.75,15.25,15.65,1204428,0
20170504,15.4,15.5,14.6,14.75,1736432,0
20170505,14.8,15.75,14.75,15.5,1656434,0
20170508,15.45,15.9,15.4,15.75,944995,0
20170509,15.75,15.75,15.3,15.55,683824,0
20170510,15.75,16.15,15.7,15.95,756171,0
20170511,16.1,16.45,15.95,16.15,1181955,0
20170512,16.15,16.25,15.75,15.75,613981,0
20170515,16.35,16.575,16.075,16.4,695062,0
20170516,16.75,16.8,16.35,16.65,789693,0
20170517,16.4,16.6,16,16,1138110,0
20170518,15.9,16.825,15.7,16.55,1083300,0
20170519,16.7,17.35,16.7,17.2,723595,0
20170522,17.4,17.5,16.9,17,574847,0
20170523,17.05,17.3,16.8,17.15,481678,0
20170524,17.1,17.4,16.7,16.84,563884,0
20170525,16.75,17.15,16.05,16.15,701783,0
20170526,16.15,16.6,15.95,16.5,378688,0
20170530,16.35,16.5,16.1,16.35,587571,0
20170531,15.95,16.5,15.7,16.25,648452,0
20170601,16.35,16.8,16.05,16.65,490904,0
20170602,16.45,16.8,16.1,16.55,626222,0
20170605,16.4,17.075,16.4,16.95,813248,0
20170606,16.85,17.35,16.5,17.15,661035,0
20170607,17.05,17.4,15.95,16.15,990587,0
20170608,16.05,16.5,15.85,16,879076,0
20170609,16.05,17.3,15.9,16.95,972624,0
20170612,17.25,17.55,16.925,17.2,930319,0
20170613,17.15,17.969,17.15,17.75,888870,0
20170614,17.6,17.6,16.675,16.9,558710,0
20170615,16.6,16.95,16.2,16.45,552234,0
20170616,16.4,17.4,16.35,17.15,1361077,0
20170619,17.25,17.35,16.75,17.3,712893,0
20170620,16.9,16.9,16.15,16.4,722481,0
20170621,16.35,16.35,15.05,15.2,880360,0
20170622,15.2,15.35,14.7,14.7,710716,0
20170623,14.9,15.2,14.7,15,1375995,0
20170626,15.05,15.275,14.825,15,826388,0
20170627,15.1,15.4,14.8,14.8,1072548,0
20170628,14.85,15.2966,14.55,15.05,1472456,0
20170629,15.25,15.6,14.95,15.5,792998,0
20170630,15.65,15.8,15.35,15.6,696157,0
20170703,15.65,16.5,15.65,16.35,386226,0
20170705,16.1,16.3,15.15,15.3,1034783,0
20170706,15.5,15.55,14.725,14.75,798458,0
20170707,14.6,14.65,14.05,14.5,885218,0
20170710,14.35,15.05,14.25,14.9,776846,0
20170711,14.9,15.35,14.7,15.15,460049,0
20170712,15.15,15.425,14.85,15,791579,0
20170713,15.05,15.35,14.8,15.2,872787,0
20170714,15.25,15.55,15.2,15.25,802913,0
20170717,15.25,15.725,15.1728,15.5,649342,0
20170718,15.65,15.7,15.1,15.3,1043680,0
20170719,15.25,15.95,15.15,15.95,2201868,0
20170720,16.05,16.05,15.4,15.45,682322,0
20170721,15.5,15.55,14.675,14.75,897987,0
20170724,14.85,14.925,14.35,14.65,760425,0
20170725,15.15,15.4,14.825,15.1,806375,0
20170726,15.3,15.85,14.7,15.5,1034873,0
20170727,15.6,15.8,15.25,15.3,1152019,0
20170728,15.15,15.4,13.55,13.6,2216637,0
20170731,13.65,13.7,13.2,13.25,1511847,0
20170801,13,13.3,12.75,12.95,1992537,0
20170802,12.8,13.3,12.5,13.15,1105010,0
20170803,13.2,13.35,12.9375,13.1,565598,0
20170804,13.1,13.55,13,13.45,508307,0
20170807,13.3,13.35,12.75,12.75,339212,0
20170808,12.7,13.05,12.375,12.6,1049815,0
20170809,12.65,12.85,12.375,12.6,772420,0
20170810,12.7,12.75,12.2,12.2,741700,0
20170811,12.1,12.4,11.9,12,706342,0
20170814,12,12.1,11.7,11.7,658334,0
20170815,11.65,11.8,11.15,11.25,954373,0
20170816,11.3,11.45,10.75,10.85,798270,0
20170817,10.75,10.85,10.4,10.45,1322449,0
20170818,10.35,10.75,10.35,10.5,872281,0
20170821,10.45,10.5,10.05,10.35,997611,0
20170822,10.4,10.75,10.375,10.5,821762,0
20170823,10.4,10.6,10.35,10.55,401982,0
20170824,10.1,10.575,10.1,10.35,866212,0
20170825,10.45,10.75,10.35,10.55,755091,0
20170828,10.6,10.65,10.425,10.55,1531818,0
20170829,10.5,11.05,10.4,10.95,2571636,0
20170830,10.85,11.35,10.8,11.3,1488855,0
20170831,11.4,11.7,11.2,11.6,1007752,0
20170901,11.55,11.6,11.175,11.25,701798,0
20170905,11.45,12,11.45,11.65,790418,0
20170906,11.8,12.1,11.775,12.05,763140,0
20170907,12,12.5,12,12.45,854252,0
20170908,12.35,12.55,12.25,12.4,1621221,0
20170911,12.4,13,12,12.95,1429697,0
20170912,12.95,13.35,12.75,13.25,897672,0
20170913,13.3,14.4,13.25,14,1609854,0
20170914,14.05,14.25,13.8,13.95,1771687,0
20170915,14.05,14.1,13.8,14.05,1477422,0
20170918,13.95,14.3,13.85,14.05,1070717,0
20170919,14.1,14.25,14,14.1,558339,0
20170920,14.2,14.5,14.15,14.24,948710,0
20170921,14.25,14.6,14.05,14.4,574040,0
20170922,14.3,14.6,14.2,14.55,571713,0
20170925,14.7,15.075,14.7,15.05,828095,0
20170926,14.9,15.9,14.8,15.45,1741781,0
20170927,15.45,15.9,15.25,15.65,1395473,0
20170928,15.7,15.975,15.55,15.95,1542456,0
20170929,15.95,16,15.6,15.9,919623,0
20171002,15.85,15.85,15.05,15.1,1149743,0
20171003,15.15,15.5,14.975,15.39,1657122,0
20171004,15.55,15.75,15.15,15.4,939931,0
20171005,15.6,15.8,15.35,15.5,814699,0
20171006,15.15,15.35,14.8,15,628893,0
20171009,15.2,15.45,15.15,15.15,477855,0
20171010,15.4,15.55,15,15.05,575789,0
20171011,15.1,15.35,15,15.3,528361,0
20171012,14.9,14.95,14.25,14.25,964759,0
20171013,14.25,14.475,14.15,14.2,580981,0
20171016,14.3,14.425,13.95,14.05,583127,0
20171017,14,14.2,13.8,13.9,506327,0
20171018,13.85,14.05,13.5,13.7,782216,0
20171019,13.6,14.05,13.5,13.7,654240,0
20171020,13.8,13.9,13.55,13.6,590765,0
20171023,13.6,13.8,13.4,13.5,575130,0
20171024,13.7,14.05,13.675,13.7,598666,0
20171025,13.75,13.75,13.25,13.4,618289,0
20171026,13.45,13.55,13.1,13.29,1288855,0
20171027,13.25,13.4,12.65,13.3,1321197,0
20171030,13.5,14.05,13.3,13.95,1067814,0
20171031,14.1,15,13.95,14.4,1444576,0
20171101,14.35,14.75,14.05,14.7,1233701,0
20171102,14.55,14.7,13.95,14.05,1000666,0
20171103,13.95,14.2,13.725,13.94,1531851,0
20171106,14.1,14.6,13.65,14.5,2447858,0
20171107,14.6,14.7,14.15,14.44,969596,0
20171108,14.25,14.35,13.8,14.2,805615,0
20171109,14.1,14.5,13.9,14.25,589958,0
20171110,14.25,14.4,14.05,14.25,437386,0
20171113,14.15,14.15,13.75,13.9,356295,0
20171114,13.85,13.9,13.35,13.4,646315,0
20171115,13.15,13.2,12.55,13.05,998533,0
20171116,13.05,13.1,12.75,12.95,710934,0
20171117,13,13.35,12.9,13.25,396963,0
20171120,13.2,13.25,12.925,13.2,348611,0
20171121,13.3,13.6,13.175,13.35,435957,0
20171122,13.5,13.85,13.4,13.55,419654,0
20171124,13.55,13.7,13.45,13.45,219650,0
20171127,13.4,13.575,13.1001,13.4,581761,0
20171128,13.35,13.95,13.2,13.85,721605,0
20171129,13.8,14.225,13.5,13.95,926015,0
20171130,14.1,14.675,14.05,14.2,724960,0
20171201,14.35,14.95,14.35,14.9,961361,0
20171204,14.95,15.65,14.95,15.3,1850605,0
20171205,15.2,15.4,14.75,14.85,1228026,0
20171206,14.7,14.75,14.05,14.1,1438293,0
20171207,14.05,14.275,13.9,14,569360,0
20171208,14.25,14.6,14.05,14.5,531597,0
20171211,14.5,14.8,14.45,14.5,658861,0
20171212,14.65,14.85,14.3,14.4,731708,0
20171213,14.35,14.35,13.9,14.05,1809203,0
20171214,13.95,14.075,13.55,13.6,951356,0
20171215,13.75,13.75,13.15,13.2,4053167,0
20171218,13.3,14.35,13.25,14.2,1054165,0
20171219,14.15,14.3,13.65,13.75,1227342,0
20171220,13.95,14.6,13.65,14.4,785923,0
20171221,14.4,15.2,14.3,15.15,1558387,0
20171222,15.3,15.3,14.95,15.1,565680,0
20171226,15.2,15.4272,15.0495,15.3,887261,0
20171227,15.25,15.4,15.1,15.25,640104,0
20171228,15.3,15.45,15.15,15.15,562880,0
20171229,15.25,15.7,14.975,15.55,952858,0
20180102,15.6,16.5,15.475,16.45,1303665,0
20180103,16.6,16.65,16.2,16.2,1441000,0
20180104,16.3,16.65,16.05,16.6,1583317,0
20180105,16.65,16.75,16.4,16.6,580784,0
20180108,16.55,17.1,16.425,17.1,1467695,0
20180109,17.1,17.35,16.8,16.8,572309,0
20180110,16.8,16.9,16.55,16.55,400421,0
20180111,16.8,17.375,16.5,17.3,1605475,0
20180112,17.45,17.5,17.2,17.35,780177,0
20180116,17.35,17.6,16.9,17.35,1357744,0
20180117,17.5,17.7,17.2,17.3,876173,0
20180118,17.35,17.6,16.95,17,1029855,0
20180119,16.8,17.275,16.6,17.15,490500,0
20180122,17.25,17.75,17,17.75,433689,0
20180123,17.8,17.95,17.475,17.75,372941,0
20180124,17.8,17.95,17.3,17.7,1660733,0
20180125,17.85,17.9,17.475,17.65,772685,0
20180126,17.65,17.85,17.4,17.55,461637,0
20180129,17.35,17.4,16.975,17.05,591120,0
20180130,16.85,17,16.45,16.95,667030,0
20180131,17.1,17.1,16.8,16.9,453691,0
20180201,16.9,17.35,16.8,17.15,503481,0
20180202,16.85,16.85,16.2,16.35,703117,0
20180205,16.15,16.375,15.4,15.5,934361,0
20180206,15.25,15.9,15.175,15.75,908973,0
20180207,15.75,15.9,14.95,15.1,621178,0
20180208,15.1,15.15,13.8,13.9,1707367,0
20180209,12.5,12.9,10.7,11.75,7232711,0
20180212,11.85,12,10.825,11.45,4234723,0
20180213,11.45,11.6,11.15,11.4,2424175,0
20180214,11.15,12.55,11.15,12.25,1694828,0
20180215,12.25,12.25,11.5,11.95,2917609,0
20180216,11.85,12.45,11.8,12,1512066,0
20180220,11.55,12.275,11.55,11.55,1167932,0
20180221,11.45,11.95,11.45,11.5,848190,0
20180222,11.7,12.05,11.65,11.8,1186352,0
20180223,11.95,12.5,11.75,12.45,2442495,0
20180226,12.55,12.65,12.15,12.25,1520163,0
20180227,12.2,12.3,11.85,11.95,1063335,0
20180228,12.05,12.075,11.25,11.3,1148971,0
20180301,11.25,11.35,10.7,10.8,1806985,0
20180302,10.6,11.05,10.4,11,1186940,0
20180305,10.85,11.7,10.85,11.6,1343252,0
20180306,11.7,12.05,11.55,11.95,1383770,0
20180307,11.75,12.175,11.7,12.05,1960490,0
20180308,12.05,12.15,11.675,11.85,1084054,0
20180309,12,12.225,11.9,12,861680,0
20180312,12,12.3,11.8737,12.2,1000898,0
20180313,12.3,12.6,12.225,12.25,1039664,0
20180314,12.35,12.575,12.2,12.25,873177,0
20180315,12.35,12.45,11.9,11.95,1745808,0
20180316,11.95,12.5,11.75,12.4,1741973,0
20180319,12.2,12.2,11.15,11.35,2220023,0
20180320,11.4,11.55,11.1,11.4,1287571,0
20180321,11.5,12.15,11.25,12,1768842,0
20180322,11.75,11.95,11.35,11.4,1543445,0
20180323,11.5,11.725,11.2,11.3,1229051,0
20180326,11.5,11.55,10.8,11.45,1275658,0
20180327,11.45,11.5,10.7,10.75,668675,0
20180328,10.75,10.849,10.4,10.55,794996,0
20180329,10.6,11.1,10.4,11,1138606,0
20180402,10.9,10.9,10.35,10.6,1285113,0
20180403,10.6,10.9,10.3,10.8,915416,0
20180404,10.6,10.9,10.5,10.8,756959,0
20180405,10.85,11.825,10.825,11.55,1044064,0
20180406,11.4,11.65,10.8,11.05,787512,0
20180409,11.1,11.15,10.8,11,772462,0
20180410,11.4,11.95,11.1,11.8,795207,0
20180411,11.8,12.3,11.6,12.2,982154,0
20180412,12.25,12.5,12.05,12.4,663333,0
20180413,12.4,12.55,12.175,12.3,784035,0
20180416,12.15,12.45,11.7,12.05,938255,0
20180417,12.1,12.1,11.8,12.05,1205453,0
20180418,12.3,12.6,12.3,12.35,1100357,0
20180419,12.4,12.45,11.925,12,1110664,0
20180420,11.95,12.25,11.8,12.05,591988,0
20180423,12,12.15,11.75,12.15,551772,0
20180424,12.2,12.4,12.025,12.2,1284351,0
20180425,12.1,12.5,12.0216,12.35,535672,0
20180426,12.4,12.9,12.4,12.7,896506,0
20180427,12.65,12.775,12.35,12.75,812155,0
20180430,12.65,12.95,12.55,12.6,1674369,0
20180501,12.75,13.25,12.05,13.1,1751871,0
20180502,13.2,13.6,13.05,13.45,2273395,0
20180503,13.4,13.45,13.15,13.35,1024598,0
20180504,13.2,14,13.2,13.9,643666,0
20180507,14,14.65,13.9,14.05,920128,0
20180508,13.95,14.15,13.475,14,1714934,0
20180509,14.35,14.75,14.15,14.45,1189865,0
20180510,14.45,14.8,14.25,14.5,917456,0
20180511,14.5,14.65,14.2,14.35,881928,0
20180514,14.5,14.725,14.2,14.3,917074,0
20180515,14.3,14.875,14.15,14.8,1027016,0
20180516,14.85,15.4,14.7,15.35,1302990,0
20180517,15.5,16.025,15.2,15.55,733677,0
20180518,15.6,15.65,15.2,15.4,974080,0
20180521,15.6,15.65,15.3248,15.45,690565,0
20180522,15.4,15.925,15.1,15.2,1051656,0
20180523,15,15.2,14.525,14.55,753958,0
20180524,14.25,14.65,14.2,14.45,1101821,0
20180525,14,14.2,13.575,14,594037,0
20180529,13.8,14.4,13.8,14.15,802964,0
20180530,14.35,14.65,14.2,14.4,707806,0
20180531,14.25,14.475,14.05,14.15,928286,0
20180601,14.25,14.45,13.85,14.05,1252515,0
20180604,14.1,14.175,13.15,13.35,1699378,0
20180605,13.3,13.825,13.25,13.8,799338,0
20180606,13.85,13.95,13.525,13.6,563602,0
20180607,13.75,14.05,13.625,13.9,833171,0
20180608,13.8,13.9,12.5,12.8,1444779,0
20180611,12.7,12.85,12.55,12.6,981436,0
20180612,12.6,12.85,12.35,12.45,948463,0
20180613,12.45,12.65,12.25,12.35,979737,0
20180614,12.5,12.5,11.95,12.05,1105979,0
20180615,11.95,12.05,11.425,12,1115891,0
20180618,11.95,12.35,11.85,12.2,485246,0
20180619,12,12.65,11.901,12.65,812562,0
20180620,12.8,12.8,12.1,12.2,1188669,0
20180621,12.1,12.1,11.5,11.6,918797,0
20180622,12.15,12.25,11.85,12.15,1862200,0
20180625,12.05,12.2,11.85,11.85,1389474,0
20180626,11.9,12.25,11.6,12.2,1217636,0
20180627,12.35,12.75,12.25,12.35,782820,0
20180628,12.3,12.35,12,12.2,666253,0
20180629,12.3,12.5,12.2,12.35,626252,0
20180702,12.25,12.3,11.875,12.1,592097,0
20180703,12.3,12.7,12.25,12.4,222265,0
20180705,12.5,12.7,12.35,12.65,1085309,0
20180706,12.35,12.7,12.35,12.5,479121,0
20180709,12.6,13.1,12.55,13,459188,0
20180710,13.1,13.4,12.7,12.85,593277,0
20180711,12.5,12.825,12.15,12.2,693826,0
20180712,12.25,12.3,11.65,12.1,882510,0
20180713,12.3,12.7,12.125,12.65,1340882,0
20180716,12.45,12.45,12,12.25,478489,0
20180717,12.15,12.6,12.05,12.4,657711,0
20180718,12.3,12.475,12,12.45,786091,0
20180719,12.25,12.75,12.1,12.3,1252055,0
20180720,12.3,12.4,11.95,12,666970,0
20180723,11.95,12.1,11.7,11.8,840481,0
20180724,11.9,12.025,11.65,11.75,721397,0
20180725,11.75,11.9,11.35,11.65,1507807,0
20180726,11.65,11.7,11.3,11.6,1268587,0
20180727,11.6,11.75,11.35,11.6,1526814,0
20180730,11.75,12.4,11.75,12.05,1771237,0
20180731,12.35,13.25,11.6,13.15,2405261,0
20180801,11.2,13,11.2,12.35,1104091,0
20180802,12.3,12.6,12.05,12.25,946156,0
20180803,12.2,12.55,11.7,11.8,595866,0
20180806,11.8,12.35,11.6,12.25,806838,0
20180807,12.4,12.85,12.325,12.45,725996,0
20180808,12.35,12.5,12.1,12.35,886096,0
20180809,12.4,12.4,12,12.2,533988,0
20180810,12.2,12.4,12,12.35,499015,0
20180813,12.25,12.325,11.7,11.8,514743,0
20180814,11.9,12.1,11.725,11.85,498580,0
20180815,11.75,11.8,11.3,11.35,701659,0
20180816,11.45,11.65,11.3,11.5,336328,0
20180817,11.5,11.625,11.3,11.6,600717,0
20180820,11.6,11.9,11.45,11.7,559992,0
20180821,11.9,12.2,11.8,11.9,465247,0
20180822,12,12.15,11.825,12.05,400722,0
20180823,12.05,12.15,11.85,12.1,309736,0
20180824,12.25,12.55,12.15,12.55,975795,0
20180827,12.55,12.8,12.25,12.35,457602,0
20180828,12.4,12.5,12,12.2,323054,0
20180829,12.25,12.35,12.1,12.15,700211,0
20180830,12.15,12.25,11.725,11.75,546400,0
20180831,11.7,12,11.55,11.95,435914,0
20180904,12,12,11.55,11.65,279226,0
20180905,11.55,11.55,11.175,11.3,611770,0
20180906,11.25,11.2664,10.3,10.4,902065,0
20180907,10.1,10.45,9.95,10.25,1415366,0
20180910,10.3,10.75,10.25,10.55,548787,0
20180911,10.45,11.05,10.4,10.9,574734,0
20180912,11.1,11.4,11.05,11.35,593586,0
20180913,11.2,11.35,11.1,11.1,553048,0
20180914,11.1,11.55,10.851,11.4,852524,0
20180917,10.6,11.3,10.55,10.9,933161,0
20180918,11.05,11.35,10.95,11.2,795450,0
20180919,11.1,11.65,11.1,11.35,683136,0
20180920,11.4,11.6,11.1,11.2,844383,0
20180921,11.2,11.325,10.975,11.2,1249669,0
20180924,11.3,11.45,10.9,11,700991,0
20180925,11.1,11.15,10.8,10.85,818957,0
20180926,10.85,10.95,10.35,10.4,1019781,0
20180927,10.35,10.75,9.95,10.45,965782,0
20180928,10.4,10.55,10.2,10.35,643815,0
20181001,10.44,10.69,10.35,10.59,1316285,0
20181002,10.81,11.16,10.51,10.6,1292907,0
20181003,10.59,11.42,10.58,11.15,1771043,0
20181004,11.08,11.37,11.01,11.02,1493773,0
20181005,11,11.215,10.83,11.12,1374911,0
20181008,11.05,11.5,10.81,11.37,1051998,0
20181009,11.5,11.673,11.28,11.49,970134,0
20181010,11.27,11.28,9.99,10.01,1476591,0
20181011,9.86,10.04,9.4,9.51,1312254,0
20181012,9.65,9.89,9.44,9.8,1219463,0
20181015,9.85,9.88,9.45,9.75,981445,0
20181016,9.82,10.1,9.61,10.06,913230,0
20181017,9.93,10.05,9.79,9.97,846183,0
20181018,9.86,9.89,9.24,9.28,2637343,0
20181019,9.32,9.76,9.28,9.28,698110,0
20181022,9.26,9.26,8.95,9.2,584126,0
20181023,8.8,8.8,8.36,8.6,990466,0
20181024,8.67,8.7,8.27,8.27,1591130,0
20181025,8.55,8.73,8.24,8.54,1139528,0
20181026,8.35,8.705,8.13,8.6,1405899,0
20181029,8.6,8.64,7.97,8.09,1605377,0
20181030,7.96,8.86,7.91,8.79,1715726,0
20181031,8.93,9.08,8.68,8.96,1795255,0
20181101,9.04,9.04,8.34,8.48,1722550,0
20181102,8.59,8.83,8.39,8.78,1782729,0
20181105,8.97,9.05,8.48,8.69,866005,0
20181106,8.69,8.785,8.09,8.35,1482210,0
20181107,8.48,8.6,8.2,8.57,1193582,0
20181108,8.5,8.5,8.17,8.19,1472649,0
20181109,8.14,8.17,7.67,8.03,1681122,0
20181112,8.06,8.14,7.455,7.49,947611,0
20181113,7.48,7.57,7.15,7.16,1013686,0
20181114,7.4,7.48,7.025,7.23,876641,0
20181115,7.15,7.58,7.09,7.49,968883,0
20181116,7.48,7.69,7.43,7.62,944509,0
20181119,7.47,7.77,7.47,7.68,986897,0
20181120,7.5,7.5,6.91,7.23,1091922,0
20181121,7.36,7.61,7.28,7.57,428938,0
20181123,7.2,7.33,7.02,7.11,447756,0
20181126,7.26,7.33,7.105,7.25,1213517,0
20181127,7.23,7.52,7.15,7.24,1015180,0
20181128,7.25,7.32,6.86,7.18,1263217,0
20181129,7.19,7.29,6.91,6.95,743603,0
20181130,6.85,6.9,6.57,6.69,1251057,0
20181203,6.94,7,6.57,6.74,2155245,0
20181204,6.69,6.7,6.13,6.19,1948544,0
20181206,5.99,5.99,5.64,5.72,1582738,0
20181207,5.92,6.15,5.62,5.69,1059843,0
20181210,5.56,5.67,5.23,5.31,1525664,0
20181211,5.42,5.45,4.97,5.04,1895650,0
20181212,5.12,5.3,4.99,5.06,1704296,0
20181213,5,5.005,4.75,4.94,1605620,0
20181214,4.85,4.87,4.56,4.68,1383215,0
20181217,4.67,4.92,4.63,4.69,1566431,0
20181218,4.72,4.77,4.47,4.55,1132242,0
20181219,4.56,4.6,4.2,4.23,2472890,0
20181220,4.14,4.2,3.885,3.91,2663935,0
20181221,3.9,3.94,3.77,3.81,2772776,0
20181224,3.76,3.88,3.64,3.66,524736,0
20181226,3.72,3.99,3.51,3.98,1089140,0
20181227,3.9,4.02,3.86,4,1401390,0
20181228,4.04,4.41,4.01,4.25,1390798,0
20181231,4.29,4.29,3.985,4.13,1489975,0
20190102,4.04,4.44,3.94,4.44,1332511,0
20190103,4.37,4.65,4.21,4.51,1353058,0
20190104,4.59,4.94,4.5434,4.83,1677336,0
20190107,4.84,5.21,4.7,5.18,1642539,0
20190108,5.29,5.47,5.19,5.26,1688686,0
20190109,5.38,5.53,5.28,5.45,884931,0
20190110,5.35,5.46,5.23,5.45,665762,0
20190111,5.37,5.51,5.27,5.38,1585745,0
20190114,5.25,5.375,4.91,4.93,1294939,0
20190115,4.96,5.1,4.94,5.03,792332,0
20190116,4.79,5.08,4.66,5,1137134,0
20190117,4.92,5.09,4.86,5,962594,0
20190118,5.12,5.31,5.07,5.11,1907000,0
20190122,4.96,5.1099,4.82,5.01,1127378,0
20190123,5.06,5.06,4.61,4.66,659883,0
20190124,4.66,4.845,4.58,4.75,877114,0
20190125,4.82,5.175,4.82,5.06,1074173,0
20190128,4.9,4.94,4.6,4.91,850574,0
20190129,4.95,5.14,4.855,4.88,806776,0
20190130,4.97,5.05,4.78,4.96,1075630,0
20190131,4.98,5.05,4.81,4.91,601213,0
20190201,4.93,5.21,4.92,5.06,1384280,0
20190204,4.96,5.21,4.93,5.21,520807,0
20190205,5.19,5.265,5.15,5.24,615160,0
20190206,5.2,5.3274,5.15,5.25,638948,0
20190207,5.19,5.27,4.75,4.8,1302539,0
20190208,5.37,6.04,4.91,5.84,4120125,0
20190211,5.82,6.68,5.8,6.66,2896388,0
20190212,6.81,7,6.6343,6.79,2902741,0
20190213,6.81,6.95,6.16,6.34,2810389,0
20190214,6.32,6.56,6.22,6.42,1199034,0
20190215,6.48,6.69,6.445,6.59,1139755,0
20190219,6.51,6.775,6.45,6.56,1124010,0
20190220,6.57,6.69,6.505,6.62,965645,0
20190221,6.63,6.63,6.08,6.26,1236277,0
20190222,6.34,6.44,6.13,6.22,617238,0
20190225,6.08,6.28,6,6.06,718837,0
20190226,6.04,6.19,5.9,5.94,866922,0
20190227,5.97,6.13,5.83,6.02,737821,0
20190228,6.03,6.03,5.68,5.83,711286,0
20190301,5.89,6.0521,5.87,5.91,695269,0
20190304,5.97,6.12,5.78,5.93,897748,0
20190305,5.94,5.97,5.64,5.75,795339,0
20190306,5.7,5.7,5.27,5.33,969402,0
20190307,5.32,5.4,5.15,5.27,575773,0
20190308,5.17,5.17,4.955,5.03,871424,0
20190311,5.08,5.32,5.0017,5.31,838614,0
20190312,5.33,5.72,5.31,5.6,857457,0
20190313,5.69,5.81,5.6,5.65,908224,0
20190314,5.9,6.44,5.86,5.95,1746669,0
20190315,5.94,6.28,5.94,5.98,3699769,0
20190318,6.01,6.13,5.95,6.07,1212822,0
20190319,6.14,6.2,5.79,5.85,1228483,0
20190320,5.81,6.245,5.81,6.08,866509,0
20190321,6.03,6.145,5.93,6.07,696634,0
20190322,5.94,5.9799,5.37,5.47,990875,0
20190325,5.43,5.43,5.15,5.3,1020324,0
20190326,5.41,5.46,5.1701,5.23,1332079,0
20190327,5.23,5.295,5.02,5.09,1190417,0
20190328,5.06,5.315,5.06,5.25,1122508,0
20190329,5.36,5.42,5.07,5.11,1137991,0
20190401,5.17,5.395,5.11,5.34,1317862,0
20190402,5.35,5.42,5.24,5.28,913476,0
20190403,5.36,5.47,5.03,5.1,3329814,0
20190404,5.13,5.16,4.97,5.1,1387374,0
20190405,5.14,5.72,5.12,5.65,2391750,0
20190408,5.66,5.915,5.61,5.82,1064890,0
20190409,5.7,5.81,5.47,5.61,862980,0
20190410,5.67,5.88,5.67,5.82,515074,0
20190411,5.8,5.865,5.56,5.74,1682829,0
20190412,5.95,6.03,5.38,5.49,934637,0
20190415,5.43,5.47,5.215,5.31,859240,0
20190416,5.38,5.45,5.23,5.41,741405,0
20190417,5.44,5.59,5.34,5.51,1373816,0
20190418,5.5,5.6,5.22,5.29,838975,0
20190422,5.31,5.48,5.22,5.31,1972354,0
20190423,5.32,5.79,5.32,5.73,1230949,0
20190424,5.74,5.7773,5.45,5.52,871651,0
20190425,5.5,5.55,5.34,5.35,859757,0
20190426,5.32,6.3995,5.32,6.13,3147048,0
20190429,6.39,6.62,6.23,6.4,1988456,0
20190430,6.49,6.49,5.84,5.98,1123159,0
20190501,5.99,6.05,5.63,5.78,948148,0
20190502,5.68,5.855,5.63,5.82,875110,0
20190503,5.88,5.959,5.695,5.79,1125302,0
20190506,5.68,5.82,5.545,5.78,781162,0
20190507,5.62,5.81,5.6,5.73,882410,0
20190508,5.71,5.84,5.595,5.73,948586,0
20190509,5.65,5.77,5.62,5.7,1346140,0
20190510,5.65,5.75,5.49,5.6,761407,0
20190513,5.5,5.56,5.115,5.18,1005936,0
20190514,5.14,5.43,5.14,5.37,587218,0
20190515,5.28,5.44,5.17,5.41,454568,0
20190516,5.47,5.59,5.41,5.5,832811,0
20190517,5.42,5.42,5.17,5.21,588143,0
20190520,5.16,5.25,5.09,5.14,515025,0
20190521,5.18,5.34,5.1,5.25,725998,0
20190522,5.12,5.13,4.51,4.69,1230708,0
20190523,4.64,4.64,4.33,4.36,1014778,0
20190524,4.46,4.46,4.23,4.35,827648,0
20190528,4.4,4.4,4.21,4.27,613825,0
20190529,4.2,4.24,4.03,4.08,1301561,0
20190530,4.1,4.24,3.915,3.96,1030263,0
20190531,3.81,3.93,3.73,3.82,1059642,0
20190603,3.83,3.89,3.75,3.83,744959,0
20190604,3.87,3.91,3.75,3.83,664673,0
20190605,3.83,3.89,3.59,3.65,701702,0
20190606,3.64,3.73,3.46,3.69,928412,0
20190607,3.66,3.7,3.54,3.63,570876,0
20190610,3.63,3.79,3.6,3.65,849662,0
20190611,3.73,3.77,3.595,3.67,942114,0
20190612,3.65,3.675,3.37,3.38,869825,0
20190613,3.49,3.51,3.32,3.49,1014747,0
20190614,3.48,3.51,3.3,3.34,755163,0
20190617,3.33,3.535,3.28,3.45,1237782,0
20190618,3.47,3.71,3.4,3.52,1752555,0
20190619,3.52,3.78,3.45,3.6,979206,0
20190620,3.73,3.79,3.55,3.61,1225223,0
20190621,3.6,3.7,3.365,3.45,1242033,0
20190624,3.43,3.47,3.09,3.28,1753626,0
20190625,3.25,3.34,3.16,3.25,666869,0
20190626,3.27,3.465,3.23,3.35,924511,0
20190627,3.35,3.4,3.255,3.34,575937,0
20190628,3.33,3.45,3.15,3.42,1455519,0
20190701,3.49,3.57,3.29,3.32,831943,0
20190702,3.32,3.32,3.05,3.08,831705,0
20190703,3.12,3.12,2.91,3.01,552348,0
20190705,3.01,3.12,2.94,3.05,1059713,0
20190708,3.03,3.1,2.91,2.95,789051,0
20190709,2.9,2.95,2.8,2.86,1223294,0
20190710,2.89,2.93,2.79,2.9,1343569,0
20190711,2.91,3.05,2.9,2.96,1112089,0
20190712,2.96,3.11,2.91,3.01,1199143,0
20190715,3.02,3.05,2.82,2.86,747700,0
20190716,2.84,2.9,2.66,2.72,1487009,0
20190717,2.72,2.72,2.48,2.49,1349019,0
20190718,2.49,2.49,2.365,2.43,1488664,0
20190719,2.45,2.47,2.36,2.45,949308,0
20190722,2.46,2.56,2.395,2.49,1144374,0
20190723,2.51,2.55,2.44,2.45,1240171,0
20190724,2.48,2.495,2.39,2.43,1126787,0
20190725,2.43,2.45,2.29,2.31,1371012,0
20190726,2.3,2.43,2.25,2.38,2749331,0
20190729,2.38,2.38,2.19,2.31,2509999,0
20190730,2.25,2.64,2.18,2.62,1579884,0
20190731,2.62,2.745,2.6,2.62,1018860,0
20190801,2.56,2.57,2.16,2.25,1465331,0
20190802,2.23,2.265,2.04,2.06,1436194,0
20190805,1.96,2.08,1.89,2.02,1244088,0
20190806,2.03,2.11,1.9,2.02,2793993,0
20190807,1.95,1.98,1.81,1.87,1542675,0
20190808,1.9,1.93,1.81,1.83,801779,0
20190809,1.84,1.84,1.66,1.68,1267985,0
20190812,1.68,1.69,1.6,1.635,1248867,0
20190813,1.64,1.725,1.58,1.6,1003816,0
20190814,1.55,1.565,1.45,1.48,2280257,0
20190815,1.48,1.5,1.4,1.44,1002844,0
20190816,1.48,1.52,1.37,1.51,1032887,0
20190819,1.54,1.65,1.5,1.65,808866,0
20190820,1.64,1.72,1.56,1.71,4865359,0
20190821,1.77,1.93,1.76,1.83,1605096,0
20190822,1.84,1.89,1.75,1.75,866266,0
20190823,1.7,1.73,1.57,1.59,730427,0
20190826,1.6,1.65,1.53,1.54,993330,0
20190827,1.55,1.55,1.44,1.47,1044247,0
20190828,1.48,1.53,1.4,1.47,616822,0
20190829,1.49,1.58,1.48,1.54,482103,0
20190830,1.54,1.54,1.395,1.41,666429,0
20190903,1.38,1.38,1.31,1.34,1279921,0
20190904,1.37,1.47,1.35,1.45,985105,0
20190905,1.47,1.56,1.46,1.52,1199196,0
20190906,1.55,1.62,1.45,1.56,1079231,0
20190909,1.58,1.75,1.54,1.74,912449,0
20190910,1.72,1.955,1.72,1.88,2110891,0
20190911,1.91,1.98,1.8,1.91,2368452,0
20190912,1.82,1.91,1.7,1.88,1004559,0
20190913,1.9,1.975,1.82,1.97,1072749,0
20190916,2.09,2.23,2.03,2.09,2757174,0
20190917,2.09,2.14,1.89,1.94,1253918,0
20190918,1.89,1.935,1.8,1.88,1994518,0
20190919,1.88,1.91,1.78,1.8,956634,0
20190920,1.8,1.82,1.72,1.75,2270837,0
20190923,1.74,1.8,1.64,1.77,1358768,0
20190924,1.74,1.755,1.59,1.64,971091,0
20190925,1.62,1.7151,1.5931,1.68,807606,0
20190926,1.65,1.65,1.51,1.56,1384671,0
20190927,1.54,1.61,1.49,1.55,632836,0
20190930,1.49,1.575,1.45,1.55,983319,0
20191001,1.55,1.6,1.44,1.44,587365,0
20191002,1.42,1.46,1.36,1.42,937615,0
20191003,1.4,1.445,1.37,1.43,533288,0
20191004,1.44,1.44,1.34,1.39,524699,0
20191007,1.36,1.45,1.36,1.39,552777,0
20191008,1.35,1.39,1.31,1.34,810906,0
20191009,1.36,1.38,1.265,1.34,979801,0
20191010,1.36,1.38,1.27,1.36,1140660,0
20191011,1.38,1.47,1.38,1.42,471850,0
20191014,1.37,1.42,1.33,1.4,595566,0
20191015,1.38,1.47,1.37,1.41,580911,0
20191016,1.39,1.46,1.39,1.42,1061928,0
20191017,1.4,1.455,1.34,1.35,693640,0
20191018,1.32,1.38,1.27,1.28,425136,0
20191021,1.29,1.34,1.26,1.28,1018464,0
20191022,1.29,1.32,1.23,1.24,1066920,0
20191023,1.24,1.24,1.14,1.18,1971443,0
20191024,1.21,1.23,1.15,1.18,596557,0
20191025,1.34,1.36,1.19,1.23,1461027,0
20191028,1.25,1.35,1.25,1.33,1294920,0
20191029,1.29,1.43,1.275,1.37,1623185,0
20191030,1.36,1.3752,1.25,1.29,861768,0
20191031,1.28,1.29,1.13,1.16,701174,0
20191101,1.2,1.27,1.16,1.24,600278,0
20191104,1.27,1.34,1.25,1.33,482609,0
20191105,1.35,1.41,1.34,1.38,999451,0
20191106,1.39,1.42,1.26,1.28,947617,0
20191107,1.33,1.38,1.2,1.21,697268,0
20191108,1.22,1.255,1.18,1.19,387119,0
20191111,1.17,1.2,1.14,1.16,363985,0
20191112,1.16,1.16,1,1.02,811070,0
20191113,1.01,1.09,0.9942,1.09,827974,0
20191114,1.07,1.1002,0.9669,0.98,412810,0
20191115,1,1.06,0.965,1.01,568331,0
20191118,0.98,1,0.875,0.9704,727728,0
20191119,0.975,1.09,0.935,0.9431,968354,0
20191120,0.91,0.9834,0.9095,0.9631,974508,0
20191121,0.97,1.04,0.96,1.01,527926,0
20191122,1.02,1.15,1.01,1.14,545588,0
20191125,1.15,1.34,1.09,1.32,1085057,0
20191126,1.33,1.45,1.27,1.28,2217385,0
20191127,1.31,1.41,1.16,1.38,1402904,0
20191129,1.39,1.4,1.3,1.31,490919,0
20191202,1.33,1.37,1.26,1.27,914485,0
20191203,1.26,1.3013,1.22,1.25,975610,0
20191204,1.24,1.33,1.22,1.24,706310,0
20191205,1.2,1.29,1.16,1.18,1402861,0
20191206,1.22,1.39,1.2,1.38,1389708,0
20191209,1.36,1.44,1.3,1.43,755556,0
20191210,1.45,1.45,1.34,1.38,1092940,0
20191211,1.34,1.53,1.33,1.53,864130,0
20191212,1.53,1.77,1.44,1.72,1699892,0
20191213,1.78,1.8,1.62,1.66,1077108,0
20191216,1.69,1.74,1.645,1.66,1167566,0
20191217,1.64,1.76,1.6,1.7,1139625,0
20191218,1.69,1.74,1.66,1.67,950529,0
20191219,1.67,1.7575,1.67,1.73,1331563,0
20191220,1.75,1.76,1.6,1.72,2935480,0
20191223,1.66,1.8,1.66,1.78,632860,0
20191224,1.79,1.86,1.7546,1.84,621983,0
20191226,1.85,1.88,1.69,1.74,724134,0
20191227,1.71,1.725,1.6,1.6,564130,0
20191230,1.6,1.73,1.59,1.66,803012,0
20191231,1.6,1.72,1.6,1.68,541263,0
20200102,1.7,1.74,1.635,1.68,309165,0
20200103,1.71,1.8276,1.67,1.79,670511,0
20200106,1.83,1.98,1.81,1.91,984343,0
20200107,1.91,2.01,1.88,1.89,869489,0
20200108,1.88,1.8975,1.795,1.87,803959,0
20200109,1.87,1.87,1.7,1.8,512645,0
20200110,1.8,1.8,1.66,1.68,2131185,0
20200113,1.68,1.73,1.57,1.69,519944,0
20200114,1.71,1.74,1.61,1.63,589182,0
20200115,1.62,1.7,1.5,1.53,711937,0
20200116,1.57,1.6035,1.47,1.5,518748,0
20200117,1.52,1.52,1.44,1.45,717596,0
20200121,1.46,1.47,1.35,1.35,834091,0
20200122,1.34,1.34,1.27,1.32,852906,0
20200123,1.27,1.32,1.235,1.28,715868,0
