Date,Open,High,Low,Close,Volume,OpenInt
20160310,24.231,24.231,23.955,23.955,8020,0
20160311,24.343,24.534,24.343,24.533,2573,0
20160314,24.534,24.534,24.477,24.505,1367,0
20160315,24.355,24.355,24.355,24.355,272,0
20160316,24.437,24.754,24.437,24.754,1373,0
20160317,24.686,24.686,24.571,24.589,3928,0
20160318,24.961,24.961,24.713,24.743,1229,0
20160321,24.981,24.981,24.629,24.657,1211,0
20160322,24.857,24.857,24.857,24.857,332,0
20160323,24.623,24.623,24.571,24.571,333,0
20160324,24.562,24.562,24.562,24.562,194,0
20160328,25.303,25.303,24.619,24.657,2473,0
20160329,24.848,25.189,24.848,25.189,1191,0
20160330,25.425,25.614,25.425,25.521,1520,0
20160331,25.435,25.435,25.435,25.435,341,0
20160401,25.098,25.244,25.047,25.244,1922,0
20160404,25.521,25.521,25.138,25.138,2488,0
20160405,25.084,25.084,24.904,24.961,1095,0
20160406,24.919,25.075,24.904,25.075,1583,0
20160407,25.207,25.207,24.893,24.918,943,0
20160408,25.32,25.349,25.32,25.32,638,0
20160411,25.738,25.738,25.236,25.236,2086,0
20160412,25.377,25.557,25.32,25.557,3069,0
20160413,25.967,26.081,25.91,26.072,3180,0
20160414,27.145,27.145,25.942,25.957,582,0
20160415,25.976,25.976,25.931,25.938,2010,0
20160418,25.92,26.271,25.92,26.271,846,0
20160419,26.358,26.358,26.358,26.358,991,0
20160420,27.354,27.354,26.217,26.224,3580,0
20160421,26.528,26.528,25.957,26.015,1691,0
20160422,25.89,25.948,25.757,25.948,2597,0
20160425,25.767,25.767,25.633,25.672,1731,0
20160426,25.635,25.672,25.635,25.672,724,0
20160427,25.473,25.473,25.418,25.435,737,0
20160428,25.274,25.274,25.113,25.113,2336,0
20160429,24.92,24.932,24.904,24.904,1183,0
20160502,25.16,25.33,25.069,25.311,818,0
20160504,24.657,24.657,24.655,24.655,286,0
20160505,24.838,24.922,24.783,24.783,1099,0
20160506,24.826,25.084,24.826,25.084,356,0
20160509,25.065,25.065,25.049,25.065,759,0
20160510,25.019,25.123,25.019,25.123,2245,0
20160512,25.377,25.435,25.358,25.413,652,0
20160513,25.623,25.643,25.623,25.643,2133,0
20160516,25.274,26.044,25.274,26.044,737,0
20160517,25.956,25.956,25.825,25.825,1386,0
20160518,25.89,25.89,25.89,25.89,1584,0
20160519,25.825,25.825,25.712,25.712,5784,0
20160520,26.174,26.177,26.101,26.13,1823,0
20160524,26.396,26.584,26.378,26.584,8063,0
20160525,26.647,26.647,26.619,26.619,435,0
20160526,26.726,26.726,26.71,26.71,1213,0
20160527,27.03,27.03,26.917,26.917,1610,0
20160531,27.126,28.169,27.001,27.126,4142,0
20160601,27.05,27.05,27.045,27.045,326,0
20160602,26.862,27.009,26.862,27.009,1229,0
20160603,26.973,27.05,26.973,27.01,1743,0
20160606,27.297,27.297,27.136,27.136,4181,0
20160607,27.505,27.505,27.447,27.458,1180,0
20160608,27.446,27.504,27.446,27.484,1775,0
20160610,27.145,27.145,26.888,26.888,2835,0
20160613,26.982,26.982,26.537,26.537,367,0
20160614,26.793,26.793,26.388,26.396,1297,0
20160615,26.764,26.774,26.744,26.744,1379,0
20160616,26.362,26.549,26.271,26.549,4841,0
20160617,26.424,26.453,26.311,26.433,7275,0
20160620,26.081,26.935,26.072,26.917,16817,0
20160621,27.058,27.058,26.895,27.017,754,0
20160622,26.821,26.898,26.82,26.898,635,0
20160623,26.963,26.963,26.946,26.946,2848,0
20160624,25.738,26.574,25.738,26.329,3247,0
20160627,26.329,26.329,25.633,25.806,1048,0
20160628,24.524,26.059,24.524,25.938,688,0
20160629,26.555,26.633,26.499,26.603,883,0
20160630,26.603,26.953,26.603,26.953,550,0
20160705,27.238,27.238,27.01,27.01,642,0
20160706,27.068,27.238,27.068,27.228,694,0
20160707,27.484,27.514,27.484,27.514,490,0
20160708,27.866,27.932,27.866,27.932,431,0
20160711,28.282,28.693,28.282,28.654,7162,0
20160712,28.988,28.988,28.729,28.872,8630,0
20160713,28.882,28.882,28.406,28.464,5214,0
20160714,28.501,28.637,28.501,28.598,3112,0
20160715,28.663,28.663,28.208,28.34,8520,0
20160718,28.516,28.882,28.406,28.814,23179,0
20160719,28.843,29.403,28.843,29.164,32522,0
20160720,29.338,29.338,28.999,29.166,7761,0
20160721,29.119,29.119,28.843,28.921,4540,0
20160722,28.911,29.311,28.451,28.892,57896,0
20160725,28.637,28.637,28.218,28.435,8680,0
20160726,28.464,28.795,28.464,28.589,6361,0
20160727,28.598,28.656,28.598,28.598,546,0
20160728,28.589,28.589,28.489,28.489,1127,0
20160729,28.311,28.673,28.311,28.673,494,0
20160801,28.579,28.579,28.579,28.579,632,0
20160802,28.569,28.569,28.301,28.301,1778,0
20160803,28.179,28.413,28.169,28.36,1641,0
20160804,28.559,28.559,28.559,28.559,263,0
20160805,28.598,28.598,28.483,28.531,1203,0
20160808,28.627,28.627,28.435,28.501,1869,0
20160809,28.683,29.007,28.683,28.93,2282,0
20160810,29.09,29.149,29.09,29.128,4154,0
20160811,29.237,29.264,29.176,29.254,2259,0
20160812,29.07,29.149,29.07,29.149,2652,0
20160815,29.224,29.348,29.13,29.348,4607,0
20160816,29.282,29.282,29.054,29.054,2387,0
20160817,28.988,28.988,28.647,28.833,955,0
20160818,28.786,29.062,28.786,29.062,4298,0
20160819,28.958,29.09,28.929,28.939,3282,0
20160822,29.139,29.166,29.055,29.055,3864,0
20160823,29.139,29.214,29.139,29.214,1165,0
20160824,29.16,29.16,29.16,29.16,1793,0
20160825,29.224,29.273,29.196,29.273,946,0
20160826,29.196,29.422,29.107,29.186,2182,0
20160829,29.414,29.414,29.329,29.392,2268,0
20160830,29.414,29.609,29.356,29.422,2442,0
20160831,29.499,29.499,29.199,29.423,1458,0
20160901,29.48,29.565,29.254,29.348,1358,0
20160902,29.687,29.819,29.687,29.783,3626,0
20160906,29.974,30.382,29.974,30.381,5539,0
20160907,30.582,30.619,30.261,30.619,21703,0
20160908,30.763,30.763,30.353,30.62,7468,0
20160909,30.288,30.307,30.002,30.021,9572,0
20160912,30.059,30.459,29.959,30.459,3187,0
20160913,30.163,30.163,30.096,30.096,428,0
20160914,30.297,30.297,30.124,30.138,1084,0
20160915,30.429,30.744,30.429,30.744,1584,0
20160916,30.848,30.848,30.507,30.744,4503,0
20160919,30.969,31.084,30.73,30.838,2865,0
20160920,31.046,31.141,30.829,30.956,4411,0
20160921,31.16,31.367,30.951,31.367,8827,0
20160922,31.57,31.644,31.418,31.446,4366,0
20160923,31.404,31.456,31.217,31.318,3173,0
20160926,31.314,31.314,31.094,31.179,7815,0
20160927,31.235,31.51,31.161,31.415,1459,0
20160928,31.711,31.711,31.56,31.628,6623,0
20160929,31.56,31.56,31.269,31.345,14027,0
20160930,31.255,31.568,31.235,31.551,2032,0
20161003,31.701,31.701,31.483,31.483,5352,0
20161004,31.512,31.587,31.117,31.117,2471,0
20161005,31.653,31.653,31.342,31.597,6040,0
20161006,31.503,31.503,31.046,31.264,7432,0
20161007,31.332,31.332,31.056,31.089,1495,0
20161010,31.298,31.366,31.265,31.265,917,0
20161011,30.942,30.942,30.411,30.478,6608,0
20161012,30.42,30.439,30.096,30.378,1857,0
20161013,30.382,30.382,30.141,30.192,3692,0
20161014,30.944,30.944,30.458,30.545,1766,0
20161017,30.392,30.413,30.306,30.306,2080,0
20161018,30.362,30.743,30.362,30.743,2623,0
20161019,30.763,30.763,30.537,30.537,1535,0
20161020,30.61,30.61,30.61,30.61,207,0
20161021,30.335,30.42,30.207,30.42,1738,0
20161024,30.42,30.598,30.42,30.598,1894,0
20161025,30.885,30.885,30.62,30.695,2170,0
20161026,30.592,30.71,30.4,30.4,3943,0
20161027,30.576,30.576,30.344,30.344,2072,0
20161028,30.382,30.382,30.382,30.382,394,0
20161031,30.143,30.365,29.907,30.105,3367,0
20161101,30.19,30.211,30.096,30.096,938,0
20161102,30.048,30.096,29.783,29.829,2417,0
20161103,30.199,30.199,30.199,30.199,980,0
20161104,29.864,30.012,29.783,30.012,1748,0
20161107,30.125,30.259,30.105,30.259,4457,0
20161108,30.307,30.402,30.307,30.402,2322,0
20161109,29.433,30.05,29.433,29.794,2567,0
20161110,29.75,29.75,29.196,29.388,8809,0
20161111,28.958,29.446,28.247,29.301,4906,0
20161114,29.282,29.404,29.282,29.392,1556,0
20161115,29.244,29.749,29.244,29.487,1760,0
20161116,29.453,29.453,29.453,29.453,398,0
20161117,29.518,30.165,29.518,29.974,4100,0
20161118,29.783,29.783,29.73,29.73,988,0
20161123,30.04,30.04,30.04,30.04,288,0
20161125,29.997,30.054,29.86,29.879,1171,0
20161128,29.783,29.783,29.783,29.783,976,0
20161129,29.73,29.897,29.73,29.864,1046,0
20161130,30.115,30.115,29.518,29.518,2246,0
20161201,29.433,29.433,28.757,28.766,2432,0
20161202,28.711,28.853,28.711,28.837,858,0
20161205,28.693,29.148,28.693,29.09,3069,0
20161206,28.978,29.1,28.884,29.1,1031,0
20161207,29.159,29.471,29.159,29.471,4552,0
20161208,29.368,29.489,29.368,29.489,929,0
20161209,29.717,29.717,29.717,29.717,302,0
20161212,30.05,30.05,29.708,29.708,652,0
20161213,29.698,29.869,29.698,29.869,275,0
20161214,29.735,29.735,29.196,29.196,773,0
20161215,29.446,29.517,29.273,29.329,2699,0
20161216,29.463,29.463,29.159,29.159,1965,0
20161219,29.002,29.002,28.921,28.921,286,0
20161220,29.196,29.305,29.196,29.305,1982,0
20161222,29.008,29.008,28.958,28.992,342,0
20161223,29.008,29.008,29.008,29.008,197,0
20161227,28.719,29.259,28.719,29.256,1878,0
20161228,29.608,29.608,29.233,29.282,1554,0
20161229,29.165,29.281,29.165,29.185,1055,0
20161230,29.03,29.116,29.03,29.067,1857,0
20170103,29.233,29.233,29.064,29.076,1322,0
20170104,29.301,29.661,29.301,29.661,2069,0
20170105,29.666,29.763,29.666,29.763,504,0
20170106,29.909,29.928,29.743,29.85,2363,0
20170109,29.686,29.822,29.686,29.76,681,0
20170110,29.85,29.958,29.85,29.958,2707,0
20170111,29.958,29.972,29.958,29.972,844,0
20170112,29.832,29.852,29.832,29.852,214,0
20170113,29.852,29.986,29.852,29.986,1039,0
20170117,29.696,29.869,29.696,29.857,1023,0
20170118,29.861,29.919,29.861,29.881,1738,0
20170119,29.987,29.987,29.987,29.987,950,0
20170120,30.14,30.15,30.14,30.15,733,0
20170123,30.307,30.307,30.231,30.231,1498,0
20170124,30.219,30.373,30.074,30.373,5001,0
20170125,30.471,30.597,30.458,30.597,1291,0
20170126,30.587,30.632,30.471,30.553,3414,0
20170127,30.451,30.451,30.316,30.335,607,0
20170130,30.111,30.111,30.035,30.035,1533,0
20170131,30.181,30.181,30.101,30.101,1599,0
20170201,30.451,30.462,30.451,30.462,441,0
20170202,30.373,30.634,30.373,30.634,769,0
20170203,30.8,30.905,30.8,30.853,3272,0
20170206,30.762,31.04,30.762,31.04,3182,0
20170207,30.867,30.867,30.838,30.838,370,0
20170208,30.762,30.762,30.762,30.762,695,0
20170209,30.712,30.797,30.655,30.797,881,0
20170210,30.953,31.515,30.953,31.515,10873,0
20170213,31.545,31.827,31.525,31.64,3120,0
20170214,31.601,31.621,31.592,31.592,817,0
20170215,31.525,31.6,31.283,31.6,1256,0
20170216,31.835,31.835,31.584,31.584,2615,0
20170217,31.688,31.747,31.688,31.747,1247,0
20170221,31.893,32.154,31.893,32.154,2252,0
20170222,32.252,32.337,32.212,32.337,2276,0
20170223,32.097,32.261,32.097,32.222,2023,0
20170224,31.873,32.225,31.873,32.225,1079,0
20170227,31.987,32.077,31.987,32.077,769,0
20170228,31.931,32.096,31.712,31.712,4638,0
20170301,32.014,32.014,32.014,32.014,298,0
20170302,32.097,32.117,31.96,31.96,2351,0
20170303,31.844,31.893,31.844,31.883,1687,0
20170306,31.844,31.886,31.758,31.852,1487,0
20170307,31.757,31.921,31.757,31.883,1242,0
20170309,32.025,32.164,32.025,32.121,1719,0
20170310,32.453,32.676,32.453,32.676,2266,0
20170313,32.831,32.832,32.802,32.816,2079,0
20170314,32.772,32.782,32.594,32.599,1399,0
20170315,32.559,32.743,32.549,32.743,2640,0
20170316,32.947,32.947,32.923,32.923,503,0
20170317,32.968,32.968,32.965,32.965,1329,0
20170320,33.285,33.372,32.975,33.024,3024,0
20170321,32.864,32.899,32.792,32.802,3582,0
20170322,32.919,32.919,32.891,32.898,908,0
20170323,32.752,32.812,32.617,32.812,1707,0
20170324,32.802,32.802,32.786,32.786,474,0
20170327,32.599,32.752,32.599,32.752,806,0
20170328,32.86,32.947,32.86,32.947,1169,0
20170329,33.071,33.071,33.071,33.071,610,0
20170331,33.044,33.044,32.965,32.965,538,0
20170403,33.044,33.044,33.044,33.044,1607,0
20170404,32.802,32.802,32.647,32.647,1156,0
20170405,32.937,32.937,32.437,32.839,1827,0
20170406,32.879,32.879,32.73,32.73,916,0
20170407,32.839,32.839,32.772,32.821,2431,0
20170410,32.919,32.919,32.686,32.686,1406,0
20170411,32.461,32.667,32.461,32.667,705,0
20170412,32.831,32.831,32.654,32.667,906,0
20170413,32.792,32.947,32.724,32.78,1580,0
20170417,33.101,33.314,33.101,33.314,2285,0
20170418,33.255,33.275,33.255,33.275,696,0
20170419,33.548,33.701,33.48,33.48,1381,0
20170420,33.807,33.807,33.702,33.807,3167,0
20170421,33.711,33.766,33.489,33.766,911,0
20170424,34.029,34.126,33.856,34.126,2724,0
20170425,34.408,34.57,34.408,34.57,1807,0
20170426,34.639,34.692,34.609,34.609,2469,0
20170427,34.727,34.883,34.727,34.757,5037,0
20170428,34.912,34.918,34.737,34.918,1184,0
20170501,35.201,35.21,35.075,35.21,1396,0
20170502,35.22,35.268,35.22,35.268,1329,0
20170503,35.201,35.22,35.066,35.22,1143,0
20170504,35.402,35.462,35.341,35.358,6744,0
20170505,35.539,35.886,35.528,35.886,5155,0
20170508,35.82,35.964,35.82,35.944,4060,0
20170509,36.176,36.196,36.021,36.052,15661,0
20170510,36.381,37.251,36.381,36.785,10619,0
20170511,36.942,37.01,36.651,36.951,12230,0
20170512,36.932,36.932,36.792,36.863,11163,0
20170515,37.078,37.453,37.078,37.443,24163,0
20170516,37.408,37.744,37.398,37.744,19009,0
20170517,37.772,37.772,37.029,37.135,20560,0
20170518,37.165,37.889,37,37.832,21338,0
20170519,37.822,38.257,37.822,38.131,7890,0
20170522,38.363,38.528,38.305,38.479,20149,0
20170523,38.596,38.837,38.402,38.45,13021,0
20170524,38.315,38.711,38.209,38.711,19268,0
20170525,38.955,39.322,38.823,38.946,16826,0
20170526,39.107,39.107,38.936,39.04,24813,0
20170530,39.351,39.351,39.104,39.292,37531,0
20170531,39.312,39.36,39.03,39.098,15477,0
20170601,39.418,39.553,39.351,39.458,18098,0
20170602,39.727,39.756,39.468,39.717,25569,0
20170605,39.824,40.298,39.824,40.047,145000,0
20170606,40.232,40.375,40.145,40.222,56314,0
20170607,40.618,40.781,40.507,40.614,61257,0
20170608,40.773,40.93,40.432,40.666,55941,0
20170609,40.676,40.918,39.659,40.006,66517,0
20170612,39.931,39.931,39.272,39.659,24801,0
20170613,40.065,40.169,39.67,40.026,31270,0
20170614,40.252,40.364,39.886,40.031,22894,0
20170615,39.863,40.132,39.486,40.066,19696,0
20170616,40.125,40.472,39.873,39.998,8885,0
20170619,40.395,41.11,40.358,41.11,46326,0
20170620,41.313,41.744,40.32,40.511,25387,0
20170621,40.642,40.755,40.642,40.717,8023,0
20170622,40.492,40.753,40.435,40.695,18591,0
20170623,40.84,41.084,40.84,41.014,12145,0
20170626,41.401,41.557,41.086,41.204,17188,0
20170627,40.898,40.948,40.511,40.511,9462,0
20170628,40.046,40.236,39.609,40.211,22057,0
20170629,40.017,40.114,39.687,39.823,14688,0
20170630,39.814,39.948,39.697,39.765,4412,0
20170703,40.231,40.231,39.155,39.164,9670,0
20170705,38.971,39.165,38.758,39.165,24733,0
20170706,39.038,39.068,38.709,38.739,11679,0
20170707,38.944,39.145,38.845,39.038,10615,0
20170710,39.253,39.505,39.253,39.485,5321,0
20170711,39.591,39.687,39.503,39.572,9282,0
20170712,39.958,40.297,39.913,40.217,7770,0
20170713,40.231,40.666,40.017,40.114,5392,0
20170714,40.211,40.55,40.211,40.422,9872,0
20170717,40.288,40.297,40.054,40.124,93357,0
20170718,40.144,40.403,40.027,40.364,5424,0
20170719,40.735,41.091,40.735,40.916,11551,0
20170720,41.004,41.166,40.878,41.004,9691,0
20170721,40.782,40.849,40.782,40.849,5599,0
20170724,40.984,41.139,40.949,40.949,8894,0
20170725,41.159,41.265,40.991,41.101,16704,0
20170726,41.043,41.235,40.988,41.225,9860,0
20170727,41.284,41.624,41.111,41.294,20985,0
20170728,40.84,41.034,40.251,40.938,21345,0
20170731,41.11,41.139,40.889,40.984,14041,0
20170801,41.063,41.063,40.858,40.984,8296,0
20170802,40.888,41.11,40.782,40.849,12218,0
20170803,41.024,41.245,40.898,41.167,13465,0
20170804,41.129,41.179,40.918,41.014,11914,0
20170807,41.274,41.557,41.274,41.47,17503,0
20170808,41.652,42.069,41.652,41.909,18110,0
20170809,41.43,41.479,41.021,41.459,10176,0
20170810,41.353,41.353,40.422,40.422,20810,0
20170811,40.355,40.556,40.2,40.432,9817,0
20170814,41.034,41.357,41.034,41.235,14489,0
20170815,41.225,41.272,41.147,41.149,3417,0
20170816,41.353,41.624,41.313,41.498,12111,0
20170817,41.75,41.983,41.381,41.381,13186,0
20170818,41.401,41.773,41.401,41.661,9149,0
20170821,41.632,41.74,41.469,41.551,8534,0
20170822,41.768,42.185,41.642,42.117,22570,0
20170823,42.175,42.302,42.098,42.263,22908,0
20170824,42.263,42.437,42.151,42.165,20634,0
20170825,42.312,42.342,41.963,42.138,5756,0
20170828,42.205,42.342,41.983,42.131,4454,0
20170829,41.661,42.04,41.624,41.91,11136,0
20170830,41.847,42.195,41.847,42.156,7049,0
20170831,42.484,42.726,42.302,42.724,16772,0
20170901,43.076,43.251,42.97,43.135,20044,0
20170905,42.64,42.659,41.972,42.292,20001,0
20170906,42.533,42.746,42.45,42.484,5555,0
20170907,42.706,42.988,42.706,42.941,6056,0
20170908,42.776,42.815,42.632,42.64,3185,0
20170911,43.066,43.193,42.912,43.076,52319,0
20170912,43.202,43.317,43.056,43.056,10094,0
20170913,42.959,43.145,42.687,43.027,9535,0
20170914,42.834,43.269,42.815,43.056,10786,0
20170915,43.202,43.337,43.202,43.337,6242,0
20170918,43.492,43.697,43.385,43.521,20881,0
20170919,43.53,43.687,43.445,43.6,8964,0
20170920,43.59,43.707,43.279,43.697,14754,0
20170921,43.414,44.586,42.843,42.843,17321,0
20170922,42.843,42.917,42.66,42.765,9893,0
20170925,42.695,42.695,41.971,42.193,27399,0
20170926,42.048,42.193,41.679,41.775,26918,0
20170927,41.951,42.369,41.951,42.281,5995,0
20170928,42.483,42.803,42.483,42.765,60134,0
20170929,43.085,43.211,42.833,43.051,13943,0
20171002,43.211,43.337,43.081,43.24,13678,0
20171003,43.327,43.521,43.327,43.454,10588,0
20171004,43.23,43.254,43.085,43.24,14049,0
20171005,43.24,43.404,43.221,43.323,8292,0
20171006,43.337,43.667,43.337,43.57,17064,0
20171009,43.511,43.54,43.376,43.405,5651,0
20171010,43.483,43.54,43.269,43.365,5617,0
20171011,43.385,43.62,43.385,43.56,5673,0
20171012,43.813,44.149,43.813,43.87,7390,0
20171013,43.986,44.334,43.986,44.229,13897,0
20171016,44.432,44.547,44.352,44.452,14932,0
20171017,44.324,44.586,44.229,44.404,11226,0
20171018,44.432,44.432,44.123,44.229,10317,0
20171019,43.813,44.248,43.24,43.88,11812,0
20171020,44.005,44.272,44.005,44.123,5758,0
20171023,44.093,44.093,43.677,43.687,7132,0
20171024,44.025,44.262,44.025,44.152,26935,0
20171025,44.054,44.103,43.357,43.618,23273,0
20171026,43.667,43.704,43.211,43.226,21896,0
20171027,43.298,43.9,43.25,43.89,11592,0
20171030,43.783,44.015,43.637,43.89,8576,0
20171031,44.199,44.511,44.199,44.472,12164,0
20171101,44.81,44.81,44.482,44.491,12352,0
20171102,44.472,44.482,44.281,44.344,7872,0
20171103,44.566,44.566,44.209,44.394,9520,0
20171106,44.586,44.877,44.586,44.645,25158,0
20171107,44.628,44.675,44.566,44.635,16964,0
20171108,45.101,45.904,45.101,45.663,45078,0
20171109,45.053,45.256,44.829,45.246,30009,0
20171110,45.276,45.276,44.907,44.937,24859,0
20171113,45.004,45.493,44.957,45.315,23141,0
20171114,45.169,45.391,45.108,45.179,22900,0
20171115,44.81,45.073,44.43,44.675,15466,0
20171116,45.227,45.896,45.169,45.722,24594,0
20171117,45.914,46.235,45.454,45.488,26105,0
20171120,45.517,46.003,45.517,45.78,28056,0
20171121,46.042,46.399,46.042,46.176,23539,0
20171122,46.303,46.39,46.235,46.361,14311,0
20171124,46.527,46.623,46.254,46.254,20411,0
20171127,46.235,46.327,45.94,46.052,46302,0
20171128,46.458,46.458,45.827,46.039,21055,0
20171129,46.216,46.216,45.266,45.394,26323,0
20171130,45.286,45.391,45.014,45.13,23630,0
20171201,45.286,45.286,44.404,44.947,23476,0
20171204,45.053,45.053,44.015,44.054,39786,0
20171205,43.813,44.162,43.366,43.833,17020,0
20171206,43.842,44.189,43.637,44.113,15011,0
20171207,44.025,44.452,44.025,44.257,15700,0
20171208,44.695,44.882,44.596,44.675,23057,0
20171211,45.121,46.71,45.121,45.924,31588,0
20171212,45.984,46.147,45.771,45.846,16785,0
20171213,46.013,46.303,46.013,46.244,12757,0
20171214,46.264,46.418,46.013,46.062,10421,0
20171215,46.225,46.536,46.217,46.517,12675,0
20171218,46.991,46.991,46.406,46.584,58469,0
20171219,46.41,46.516,46.046,46.062,11193,0
20171220,46.042,46.062,45.716,45.903,9036,0
20171221,45.856,46.091,45.856,46.013,5782,0
20171222,46.186,46.216,45.914,46.216,10853,0
20171226,46.016,46.151,45.907,45.917,24991,0
20171227,46.141,46.531,46.141,46.326,18563,0
20171228,46.619,46.619,46.365,46.471,21924,0
20171229,46.753,47.093,46.55,46.551,19509,0
20180102,46.87,47.404,46.87,47.404,26190,0
20180103,47.686,48.05,47.686,47.977,35931,0
20180104,48.26,48.511,48.036,48.336,34881,0
20180105,48.173,48.525,48.154,48.425,19363,0
20180108,48.734,48.852,48.532,48.813,36442,0
20180109,49.056,49.144,48.526,48.677,24283,0
20180110,48.541,48.687,48.299,48.532,87493,0
20180111,48.677,49.212,48.677,49.066,94043,0
20180112,49.006,49.155,48.793,49.056,58967,0
20180116,49.231,49.24,48.345,48.385,54673,0
20180117,48.58,49.239,48.58,48.852,30685,0
20180118,48.872,48.872,48.599,48.783,31838,0
20180119,48.833,49.357,48.817,49.347,44434,0
20180122,49.347,49.532,49.203,49.426,40348,0
20180123,49.726,49.784,49.639,49.774,28513,0
20180124,50.29,50.412,49.789,50.008,33099,0
20180125,50.125,50.387,49.639,49.677,66721,0
20180126,50.143,50.377,50.018,50.29,177602,0
20180129,50.406,50.445,49.93,50.134,68064,0
20180130,49.6,49.6,49.213,49.426,27970,0
20180131,50.125,50.298,49.954,50.075,43935,0
20180201,50.075,50.105,49.717,49.785,30129,0
20180202,49.347,49.37,48.355,48.462,98614,0
20180205,48.026,48.143,46.112,46.462,88672,0
20180206,45.393,47.61,44.665,47.132,60147,0
20180207,47.063,47.278,46.724,46.753,32488,0
20180208,47.073,47.288,45.128,45.128,39605,0
20180209,45.102,45.675,44.004,45.636,42704,0
20180212,45.889,46.57,45.889,46.386,26572,0
20180213,46.452,46.628,46.365,46.628,14892,0
20180214,46.521,47.793,46.521,47.686,24765,0
20180215,48.231,48.375,47.9,48.355,26849,0
20180216,48.677,48.677,48.055,48.277,16594,0
20180220,47.959,48.279,47.959,47.959,23668,0
20180221,48.405,48.948,48.27,48.27,22200,0
20180222,47.725,47.891,47.328,47.338,30282,0
20180223,48.183,48.395,48.094,48.385,14147,0
20180226,48.609,48.813,48.415,48.813,20642,0
20180227,48.9,48.9,47.921,47.93,14689,0
20180228,47.833,48.154,47.674,47.696,29216,0
20180301,47.764,47.783,46.887,47.122,12185,0
20180302,46.589,47.648,46.219,47.648,25013,0
20180305,47.347,47.987,47.151,47.959,15194,0
20180306,48.443,48.711,48.166,48.561,14714,0
20180307,48.512,48.872,48.386,48.718,13848,0
20180308,49.212,49.249,48.803,49.229,37225,0
20180309,49.396,49.569,49.114,49.569,24693,0
20180312,49.716,49.882,49.416,49.505,43258,0
20180313,50.018,50.018,48.9,49.298,29105,0
20180314,49.513,49.513,48.872,49.016,19631,0
20180315,49.446,49.446,48.991,49.066,12210,0
20180316,48.97,49.14,48.97,49.056,3902,0
20180319,49.056,49.056,47.995,48.336,21450,0
20180320,48.512,48.762,48.336,48.677,31146,0
20180321,48.724,48.842,48.683,48.687,11726,0
20180322,48.365,48.541,47.833,47.882,21597,0
20180323,47.696,47.882,46.966,46.977,10235,0
20180326,47.872,47.882,47.298,47.882,20819,0
20180327,48.231,48.231,46.821,46.919,25217,0
20180328,47.112,47.112,46.413,46.753,11609,0
20180329,46.753,47.395,46.724,47.19,14191,0
20180402,47.58,47.58,45.947,46.327,25301,0
20180403,46.541,46.657,46.206,46.657,4998,0
20180404,45.782,46.628,45.504,46.628,13948,0
20180405,46.948,46.948,46.553,46.647,10480,0
20180406,46.19,46.647,45.519,45.839,7645,0
20180409,46.007,46.561,45.849,46.075,12515,0
20180410,46.405,46.512,46.244,46.423,9117,0
20180411,46.102,46.413,46.102,46.19,9396,0
20180412,46.229,46.385,46.161,46.347,10283,0
20180413,46.589,46.589,46.018,46.141,3723,0
20180416,46.298,46.423,45.937,46.229,31679,0
20180417,46.619,47.102,46.599,47.073,9822,0
20180418,47.19,47.21,46.997,46.997,35278,0
20180419,46.958,46.958,46.463,46.574,3728,0
20180420,46.619,46.619,46.161,46.249,12937,0
20180423,46.21,46.387,46.026,46.151,6059,0
20180424,46.278,46.541,45.608,45.791,7094,0
20180425,45.509,45.568,44.948,45.393,32475,0
20180426,45.529,45.977,45.529,45.869,9289,0
20180427,46.375,46.375,45.927,45.957,9299,0
20180430,46.248,46.316,45.849,45.987,12313,0
20180501,45.695,46.19,45.695,46.161,21782,0
20180502,46.405,46.677,46.405,46.481,13617,0
20180503,46.628,46.802,46.112,46.619,35405,0
20180504,46.462,47.151,46.462,47.027,11290,0
20180507,47.23,47.57,47.23,47.394,14915,0
20180508,47.394,47.59,47.239,47.453,9981,0
20180509,47.891,48.316,47.891,48.306,13675,0
20180510,48.589,48.92,48.589,48.803,18518,0
20180511,48.95,49.133,48.742,48.872,41500,0
20180514,49.24,49.542,49.24,49.475,23466,0
20180515,49.134,49.183,48.93,49.183,12337,0
20180516,49.299,49.347,49.016,49.299,15634,0
20180517,49.386,50.036,49.386,49.892,12539,0
20180518,49.949,50.416,49.949,50.318,163367,0
20180521,50.756,50.999,50.318,50.717,24451,0
20180522,50.599,50.862,50.232,50.318,43869,0
20180523,50.251,50.717,50.251,50.659,12858,0
20180524,50.911,50.931,50.379,50.816,9474,0
20180525,50.639,50.805,50.553,50.699,27789,0
20180529,50.513,50.716,50.143,50.602,135435,0
20180530,50.523,51.424,50.523,51.339,10323,0
20180531,51.485,52.202,51.3,51.613,21917,0
20180601,51.766,52.319,51.672,52.212,13198,0
20180604,52.175,52.175,51.947,52.145,15641,0
20180605,52.145,52.708,51.69,52.708,39975,0
20180606,52.63,52.63,52.222,52.446,12609,0
20180607,52.601,53.098,52.039,52.277,20948,0
20180608,52.292,52.558,52.145,52.524,7710,0
20180611,52.534,53.428,52.456,52.456,62554,0
20180612,51.902,52.698,51.475,51.697,66719,0
20180613,51.678,51.678,51.019,51.343,36395,0
20180614,51.358,51.568,51.26,51.339,21643,0
20180615,51.067,51.25,50.756,50.943,25543,0
20180618,49.969,51.096,49.629,50.776,35214,0
20180619,49.806,50.374,49.307,49.777,26298,0
20180620,49.973,50.531,49.885,49.905,21574,0
20180621,50.06,50.06,49.465,49.465,18995,0
20180622,50.13,50.13,49.603,49.812,13552,0
20180625,49.396,49.396,48.377,48.613,27408,0
20180626,48.691,48.768,48.457,48.643,17609,0
20180627,48.711,49.085,47.751,47.751,20718,0
20180628,47.506,48.358,47.065,47.919,96042,0
20180629,48.367,48.369,48.085,48.184,19689,0
20180702,47.458,48.191,47.047,48.112,20851,0
20180703,47.889,47.925,47.487,47.536,10380,0
20180705,47.673,47.673,47.307,47.448,34523,0
20180706,47.841,48.426,47.497,48.387,31942,0
20180709,48.906,48.906,48.606,48.828,23338,0
20180710,49.278,49.278,48.711,48.906,36258,0
20180711,48.534,49.783,47.948,47.948,46354,0
20180712,49.083,49.186,48.82,49.161,51323,0
20180713,49.103,49.277,48.984,49.151,19815,0
20180716,49.093,49.093,48.583,48.814,49767,0
20180717,49.073,49.22,48.838,49.181,35433,0
20180718,49.201,49.201,48.868,49.103,23193,0
20180719,48.613,48.984,48.154,48.558,55962,0
20180720,48.701,48.876,48.593,48.767,15032,0
20180723,48.926,48.926,48.045,48.407,17827,0
20180724,49.093,49.093,48.481,48.515,32518,0
20180725,48.681,48.906,48.426,48.906,33483,0
20180726,48.906,48.915,48.584,48.721,42065,0
20180727,48.828,48.916,47.948,48.104,28795,0
20180730,47.958,47.958,46.812,46.92,48149,0
20180731,47.145,47.145,46.724,46.861,24545,0
20180801,46.831,47.183,46.728,46.753,17595,0
20180802,46.627,46.969,46.598,46.969,21061,0
20180803,47.193,47.36,46.871,47.009,18288,0
20180806,46.929,46.929,46.734,46.812,16702,0
20180807,47.038,47.203,46.872,46.972,13373,0
20180808,47.029,47.029,46.627,47.01,25696,0
20180809,47.047,47.047,46.636,46.686,10682,0
20180810,46.382,46.382,45.991,46.098,27640,0
20180813,45.803,45.911,45.397,45.451,39353,0
20180814,45.393,45.451,44.963,45.159,29158,0
20180815,44.455,44.469,43.838,44.05,34687,0
20180816,44.336,44.522,44.112,44.346,132652,0
20180817,44.189,44.704,44.189,44.639,47643,0
20180820,44.836,45.051,44.522,44.963,16900,0
20180821,44.874,45.608,44.874,45.383,25439,0
20180822,45.578,45.852,45.54,45.844,22940,0
20180823,45.813,46.121,45.813,45.926,17102,0
20180824,46.117,46.632,46.117,46.539,109846,0
20180827,46.92,47.162,46.92,47.047,42193,0
20180828,46.929,46.929,46.588,46.656,25790,0
20180829,46.559,46.913,46.559,46.871,49921,0
20180830,46.881,46.884,46.482,46.523,31862,0
20180831,46.411,46.559,46.284,46.519,43396,0
20180904,46.469,46.717,46.176,46.715,49885,0
20180905,46.235,46.235,45.648,45.872,16560,0
20180906,45.785,45.803,45.403,45.728,20448,0
20180907,45.307,45.863,45.267,45.442,11320,0
20180910,45.55,45.569,45.267,45.366,11978,0
20180911,45.149,45.638,45.149,45.638,13212,0
20180912,45.55,45.872,45.257,45.839,17687,0
20180913,46.06,46.354,46.011,46.05,19720,0
20180914,46.107,46.274,46.09,46.126,11457,0
20180917,46.107,46.225,45.823,45.823,6786,0
20180918,46.03,46.212,46.03,46.131,7082,0
20180919,46.117,46.334,46.045,46.166,10906,0
20180920,46.176,46.444,46.098,46.284,14752,0
20180921,46.46,46.627,46.324,46.382,9661,0
20180924,46.176,46.284,45.991,46.007,14446,0
20180925,46.56,46.83,46.305,46.638,17808,0
20180926,46.678,46.94,46.599,46.599,16346,0
20180927,46.589,46.801,46.461,46.5,52573,0
20180928,46.47,46.719,46.373,46.393,13539,0
20181001,46.755,46.931,46.589,46.688,14695,0
20181002,46.216,46.393,45.842,46.011,29969,0
20181003,45.991,46.156,45.619,45.872,22635,0
20181004,45.392,45.607,44.549,44.6,14575,0
20181005,44.528,44.744,43.969,44.283,13520,0
20181008,43.784,44.137,43.244,43.892,28567,0
20181009,43.293,43.902,43.156,43.636,32833,0
20181010,43.166,43.373,41.989,42.097,47388,0
20181011,41.704,42.298,41.203,41.538,24707,0
20181012,42.548,42.889,42.243,42.802,18687,0
20181015,42.323,42.684,41.911,42.058,8662,0
20181016,42.793,43.352,42.793,43.322,34989,0
20181017,43.037,43.097,42.586,42.763,11507,0
20181018,42.508,42.517,41.557,41.782,48275,0
20181019,42.146,42.391,41.582,41.635,15433,0
20181022,41.852,42.008,41.684,41.949,24743,0
20181023,40.998,41.488,40.674,41.302,41379,0
20181024,41.067,41.194,39.683,39.683,18617,0
20181025,39.899,40.448,39.683,40.213,27204,0
20181026,39.244,39.811,38.814,39.379,58496,0
20181029,39.508,39.85,37.914,38.369,35241,0
20181030,38.575,39.125,38.575,39.065,33586,0
20181031,39.782,40.275,39.782,40.184,14222,0
20181101,40.596,41.263,40.509,41.154,18245,0
20181102,42.018,42.195,41.362,41.714,30478,0
20181105,41.626,41.626,41.115,41.439,8254,0
20181106,41.203,41.626,41.203,41.577,6750,0
20181107,41.842,42.518,41.842,42.401,20773,0
20181108,42.018,42.018,41.684,41.782,9893,0
20181109,41.008,41.143,40.567,40.92,10691,0
20181112,40.429,40.429,39.35,39.374,16603,0
20181113,39.586,40.08,39.469,39.654,13521,0
20181114,39.801,40.054,39.439,39.557,11207,0
20181115,39.508,40.399,39.508,40.223,15956,0
20181116,39.712,40.213,39.557,40.085,13237,0
20181119,40.085,40.135,39.234,39.35,15902,0
20181120,38.291,38.764,37.848,38.339,21664,0
20181121,38.86,39.263,38.86,39.115,9543,0
20181123,38.674,38.87,38.605,38.781,4292,0
20181126,39.409,39.68,39.39,39.595,12140,0
20181127,39.419,39.721,39.144,39.518,17340,0
20181128,40.017,40.812,39.86,40.763,34158,0
20181129,40.674,41.086,40.596,40.763,9926,0
20181130,40.489,40.684,40.479,40.547,5217,0
20181203,41.184,41.361,40.753,41.067,17917,0
20181204,40.93,40.95,39.722,39.791,16709,0
20181206,38.349,39.36,38.047,39.341,34651,0
20181207,39.419,39.852,38.83,38.949,16638,0
20181210,38.536,38.919,38.163,38.771,28043,0
20181211,38.988,39.315,38.89,39.065,19427,0
20181212,39.732,40.106,39.683,39.791,15271,0
20181213,39.899,40.105,39.664,39.683,11186,0
20181214,38.83,39.237,38.83,38.949,7971,0
20181217,38.732,39.017,38.104,38.183,36579,0
20181218,38.291,38.741,38.085,38.321,32259,0
20181219,38.438,38.938,37.76,37.939,27348,0
20181220,37.78,38.203,37.301,37.645,54650,0
20181221,37.958,38.249,37.056,37.251,28123,0
20181224,37.065,37.32,36.425,36.84,44714,0
20181226,36.956,37.98,36.701,37.951,45845,0
20181227,37.457,38.224,37.074,38.137,30114,0
20181228,38.363,38.594,38.127,38.274,20884,0
20181231,38.48,38.52,38.176,38.274,17794,0
20190102,38.068,38.619,37.714,38.54,12861,0
20190103,38.059,38.068,37.437,37.543,10420,0
20190104,38.284,39.495,38.088,39.339,28128,0
20190107,39.652,40.329,39.652,40.203,9961,0
20190108,40.626,40.626,40.173,40.607,20043,0
20190109,40.99,41.225,40.99,41.079,6620,0
20190110,40.853,41.197,40.607,41.197,6026,0
20190111,40.695,40.834,40.597,40.824,8759,0
20190114,40.35,40.409,39.329,40.36,6123,0
20190115,40.419,40.8,40.419,40.715,7556,0
20190116,40.862,41.137,40.836,41.03,8758,0
20190117,40.912,41.324,40.865,41.275,9862,0
20190118,41.827,42.211,41.708,42.073,15721,0
20190122,41.324,41.324,40.748,40.843,12073,0
20190123,41.275,41.354,40.824,40.934,4282,0
20190124,41.073,41.344,41.073,41.295,10767,0
20190125,41.817,41.968,41.688,41.895,29297,0
20190128,41.452,41.472,41.183,41.472,8735,0
20190129,41.364,41.364,41.01,41.069,8056,0
20190130,41.275,41.886,41.221,41.646,10531,0
20190131,41.532,42.063,41.423,41.994,21222,0
20190201,41.789,41.797,41.563,41.688,5746,0
20190204,41.847,42.309,41.847,42.239,26704,0
20190205,42.043,42.309,41.974,42.132,11298,0
20190206,41.708,41.758,41.279,41.295,16655,0
20190207,40.882,40.99,40.38,40.695,32956,0
20190208,40.725,41.04,40.725,41.04,7771,0
20190211,41.02,41.157,40.734,40.744,10076,0
20190212,40.952,41.206,40.942,41.107,10258,0
20190213,41.452,41.758,41.452,41.63,16636,0
20190214,41.354,41.877,41.354,41.768,17937,0
20190215,41.827,41.827,41.512,41.678,6704,0
20190219,41.354,41.944,41.354,41.847,22511,0
20190220,41.797,41.905,41.415,41.462,18247,0
20190221,41.452,41.452,41.167,41.403,6514,0
20190222,41.512,41.61,41.413,41.542,7120,0
20190225,42.093,42.221,41.6,41.873,14395,0
20190226,41.807,41.933,41.561,41.867,19514,0
20190227,41.837,41.984,41.786,41.895,5143,0
20190228,41.748,41.826,41.512,41.591,10449,0
20190301,42.033,42.201,41.827,42.167,19990,0
20190304,42.191,42.309,41.62,41.905,24935,0
20190305,41.974,42.299,41.95,42.191,19768,0
20190306,42.309,42.515,42.191,42.201,5070,0
20190307,41.728,41.728,41.098,41.172,12769,0
20190308,40.843,41.157,40.794,41.127,27171,0
20190311,41.462,42.023,41.462,41.905,77899,0
20190312,42.309,42.309,42.196,42.221,9604,0
20190313,42.427,42.781,42.427,42.687,5485,0
20190314,42.378,42.489,42.171,42.427,9737,0
20190315,42.653,42.987,42.653,42.884,7145,0
20190318,43.213,43.342,43.116,43.258,9049,0
20190319,43.272,43.455,43.218,43.262,9972,0
20190320,43.372,43.81,43.082,43.352,9222,0
20190321,43.175,44,43.155,43.993,38937,0
20190322,43.863,43.863,43.103,43.155,35718,0
20190325,43.066,43.381,42.909,43.202,18327,0
20190326,43.451,43.707,43.185,43.316,9649,0
20190327,44.011,44.011,43.017,43.223,24640,0
20190328,43.489,43.568,43.372,43.528,5419,0
20190329,43.735,43.952,43.65,43.903,12145,0
20190401,44.1,44.188,43.924,44.188,8795,0
20190402,44.16,44.188,44.011,44.09,10681,0
20190403,44.612,45.222,44.612,44.777,15908,0
20190404,44.957,44.967,44.77,44.912,6174,0
20190405,44.957,45.114,44.804,45.041,3569,0
20190408,44.632,44.808,44.406,44.661,8287,0
20190409,44.701,44.701,44.396,44.504,21036,0
20190410,44.701,45.026,44.612,45.011,15407,0
20190411,44.877,44.887,44.642,44.661,5960,0
20190412,45.094,45.212,44.996,45.114,6610,0
20190415,45.133,45.133,44.711,44.764,7296,0
20190416,44.977,44.977,44.602,44.814,7648,0
20190417,44.907,45.19,44.612,44.63,11303,0
20190418,44.455,44.628,44.307,44.533,7211,0
20190422,44.287,44.66,44.208,44.616,14071,0
20190423,44.445,44.701,44.435,44.679,10897,0
20190424,44.711,44.712,44.504,44.592,15941,0
20190425,44.218,44.238,43.904,44.011,20115,0
20190426,44.051,44.282,44.013,44.188,7395,0
20190429,44.248,44.552,44.218,44.465,6309,0
20190430,44.435,44.485,44.315,44.485,5873,0
20190501,44.711,44.896,44.346,44.346,6931,0
20190502,44.366,44.542,44.028,44.199,5217,0
20190503,44.445,44.867,44.445,44.741,9729,0
20190506,43.47,44.257,43.47,44.07,9865,0
20190507,43.717,43.873,42.947,43.308,23916,0
20190508,43.558,43.754,43.401,43.564,4869,0
20190509,42.633,43.058,42.338,42.817,12068,0
20190510,42.967,43.327,42.583,43.204,9761,0
20190513,42.426,42.602,41.983,42.238,10389,0
20190514,42.18,42.535,42.18,42.397,19729,0
20190515,42.328,43.054,42.328,42.988,16289,0
20190516,43.007,43.351,43.007,43.175,9601,0
20190517,42.918,43.136,42.721,42.842,6672,0
20190520,42.151,42.151,41.757,41.819,15215,0
20190521,42.072,42.257,41.806,42.257,9414,0
20190522,42.18,42.267,41.876,42.022,5452,0
20190523,41.531,41.531,41.324,41.451,9149,0
20190524,41.796,41.796,41.602,41.621,2247,0
20190528,41.796,42.034,41.531,41.627,14820,0
20190529,41.372,41.491,41.372,41.431,3924,0
20190530,41.59,41.699,41.446,41.699,14057,0
20190531,41.353,41.667,41.353,41.515,15619,0
20190603,41.727,41.797,41.215,41.447,23097,0
20190604,41.294,41.781,41.284,41.781,14624,0
20190605,41.826,41.826,41.422,41.491,26838,0
20190606,41.541,41.767,41.402,41.557,39364,0
20190607,41.846,42.366,41.846,42.16,18347,0
20190610,42.545,42.829,42.545,42.664,4943,0
20190611,42.633,42.972,42.505,42.505,4468,0
20190612,42.238,42.238,41.963,42.073,8459,0
20190613,42.18,42.19,42.032,42.032,2795,0
20190614,41.856,41.927,41.677,41.727,2229,0
20190617,41.56,41.747,41.441,41.441,3778,0
20190618,41.776,42.298,41.776,42.141,7602,0
20190619,42.112,42.269,41.953,42.269,3634,0
20190620,43.027,43.267,42.781,43,6205,0
20190621,42.987,42.987,42.417,42.711,29870,0
20190624,42.593,42.593,42.367,42.397,15155,0
20190625,42.308,42.328,41.826,41.826,5591,0
20190626,42.002,42.162,41.876,41.953,29003,0
20190627,42.328,42.41,42.296,42.401,3958,0
20190628,42.536,42.556,42.369,42.413,7941,0
20190701,42.694,42.702,42.357,42.456,24438,0
20190702,42.397,42.612,42.397,42.516,8374,0
20190703,42.466,42.506,42.337,42.343,6898,0
20190705,42.009,42.241,41.771,41.998,7913,0
20190708,41.671,41.681,41.415,41.463,10242,0
20190709,41.304,41.602,41.304,41.58,8107,0
20190710,41.949,42.104,41.871,42.019,9811,0
20190711,42.029,42.117,41.871,41.966,12386,0
20190712,41.861,41.994,41.659,41.979,10656,0
20190715,41.891,42.009,41.738,41.761,8995,0
20190716,41.553,41.701,41.463,41.473,6796,0
20190717,41.433,41.433,41.056,41.056,3422,0
20190718,40.877,41.135,40.847,41.096,11651,0
20190719,41.225,41.314,41.077,41.077,11766,0
20190722,40.976,41.096,40.847,40.877,16799,0
20190723,40.966,41.115,40.847,40.935,14126,0
20190724,40.937,41.175,40.937,41.175,11640,0
20190725,41.006,41.006,40.847,40.847,8075,0
20190726,40.956,41.175,40.917,41.101,33415,0
20190729,40.996,41.115,40.708,40.966,10603,0
20190730,40.818,40.867,40.718,40.808,5849,0
20190731,40.887,41.165,40.212,40.517,13997,0
20190801,40.728,41.255,40.358,40.37,18936,0
20190802,40.172,40.262,39.487,39.745,9707,0
20190805,38.831,38.831,37.997,38.106,24968,0
20190806,38.493,38.772,38.315,38.576,10857,0
20190807,38.444,39.149,38.375,39.076,8613,0
20190808,39.427,39.897,39.427,39.824,7828,0
20190809,39.507,39.507,39.07,39.229,6833,0
20190812,38.961,39.02,38.673,38.673,7448,0
20190813,38.543,39.477,38.523,39.049,11163,0
20190814,38.523,38.573,38.126,38.188,13061,0
20190815,38.414,38.732,38.086,38.366,15706,0
20190816,38.593,39.022,38.543,38.951,7638,0
20190819,39.487,39.705,39.477,39.501,5314,0
20190820,39.675,39.705,39.517,39.64,56523,0
20190821,40.302,40.528,40.302,40.32,5413,0
20190822,40.433,40.433,40.222,40.271,4940,0
20190823,40.132,40.396,39.527,39.527,8146,0
20190826,39.814,39.814,39.646,39.695,3607,0
20190827,40.092,40.232,39.844,40.001,3692,0
20190828,39.864,40.076,39.735,40.053,5963,0
20190829,40.053,40.307,40.053,40.232,6697,0
20190830,40.44,40.44,39.984,40.172,10335,0
20190903,39.924,40.142,39.924,40.005,3902,0
20190904,40.42,40.808,40.42,40.778,13303,0
20190905,40.986,41.245,40.986,41.125,6919,0
20190906,41.195,41.463,41.115,41.215,15059,0
20190909,41.513,41.914,41.513,41.733,8467,0
20190910,41.274,41.612,41.115,41.493,9495,0
20190911,41.493,41.661,41.45,41.568,4180,0
20190912,41.841,42.089,41.841,41.989,7047,0
20190913,42.069,42.201,41.989,42.134,7362,0
20190916,41.691,41.969,41.36,41.795,7656,0
20190917,41.612,41.811,41.403,41.761,36178,0
20190918,41.711,41.808,41.439,41.648,7457,0
20190919,41.821,41.937,41.721,41.756,5080,0
20190920,41.91,42.101,41.592,41.631,8524,0
20190923,41.452,41.602,41.407,41.567,16386,0
20190924,41.731,41.841,41.253,41.405,6706,0
20190925,41.054,41.517,40.925,41.452,7082,0
20190926,41.462,41.546,41.398,41.527,6407,0
20190927,41.512,41.512,40.844,40.904,5655,0
20190930,41.253,41.382,41.133,41.372,6174,0
20191001,41.183,41.193,40.715,40.715,13972,0
20191002,40.546,40.625,40.209,40.366,11293,0
20191003,40.585,41.034,40.456,40.994,9167,0
20191004,40.914,41.372,40.914,41.283,9417,0
20191007,40.974,41.104,40.844,40.934,17093,0
20191008,40.725,40.725,40.406,40.406,3122,0
20191009,40.795,40.936,40.645,40.901,10470,0
20191010,40.635,40.904,40.635,40.795,7041,0
20191011,40.964,41.477,40.964,41.143,8341,0
20191014,41.104,41.193,40.625,41.123,5912,0
20191015,41.153,41.621,41.153,41.532,9137,0
20191016,41.283,41.442,41.283,41.333,6399,0
20191017,41.641,41.641,41.422,41.462,16575,0
20191018,41.372,41.372,40.989,41.223,4041,0
20191021,41.353,41.422,41.304,41.412,5122,0
20191022,41.412,41.472,41.389,41.422,3429,0
20191023,41.044,41.459,41.044,41.363,2581,0
20191024,41.512,41.651,41.463,41.542,27156,0
20191025,41.402,41.779,41.402,41.776,3210,0
20191028,41.841,41.99,41.751,41.925,7448,0
20191029,41.711,41.711,41.373,41.457,6180,0
20191030,41.452,41.633,41.153,41.587,9078,0
20191031,41.502,41.502,41.223,41.343,4602,0
20191101,41.92,42.323,41.92,42.239,8442,0
20191104,42.478,42.784,42.478,42.663,39778,0
20191105,42.488,42.687,42.219,42.227,18950,0
20191106,42.221,42.27,42.05,42.209,14003,0
20191107,42.349,42.584,42.02,42.371,9358,0
20191108,42.13,42.339,42.12,42.319,4740,0
20191111,42.07,42.224,41.919,42.224,17631,0
20191112,42.279,42.339,42.13,42.204,5316,0
20191113,41.92,42.322,41.92,42.09,13752,0
20191114,42.01,42.09,41.741,42.05,6102,0
20191115,42.229,42.309,42.13,42.159,5946,0
20191118,42.169,42.243,42.09,42.196,10218,0
20191119,42.05,42.189,42.02,42.146,20995,0
20191120,42.11,42.316,41.881,42.085,24093,0
20191121,42.05,42.13,41.861,41.98,7393,0
20191122,42.1,42.1,41.791,41.92,29758,0
20191125,42.12,42.516,42.12,42.466,7831,0
20191126,42.418,42.598,42.289,42.508,40057,0
20191127,42.518,42.678,42.409,42.678,6120,0
20191129,42.428,42.678,42.428,42.598,4058,0
20191202,42.508,42.508,42.199,42.274,3767,0
20191203,41.95,42.435,41.95,42.435,9966,0
20191204,42.737,42.897,42.727,42.875,4778,0
20191205,42.897,43.166,42.837,42.876,5767,0
20191206,43.196,43.335,43.161,43.335,8462,0
20191209,43.166,43.315,42.986,42.986,7731,0
20191210,43.116,43.283,43.106,43.126,6099,0
20191211,42.976,43.136,42.857,43.126,30007,0
20191212,43.146,43.832,43.146,43.813,12080,0
20191213,43.574,43.763,43.425,43.604,9499,0
20191216,43.724,44.062,43.674,44.012,23334,0
20191217,44.072,44.242,43.975,44.202,9804,0
20191218,44.042,44.108,43.873,44.042,6869,0
20191219,43.993,44.132,43.993,44.097,4277,0
20191220,44.132,44.331,44.062,44.322,10162,0
20191223,44.361,44.487,44.096,44.411,102080,0
20191224,44.391,44.411,44.252,44.361,4003,0
20191226,44.511,44.73,44.501,44.697,36030,0
20191227,44.69,44.788,44.613,44.65,13216,0
20191230,44.77,44.9295,44.45,44.45,6908,0
20191231,44.45,44.67,44.45,44.6401,9148,0
20200102,45.02,45.4901,45.02,45.49,14187,0
20200103,44.91,45.345,44.91,45.12,8458,0
20200106,44.68,45.16,44.68,45.16,10225,0
20200107,45.18,45.2966,45.18,45.2782,5388,0
20200108,45.12,45.49,45.0538,45.3728,7079,0
20200109,45.34,46.0228,44.2,45.66,38555,0
20200110,46.16,46.44,45.8,45.85,7701,0
20200113,46.37,46.8481,46.35,46.8323,11168,0
20200114,46.6,46.8499,46.48,46.78,8269,0
20200115,46.8,46.9999,46.79,46.8933,5407,0
20200116,47.13,47.24,47.06,47.168,4517,0
20200117,47,47.0578,46.83,47.0007,11998,0
20200121,46.64,46.99,46.37,46.5,13848,0
20200122,47.09,47.1673,46.85,46.8796,6731,0
20200123,46.73,46.8794,46.62,46.8523,6396,0
