Date,Open,High,Low,Close,Volume,OpenInt
20190702,23.044,23.078,23.029,23.072,33783,0
20190703,23.127,23.127,23.074,23.074,3450,0
20190705,23.024,23.074,22.945,23.016,81973,0
20190708,23.064,23.064,22.975,23,23476,0
20190709,22.866,22.975,22.866,22.966,14835,0
20190710,23.272,23.272,22.876,22.916,45143,0
20190711,22.985,22.985,22.876,22.925,32973,0
20190712,22.95,23.054,22.935,22.955,109999,0
20190715,23.005,23.005,22.925,22.995,36132,0
20190716,22.876,22.985,22.876,22.925,36836,0
20190717,22.945,22.945,22.906,22.92,11851,0
20190718,22.886,22.915,22.826,22.879,26825,0
20190719,22.915,22.915,22.856,22.856,27805,0
20190722,22.866,22.925,22.826,22.896,35871,0
20190723,23.104,23.104,22.94,22.945,24825,0
20190724,22.876,22.985,22.876,22.952,1111,0
20190725,22.965,22.965,22.841,22.841,12095,0
20190726,22.892,22.916,22.879,22.902,4457,0
20190729,22.955,22.955,22.856,22.902,4821,0
20190730,22.777,22.807,22.707,22.754,71071,0
20190731,22.807,22.807,22.667,22.737,42292,0
20190801,22.723,22.807,22.658,22.668,335247,0
20190802,22.569,22.589,22.51,22.573,6992,0
20190805,22.46,22.46,22.301,22.323,11750,0
20190806,22.4,22.4,22.321,22.371,22125,0
20190807,22.314,22.46,22.314,22.424,19253,0
20190808,22.41,22.569,22.41,22.515,17969,0
20190809,22.47,22.519,22.391,22.456,12582,0
20190812,22.42,22.45,22.37,22.381,11700,0
20190813,22.341,22.49,22.341,22.465,12647,0
20190814,22.242,22.252,22.175,22.185,16469,0
20190815,22.193,22.232,22.163,22.208,20466,0
20190816,22.311,22.354,22.301,22.354,6559,0
20190819,22.405,22.43,22.361,22.405,5189,0
20190820,22.4,22.43,22.376,22.376,7307,0
20190821,22.485,22.509,22.461,22.482,257760,0
20190822,22.638,22.638,22.4,22.466,8207,0
20190823,22.4,24.708,22.253,22.253,339617,0
20190826,22.4,22.42,22.365,22.373,8221,0
20190827,22.381,22.439,22.362,22.386,12648,0
20190828,22.341,22.42,22.321,22.384,19120,0
20190829,22.44,22.504,22.44,22.456,18146,0
20190830,22.737,22.737,22.48,22.539,6780,0
20190903,22.519,22.519,22.462,22.485,21969,0
20190904,22.797,22.797,22.628,22.668,12743,0
20190905,22.727,22.757,22.727,22.742,6245,0
20190906,22.777,22.821,22.74,22.821,49521,0
20190909,22.777,22.826,22.747,22.783,3366,0
20190910,22.826,22.836,22.745,22.775,4268,0
20190911,22.855,22.886,22.797,22.875,4110,0
20190912,22.817,22.965,22.816,22.921,304161,0
20190913,23.014,23.032,22.945,23,51714,0
20190916,22.915,22.925,22.878,22.878,7884,0
20190917,22.826,22.925,22.826,22.887,6754,0
20190918,22.925,22.925,22.866,22.884,15077,0
20190919,22.946,22.973,22.907,22.925,6559,0
20190920,22.896,22.912,22.896,22.912,864,0
20190923,22.876,22.914,22.875,22.904,4806,0
20190924,22.866,22.886,22.817,22.854,20274,0
20190925,22.816,22.846,22.797,22.846,31678,0
20190926,22.817,22.876,22.807,22.841,44922,0
20190927,22.866,22.886,22.781,22.808,16158,0
20190930,22.817,22.935,22.81,22.876,34961,0
20191001,22.777,22.797,22.688,22.755,46512,0
20191002,22.618,22.618,22.51,22.542,13759,0
20191003,22.579,22.627,22.509,22.596,7726,0
20191004,22.618,22.712,22.618,22.712,10000,0
20191007,22.698,22.743,22.691,22.707,27129,0
20191008,22.846,22.846,22.559,22.592,15597,0
20191009,22.757,22.757,22.628,22.687,39016,0
20191010,22.717,22.757,22.698,22.739,21685,0
20191011,22.896,23.005,22.876,22.969,13092,0
20191014,22.91,22.945,22.856,22.886,22145,0
20191015,22.896,23.074,22.896,23.039,337787,0
20191016,23.012,23.094,23.005,23.039,139817,0
20191017,23.133,23.133,23.061,23.061,11756,0
20191018,23.036,23.089,23.036,23.084,1990,0
20191021,23.116,23.163,23.116,23.144,4987,0
20191022,23.143,23.203,23.133,23.143,45440,0
20191023,23.312,23.312,23.085,23.178,5105,0
20191024,23.173,23.216,23.173,23.207,3554,0
20191025,23.203,23.232,23.153,23.232,11203,0
20191028,23.261,23.265,23.223,23.257,20674,0
20191029,23.237,23.282,23.233,23.272,11151,0
20191030,23.242,23.321,23.242,23.298,9284,0
20191031,23.262,23.281,23.234,23.264,7812,0
20191101,23.401,23.401,23.351,23.388,18079,0
20191104,23.47,23.489,23.42,23.446,12491,0
20191105,23.44,23.452,23.42,23.42,1738,0
20191106,23.43,23.47,23.425,23.45,9449,0
20191107,23.49,23.494,23.45,23.45,9687,0
20191108,23.45,23.47,23.44,23.468,19159,0
20191111,23.419,23.45,23.406,23.45,2331,0
20191112,23.599,23.599,23.44,23.46,7636,0
20191113,23.391,23.42,23.341,23.387,6768,0
20191114,23.355,23.371,23.321,23.352,19185,0
20191115,23.331,23.45,23.331,23.417,6119,0
20191118,23.411,23.482,23.411,23.47,4094,0
20191119,23.45,23.48,23.4201,23.4303,19113,0
20191120,23.3899,23.4,23.3,23.3353,11658,0
20191121,23.34,23.39,23.3,23.3097,31542,0
20191122,23.3654,23.41,23.3439,23.3758,12572,0
20191125,23.4348,23.47,23.4348,23.4657,2708,0
20191126,23.47,23.48,23.4101,23.4528,12359,0
20191127,23.45,23.52,23.45,23.5102,3973,0
20191129,23.5,23.5,23.4168,23.4168,4790,0
20191202,23.4,23.4,23.24,23.309,70310,0
20191203,23.228,23.275,23.2125,23.275,2727,0
20191204,23.39,23.39,23.33,23.3724,4033,0
20191205,23.38,23.4,23.34,23.3714,9869,0
20191206,23.4185,23.5,23.3901,23.4346,30131,0
20191209,23.449,23.449,23.423,23.423,1931,0
20191210,23.419,23.46,23.41,23.4446,8742,0
20191211,23.549,23.549,23.4471,23.5,35078,0
20191212,23.54,23.59,23.53,23.5597,5892,0
20191213,23.65,23.66,23.6261,23.645,13155,0
20191216,23.799,23.799,23.7601,23.79,11585,0
20191217,23.739,23.739,23.6801,23.7098,3046,0
20191218,23.6562,23.69,23.6301,23.6459,4203,0
20191219,23.689,23.689,23.61,23.6418,25935,0
20191220,23.7,23.72,23.65,23.7052,13521,0
20191223,23.79,23.8,23.6601,23.7201,28022,0
20191224,23.6701,23.7311,23.6701,23.6781,4484,0
20191226,23.77,23.77,23.71,23.7134,1931,0
20191227,23.795,23.85,23.78,23.7813,5693,0
20191230,23.7,23.74,23.67,23.67,9258,0
20191231,23.6993,23.7509,23.62,23.7509,62386,0
20200102,23.75,23.83,23.725,23.79,45711,0
20200103,23.63,23.6927,23.63,23.6601,11092,0
20200106,23.6919,23.75,23.66,23.72,121010,0
20200107,23.809,23.809,23.7164,23.7235,3931,0
20200108,23.68,23.7777,23.68,23.7284,3250,0
20200109,23.7545,23.88,23.7453,23.82,38773,0
20200110,23.7775,23.78,23.74,23.75,14037,0
20200113,23.7,23.8,23.7,23.8,3093,0
20200114,23.774,23.8228,23.774,23.78,1104,0
20200115,23.8,23.8217,23.7577,23.785,2613,0
20200116,23.83,23.88,23.7904,23.8358,8988,0
20200117,23.84,23.912,23.84,23.912,29666,0
20200121,23.82,23.88,23.76,23.76,10443,0
20200122,23.8479,23.8479,23.8005,23.8172,1011,0
20200123,23.71,23.8,23.71,23.7757,3779,0
