Date,Open,High,Low,Close,Volume,OpenInt
20150515,149.8,154,141.2,146,79130,0
20150518,145,160.8,142,149,12199,0
20150519,153.8,156.8,146,156,5005,0
20150520,152.8,158,151.2,155.8,5805,0
20150521,153,158,151.8,157.8,5210,0
20150522,158,160.6,155.4,158.4,8330,0
20150526,163.6,165,153,159.8,6392,0
20150527,162.2,164,156.6,164,3925,0
20150528,164,170,161.6,163.4,3390,0
20150529,163.8,172.2,162,172.2,6250,0
20150601,169.8,169.8,155.2,164.8,4590,0
20150602,161,165,156,160.2,3716,0
20150603,160.4,165.8,157.2,165.8,2900,0
20150604,162,165,161.6,164,955,0
20150605,162,164,157.4,161,2985,0
20150608,159,166,157,161.8,3505,0
20150609,165.6,165.6,160,163.8,7405,0
20150610,165.6,169,163.2,167,4572,0
20150611,167.6,175.8,167.2,173.8,5439,0
20150612,176,176,167,174.6,1725,0
20150615,169.6,175.6,167,168.8,4280,0
20150616,173,173,167,168.4,3220,0
20150617,173,173,156,156.8,3640,0
20150618,159,160.8,156,157.2,5740,0
20150619,159,162,156.6,160.2,1800,0
20150622,162.6,165.4,151,151.6,3740,0
20150623,150.8,153,130,134.2,11999,0
20150624,130,133,124,124,5340,0
20150625,124.6,127.8,120.2,127,4500,0
20150626,125.8,143.8,125.8,139.6,46870,0
20150629,140,144,130.2,130.2,1785,0
20150630,138,138,124,127.4,1995,0
20150701,133.4,134,125.2,131.8,1610,0
20150702,125.2,131.4,125.2,127,1260,0
20150706,128.8,137.4,127.4,134.4,1665,0
20150707,134.4,135.2,128.2,129.8,1235,0
20150708,128,130,127.2,128.2,1670,0
20150709,130,130,125.2,125.4,1500,0
20150710,126.6,127.4,124.4,127,1020,0
20150713,127.4,129.6,124.8,125.6,750,0
20150714,124.4,128,122,124.8,3203,0
20150715,124.8,128,112,114,1845,0
20150716,116.2,116.2,107.4,107.6,2365,0
20150717,108.4,108.4,106,107.2,605,0
20150720,106.8,106.8,93.6,96.8,3380,0
20150721,97.4,97.4,88.4,88.6,2970,0
20150722,88.8,93,84.4,88.2,1865,0
20150723,87.6,92.6,87.6,91.6,2925,0
20150724,91.2,91.2,88,88.4,1030,0
20150727,87.6,90,86,88,955,0
20150728,88.4,91.8,88,89.8,530,0
20150729,92.2,93.2,83.4,83.4,1505,0
20150730,84,88.8,84,87.6,2095,0
20150731,87,88,84.6,84.8,2030,0
20150803,84.4,88.4,84.4,87.4,1372,0
20150804,87,88,85.4,86,465,0
20150805,85.2,89.6,85.2,86,640,0
20150806,87.6,88,87,87,865,0
20150807,87,89.4,87,87.2,485,0
20150810,89,97,88.6,90.6,2045,0
20150811,90.4,91.8,89,89.4,858,0
20150812,90,90,86.2,87.4,1075,0
20150813,86.8,88.6,86.8,87.6,395,0
20150814,87.4,94,87.4,93.8,835,0
20150817,93.2,106,89.2,105.8,1635,0
20150818,106.4,115.2,104,114.4,2935,0
20150819,115,118,115,115.8,1125,0
20150820,115.4,118,111.4,111.6,875,0
20150821,109,118,102,115.2,1270,0
20150824,110,118.2,107.2,107.6,2214,0
20150825,111.8,117.8,101.6,115.2,1620,0
20150826,118,118,108.8,117.6,1075,0
20150827,118.2,126,115.2,121.6,1590,0
20150828,120.8,128,119.8,127.2,725,0
20150831,126,130.8,122.8,130.2,1295,0
20150901,127.2,129,121,127.6,870,0
20150902,126,126,113.4,118,1300,0
20150903,119.2,122,108.8,110.4,720,0
20150904,109.6,112,104.8,108.2,440,0
20150908,109.8,113.6,103.4,109.2,2075,0
20150909,108.8,115,106.4,107.4,1875,0
20150910,106.2,111.2,102,103,1925,0
20150911,102.2,103,95.8,97.8,1820,0
20150914,97.8,101.6,95.2,100.4,1330,0
20150915,103.6,113.8,96.4,112.4,1090,0
20150916,112.8,123.8,111,117.6,1815,0
20150917,116,130,114,129.8,2865,0
20150918,127.4,139.4,116.6,116.6,5615,0
20150921,117,117,109.2,109.8,1030,0
20150922,108.6,108.6,101.6,102.2,515,0
20150923,101,102,92,93.2,1200,0
20150924,89.8,89.8,84.8,86,1212,0
20150925,86.4,86.4,79,80,2580,0
20150928,81,81,71.8,72.2,2080,0
20150929,70.6,71.6,69.2,69.4,890,0
20150930,72.2,76,60.4,61,4540,0
20151001,56.8,61.2,55.4,58,2105,0
20151002,58.8,61.8,58.8,60.8,1350,0
20151005,62.6,65.6,59.4,64.8,2871,0
20151006,66,70.4,59.4,60,2210,0
20151007,60,60.8,57.6,60.4,950,0
20151008,59.2,60.6,58.2,60.2,595,0
20151009,60.6,61.6,59,59.8,765,0
20151012,60.18,63.08,57.6,59.4,973,0
20151013,58.2,64.2,57.2,57.6,1035,0
20151014,57.4,57.6,55.4,56.4,1205,0
20151015,55.8,60.2,55,60,650,0
20151016,60.4,61.2,57.6,60.2,790,0
20151019,60,61.2,56.6,58.2,590,0
20151020,58,59,58,58.2,137,0
20151021,58.6,58.8,55.4,55.6,650,0
20151022,56.2,58,54,55.8,1320,0
20151023,56,56.2,54.2,56,555,0
20151026,55.6,57.4,54,57.4,290,0
20151027,60,60,54,54.4,2145,0
20151028,54.8,64.8,54.8,64.6,1000,0
20151029,64.2,64.6,54,54.2,1545,0
20151030,54.6,56,54.4,56,355,0
20151102,56.4,64.2,56,63.8,897,0
20151103,56.6,64.6,56.6,62.4,825,0
20151104,63,63,55,58,1507,0
20151105,58.2,58.6,55.4,57.2,2205,0
20151106,55.8,56.2,54.2,56,960,0
20151109,55.4,56.8,54.2,54.8,822,0
20151110,54.4,60.6,54.4,56.2,995,0
20151111,56,63.6,55,56.6,2855,0
20151112,59,59,54,56.4,1650,0
20151113,56.4,57,55,55.6,1290,0
20151116,56,57.8,54.4,55.6,825,0
20151117,57,57,52,52.4,1680,0
20151118,54,58,50.4,57.6,1635,0
20151119,59,87,59,79.2,9950,0
20151120,84.4,96.4,80.4,88,10005,0
20151123,91.4,91.4,79.8,80,2705,0
20151124,79.2,82.4,76,81,1950,0
20151125,80.4,80.4,76.8,79.8,2025,0
20151127,80.2,80.2,76.2,77.2,310,0
20151130,75,80.2,74.2,78.8,1775,0
20151201,79.4,79.8,75.6,79.2,838,0
20151202,79.2,85,78.2,79.6,3692,0
20151203,81.6,82,79.2,81.6,1140,0
20151204,81.6,81.6,79.2,80.8,1155,0
20151207,79.4,79.6,77.4,79,1090,0
20151208,77.2,81,76.6,80.4,761,0
20151209,81.2,84.6,79,79.2,1220,0
20151210,78.8,80,76.8,77.6,475,0
20151211,75,76.2,70.2,70.6,1310,0
20151214,72.6,72.6,66,67.8,1595,0
20151215,70.2,84.4,66.4,71,5545,0
20151216,69.2,71.6,68,68.8,1810,0
20151217,72.8,72.8,67.2,67.8,1320,0
20151218,67.8,72.6,62.4,65.8,3260,0
20151221,68.2,68.6,62.6,65.6,1650,0
20151222,65.6,67,65,67,823,0
20151223,66.4,70.8,63.4,70.6,6035,0
20151224,71,71,67.8,69.6,924,0
20151228,68.4,70.8,66,68,1267,0
20151229,67.2,67.2,61.8,63.4,1657,0
20151230,61.6,63.2,60.4,62.6,2112,0
20151231,62,62.8,60.4,60.8,2216,0
20160104,66.8,66.8,57.4,58.2,1456,0
20160105,58.4,59.8,57.6,59,582,0
20160106,59,59,57.2,57.8,579,0
20160107,57.2,61,53.4,53.6,1008,0
20160108,56,56,48.4,48.6,1426,0
20160111,48.4,48.4,45,47.2,1884,0
20160112,47,50.2,46.8,47.2,801,0
20160113,46.8,48.4,43,44.8,1621,0
20160114,44.6,48,43.2,48,712,0
20160115,46.6,48.2,43,44.2,1389,0
20160119,46.6,47.8,43.8,44.8,2395,0
20160120,44.2,46,40.4,45.6,1851,0
20160121,46,49.2,44.8,48.4,833,0
20160122,49.4,51.598,48.1,50.2,909,0
20160125,50,52.242,48.4,48.6,379,0
20160126,46.8,49.6,46.8,48.4,271,0
20160127,47.2,49.4,47,47,557,0
20160128,47.2,50.992,46.8,50,1192,0
20160129,49.2,61,49.2,59,1087,0
20160201,56.612,61.8,56,59.8,1702,0
20160202,59,64,52.8,55.8,213,0
20160203,55.6,56,50.202,54.8,537,0
20160204,51,58,51,57,445,0
20160205,55.4,56.6,50.2,50.2,569,0
20160208,50,55,46.2,53.2,1322,0
20160209,50.4,51.8,50,50,99,0
20160210,50.2,50.2,47.4,48,620,0
20160211,46.4,47.8,45.4,46.4,1215,0
20160212,47.8,51,45.2,49.4,1197,0
20160216,50,50,48.2,49,263,0
20160217,46.6,50.702,46,49.8,306,0
20160218,51.798,51.994,47.2,50.6,302,0
20160219,51.4,51.8,50.4,51.6,158,0
20160222,51.6,52,50.6,51.2,425,0
20160223,50.6,53,50,51.4,1070,0
20160224,50.2,54.8,50.2,54.6,619,0
20160225,54,54.6,52,54.6,251,0
20160226,54.6,56.8,51,56.4,1572,0
20160229,56,57,53.6,56.4,525,0
20160301,59,59,54,56.4,695,0
20160302,53.2,57.8,53.2,55.6,438,0
20160303,56.8,60.2,55.4,59,569,0
20160304,59.8,68.4,59.326,65.2,1500,0
20160307,64.9,67.2,64.5,67.2,553,0
20160308,65.88,66.6,64.7,65.2,505,0
20160309,60,60.4,53.202,59.8,1334,0
20160310,54.4,61.6,54.4,58.2,487,0
20160311,55.6,58.402,50.2,56,4521,0
20160314,53.6,58,50.4,53.4,1294,0
20160315,52,58,52,53,766,0
20160316,56.8,61.6,53,61.6,2990,0
20160317,62.6,63.6,56.4,59.6,1878,0
20160318,60.4,62.08,52.6,52.8,2542,0
20160321,54.8,56.6,52.998,55.4,2236,0
20160322,52.4,55.2,52.4,54.8,719,0
20160323,54.8,54.8,52,52.2,494,0
20160324,52,53.6,52,52,361,0
20160328,54,54,49,49.4,458,0
20160329,49,49,47.4,47.8,625,0
20160330,49,53.4,48.4,52.2,1099,0
20160331,57.2,58,53.5,55.6,1827,0
20160401,54,56.8,52,53.4,880,0
20160404,56.4,60.2,50.8,59.2,1812,0
20160405,60.2,60.2,54.2,59,1669,0
20160406,59,59.8,57.4,59.4,1418,0
20160407,59.8,59.8,54.4,54.6,441,0
20160408,56,57.2,53,57.2,925,0
20160411,59.14,59.84,55.6,56.8,1948,0
20160412,53,57,53,56,471,0
20160413,55.8,55.8,51.4,52.2,785,0
20160414,51,53.2,50.4,50.4,494,0
20160415,50.4,50.798,49.2,49.8,455,0
20160418,49,50.4,47.78,50.4,517,0
20160419,50,50.2,48.4,48.6,277,0
20160420,48,57,48,51.6,1027,0
20160421,50.8,50.8,48.4,48.8,294,0
20160422,49.444,51.6,48.2,50.8,1235,0
20160425,50,51.2,46.4,46.8,1748,0
20160426,47.4,53.2,46,47.6,619,0
20160427,46.2,47.2,43.2,44.6,1563,0
20160428,43.6,47.4,43.6,44.6,743,0
20160429,44.584,45,42.2,43,636,0
20160502,44.2,44.2,41,43,1316,0
20160503,43.2,43.2,37.6,38.1,1736,0
20160504,37.6,41.198,36.4,38,1696,0
20160505,37.6,39.962,36.6,37.4,253,0
20160506,37.8,37.8,35.4,35.6,877,0
20160509,34.4,35.6,34.2,35.4,461,0
20160510,36,40,35.8,39.6,1420,0
20160511,37,37.6,36.2,36.2,569,0
20160512,35,35,32,32,949,0
20160513,33,33,28.602,29.6,1313,0
20160516,28.8,30.202,28.4,28.6,2015,0
20160517,28.2,29.4,26,26.8,1295,0
20160518,26,29.598,26,27.8,987,0
20160519,27.6,27.8,25.6,26,1248,0
20160520,26.4,27.6,23,23.8,2978,0
20160523,23,28.8,22,27,2947,0
20160524,27.32,30,26.4,29.8,1661,0
20160525,29.9,33.998,29.2,31.6,2301,0
20160526,30.4,32.2,30.4,31.2,1269,0
20160527,30.31,31.6,29.6,30.4,951,0
20160531,31,31,29.6,30.2,785,0
20160601,31.6,37.598,29.2,29.6,8665,0
20160602,29,30.8,28.6,29.8,1105,0
20160603,29.002,30.034,27.4,28.6,1833,0
20160606,28.4,30.8,27.6,30.4,2484,0
20160607,30.8,32.2,28.2,28.4,906,0
20160608,28.6,31,28.4,30,1129,0
20160609,30.8,31.4,28.602,31,1228,0
20160610,28.822,36,28.6,35.2,3120,0
20160613,37.4,53,37.4,43.6,29512,0
20160614,43.6,54.8,43.6,49.2,16168,0
20160615,51,53.6,47,47.6,3845,0
20160616,49.6,51,46.224,49.2,1102,0
20160617,49.6,53,47.2,47.4,5480,0
20160620,47.002,49,43.6,44.8,1425,0
20160621,46.6,46.798,43.6,43.8,1045,0
20160622,43.6,50.6,43.6,48.4,2170,0
20160623,50.2,50.748,47.678,49.8,1287,0
20160624,47,51,42.2,48.8,5721,0
20160627,50.7,51,43.6,50,3859,0
20160628,52,52.65,49,50,2566,0
20160629,50,50.2,46.622,49.8,964,0
20160630,53,53,49,51.8,745,0
20160701,52,54,52,52.2,1589,0
20160705,54.6,55,49.4,51.2,2794,0
20160706,52.8,53,50.1,50.4,585,0
20160707,48.8,52,48.8,49,761,0
20160708,49.4,51.38,47.6,48.4,2638,0
20160711,47,49.4,46.9,48.6,2122,0
20160712,48.6,50,47.8,49.4,363,0
20160713,49,51,46.4,46.4,562,0
20160714,48.6,49.75,47,47.8,747,0
20160715,47.6,48.8,47.6,48,811,0
20160718,47.6,47.6,46.8,47,533,0
20160719,47.4,48,43.2,43.2,898,0
20160720,43.2,48,43.2,44,1431,0
20160721,45.8,47,44.4,44.8,461,0
20160722,44.8,46.6,44.6,44.8,195,0
20160725,47.038,47.04,44.4,44.4,173,0
20160726,45.726,46,42.8,43.2,3540,0
20160727,44.2,47.5,44.2,46,854,0
20160728,46.39,47.8,46.39,47.2,516,0
20160729,48,48,47.2,47.2,573,0
20160801,47,50,47,48.8,785,0
20160802,46.4,49.598,46.4,48.4,180,0
20160803,49.56,50.2,46.2,48.2,2021,0
20160804,49.2,50.2,48.4,48.4,287,0
20160805,49.002,50,48.8,49,202,0
20160808,49.4,50,48,48,828,0
20160809,49.202,49.202,47.4,47.4,215,0
20160810,46.2,47.6,35.8,38.398,4559,0
20160811,41.8,47.956,40.68,44.6,2397,0
20160812,43.4,44.798,40,40.4,1460,0
20160815,42.4,43,41.4,41.6,554,0
20160816,40.8,41.2,39.6,39.8,420,0
20160817,42.78,42.78,38.2,38.4,774,0
20160818,42.8,43.6,39.8,43.6,750,0
20160819,43.4,45,42.02,42.2,414,0
20160822,40.8,41.1,40,40.6,186,0
20160823,40.6,42.4,40.4,41,210,0
20160824,41,43,38.2,41.7,4620,0
20160825,40.98,48,40.98,46.2,2405,0
20160826,47.2,48,43,44,3031,0
20160829,46.4,47.8,44.6,46.2,5573,0
20160830,49,49.6,44.4,46.2,4122,0
20160831,46.4,47.8,43.4,43.4,1737,0
20160901,44.626,44.626,40,40.2,1386,0
20160902,41.6,43.2,40.8,42.2,965,0
20160906,43.6,45.2,41.8,43.6,892,0
20160907,43.8,44.2,41.2,42.8,2021,0
20160908,43.6,45.2,42.2,44.6,937,0
20160909,44.2,45.2,41.2,43.6,883,0
20160912,42.8,47,41.202,43.8,1817,0
20160913,44.2,45.2,41.6,45,652,0
20160914,44.4,45,43.2,43.598,416,0
20160915,42.6,44.2,41.2,41.4,758,0
20160916,41.8,44,40,40.2,1400,0
20160919,40.4,41.8,40.4,40.8,323,0
20160920,41.312,42.2,41.312,42.2,16,0
20160921,42.602,42.8,41.4,41.6,434,0
20160922,43.2,44,39.4,41.4,5754,0
20160923,41.4,41.798,39.8,40.8,1492,0
20160926,40.2,41.5,39.2,39.2,843,0
20160927,40.4,40.4,38.2,38.4,1692,0
20160928,39,40.2,38.4,39.2,492,0
20160929,39.8,39.8,38.4,38.402,600,0
20160930,38.402,39.798,38,39,290,0
20161003,39.6,39.71,38.2,38.992,500,0
20161004,38.202,38.6,38.2,38.2,98,0
20161005,39,39.2,38.6,39,882,0
20161006,38.6,39.4,38.6,39.4,45,0
20161007,39.6,39.6,38.6,39.4,249,0
20161010,39.6,39.6,38.6,39.4,131,0
20161011,38.602,39.38,38.6,39.38,245,0
20161012,39.32,39.6,39,39,166,0
20161013,38.6,39.4,38.6,38.6,589,0
20161014,39,39,38.6,38.6,530,0
20161017,38.65,38.65,37.2,37.2,1754,0
20161018,37.868,37.868,36.8,36.8,837,0
20161019,37.4,37.4,35.2,35.2,365,0
20161020,35.036,35.6,34.2,34.4,700,0
20161021,34,34.4,34,34,305,0
20161024,34,34.6,34,34.6,336,0
20161025,34.068,34.8,34,34,218,0
20161026,34.78,34.78,34.1,34.41,230,0
20161027,34.01,34.558,34,34.528,319,0
20161028,34,34.306,34,34.306,551,0
20161031,34,34,32,32.4,783,0
20161101,32.076,32.8,32,32.2,631,0
20161102,32,32,31.4,31.732,466,0
20161103,31.8,31.81,28,28.2,3002,0
20161104,28.96,28.96,28,28.6,284,0
20161107,28.2,29.6,28.196,28.444,398,0
20161108,29.196,29.196,27,27,258,0
20161109,26.8,28.78,26.4,26.8,1053,0
20161110,25.956,26.6,25.4,26,443,0
20161111,30,30,24.8,25.068,908,0
20161114,25.8,25.8,25.202,25.6,237,0
20161115,25.24,27.6,25.2,25.6,1909,0
20161116,25.8,25.8,24.8,25.002,631,0
20161117,26.354,28.2,24.6,25,2495,0
20161118,24.6,25.2,24.6,24.6,528,0
20161121,24.8,27.2,24.4,24.4,3987,0
20161122,26,26,24.8,25,533,0
20161123,24.638,24.638,23.6,24.2,705,0
20161125,24.758,25,24.2,24.4,144,0
20161128,24.2,24.6,23,23.2,1685,0
20161129,22.8,24,22.498,23.2,563,0
20161130,23.8,24,22.444,22.6,767,0
20161201,23,24.4,22,22.6,1465,0
20161202,23.8,24.2,22,22.56,1026,0
20161205,22.8,24.2,22.8,23.4,564,0
20161206,23.6,24.2,23.4,23.4,893,0
20161207,23.6,24,23,24,1114,0
20161208,24,24,23.2,23.2,571,0
20161209,23.6,24.2,23.4,23.8,1005,0
20161212,23.8,24.4,23.8,24,472,0
20161213,24.4,25.8,23.9,25.578,13483,0
20161214,26,30,25.998,26.298,16671,0
20161215,26,27.6,23.002,24.4,3725,0
20161216,24.6,25.6,20.4,20.832,8211,0
20161219,22,22.4,21,21,6394,0
20161220,22,22.8,20.8,21,2553,0
20161221,21.2,22,20.8,21.2,2011,0
20161222,20.602,22,20.602,22,358,0
20161223,20.6,21.6,20.2,21.4,2121,0
20161227,21.4,21.6,20.918,20.918,1961,0
20161228,21.4,21.4,20.76,21,1586,0
20161229,20.8,21.2,20,20.4,3763,0
20161230,20.6,21.2,17.2,18.4,7553,0
20170103,18.4,18.994,17.21,18,4754,0
20170104,18,18.8,17.904,18,2782,0
20170105,18.21,18.4,16.424,18,5362,0
20170106,18.8,18.99,17,18,4606,0
20170109,18.8,18.8,18.002,18.4,1317,0
20170110,21.6,23.6,19.6,19.8,8085,0
20170111,20,20,18.4,18.4,1672,0
20170112,18.428,19.16,18.402,18.998,627,0
20170113,19.6,20.188,18.604,19.16,1092,0
20170117,19.2,19.2,18,18,1450,0
20170118,18.214,20.6,17.6,19.824,4654,0
20170119,20.2,21,19.4,20.2,1463,0
20170120,20.6,20.8,18.04,18.6,2500,0
20170123,19.4,19.8,17.8,18.798,2770,0
20170124,18.8,20.4,18.8,19.4,1801,0
20170125,20.4,20.4,19,19.756,3217,0
20170126,19.8,20,18.2,18.98,1168,0
20170127,19.598,20.2,18.854,19.904,416,0
20170130,20.4,20.4,18.4,19.998,934,0
20170131,20.2,20.2,18.6,20,714,0
20170201,20,20,18.8,18.8,996,0
20170202,18,19,17.62,17.802,3639,0
20170203,18.026,18.596,17.8,18.212,804,0
20170206,19.2,20.8,19,19.8,6529,0
20170207,19.8,19.8,19,19.3,512,0
20170208,19.3,19.3,18,18.4,4459,0
20170209,18.4,19.24,17.848,18.6,3721,0
20170210,19.4,19.4,18.168,18.76,864,0
20170213,18.754,20,18.754,19.76,676,0
20170214,19.96,20,19.32,19.4,3264,0
20170215,20,23,19.996,21.8,40686,0
20170216,21.4,23,20.2,20.8,6701,0
20170217,21,21.674,18,19.4,9976,0
20170221,19.4,20.6,19.016,19.016,5701,0
20170222,20.4,22.4,18.4,19.598,26894,0
20170223,19.832,20.6,19.058,19.78,4065,0
20170224,20,20,19,19.4,955,0
20170227,19.6,20,18.52,19.17,4739,0
20170228,19.302,19.302,18.032,18.566,3084,0
20170301,18.028,19.8,18,18.932,5007,0
20170302,19.8,19.8,18.2,18.6,677,0
20170303,18.404,19.184,17.6,18.2,1840,0
20170306,18.358,18.8,17.6,17.992,1763,0
20170307,18,18.4,17,17.474,3704,0
20170308,17,17.85,16.434,17.59,2801,0
20170309,16.378,17.28,13.636,15.172,7586,0
20170310,16.2,16.6,14.4,16.2,2948,0
20170313,16.5,16.788,15.574,16.6,4615,0
20170314,16.788,17.402,16.684,17.2,339,0
20170315,17.6,17.6,16.496,16.6,967,0
20170316,17.6,17.6,16.426,17.358,264,0
20170317,17.4,17.4,15.776,17.4,2183,0
20170320,17.34,17.34,15.42,16.002,1255,0
20170321,17.1,17.4,14.642,15.958,2162,0
20170322,15.958,15.958,12.902,13.8,3111,0
20170323,14,14.4,13,14,2206,0
20170324,14.08,14.248,13.802,14,1948,0
20170327,13.648,14.222,13.4,13.622,558,0
20170328,14.278,14.33,13.6,13.8,490,0
20170329,14.282,14.39,13.4,13.8,852,0
20170330,13.78,14.39,13.78,14.2,220,0
20170331,14.2,14.2,13.314,13.634,1034,0
20170403,14,14.2,13.64,13.676,277,0
20170404,14.092,16.95,14,14,21509,0
20170405,15.8,16.4,15,15.6,10677,0
20170406,16.6,16.602,15.4,16.14,2394,0
20170407,16.096,16.498,15.064,16,202,0
20170410,15.52,16.744,14,16.744,1094,0
20170411,16.144,16.8,15.702,15.71,1465,0
20170412,16.286,16.298,15.602,16,761,0
20170413,15.778,16.276,15.6,15.6,838,0
20170417,16.12,16.12,15,15.996,295,0
20170418,15.44,15.982,14.422,14.938,166,0
20170419,15.4,15.4,13.7,14.398,1350,0
20170420,15.116,15.194,14.006,14.606,858,0
20170421,15,15,13.2,14.36,2396,0
20170424,14.798,14.798,13.8,13.8,286,0
20170425,13.8,15,13.8,14.2,4465,0
20170426,14,15,14,14.01,754,0
20170427,14.2,14.6,13.444,13.602,1051,0
20170428,13.066,14.32,13,13.6,757,0
20170501,13.6,14.22,13.6,14.18,291,0
20170502,14,17,14,15.8,4663,0
20170503,15.834,16.8,15,16.8,321,0
20170504,15.024,16.856,14.8,16,799,0
20170505,16.396,16.396,15.212,15.4,21,0
20170508,15.36,16,14,15.8,2291,0
20170509,15.4,16.2,14.8,16,564,0
20170510,14.602,16.764,14.602,15.8,805,0
20170511,16.4,17,15.6,16,3420,0
20170512,16.6,16.6,15.4,16.4,1466,0
20170515,16.398,16.6,14.6,15,3395,0
20170516,16,16,15,15,132,0
20170517,16,16,14.6,15.198,1717,0
20170518,15.206,15.206,14.2,14.2,692,0
20170519,14.4,16,14.4,14.738,2208,0
20170522,15.4,15.4,13.94,14.002,2549,0
20170523,14,14.496,14,14,212,0
20170524,14.114,14.8,14.114,14.414,322,0
20170525,14.402,14.426,14,14,523,0
20170526,14.8,15,14,14.996,525,0
20170530,14.798,14.798,14,14,178,0
20170531,14.4,14.6,13.94,14,353,0
20170601,14.578,14.6,13.956,13.956,135,0
20170602,14.014,14.6,14,14.2,112,0
20170605,14.8,14.8,14,14,462,0
20170606,14,14.6,13.94,14.1,725,0
20170607,14.002,14.6,14,14.6,179,0
20170608,15,15,13.94,14,636,0
20170609,14.022,14.6,13.94,14.234,595,0
20170612,13.942,14.4,13.94,14,2364,0
20170613,14.136,14.4,13.4,13.4,761,0
20170614,13.4,13.4,12.2,13.198,1094,0
20170615,12.6,13.4,10.68,11.4,3628,0
20170616,11.6,12.4,11.2,12.2,1641,0
20170619,12,12,10.8,11.332,573,0
20170620,12,12,10.4,10.6,1638,0
20170621,10.6,11.4,10.28,10.6,1372,0
20170622,10,11.2,9.188,10.996,2109,0
20170623,10.516,11,10.2,10.2,1388,0
20170626,10.6,10.6,9.402,9.8,2229,0
20170627,9.54,10.4,9.44,9.98,622,0
20170628,10.016,10.8,9.338,9.338,1466,0
20170629,10.098,10.294,9.75,9.804,2542,0
20170630,9.702,9.736,8.416,9,6729,0
20170703,9.6,10.08,9,9.798,1676,0
20170705,9.8,10.2,8.4,9,3276,0
20170706,8,9,8,8.2,3778,0
20170707,9,9,8.2,8.5,1179,0
20170710,9.2,9.36,8.402,8.6,893,0
20170711,9.2,9.2,8.402,8.9805,797,0
20170712,9.2,9.2,8.2,8.202,2783,0
20170713,9,9.3464,8,8.2,1476,0
20170714,8.458,13.426,8.4,10.3,63690,0
20170717,10.2,10.2,9,9.24,7285,0
20170718,9.702,9.702,8.7,9.2,2888,0
20170719,10,15.566,9.942,10.6,220020,0
20170720,10,10.6,9.046,10.2,21684,0
20170721,10,10.2,9.4,10.2,5844,0
20170724,10.2,11.356,9.424,10.8,15643,0
20170725,10.8,11.12,9.6,10.648,7477,0
20170726,10.768,11.4,10.4,10.62,11219,0
20170727,10.4,11.02,10.4,10.94,3061,0
20170728,10.024,11,10.024,10.398,4435,0
20170731,10,10.7,10,10.3,2939,0
20170801,10.4,10.4,8.64,8.84,8106,0
20170802,9,9.8,9,9.8,2511,0
20170803,9.8,10,6,8.4,4410,0
20170804,8.684,8.998,8.24,8.67,2328,0
20170807,8.24,9.2,8.2,8.518,3597,0
20170808,8.82,9.1,7.236,7.998,6802,0
20170809,8.396,8.79,7.711,8.3,3374,0
20170810,9.14,12.4,8.87,9.6,62859,0
20170811,11,11,8,9.58,11238,0
20170814,9.9,9.9,8.8,9.4,3115,0
20170815,10.6,12,9.51,9.968,20880,0
20170816,10.466,10.466,9,9.6,5517,0
20170817,9.6,9.6,8.688,9,2992,0
20170818,8.74,9.5,8.4,8.566,5096,0
20170821,8.566,9,8.4,8.494,1181,0
20170822,8.4,8.998,8.2,8.8,1879,0
20170823,8.8,8.8,8.006,8.6,1553,0
20170824,8.8,9,8.286,8.738,2624,0
20170825,8.76,8.8,8.282,8.8,2298,0
20170828,8.6,8.8,8.302,8.4,815,0
20170829,8.8,8.8,8.4,8.4,1085,0
20170830,8.4,8.8,8,8.45,5461,0
20170831,8.4,8.7,8.2,8.2,1217,0
20170901,8.2,8.598,8,8.2,1772,0
20170905,8.216,8.54,8,8,2162,0
20170906,8.004,8.6,8,8,1748,0
20170907,8.2,8.59,8.004,8.2,7611,0
20170908,8.59,8.59,8.12,8.352,853,0
20170911,8.7,9.6,8.06,9.2,5164,0
20170912,9,10,8.404,9.022,5091,0
20170913,9.472,9.472,8.406,8.8,2946,0
20170914,8.56,8.972,8.5,8.6,1368,0
20170915,8.58,9.2,8.4,9.2,6643,0
20170918,9,9.2,8.4,9,3293,0
20170919,9.4,9.4,8.6,9,954,0
20170920,8.6,9,8.6,8.802,565,0
20170921,9,11.4,8.6,10.2,9368,0
20170922,10.2,10.2,9.802,10.2,1084,0
20170925,10,10.4,9.82,10.2,2829,0
20170926,10.002,10.4,10,10.192,953,0
20170927,9.8,10.4,9.8,9.8,469,0
20170928,9.848,10.4,9.8,10.3,2981,0
20170929,10.4,10.4,8.444,8.444,18745,0
20171002,8.602,9.8,7.066,7.222,51863,0
20171003,7.79,8.1,7.56,7.624,13873,0
20171004,7.6,7.77,6,7,230788,0
20171005,7,7.266,6.252,6.984,17584,0
20171006,6.8,7.266,6.42,6.66,19036,0
20171009,6.46,6.798,6.314,6.46,6650,0
20171010,6.606,7,6.44,6.8,7576,0
20171011,6.518,7.8,6.5,7.302,25787,0
20171012,7.446,9.36,7.302,7.4,49713,0
20171013,7.4,8.4,7.194,7.194,12197,0
20171016,7.552,7.8,7.3,7.798,4280,0
20171017,7.55,7.6,6.602,6.704,14418,0
20171018,7.24,7.8,6.466,6.978,36298,0
20171019,6.802,6.998,6.46,6.988,15531,0
20171020,6.642,6.978,6.46,6.534,8259,0
20171023,6.6,6.6,6,6.3,11039,0
20171024,6.2,6.598,6.2,6.436,10584,0
20171025,6.242,7.176,6.2,6.594,64390,0
20171026,6.534,6.534,5.6,6,28984,0
20171027,5.998,6.12,5.6,5.796,9296,0
20171030,5.602,6.084,5.4,5.442,8391,0
20171031,5.6,5.92,5.4,5.6,11101,0
20171101,5.7,6,5.5,5.86,10512,0
20171102,6,6.2,5.658,5.72,4520,0
20171103,6,6.182,5.624,5.798,5915,0
20171106,6.086,6.086,5.5,5.612,2528,0
20171107,5.6,5.8,5.218,5.648,6742,0
20171108,5.7,5.7,5.32,5.4,11943,0
20171109,5.6,5.634,5.38,5.58,16780,0
20171110,5.8,6.398,5.22,5.588,113236,0
20171113,5.8,5.8,5.2,5.5,24987,0
20171114,5.5,5.5,4.62,5.156,26572,0
20171115,5.2,5.2,4.396,4.772,21561,0
20171116,4.8,4.9,4.4,4.52,16620,0
20171117,4.6,4.9,4.5,4.766,11043,0
20171120,5.004,5.38,4.1,4.556,88580,0
20171121,4.598,4.598,4.296,4.31,15972,0
20171122,4.4,4.456,4.044,4.38,18684,0
20171124,4.4,4.56,4.4,4.56,4991,0
20171127,4.56,4.6,4.322,4.406,7125,0
20171128,4.406,4.78,4,4.27,32215,0
20171129,4.268,5.58,4.12,4.822,113833,0
20171130,4.41,4.8,4.402,4.532,14361,0
20171201,4.4,4.9,4.4,4.77,8926,0
20171204,4.628,4.76,4.5,4.516,4933,0
20171205,4.516,5.38,4.4,4.708,25818,0
20171206,4.78,4.78,4.27,4.29,9340,0
20171207,4.22,4.22,3.9,3.92,28678,0
20171208,4.116,4.598,3.926,4.118,12153,0
20171211,4.2,4.6,4.076,4.22,9277,0
20171212,4.3,4.3,3.6,3.998,42872,0
20171213,4.196,4.9,3.802,4.54,79118,0
20171214,4.698,4.836,4.3,4.59,26380,0
20171215,4.59,4.59,4.204,4.204,13529,0
20171218,4.414,4.414,4.012,4.27,8153,0
20171219,4,4.26,3.868,4.196,27901,0
20171220,4.2,4.27,4.1,4.21,7352,0
20171221,4.4,4.5,4.22,4.24,10843,0
20171222,4.4,4.4,4,4.1,9834,0
20171226,4.1,4.32,4.1,4.154,3936,0
20171227,4.16,4.754,4.16,4.346,36945,0
20171228,4.36,5.48,4.3,5.21,52972,0
20171229,5,5.6,4.51,5.5,32390,0
20180102,5.6,5.8984,5.042,5.39,34066,0
20180103,5.4,5.598,5,5.278,23263,0
20180104,5.278,5.598,5.1,5.542,24855,0
20180105,5.5,6.772,5.282,5.996,104212,0
20180108,6.006,6.74,5.4,5.496,44512,0
20180109,5.354,5.594,4.5683,5.1,38242,0
20180110,5.1,5.1,4.668,5.018,14446,0
20180111,5.06,5.158,4.7,4.904,12735,0
20180112,5.2,5.38,4.272,4.96,13508,0
20180116,5,5.38,4.576,5.134,62386,0
20180117,5.39,5.598,4.6,5.25,71033,0
20180118,5,5.37,4.71,4.798,23871,0
20180119,5.2,5.75,4.8,5.368,70256,0
20180122,5.6,6.35,5.206,6,90562,0
20180123,6.2,6.2,4.86,5.114,69261,0
20180124,5.28,7.02,4.65,5.38,368097,0
20180125,5.34,5.93,4.8603,5.41,142684,0
20180126,5.36,6.44,5.1101,6.36,181040,0
20180129,6.46,6.55,5.5,5.64,54529,0
20180130,5.57,5.76,5.3,5.31,59877,0
20180131,5.4,5.75,5.1501,5.45,109166,0
20180201,5.44,5.72,5.44,5.48,29215,0
20180202,5.42,5.49,5.12,5.19,34091,0
20180205,5.13,5.13,4.804,4.8201,21192,0
20180206,4.8,4.9638,4.31,4.67,31767,0
20180207,4.63,4.8999,4.594,4.78,28702,0
20180208,4.8,4.8,4.32,4.45,18036,0
20180209,4.45,4.6999,4.37,4.37,28822,0
20180212,4.465,4.465,4.3089,4.36,8269,0
20180213,4.35,4.58,4.0988,4.45,16017,0
20180214,4.4743,5.1999,4.4743,5.0556,16722,0
20180215,4.8261,5.17,4.8261,5.17,7676,0
20180216,5.12,5.4479,4.79,5.04,12267,0
20180220,5,5.16,5,5.06,1711,0
20180221,5.05,5.17,4.61,4.61,9761,0
20180222,4.84,4.84,4.6,4.6,2820,0
20180223,4.6112,4.63,4.5601,4.58,3634,0
20180226,4.63,5.1,4.28,5.03,28975,0
20180227,5.06,7.5,4.94,5.05,1326646,0
20180228,5.02,5.149,4.44,4.44,57207,0
20180301,4.56,5.15,4.35,4.77,101218,0
20180302,4.66,5.71,4.54,5.28,118543,0
20180305,5.28,5.9674,5.011,5.56,158947,0
20180306,5.58,6.14,5.2,5.88,100749,0
20180307,5.5295,6.04,5.5295,5.68,30847,0
20180308,5.73,6.53,5.625,6.28,79361,0
20180309,6.4,11.5999,6.02,10.4,949227,0
20180312,10.35,18.88,10.05,12.8,3536146,0
20180313,14.93,15.48,11.17,11.67,540051,0
20180314,18.55,54.9895,18.5,47.99,13864297,0
20180315,58.01,66.56,35.361,42.49,5778378,0
20180316,38.11,42.68,35.53,41.91,1234714,0
20180319,49.52,53.55,38.86,45.69,2406415,0
20180320,45.51,45.67,38.5,38.61,507098,0
20180321,37.61,37.99,34.13,34.39,456667,0
20180322,32.66,36.9899,31.92,32.52,480766,0
20180323,32.96,34.99,30,30.47,215086,0
20180326,32,32,26.23,26.23,274299,0
20180327,25.93,28.7,22.64,26.51,562576,0
20180328,25.83,27,22.51,22.65,202280,0
20180329,22.41,26.09,21.75,24.01,242209,0
20180402,24.11,27.39,21.7013,22.56,305724,0
20180403,22.1,24.23,22.01,22.16,228185,0
20180404,22.15,24.489,22.15,23.01,279641,0
20180405,23.03,25.8,22.55,24.9,192333,0
20180406,24.76,25.6495,23.6,24.34,115954,0
20180409,24.18,24.2,22.75,22.76,78187,0
20180410,22.65,23.6393,22.3,22.78,83121,0
20180411,25.01,25.3392,22.28,25.01,117258,0
20180412,24.6,32.28,23.07,31,527738,0
20180413,31.35,31.35,25.3,26.45,318227,0
20180416,26.46,27.37,25.001,26.22,92111,0
20180417,28.66,28.9003,25.88,26.32,204548,0
20180418,26.4,26.98,24.08,25.72,83841,0
20180419,25,25.88,23.2,23.82,73900,0
20180420,23.5,24.9,23.3301,24.32,55075,0
20180423,24.37,24.8953,19.3,19.85,210414,0
20180424,18.4,18.4,15.801,16,426719,0
20180425,16,16.719,15.75,16.1,88054,0
20180426,15.85,16.009,12.87,12.91,397710,0
20180427,12.77,14.17,12.76,13.71,176202,0
20180430,13.6,14.5,12.39,12.41,214999,0
20180501,12.32,12.32,10.9,11.16,415657,0
20180502,11.28,12.96,10.83,11.5,486094,0
20180503,11.11,11.45,9.32,9.66,673864,0
20180504,9.45,10.48,9.21,9.32,646326,0
20180507,9.64,9.989,8.9,9.3,516616,0
20180508,11.53,11.6,9.52,9.74,2347348,0
20180509,9.55,9.7999,8.6,9.15,766390,0
20180510,8.6,9.05,8.04,8.05,421158,0
20180511,8.02,8.3,7.31,7.78,409075,0
20180514,7.67,9.465,7.4001,9.16,780910,0
20180515,9.35,12.25,9.23,11.09,5522465,0
20180516,10.83,11.98,10.52,11.06,1855296,0
20180517,11.01,11.33,9.69,10,844925,0
20180518,9.87,10.189,9.33,9.8,424193,0
20180521,9.8,10.58,9.79,10.27,385455,0
20180522,10.29,10.43,9.8,9.92,176273,0
20180523,9.82,11.11,9.61,10.3,572720,0
20180524,10.31,10.6338,9.86,10.2,190596,0
20180525,10.16,10.34,9.92,9.98,98469,0
20180529,9.98,10.8,9.82,10.77,202349,0
20180530,10.77,11.84,10.4128,11.5,660197,0
20180531,11.5,11.8,10.9,11.49,270863,0
20180601,11.62,12.44,11.2,11.75,398438,0
20180604,11.79,12.05,10.8,10.83,183673,0
20180605,11,11.066,10.5,10.92,116750,0
20180606,10.93,10.93,10.3818,10.8,123258,0
20180607,10.73,10.7334,10.151,10.3,108983,0
20180608,10.31,10.519,10,10.05,106345,0
20180611,10.16,10.49,9.87,10.02,119333,0
20180612,9.35,9.39,8.61,9.06,550274,0
20180613,9,9.08,8.3692,8.68,251972,0
20180614,8.72,8.72,8,8.2,383924,0
20180615,8.19,8.4699,8.05,8.31,170938,0
20180618,8.2,8.37,8.04,8.16,227263,0
20180619,8.8,8.839,8.15,8.4,1019752,0
20180620,8.26,8.5087,8.2,8.26,324351,0
20180621,8.25,8.25,7.8,7.96,458597,0
20180622,7.94,8.6293,7.79,8.37,524470,0
20180625,8.46,8.6,7.8671,8.04,271098,0
20180626,8.04,8.129,7.69,7.81,242163,0
20180627,9.41,9.45,7.91,8.49,3022438,0
20180628,8.2,8.23,7.82,8.09,333098,0
20180629,8.09,8.4154,7.91,8.25,228464,0
20180702,8.4,8.44,7.981,8.26,175899,0
20180703,8.37,8.37,8.11,8.11,86784,0
20180705,8.21,8.21,7.944,8.03,78581,0
20180706,8.01,8.01,7.7225,7.83,189312,0
20180709,7.96,7.96,7.66,7.87,121266,0
20180710,7.84,7.9,7.67,7.68,92259,0
20180711,7.61,7.6619,7.3,7.35,224858,0
20180712,7.42,7.42,7.14,7.38,188437,0
20180713,7.33,7.59,7.12,7.41,115772,0
20180716,7.36,7.59,7.21,7.26,143040,0
20180717,7.22,7.26,7.11,7.2,68627,0
20180718,7.2,7.2,6.82,6.88,137179,0
20180719,8.34,8.43,7.35,7.61,3319592,0
20180720,7.56,7.72,7.2,7.43,301927,0
20180723,7.41,7.41,7.11,7.18,144091,0
20180724,7.19,7.32,6.966,7.07,244620,0
20180725,7.12,7.26,6.9745,7.19,173918,0
20180726,7.19,7.53,7.05,7.09,212701,0
20180727,7.1,7.11,6.51,6.591,296028,0
20180730,6.64,6.7,6.35,6.455,141349,0
20180731,6.39,6.509,6.25,6.4,84257,0
20180801,6.44,6.775,6.29,6.55,125857,0
20180802,6.54,6.879,6.37,6.71,63975,0
20180803,6.7599,6.8965,6.6,6.6,64029,0
20180806,6.63,6.872,6.29,6.37,92405,0
20180807,6.34,6.7894,6.27,6.62,135867,0
20180808,6.82,7.11,6.6,6.87,318514,0
20180809,6.15,6.45,5.81,6.31,387264,0
20180810,6.29,6.4399,5.65,5.95,186765,0
20180813,5.96,5.9899,5.5,5.79,99205,0
20180814,5.83,5.85,5.65,5.71,43708,0
20180815,5.65,5.78,5.32,5.53,85878,0
20180816,5.54,5.7216,5.388,5.5799,111521,0
20180817,5.58,6.5978,5.58,6.33,346119,0
20180820,6.26,6.5067,5.8,5.92,282410,0
20180821,5.82,6.3399,5.8184,6.08,104720,0
20180822,6.18,6.25,6.12,6.23,25518,0
20180823,6.18,6.68,6.14,6.43,107382,0
20180824,6.53,6.6,6.141,6.35,73598,0
20180827,6.35,6.4673,6.15,6.28,42692,0
20180828,6.29,6.329,6.16,6.29,34371,0
20180829,6.32,6.5799,6.26,6.39,70437,0
20180830,6.36,6.68,6.221,6.51,102685,0
20180831,6.52,6.95,6.51,6.85,175927,0
20180904,6.88,7.35,5.8,6.04,728007,0
20180905,6.1,6.3484,5.86,6.12,97163,0
20180906,6.23,6.23,5.851,5.98,100478,0
20180907,5.95,6.0728,5.511,5.66,96389,0
20180910,5.53,5.59,5.1,5.21,263527,0
20180911,5.21,5.33,5.08,5.11,128748,0
20180912,5.05,5.27,5.03,5.12,69342,0
20180913,5.1529,5.335,5.0808,5.21,52899,0
20180914,5.22,5.2885,4.46,4.55,389695,0
20180917,4.55,4.74,4.53,4.65,75286,0
20180918,4.69,4.78,4.6101,4.63,64644,0
20180919,4.61,4.9423,4.6,4.77,59733,0
20180920,4.84,5.09,4.77,5.05,118226,0
20180921,5.06,5.0896,4.92,4.93,79998,0
20180924,5,5,4.811,4.9,38217,0
20180925,4.9,5.075,4.86,5.02,66991,0
20180926,5.02,5.2,4.85,4.85,95289,0
20180927,4.85,5.1599,4.79,4.85,34782,0
20180928,4.87,5.0629,4.8101,4.89,30744,0
20181001,4.86,5.06,4.71,4.79,68461,0
20181002,4.76,5.04,4.61,4.74,54805,0
20181003,4.74,4.93,4.63,4.82,67543,0
20181004,4.8,4.91,4.6,4.77,62691,0
20181005,4.72,4.82,4.6,4.74,32385,0
20181008,4.69,4.81,4.62,4.7,68269,0
20181009,4.68,5,4.6704,4.83,70420,0
20181010,4.79,5.76,4.79,5.28,978476,0
20181011,5.18,5.65,4.67,5.08,181914,0
20181012,5,5.3242,4.76,4.98,111724,0
20181015,5.32,5.5,5.01,5.12,379062,0
20181016,5.17,5.3499,4.91,5.09,131270,0
20181017,5.05,5.2,4.8,4.98,171418,0
20181018,4.98,5.1943,4.8805,5.09,51093,0
20181019,5.02,5.55,5.02,5.28,249766,0
20181022,5.27,5.29,4.86,5.05,171712,0
20181023,4.99,4.99,4.62,4.77,141789,0
20181024,4.7896,4.98,4.05,4.12,227065,0
20181025,4.16,4.46,4.1501,4.41,82255,0
20181026,4.19,4.44,4.19,4.25,59910,0
20181029,4.29,4.4245,3.84,4.03,187691,0
20181030,3.98,4.2,3.6726,3.94,130774,0
20181031,3.91,4.1808,3.8,4.06,85105,0
20181101,4.06,4.5673,4.06,4.39,184830,0
20181102,4.4,4.5081,4.181,4.35,36248,0
20181105,4.39,4.5116,4.2101,4.3,48706,0
20181106,4.56,5.07,4.16,4.32,424647,0
20181107,4.4,4.4641,4.15,4.3,65814,0
20181108,4.46,4.46,4.0001,4.26,54927,0
20181109,4.22,4.29,4.11,4.13,35293,0
20181112,4.1,4.1443,3.81,3.92,59826,0
20181113,4.11,4.11,3.7,3.75,56485,0
20181114,3.76,3.88,3.66,3.8,71029,0
20181115,3.79,4.1,3.7,4.05,57825,0
20181116,4.04,4.04,3.72,3.92,75408,0
20181119,3.86,3.93,3.7186,3.75,16130,0
20181120,3.69,3.8,3.5,3.8,27278,0
20181121,3.79,4.2,3.79,4.2,72983,0
20181123,4.1,4.3,4,4.27,33521,0
20181126,4.21,4.4788,3.9095,4.17,100140,0
20181127,4.17,4.2,3.97,4.2,9010,0
20181128,4.15,4.2,3.92,4.2,46721,0
20181129,4.12,4.2,4.0101,4.2,7480,0
20181130,4.11,4.11,3.89,4.03,17357,0
20181203,4.05,4.149,3.95,4.1,26076,0
20181204,4.1,4.1,3.8,3.93,26216,0
20181206,3.88,3.99,3.7621,3.92,27110,0
20181207,3.95,4.05,3.8581,4.05,18969,0
20181210,3.99,4.75,3.99,4.7,763908,0
20181211,4.67,4.67,3.82,4.47,465901,0
20181212,4.24,4.3265,4.1,4.1,170517,0
20181213,4,4.15,3.75,3.8,214623,0
20181214,3.8,3.94,3.75,3.9,77033,0
20181217,3.92,3.92,3.3,3.51,152362,0
20181218,3.51,3.51,3.35,3.37,88436,0
20181219,3.35,3.8891,3.35,3.8,196682,0
20181220,3.79,4.1852,3.5101,3.96,645585,0
20181221,3.76,3.97,3.1511,3.24,345379,0
20181224,3.19,3.2,2.9001,3,36061,0
20181226,2.95,3.07,2.8628,2.9,86633,0
20181227,2.9,2.92,2.6452,2.85,99425,0
20181228,2.87,3.05,2.76,3.01,90945,0
20181231,3.1,3.3,3.0251,3.17,103743,0
20190102,2.98,3.42,2.93,3.3,70672,0
20190103,3.28,3.4199,3.21,3.34,19977,0
20190104,3.38,3.5,3.25,3.38,57327,0
20190107,3.45,3.64,3.37,3.57,44480,0
20190108,3.59,3.61,3.4,3.41,22848,0
20190109,3.5029,3.59,3.39,3.47,34352,0
20190110,3.5,3.84,3.5,3.7,35010,0
20190111,3.66,3.78,3.42,3.65,25895,0
20190114,3.65,3.73,3.45,3.5,28055,0
20190115,3.55,3.7,3.55,3.69,68656,0
20190116,3.71,4.185,3.52,3.98,343917,0
20190117,3.98,4.1,3.55,3.78,119015,0
20190118,3.8426,3.95,3.66,3.66,37876,0
20190122,3.64,3.81,3.37,3.41,81942,0
20190123,3.48,3.54,3.31,3.39,51247,0
20190124,3.41,3.67,3.41,3.63,30318,0
20190125,3.63,3.76,3.5,3.7,41154,0
20190128,3.64,3.8,3.61,3.61,31246,0
20190129,3.62,3.78,3.5,3.57,26146,0
20190130,3.61,3.68,3.39,3.62,23592,0
20190131,3.56,3.73,3.5267,3.6,16274,0
20190201,3.6,3.6799,3.55,3.55,18349,0
20190204,3.67,3.6799,3.4079,3.64,48372,0
20190205,3.59,4.48,3.51,4.38,378713,0
20190206,4.38,4.5337,3.8,4.07,340615,0
20190207,4.07,4.2,3.98,4.15,48350,0
20190208,4.17,4.18,3.95,3.98,35550,0
20190211,3.98,4.17,3.95,4.09,69508,0
20190212,4.16,4.47,4.0301,4.39,166748,0
20190213,4.39,5.5795,4.39,5.01,1703268,0
20190214,4.93,5.26,4.81,5.25,162747,0
20190215,5.18,5.46,5.03,5.36,134599,0
20190219,5.43,5.47,5.1,5.2,124485,0
20190220,5.14,5.1657,4.81,5.03,113512,0
20190221,4.98,5.13,4.73,4.98,91418,0
20190222,4.98,5.5438,4.98,5.45,308984,0
20190225,5.5,5.69,5.3,5.44,108995,0
20190226,5.35,5.5,4.97,5.18,112551,0
20190227,5.13,5.48,5.13,5.4,77922,0
20190228,8.11,10.4,6.93,8.05,35911443,0
20190301,7.45,8.03,7.06,7.21,2793941,0
20190304,8.77,8.84,7.5,7.76,3718808,0
20190305,7.7,7.9799,7.27,7.52,644013,0
20190306,7.66,7.66,6.97,7.14,705178,0
20190307,7.14,7.14,6.5,6.8,477808,0
20190308,6.7,7.66,6.58,7.34,506128,0
20190311,7.33,7.6581,7.1,7.43,445784,0
20190312,7.45,7.63,7.15,7.23,297826,0
20190313,7.31,7.64,7.21,7.21,242215,0
20190314,7.15,7.17,6.58,6.99,344931,0
20190315,8.5,8.5,7.55,7.9,1998799,0
20190318,7.81,7.81,7.14,7.29,255120,0
20190319,7.3,7.67,7.22,7.3,245815,0
20190320,7.23,7.325,7.01,7.21,214423,0
20190321,7.2,7.49,7.02,7.33,92995,0
20190322,7.33,7.67,7.05,7.2,200950,0
20190325,7.22,7.4175,6.7176,6.95,233157,0
20190326,7.07,7.29,6.9361,6.99,165045,0
20190327,6.96,7.2,6.83,6.96,224634,0
20190328,6.63,7.2,6.63,6.68,271217,0
20190329,6.8,7.06,6.68,7.01,194758,0
20190401,6.99,7.58,6.858,7.31,334617,0
20190402,7.29,7.83,7.19,7.43,604143,0
20190403,7.39,7.6428,7.16,7.16,124561,0
20190404,7.28,7.36,6.8491,6.89,121536,0
20190405,6.78,7.29,6.75,7.11,96230,0
20190408,7.15,7.24,6.9345,7,82739,0
20190409,7.06,7.21,6.7,6.79,336247,0
20190410,6.85,6.89,6.36,6.55,169196,0
20190411,6.55,6.67,6.37,6.5,112944,0
20190412,6.5,6.5156,6.22,6.29,67711,0
20190415,6.28,6.33,5.95,6.18,106310,0
20190416,6.12,6.2899,5.9898,6.05,58869,0
20190417,6.07,6.56,5.8593,6.01,111608,0
20190418,6.01,6.18,5.88,5.93,79689,0
20190422,5.92,6.17,5.92,6.14,111790,0
20190423,6.14,6.665,6.14,6.5,58062,0
20190424,6.43,6.59,6.3401,6.47,53626,0
20190425,6.41,6.57,6.23,6.35,80351,0
20190426,6.25,6.33,6.03,6.27,45104,0
20190429,6.27,6.42,5.97,6.14,153678,0
20190430,6.08,6.15,5.91,6.01,33833,0
20190501,6.0027,6.17,5.97,5.97,42292,0
20190502,6.17,6.48,5.76,5.92,214180,0
20190503,6,6.29,5.86,5.94,168189,0
20190506,5.91,5.98,5.8,5.85,49581,0
20190507,5.85,5.96,5.62,5.71,43159,0
20190508,5.72,5.98,5.72,5.9,58261,0
20190509,5.25,5.35,4.68,5.12,217301,0
20190510,5.04,5.67,5.0301,5.1,28156,0
20190513,5.15,5.4,4.73,5,78428,0
20190514,5,5.26,4.76,4.93,52408,0
20190515,4.79,5.13,4.75,4.95,48473,0
20190516,4.9502,5.16,4.86,4.95,32249,0
20190517,4.9,4.94,4.61,4.73,52661,0
20190520,4.73,4.84,4.59,4.74,35131,0
20190521,4.83,5.05,4.6673,4.85,33998,0
20190522,4.8843,5.2329,4.85,4.85,73732,0
20190523,4.85,5.14,4.8201,5.09,40134,0
20190524,5.09,5.45,5.05,5.2,38088,0
20190528,5.19,5.74,5.08,5.2,29537,0
20190529,5.19,5.38,5.01,5.11,13413,0
20190530,5.01,5.45,5.01,5.02,23912,0
20190531,5.01,5.2,4.85,5.15,20231,0
20190603,5.11,5.42,5.01,5.04,35896,0
20190604,5.13,5.4,4.91,4.95,36753,0
20190605,4.95,5.19,4.91,4.91,33608,0
20190606,4.98,5.16,4.9101,4.96,12908,0
20190607,5.03,5.15,4.8608,4.98,38248,0
20190610,4.95,5.14,4.9354,4.98,31152,0
20190611,4.98,5.11,4.9,4.91,17775,0
20190612,5.0545,6.47,4.992,5.91,1001578,0
20190613,4.14,4.15,3.81,4.03,1162964,0
20190614,3.95,3.96,3.5726,3.66,330106,0
20190617,3.56,3.76,3.5421,3.64,136235,0
20190618,3.64,3.88,3.55,3.84,180147,0
20190619,3.9,3.9,3.69,3.83,86664,0
20190620,3.84,3.85,3.71,3.735,52970,0
20190621,3.7,3.74,3.55,3.6,119934,0
20190624,3.57,3.6722,3.301,3.35,173809,0
20190625,3.36,3.45,3.09,3.21,136520,0
20190626,3.23,3.3,3.1,3.12,286147,0
20190627,3.1,3.29,3.0748,3.18,107906,0
20190628,3.21,3.2889,3.0301,3.07,90519,0
20190701,3.21,3.21,3.1,3.13,52936,0
20190702,3.13,3.19,3.07,3.07,79537,0
20190703,3.11,3.2042,3.07,3.15,145435,0
20190705,3.17,3.28,3.07,3.1,71989,0
20190708,3.09,3.14,2.9224,3.01,122123,0
20190709,3,3.07,2.99,3.02,21793,0
20190710,3.03,3.105,2.96,3.04,79031,0
20190711,3.06,3.36,3.01,3.215,165036,0
20190712,3.23,3.26,3.1,3.11,77210,0
20190715,3.12,3.17,3.041,3.17,17247,0
20190716,3.17,3.33,3.1,3.14,131061,0
20190717,3.15,3.15,3.04,3.04,52930,0
20190718,3.1,3.16,2.96,2.99,83551,0
20190719,3.02,3.0652,2.96,3.02,29437,0
20190722,3.04,3.04,2.83,2.89,149678,0
20190723,2.9037,2.95,2.74,2.8154,105643,0
20190724,2.82,2.87,2.7,2.77,148482,0
20190725,2.76,2.85,2.73,2.79,41598,0
20190726,2.79,2.89,2.74,2.75,179886,0
20190729,2.76,2.8166,2.42,2.46,304104,0
20190730,2.43,2.4927,2.17,2.27,315013,0
20190731,2.38,2.38,2.15,2.19,113984,0
20190801,2.2,2.22,1.9,2.02,235335,0
20190802,2.03,2.08,1.95,2.02,103332,0
20190805,2.06,2.0897,1.82,1.92,146869,0
20190806,2.05,2.17,1.8623,1.95,412886,0
20190807,2.04,2.14,1.91,2.09,155355,0
20190808,2.09,2.13,2,2.01,71385,0
20190809,3.22,4.97,2.7,4.51,56732718,0
20190812,6,7.35,5.75,6.93,38812682,0
20190813,7.23,7.34,5.1501,6.09,14207346,0
20190814,5.32,7.3,5.22,7.05,10557068,0
20190815,8.5,9.15,7.65,8.14,13208263,0
20190816,8.04,8.5,6.58,6.64,4253793,0
20190819,6.38,6.95,6.03,6.09,1983093,0
20190820,6,6.21,5.52,5.55,1720066,0
20190821,5.58,7.22,5.58,6.96,3338122,0
20190822,6.36,7.19,6.3,6.57,2549083,0
20190823,6.44,6.87,6.26,6.47,1077018,0
20190826,7.93,10.2,7.56,9.85,22796428,0
20190827,9.5,9.65,7.5,7.63,4721772,0
20190828,7.1,8.42,6.8,7.71,4026488,0
20190829,7.8,8.3,7.62,7.78,1324549,0
20190830,7.68,7.9073,7.35,7.65,975597,0
20190903,7.43,8.34,7.39,8.01,1524599,0
20190904,8.2,8.38,7.83,7.99,1166805,0
20190905,8.12,8.25,7.39,7.52,1592222,0
20190906,6.99,7.2,6.52,6.54,1955227,0
20190909,6.405,6.74,6.25,6.4,715436,0
20190910,6.36,6.75,6.15,6.34,951322,0
20190911,6.59,6.68,6.13,6.3,1246938,0
20190912,6.26,6.38,5.57,5.68,1318847,0
20190913,5.71,5.92,5.6,5.76,655389,0
20190916,5.85,6.15,5.72,5.99,893891,0
20190917,6,6.03,5.73,5.77,908658,0
20190918,5.76,5.85,5.52,5.72,638125,0
20190919,5.7,5.74,5.44,5.55,593792,0
20190920,5.52,5.54,5.25,5.3,599234,0
20190923,5.55,5.62,5.131,5.35,1118799,0
20190924,5.3,5.49,4.92,5.03,829858,0
20190925,5,5.29,4.81,5.2,665827,0
20190926,5.16,5.3415,4.945,5.15,539535,0
20190927,5.14,5.3,5.05,5.08,405556,0
20190930,5.08,5.08,4.64,4.68,369555,0
20191001,4.66,4.81,4.38,4.39,314896,0
20191002,4.35,4.76,4.29,4.71,454485,0
20191003,4.8,4.9624,4.5673,4.79,424752,0
20191004,4.75,4.77,4.48,4.71,338395,0
20191007,4.71,4.72,4.4501,4.57,199884,0
20191008,4.55,4.67,4.5,4.59,166449,0
20191009,4.6,4.6444,4.3,4.3,171410,0
20191010,4.35,4.4,4.02,4.11,269333,0
20191011,4.12,4.45,4.08,4.35,288758,0
20191014,4.42,5.7,4.4,5.43,1659712,0
20191015,5.62,5.88,5.09,5.34,2614810,0
20191016,5.27,5.47,5.04,5.08,869178,0
20191017,5.11,5.17,4.86,5.17,538934,0
20191018,5.12,5.19,4.9055,5.06,385033,0
20191021,5.09,5.12,4.81,5.07,377974,0
20191022,5.02,5.08,4.77,4.83,400175,0
20191023,4.81,4.91,4.7,4.88,275822,0
20191024,4.83,5.14,4.83,4.97,458506,0
20191025,4.95,4.98,4.75,4.88,328104,0
20191028,4.82,4.91,4.72,4.91,250884,0
20191029,4.89,5.23,4.82,4.95,650683,0
20191030,4.95,4.96,4.76,4.82,432248,0
20191031,4.9,5,4.65,4.78,220055,0
20191101,4.75,4.86,4.72,4.75,184466,0
20191104,4.85,5.14,4.8,5.13,357934,0
20191105,5.45,6.28,5.24,6.1,4215984,0
20191106,5.99,6.1,5.5494,5.77,1524105,0
20191107,4.5,4.64,4.14,4.2,1621687,0
20191108,4.1,4.34,4.03,4.1,477597,0
20191111,4.1,4.15,3.85,4.15,709547,0
20191112,4.43,4.59,4.1,4.14,653075,0
20191113,4.13,4.2155,3.95,4.14,584858,0
20191114,4.06,4.153,4,4.09,320627,0
20191115,4.1,4.16,4.01,4.16,209581,0
20191118,4.16,4.33,4.1,4.26,258268,0
20191119,4.3,4.75,4.22,4.54,579086,0
20191120,4.59,4.73,4.3,4.36,245203,0
20191121,4.37,4.64,4.322,4.36,479892,0
20191122,4.38,4.53,4.3651,4.5,134929,0
20191125,4.5,4.75,4.5,4.6,244913,0
20191126,4.6,5.28,4.6,5.16,660995,0
20191127,5.03,5.25,4.9174,4.95,319139,0
20191129,4.96,5.18,4.86,4.97,112070,0
20191202,5.02,5.6,5.01,5.53,535141,0
20191203,5.28,5.4,5.1,5.21,405417,0
20191204,5.29,5.49,5.17,5.42,172884,0
20191205,5.45,5.45,5.1502,5.2,132361,0
20191206,5.17,5.338,5.17,5.29,84592,0
20191209,5.31,5.34,5.18,5.32,202244,0
20191210,5.52,5.99,5.33,5.86,798659,0
20191211,5.55,5.75,5.2,5.55,436280,0
20191212,5.41,5.67,5.3,5.34,231842,0
20191213,5.37,5.63,5.37,5.53,186449,0
20191216,5.52,5.73,5.52,5.55,276511,0
20191217,5.52,5.64,5.52,5.61,108045,0
20191218,5.5,5.72,5.5,5.53,94480,0
20191219,5.48,5.65,5.41,5.58,110412,0
20191220,5.74,5.74,5.5,5.63,194699,0
20191223,5.69,5.99,5.61,5.89,413313,0
20191224,6,6.63,5.845,6.44,851974,0
20191226,6.45,6.5621,6.1,6.215,218407,0
20191227,6.35,6.35,6.06,6.14,136482,0
20191230,6.19,6.19,5.7236,5.86,180858,0
20191231,5.92,5.92,5.45,5.48,233132,0
20200102,5.5,5.79,5.35,5.76,152022,0
20200103,5.71,5.76,5.56,5.75,90439,0
20200106,5.66,6.01,5.61,5.64,175356,0
20200107,5.69,5.74,5.42,5.58,268094,0
20200108,5.56,5.89,5.49,5.56,244858,0
20200109,5.58,5.72,5.41,5.47,274191,0
20200110,5.44,5.54,5.08,5.21,289571,0
20200113,5.16,5.192,4.91,5.1,185643,0
20200114,5.06,5.39,5.0301,5.22,136885,0
20200115,5.27,5.4097,5.1,5.1,133313,0
20200116,5.2,5.45,5.1384,5.44,225407,0
20200117,5.38,5.4399,5.21,5.26,186897,0
20200121,5.23,5.41,5.121,5.24,127320,0
20200122,5.21,5.23,5.0183,5.1,190978,0
20200123,5.1,5.16,4.99,5.04,78408,0
