Date,Open,High,Low,Close,Volume,OpenInt
20070828,43.956,43.956,43.956,43.956,38,0
20070907,46.28,46.28,46.28,46.28,38,0
20070914,53.196,53.196,50.681,53.196,63,0
20070918,50.44,50.44,49.66,50.44,231,0
20070925,46.28,46.28,46.28,46.28,38,0
20070927,49.92,49.92,49.92,49.92,183,0
20071009,45.224,45.224,45.224,45.224,29,0
20071015,44.554,44.554,44.554,44.554,67,0
20071031,47.908,47.908,47.866,47.908,96,0
20071109,45.058,45.058,45.058,45.058,19,0
20071219,37.96,37.986,37.96,37.96,45,0
20071231,39.062,39.588,39.062,39.062,96,0
20080104,43.999,43.999,43.999,43.999,58,0
20080107,43.973,43.973,42.413,43.973,113,0
20080111,38.48,38.48,38.48,38.48,58,0
20080116,38.48,38.948,38.48,38.48,69,0
20080125,36.348,36.348,36.348,36.348,38,0
20080128,41.184,41.184,41.184,41.184,19,0
20080303,44.233,44.233,44.233,44.233,58,0
20080304,44.2,44.2,44.2,44.2,87,0
20080305,44.658,44.658,44.658,44.658,10,0
20080326,43.02,43.02,43.02,43.02,96,0
20080428,38.825,38.825,38.825,38.825,19,0
20080625,32.058,32.058,32.058,32.058,73,0
20080715,33.469,35.022,33.469,33.469,113,0
20081014,45.76,45.76,45.76,45.76,327,0
20081016,19.039,19.039,19.039,19.039,19,0
20081118,16.699,16.699,16.699,16.699,135,0
20090217,16.442,16.442,16.442,16.442,58,0
20090501,12.669,12.669,12.669,12.669,19,0
20090512,13.796,13.796,13.796,13.796,38,0
20090702,16.12,16.12,16.12,16.12,58,0
20090814,23.972,23.988,23.972,23.988,79,0
20090902,23.797,23.797,23.797,23.797,38,0
20091007,25.22,25.22,25.22,25.22,10,0
20091008,26.296,26.416,26.296,26.416,209,0
20091009,26.52,30.16,26.52,30.16,462,0
20091013,28.912,28.912,28.912,28.912,4,0
20091014,29.582,29.582,29.127,29.127,26,0
20091015,29.595,29.595,29.422,29.422,1154,0
20091021,28.308,28.308,28.308,28.308,58,0
20091026,27.066,27.066,27.066,27.066,87,0
20091027,28.496,29.474,28.496,29.075,221,0
20091028,27.307,27.307,27.307,27.307,38,0
20091106,27.258,27.258,27.258,27.258,173,0
20091111,30.056,30.056,28.165,28.165,77,0
20091113,27.976,27.976,27.976,27.976,26,0
20091119,30.456,30.456,30.456,30.456,96,0
20091124,33.131,35.516,33.131,34.684,279,0
20091127,34.197,34.197,34.197,34.197,58,0
20091130,37.024,37.024,37.024,37.024,2,0
20091202,32.49,32.49,32.49,32.49,10,0
20091204,36.303,36.303,36.303,36.303,35,0
20091210,34.476,34.476,34.476,34.476,288,0
20091214,33.202,33.202,32.715,32.715,96,0
20091215,34.606,34.606,32.637,33.092,367,0
20091218,33.92,33.92,33.92,33.92,19,0
20091221,34.226,35.048,34.226,35.048,69,0
20091222,34.138,34.21,34.138,34.21,185,0
20091224,34.457,34.457,34.457,34.457,5,0
20091229,35.298,35.568,35.298,35.568,96,0
20091230,36.4,36.92,36.4,36.816,65,0
20091231,36.416,42,36.416,42,150,0
20100104,46.8,47.847,46.238,47.216,729,0
20100105,50.684,50.684,50.681,50.681,63,0
20100107,45.013,45.013,39.51,44.47,537,0
20100108,45.975,45.975,45.156,45.156,38,0
20100111,52.676,52.676,41.044,44.044,1474,0
20100112,43.817,43.836,39.738,39.744,338,0
20100113,38.984,38.984,37.96,37.96,173,0
20100114,37.96,38.279,36.93,37.265,70,0
20100115,37.336,37.96,36.572,36.572,121,0
20100120,35.991,35.991,35.991,35.991,10,0
20100126,32.76,32.76,32.76,32.76,38,0
20100127,32.039,32.039,32.039,32.039,10,0
20100129,32.897,32.897,32.897,32.897,38,0
20100201,33.963,33.963,33.963,33.963,38,0
20100204,32.24,32.24,32.24,32.24,2,0
20100205,28.496,28.496,26.052,26.052,75,0
20100216,26.137,26.137,26.137,26.137,192,0
20100224,24.404,24.44,22.354,22.354,310,0
20100304,21.892,22.698,21.372,21.372,1538,0
20100305,21.476,21.944,20.904,20.904,1673,0
20100317,28.48,28.48,28.48,28.48,14,0
20100318,25.906,25.906,25.906,25.906,10,0
20100329,26,26,26,26,19,0
20100409,26.156,26.156,26.156,26.156,4,0
20100412,26.65,26.65,26.156,26.156,192,0
20100421,31.564,31.564,31.564,31.564,58,0
20100430,33.654,33.654,33.654,33.654,62,0
20100503,31.174,31.174,31.174,31.174,38,0
20100504,30.748,30.748,30.748,30.748,2,0
20100513,26.816,26.816,26.816,26.816,33,0
20100514,28.945,28.945,28.932,28.932,58,0
20100518,26.426,26.426,26.426,26.426,27,0
20100521,25.152,25.152,25.152,25.152,10,0
20100527,26.832,26.832,26.832,26.832,10,0
20100601,27.258,27.258,27.164,27.164,96,0
20100602,27.489,28.477,27.482,27.82,479,0
20100607,24.362,24.362,24.362,24.362,19,0
20100615,24.466,24.466,24.466,24.466,58,0
20100622,24.466,24.466,24.466,24.466,10,0
20100629,21.476,21.476,20.722,20.722,148,0
20100702,19.604,19.604,19.604,19.604,96,0
20100721,19.559,19.559,19.559,19.559,2,0
20100726,18.2,18.2,18.2,18.2,77,0
20100727,19.864,19.864,19.864,19.864,56,0
20100803,21.32,21.32,21.32,21.32,173,0
20100825,19.136,19.162,19.136,19.162,96,0
20100901,18.59,18.59,18.59,18.59,58,0
20100920,21.509,22.006,20.508,20.508,288,0
20100921,20.69,21.034,20.446,21.034,692,0
20100922,20.992,20.992,20.634,20.66,385,0
20100923,20.618,20.618,20.618,20.618,192,0
20100924,20.956,20.956,20.956,20.956,2,0
20100927,21.054,21.054,21.054,21.054,192,0
20100928,20.722,20.722,20.722,20.722,29,0
20100929,20.722,22.448,20.436,22.448,423,0
20100930,21.996,21.996,20.202,20.202,279,0
20101001,20.001,20.368,20.001,20.368,375,0
20101004,19.585,19.585,19.585,19.585,125,0
20101005,19.949,19.949,19.708,19.734,385,0
20101006,19.325,19.344,19.325,19.334,78,0
20101013,19.152,19.152,19.152,19.152,192,0
20101015,19.136,19.136,19.136,19.136,192,0
20101018,19.682,19.682,19.682,19.682,19,0
20101025,20.254,20.254,19.744,19.744,96,0
20101101,23.244,23.764,23.244,23.764,2096,0
20101105,23.4,23.4,23.264,23.264,385,0
20101109,25.766,26.224,25.526,25.532,3684,0
20101110,26.208,30.446,26.208,30.446,125,0
20101111,30.394,30.42,30.375,30.42,827,0
20101112,28.028,29.12,28.028,29.12,1093,0
20101116,26.832,29.302,26.832,29.302,2519,0
20101117,28.782,30.67,28.642,30.124,1212,0
20101118,30.94,30.94,29.406,29.406,135,0
20101119,30.836,30.836,29.38,29.38,577,0
20101123,27.248,27.248,25.116,25.116,2540,0
20101124,24.804,25.428,24.648,24.648,1460,0
20101130,27.56,28.038,27.541,28.028,2942,0
20101201,26.683,27.456,26.683,27.456,192,0
20101206,25.444,25.444,25.444,25.444,255,0
20101208,25.246,25.272,25.246,25.272,115,0
20101210,28.626,28.626,28.626,28.626,192,0
20101213,28.782,28.782,28.48,28.48,837,0
20101214,27.768,27.768,27.394,27.394,385,0
20101215,28.6,30.68,28.6,30.68,3337,0
20101216,30.316,30.316,30.264,30.316,606,0
20101220,31.33,31.33,31.33,31.33,510,0
20101221,32.968,32.968,32.24,32.838,452,0
20101222,32.494,35.042,32.494,35.042,5808,0
20101223,37.928,38.955,37.352,38.916,1300,0
20101229,38.792,38.792,37.59,37.59,1827,0
20101230,35.679,35.679,35.679,35.679,125,0
20101231,36.92,37.388,36.868,37.388,962,0
20110106,36.823,36.823,36.823,36.823,19,0
20110113,34.97,34.97,34.96,34.96,192,0
20110118,35.965,36.816,35.952,36.816,1260,0
20110119,37.44,37.44,37.44,37.44,769,0
20110120,36.634,37.174,36.634,37.174,104,0
20110121,36.374,36.374,36.374,36.374,192,0
20110124,35.776,35.812,35.776,35.812,96,0
20110125,33.592,33.592,33.592,33.592,58,0
20110126,33.722,35.266,33.722,35.266,115,0
20110127,35.854,35.854,35.344,35.344,58,0
20110128,36.312,36.312,34.535,34.535,115,0
20110131,34.164,34.164,34.164,34.164,192,0
20110201,33.67,33.67,33.67,33.67,10,0
20110202,34.249,34.84,33.852,34.32,402,0
20110208,35.152,35.152,35.152,35.152,19,0
20110209,35.88,35.88,35.88,35.88,19,0
20110216,35.048,35.048,35.048,35.048,38,0
20110218,34.544,34.544,34.544,34.544,38,0
20110223,34.834,36.4,34.834,36.02,163,0
20110304,36.192,36.192,35.636,35.636,337,0
20110315,29.354,29.907,29.354,29.907,356,0
20110316,25.454,25.454,25.454,25.454,67,0
20110317,27.671,27.671,27.671,27.671,96,0
20110318,27.762,27.762,27.762,27.762,19,0
20110322,26.276,26.562,25.48,25.496,500,0
20110323,26,26,25.392,25.392,192,0
20110325,26.033,26.033,26.033,26.033,96,0
20110328,30.082,30.082,30.082,30.082,202,0
20110404,34.19,34.19,31.408,31.408,212,0
20110405,32.24,32.24,32.24,32.24,48,0
20110406,31.2,31.2,31.2,31.2,67,0
20110408,32.422,32.422,32.422,32.422,58,0
20110413,31.545,31.545,31.545,31.545,77,0
20110415,32.204,32.204,32.204,32.204,462,0
20110418,33.202,33.202,33.202,33.202,96,0
20110420,33.046,36.738,33.046,36.738,135,0
20110427,36.764,36.764,36.764,36.764,19,0
20110429,39.608,40.84,39.608,39.816,279,0
20110502,38.5,39.718,38.097,39.52,635,0
20110503,38.62,38.62,38.62,38.62,19,0
20110506,37.294,37.294,37.19,37.19,115,0
20110510,35.471,35.471,34.899,34.899,192,0
20110512,35.36,35.464,35.36,35.464,337,0
20110516,32.38,32.38,29.53,30.193,202,0
20110517,31.714,31.714,31.714,31.714,96,0
20110524,31.116,31.116,31.116,31.116,19,0
20110525,31.096,31.096,31.096,31.096,19,0
20110526,31.2,31.2,31.2,31.2,231,0
20110527,32.188,35.828,32.188,35.828,156,0
20110531,34.694,34.694,34.694,34.694,10,0
20110601,36.218,36.218,35.048,35.048,192,0
20110602,34.32,34.84,34.32,34.84,288,0
20110603,34.164,34.164,34.164,34.164,19,0
20110606,33.634,33.8,33.196,33.8,442,0
20110608,32.204,32.204,32.204,32.204,288,0
20110613,29.588,29.588,29.588,29.588,19,0
20110616,28.808,28.808,28.256,28.256,140,0
20110621,30.706,30.706,30.706,30.706,96,0
20110623,28.366,30.55,28.366,28.438,2000,0
20110627,30.238,30.238,27.56,27.56,625,0
20110629,30.732,30.732,30.732,30.732,77,0
20110630,30.966,30.966,30.966,30.966,96,0
20110705,28.964,28.964,26.52,26.52,519,0
20110706,28.834,28.834,28.834,28.834,77,0
20110708,29.12,29.12,28.912,28.912,404,0
20110721,28.36,28.36,28.36,28.36,4,0
20110722,27.95,27.95,27.95,27.95,308,0
20110802,28.47,28.47,28.47,28.47,192,0
20110803,25.87,27.294,25.87,27.281,577,0
20110805,24.544,26.306,24.544,26.306,404,0
20110808,26.624,26.624,26.624,26.624,231,0
20110811,24.882,24.882,24.005,24.005,385,0
20110812,25.584,25.584,24.72,24.95,298,0
20110816,24.3,24.3,24.3,24.3,96,0
20110818,20.774,22.464,20.228,22.464,1151,0
20110819,25.532,25.532,23.426,23.426,846,0
20110822,23.15,23.15,23.15,23.15,10,0
20110824,21.58,21.58,21.58,21.58,96,0
20110825,21.366,21.366,21.366,21.366,96,0
20110902,22.308,22.308,22.308,22.308,192,0
20110906,25.116,25.116,25.116,25.116,192,0
20110909,22.204,22.204,22.204,22.204,192,0
20110921,21.892,21.892,20.254,20.254,40,0
20110922,20.254,20.254,20.254,20.254,19,0
20110923,20.02,20.02,20.02,20.02,38,0
20110926,20.202,20.202,19.874,19.874,231,0
20110927,20.04,20.04,17.332,17.332,510,0
20110929,17.784,17.784,17.784,17.784,58,0
20111003,21.554,21.554,20.748,20.748,432,0
20111011,16.64,16.64,16.64,16.64,10,0
20111013,18.616,18.616,18.616,18.616,673,0
20111017,20.046,20.046,20.046,20.046,577,0
20111018,19.89,19.89,19.89,19.89,577,0
20111020,19.734,19.994,19.734,19.994,493,0
20111021,19.084,19.11,19.084,19.11,115,0
20111024,19.214,19.214,18.892,18.892,102,0
20111027,17.869,17.869,17.82,17.82,96,0
20111028,16.744,16.744,16.744,16.744,4,0
20111101,19.448,19.448,19.448,19.448,221,0
20111111,19.448,19.448,19.448,19.448,962,0
20111114,16.64,16.64,16.64,16.64,29,0
20111115,18.616,18.616,17.16,17.16,1952,0
20111123,17.93,17.94,17.93,17.94,96,0
20111129,16.198,16.198,16.198,16.198,96,0
20111202,17.144,17.144,17.144,17.144,654,0
20111205,17.732,17.732,17.732,17.732,577,0
20111206,17.16,17.16,17.16,17.16,115,0
20111209,16.855,16.855,16.855,16.855,96,0
20111216,15.568,15.568,15.568,15.568,77,0
20111219,15.33,15.33,15.33,15.33,77,0
20111220,14.908,14.908,14.908,14.908,96,0
20111228,19.11,19.11,19.11,19.11,29,0
20111230,16.978,16.978,16.744,16.744,385,0
20120103,18.174,18.174,17.752,18.012,288,0
20120110,16.484,16.484,16.484,16.484,77,0
20120111,17.758,17.758,17.758,17.758,192,0
20120117,19.11,19.11,19.11,19.11,385,0
20120118,18.753,18.753,18.753,18.753,192,0
20120125,19.24,19.24,19.24,19.24,96,0
20120127,19.741,19.741,19.741,19.741,29,0
20120130,19.432,19.474,19.432,19.474,1442,0
20120201,17.836,17.836,17.836,17.836,19,0
20120206,17.206,17.206,17.206,17.206,10,0
20120207,17.342,17.342,17.342,17.342,38,0
20120208,17.082,17.082,16.822,16.822,125,0
20120209,15.834,15.834,15.834,15.834,48,0
20120210,16.094,16.094,16.094,16.094,62,0
20120213,15.763,15.763,15.763,15.763,64,0
20120215,14.976,17.264,15.912,17.264,1452,0
20120216,15.964,17.888,15.964,17.004,673,0
20120217,17.004,17.004,16.484,16.484,1058,0
20120222,16.12,16.12,16.12,16.12,192,0
20120301,17.16,17.16,17.16,17.16,577,0
20120302,17.004,17.004,17.004,17.004,192,0
20120305,17.16,17.16,16.614,16.614,577,0
20120306,17.03,17.134,17.004,17.134,904,0
20120308,18.148,18.148,18.148,18.148,192,0
20120314,17.934,17.934,17.934,17.934,96,0
20120316,20.072,20.072,19.5,19.5,106,0
20120319,19.568,19.568,19.568,19.568,54,0
20120322,19.656,19.656,19.656,19.656,19,0
20120328,20.264,20.264,20.264,20.264,250,0
20120402,22.386,24.44,22.386,24.44,327,0
20120403,23.92,24.7,24.7,24.7,96,0
20120404,24.856,24.856,24.674,24.674,96,0
20120405,20.566,24.206,20.566,24.206,192,0
20120409,24.752,24.752,24.752,24.752,96,0
20120410,18.928,18.928,18.928,18.928,192,0
20120501,20.904,20.904,20.904,20.904,48,0
20120509,20.488,20.488,18.72,18.72,221,0
20120516,17.134,17.134,17.134,17.134,96,0
20120517,17.004,17.004,17.004,17.004,58,0
20120601,17.056,17.056,17.056,17.056,192,0
20120607,17.056,17.056,17.056,17.056,19,0
20120608,15.98,15.98,15.98,15.98,54,0
20120720,17.316,17.316,16.796,16.796,1154,0
20120802,19.656,19.656,19.656,19.656,19,0
20120803,19.812,19.812,19.812,19.812,19,0
20120808,20.696,20.696,20.696,20.696,11,0
20120809,19.032,20.28,18.824,20.28,568,0
20120816,19.916,19.916,19.916,19.916,87,0
20120827,20.8,20.8,20.8,20.8,10,0
20120830,20.696,20.696,20.696,20.696,10,0
20120905,19.604,20.072,20.072,20.072,817,0
20120906,20.8,20.8,20.8,20.8,48,0
20120907,20.904,21.008,20.748,20.748,531,0
20120910,21.424,21.58,20.748,20.748,1087,0
20120911,20.592,20.592,20.592,20.592,19,0
20120913,19.838,19.838,19.838,19.838,19,0
20120919,19.344,19.344,19.344,19.344,96,0
20120921,18.798,18.798,17.732,17.732,731,0
20120925,18.2,18.2,18.2,18.2,19,0
20120927,18.168,18.168,18.168,18.168,38,0
20120928,16.916,16.916,16.916,16.916,19,0
20121002,16.744,16.744,16.744,16.744,29,0
20121004,13.052,13.052,13.052,13.052,798,0
20121005,16.926,16.926,16.926,16.926,14,0
20121009,16.624,16.624,16.624,16.624,14,0
20121011,16.058,16.058,16.058,16.058,192,0
20121015,15.792,15.792,15.792,15.792,96,0
20121017,17.264,17.264,17.264,17.264,10,0
20121025,14.534,14.534,14.534,14.534,308,0
20121101,14.56,14.56,14.56,14.56,96,0
20121105,15.652,15.652,15.444,15.444,38,0
20121109,15.6,15.6,15.6,15.6,385,0
20121119,13.41,13.41,13.41,13.41,437,0
20121126,12.175,12.175,12.175,12.175,81,0
20121130,13.52,13.52,13.52,13.52,58,0
20121203,15.236,15.444,15.236,15.444,65,0
20121210,15.425,15.425,15.425,15.425,96,0
20121214,13.078,13.078,13.078,13.078,63,0
20121220,12.506,12.506,11.72,11.72,874,0
20121227,11.908,11.908,11.908,11.908,58,0
20121228,12.324,12.324,12.324,12.324,289,0
20130102,15.746,15.746,15.746,15.746,115,0
20130108,14.248,14.508,14.248,14.508,34,0
20130109,12.48,12.48,12.48,12.48,493,0
20130122,11.05,11.05,11.05,11.05,77,0
20130128,11.128,11.128,11.128,11.128,38,0
20130130,10.459,10.459,10.459,10.459,173,0
20130201,10.296,10.296,10.296,10.296,615,0
20130212,9.88,9.88,9.88,9.88,58,0
20130214,8.996,8.996,8.996,8.996,154,0
20130219,11.174,11.174,11.174,11.174,212,0
20130220,12.324,12.324,12.168,12.168,96,0
20130221,12.09,12.09,12.09,12.09,231,0
20130222,10.348,10.348,10.348,10.348,19,0
20130225,9.2657,9.62,9.2657,9.62,151,0
20130226,10.478,10.478,10.478,10.478,250,0
20130227,12.1,12.1,12.1,12.1,19,0
20130301,11.752,11.752,11.499,11.499,680,0
20130304,12.48,12.48,12.48,12.48,212,0
20130305,12.643,12.643,12.643,12.643,29,0
20130307,12.48,12.48,12.48,12.48,192,0
20130312,13.468,13.468,13.468,13.468,769,0
20130315,13.26,13.26,13.26,13.26,111,0
20130318,13.384,13.384,13.384,13.384,10,0
20130319,13.104,13.104,13.104,13.104,19,0
20130321,11.551,11.551,11.551,11.551,2,0
20130403,12.688,12.688,12.688,12.688,56,0
20130409,12.428,12.428,12.428,12.428,192,0
20130417,12.428,12.428,12.428,12.428,58,0
20130425,12.646,12.646,12.646,12.646,385,0
20130506,12.792,13.052,12.526,13.046,885,0
20130507,13.104,13.104,12.818,12.818,1817,0
20130508,14.248,15.548,13.468,15.548,4087,0
20130509,16.874,17.888,16.848,17.888,423,0
20130510,16.952,16.952,16.822,16.952,96,0
20130513,15.6,15.6,15.6,15.6,29,0
20130514,14.508,14.508,14.508,14.508,7,0
20130515,13.936,13.936,13.936,13.936,19,0
20130516,12.948,13.962,12.948,13.962,308,0
20130517,13.936,13.936,13.936,13.936,19,0
20130528,14.908,14.908,14.908,14.908,192,0
20130529,12.532,16.328,12.532,15.34,2635,0
20130530,16.64,16.64,15.262,15.262,577,0
20130531,15.86,15.86,15.86,15.86,96,0
20130603,14.778,14.784,14.778,14.778,231,0
20130604,14.352,14.684,14.352,14.684,507,0
20130611,17.628,17.628,17.368,17.368,77,0
20130612,16.12,16.12,16.12,16.12,38,0
20130613,15.178,15.178,14.352,15.08,246,0
20130617,13.156,15.08,13.156,15.08,87,0
20130618,14.508,14.508,14.508,14.508,29,0
20130624,12.324,12.428,7.592,11.908,1731,0
20130626,11.778,11.778,11.778,11.778,19,0
20130627,10.764,13.676,10.764,13.468,404,0
20130628,13.832,14.092,13.728,14.092,202,0
20130702,11.928,14.3,11.928,14.3,96,0
20130705,14.04,14.04,14.04,14.04,10,0
20130708,13.832,13.832,13.832,13.832,4,0
20130709,13.156,13.156,13.156,13.156,2,0
20130710,13.114,13.114,13.114,13.114,4,0
20130711,13.156,13.156,13.156,13.156,2,0
20130712,13.26,13.26,13.26,13.26,2,0
20130715,13.26,13.26,12.981,13.156,402,0
20130716,13.988,13.988,13.15,13.15,46,0
20130717,12.428,12.428,12.428,12.428,19,0
20130718,13.156,13.156,13.156,13.156,2,0
20130719,12.688,12.688,12.688,12.688,2,0
20130722,12.688,12.688,12.688,12.688,2,0
20130723,11.232,12.272,11.232,12.272,4,0
20130724,12.792,12.792,12.792,12.792,2,0
20130725,13.052,13.052,13.052,13.052,194,0
20130726,13.416,13.416,13.416,13.416,2,0
20130729,13.936,13.936,13.936,13.936,2,0
20130730,13.936,13.936,13.676,13.676,76,0
20130731,13.884,13.884,13.884,13.884,2,0
20130801,14.404,14.404,13.624,13.624,388,0
20130802,13.52,14.04,13.52,14.04,4,0
20130806,13.904,14.3,12.669,13.104,286,0
20130808,11.38,12.32,11.38,12.32,7,0
20130812,13.42,13.94,13.25,13.5,579,0
20130813,12.116,13.462,12.116,12.708,540,0
20130814,12.9,12.9,6.92,6.92,586,0
20130816,4.9,4.95,4.14,4.15,3644952,0
20130819,4.35,4.4,4.15,4.15,223811,0
20130820,4.15,4.3,4.15,4.27,256638,0
20130821,4.38,4.38,4.27,4.37,117580,0
20130822,4.4,4.85,4.4,4.77,474194,0
20130823,4.8,4.8,4.62,4.62,222328,0
20130826,4.64,4.67,4.3,4.35,114331,0
20130827,4.36,4.67,4.36,4.65,53782,0
20130828,4.66,4.66,4.33,4.45,63312,0
20130829,4.43,4.5031,4.33,4.41,26936,0
20130830,4.39,4.4,4.11,4.22,82451,0
20130903,4.1,4.44,4.1,4.39,94012,0
20130904,4.18,4.48,4.16,4.44,37053,0
20130905,4.36,4.48,4.35,4.42,31152,0
20130906,4.45,4.5,4.39,4.49,49728,0
20130909,4.45,4.57,4.45,4.55,55764,0
20130910,4.75,4.75,4.51,4.67,112007,0
20130911,4.74,5.1,4.7,4.92,356119,0
20130912,5,5.39,4.91,5.07,314235,0
20130913,5.24,5.66,5.1,5.66,140361,0
20130916,5.8,5.91,4.81,4.9,369057,0
20130917,4.88,4.99,4.77,4.94,76298,0
20130918,4.94,5,4.83,4.91,34502,0
20130919,4.9,5.11,4.89,4.98,64664,0
20130920,5,5,4.62,4.77,63596,0
20130923,4.76,4.76,4.55,4.71,30382,0
20130924,4.72,4.76,4.5,4.71,42500,0
20130925,4.72,4.72,4.54,4.55,14000,0
20130926,4.57,4.57,4.21,4.37,97700,0
20130927,4.35,4.45,4.25,4.37,28000,0
20130930,4.31,4.7,4.3,4.68,26800,0
20131001,4.67,4.67,4.31,4.42,24300,0
20131002,4.46,4.59,4.43,4.49,11100,0
20131003,4.55,4.66,4.27,4.34,25700,0
20131004,4.3,4.54,4.3,4.4,30200,0
20131007,4.41,4.6,4.41,4.52,38600,0
20131008,4.39,4.55,4.37,4.37,20200,0
20131009,4.41,4.41,4.35,4.39,13700,0
20131010,4.45,4.45,4.22,4.34,153500,0
20131011,4.26,4.44,4.25,4.36,18900,0
20131014,4.35,4.45,4.32,4.4,24400,0
20131015,4.55,4.55,4.36,4.42,30700,0
20131016,4.41,4.52,4.35,4.52,36400,0
20131017,4.51,4.51,4.27,4.5,32358,0
20131018,4.5,4.55,4.42,4.49,46500,0
20131021,4.5,4.66,4.5,4.6,42800,0
20131022,4.59,4.61,4.55,4.56,37300,0
20131023,4.58,4.6,4.3,4.35,32500,0
20131024,4.36,4.45,4.22,4.41,27700,0
20131025,4.42,4.45,4.22,4.22,8900,0
20131028,4.23,4.55,4.23,4.31,12000,0
20131029,4.35,4.51,4.35,4.41,6700,0
20131030,4.4,4.65,4.4,4.55,19000,0
20131031,4.63,4.679,4.46,4.64,30844,0
20131101,4.71,4.79,4.67,4.76,40700,0
20131104,4.81,4.85,4.5,4.51,20200,0
20131105,4.85,4.85,4.5,4.51,6500,0
20131106,4.5,4.62,4.5,4.54,12600,0
20131107,4.56,4.56,4.4,4.45,18000,0
20131108,4.5,4.57,4.4,4.57,5374,0
20131111,4.66,4.66,4.4,4.49,10700,0
20131112,4.45,4.54,4.4,4.54,12600,0
20131113,4.4,4.5,4.25,4.26,19000,0
20131114,4.4,4.4,4.08,4.17,36300,0
20131115,4.25,4.45,4.2,4.31,19900,0
20131118,4.65,4.65,4.29,4.29,18760,0
20131119,4.27,4.55,4.25,4.51,15200,0
20131120,4.71,4.71,4.39,4.39,44500,0
20131121,4.61,4.61,4.43,4.46,17172,0
20131122,4.45,4.45,4.11,4.25,53900,0
20131125,4.27,4.5,4.12,4.36,79900,0
20131126,4.33,4.35,4.2,4.32,12600,0
20131127,4.33,4.33,4.13,4.29,47600,0
20131129,4.26,4.33,4.1601,4.29,4737,0
20131202,4.2,4.3,4.17,4.22,49300,0
20131203,4.18,4.2,3.89,4.01,105100,0
20131204,4,4.16,3.96,3.96,45500,0
20131205,3.95,4.16,3.87,3.87,60000,0
20131206,4.1,4.11,3.85,3.9299,27499,0
20131209,3.94,4.05,3.84,3.99,28600,0
20131210,3.95,4,3.93,3.96,15089,0
20131211,3.95,4,3.9303,4,33914,0
20131212,3.97,3.99,3.79,3.8,28900,0
20131213,4.11,4.11,3.58,3.79,42606,0
20131216,3.7,3.8,3.58,3.7,33100,0
20131217,3.67,3.75,3.56,3.69,43500,0
20131218,3.65,3.91,3.51,3.57,95400,0
20131219,3.53,3.6,3.5,3.55,28346,0
20131220,3.51,3.87,3.5,3.87,47274,0
20131223,3.6301,3.849,3.6301,3.8,23527,0
20131224,3.8,3.85,3.8,3.8499,15229,0
20131226,3.72,3.9,3.72,3.78,47300,0
20131227,3.87,3.88,3.75,3.8,28300,0
20131230,3.8,3.85,3.61,3.67,41600,0
20131231,3.7,3.7,3.62,3.7,54200,0
20140102,3.72,3.839,3.71,3.74,42628,0
20140103,3.75,3.81,3.6596,3.67,70313,0
20140106,3.78,3.78,3.66,3.75,23000,0
20140107,3.75,3.7999,3.75,3.775,29981,0
20140108,3.78,3.7899,3.72,3.775,74138,0
20140109,3.75,4.189,3.7486,4.086,164783,0
20140110,4.2,4.38,4.01,4.38,124110,0
20140113,4.4,4.57,4.2635,4.31,86913,0
20140114,4.33,4.6,4.31,4.41,51900,0
20140115,4.47,4.6,4.4,4.6,45900,0
20140116,4.74,4.75,4.6,4.69,27400,0
20140117,4.75,5.18,4.65,4.81,137154,0
20140121,4.73,4.73,4.5304,4.54,31414,0
20140122,4.64,4.64,4.4,4.45,30500,0
20140123,4.58,4.58,4.01,4.1,117200,0
20140124,4.23,4.26,3.91,4,46900,0
20140127,4.07,4.07,3.8,3.98,44100,0
20140128,3.88,4.18,3.88,4.12,14400,0
20140129,4.11,4.11,3.942,3.97,17930,0
20140130,4.02,4.12,3.95,4.12,16300,0
20140131,4.02,4.03,3.88,3.89,20000,0
20140203,3.85,3.9,3.8,3.8404,14406,0
20140204,3.81,3.97,3.81,3.9,11818,0
20140205,3.93,3.94,3.81,3.9,16035,0
20140206,3.98,4,3.9,3.91,21904,0
20140207,3.88,3.99,3.87,3.97,14911,0
20140210,3.92,3.96,3.8,3.85,45504,0
20140211,3.84,3.84,3.74,3.74,36449,0
20140212,3.78,3.94,3.78,3.94,28348,0
20140213,3.94,4.0689,3.8405,4.0689,16874,0
20140214,3.86,4.06,3.86,3.96,43527,0
20140218,4,4,3.83,3.9,19046,0
20140219,3.77,3.94,3.77,3.8492,25237,0
20140220,3.94,4.08,3.9,4.03,19556,0
20140221,4.02,4.08,4,4.03,32065,0
20140224,4.05,4.08,3.965,4,33227,0
20140225,4.04,4.04,4,4.015,34272,0
20140226,3.81,4.03,3.81,4.03,19756,0
20140227,4.03,4.03,3.77,4.02,73707,0
20140228,3.89,3.989,3.86,3.88,69008,0
20140303,3.8,3.9392,3.8,3.88,39155,0
20140304,3.85,3.92,3.85,3.87,41164,0
20140305,3.87,3.97,3.87,3.88,27973,0
20140306,3.8501,3.9699,3.85,3.9699,55040,0
20140307,3.86,4.005,3.8201,3.96,136199,0
20140310,3.95,3.99,3.87,3.99,90676,0
20140311,3.9899,3.9899,3.87,3.87,51001,0
20140312,3.87,3.87,3.7001,3.83,95363,0
20140313,3.8,3.88,3.75,3.79,45943,0
20140314,3.75,3.8491,3.74,3.75,39382,0
20140317,3.88,3.88,3.54,3.62,141774,0
20140318,3.6,3.63,3.5,3.53,129273,0
20140319,3.51,3.56,3.4799,3.5,96897,0
20140320,3.5,3.57,3.5,3.51,59526,0
20140321,3.5,3.6601,3.5,3.65,70158,0
20140324,3.65,3.74,3.5,3.53,35729,0
20140325,3.55,3.6,3.4502,3.4996,50349,0
20140326,3.63,3.63,3.34,3.35,36100,0
20140327,3.5,3.5,3.3601,3.38,9146,0
20140328,3.59,3.59,3.27,3.27,69221,0
20140331,3.47,3.47,3.22,3.33,47657,0
20140401,3.5,3.62,3.33,3.36,72496,0
20140402,3.3601,3.5,3.36,3.479,14765,0
20140403,3.49,3.49,3.28,3.28,19013,0
20140404,3.47,3.47,3.12,3.2382,72285,0
20140407,3.34,3.34,3.15,3.24,23578,0
20140408,3.39,3.4,3.24,3.32,48663,0
20140409,3.33,3.39,3.25,3.33,11451,0
20140410,3.341,3.369,3.26,3.32,37279,0
20140411,3.32,3.37,3.26,3.26,36610,0
20140414,3.35,3.7301,3.35,3.38,91461,0
20140415,3.411,3.411,3.03,3.2,74785,0
20140416,3.209,3.3,3.181,3.2,11129,0
20140417,3.201,3.27,3.1999,3.27,13468,0
20140421,3.35,3.35,3.24,3.24,2626,0
20140422,3.24,3.6,3.24,3.48,57737,0
20140423,3.46,3.46,3.28,3.41,7814,0
20140424,3.3799,3.39,3.3799,3.381,1826,0
20140425,3.38,3.4,3.23,3.33,21701,0
20140428,3.39,3.4201,3.341,3.41,20390,0
20140429,3.41,3.44,3.3,3.31,20599,0
20140430,3.31,3.392,3.3,3.3108,27140,0
20140501,3.34,3.376,3.311,3.33,6202,0
20140502,3.3384,3.4,3.32,3.3251,12323,0
20140505,3.26,3.29,3.21,3.25,29303,0
20140506,3.251,3.2601,3.0999,3.19,29754,0
20140507,3.15,3.2,3.0301,3.2,20386,0
20140508,3.1699,3.1699,3.11,3.145,4916,0
20140509,3.2,3.2,3.1101,3.16,22754,0
20140512,3.1,3.1999,3.1,3.11,13521,0
20140513,3.1,3.17,3.1,3.12,15624,0
20140514,3.11,3.15,3.1,3.1,4423,0
20140515,3.15,3.15,3.1002,3.11,3025,0
20140516,3.1,3.15,3.1,3.11,6868,0
20140519,3.09,3.6,3.01,3.6,49615,0
20140520,3.58,3.58,3.01,3.08,42564,0
20140521,3.2786,3.28,3.11,3.1999,23616,0
20140522,3.21,3.21,3.11,3.15,10462,0
20140523,3.2,3.2,2.801,3.18,82839,0
20140527,3.2,3.21,3.18,3.19,37249,0
20140528,2.8601,3.19,2.8601,3.0895,37033,0
20140529,3.16,3.28,2.76,2.9596,49876,0
20140530,2.929,2.9501,2.9,2.918,6753,0
20140602,2.91,2.91,2.7901,2.8499,6710,0
20140603,2.75,2.7995,2.65,2.65,38353,0
20140604,2.6601,2.9,2.6,2.666,26154,0
20140605,2.75,2.75,2.58,2.5803,85372,0
20140606,2.66,2.88,2.25,2.4,90875,0
20140609,2.49,2.55,2.47,2.5,30202,0
20140610,2.5,2.54,2.47,2.5,44700,0
20140611,2.48,2.56,2.4699,2.47,24579,0
20140612,2.47,2.5,2.4199,2.46,36518,0
20140613,2.46,2.54,2.39,2.48,26705,0
20140616,2.48,2.48,2.31,2.35,56301,0
20140617,2.39,2.42,2.3,2.35,82793,0
20140618,2.35,2.35,2.17,2.24,240454,0
20140619,2.21,2.3,2.1999,2.2,96836,0
20140620,2.17,2.2,2.15,2.19,94384,0
20140623,2.19,2.2,2.1,2.19,75685,0
20140624,2.2,2.36,2.13,2.22,194547,0
20140625,2.27,2.3648,2.22,2.25,57816,0
20140626,2.2,2.25,2.19,2.213,26417,0
20140627,2.25,2.3,2.19,2.19,75179,0
20140630,2.21,2.3,2.2,2.24,91634,0
20140701,2.24,2.3,2.228,2.24,92461,0
20140702,2.24,2.75,2.24,2.58,272100,0
20140703,2.58,2.85,2.51,2.81,110731,0
20140707,2.8,2.82,2.7,2.72,58652,0
20140708,2.52,2.8,2.5,2.7,53389,0
20140709,2.57,2.78,2.57,2.68,35409,0
20140710,2.72,2.72,2.55,2.67,51439,0
20140711,2.68,2.8,2.67,2.7,18675,0
20140714,2.7,2.7199,2.68,2.7,17903,0
20140715,2.6748,2.79,2.582,2.73,22894,0
20140716,2.7279,2.7279,2.69,2.69,12848,0
20140717,2.67,2.7001,2.65,2.65,12612,0
20140718,2.65,2.66,2.56,2.62,40020,0
20140721,2.65,2.65,2.53,2.575,37915,0
20140722,2.55,2.59,2.42,2.43,22337,0
20140723,2.54,2.55,2.45,2.53,25166,0
20140724,2.36,2.5,2.36,2.4299,30841,0
20140725,2.4,2.5,2.39,2.47,42637,0
20140728,2.5,2.58,2.38,2.52,32610,0
20140729,2.49,2.7,2.45,2.63,57354,0
20140730,2.6,2.71,2.6,2.68,18750,0
20140731,2.4101,2.6599,2.4101,2.585,24976,0
20140801,2.5008,2.73,2.5008,2.6,13099,0
20140804,2.55,2.65,2.51,2.64,56530,0
20140805,2.53,2.6,2.53,2.6,22933,0
20140806,2.56,2.63,2.55,2.62,28378,0
20140807,2.65,2.65,2.45,2.61,46381,0
20140808,2.75,2.75,2.45,2.61,17557,0
20140811,2.48,2.68,2.48,2.58,14501,0
20140812,2.63,2.64,2.52,2.64,11853,0
20140813,2.58,2.67,2.5401,2.64,9499,0
20140814,2.65,2.75,2.562,2.75,27548,0
20140815,2.75,2.8,2.56,2.71,26328,0
20140818,2.66,2.8,2.64,2.75,12654,0
20140819,2.65,2.8,2.65,2.79,14740,0
20140820,2.67,2.97,2.67,2.81,13322,0
20140821,2.8201,2.9,2.795,2.83,32734,0
20140822,2.86,2.97,2.8,2.88,16515,0
20140825,2.87,3.08,2.86,3,30085,0
20140826,3.0139,3.29,3.0139,3.29,47875,0
20140827,3.17,3.28,3.15,3.21,21025,0
20140828,3.15,3.26,3.0095,3.08,11218,0
20140829,3.02,3.0799,2.8901,3,10722,0
20140902,3.037,3.0499,2.96,3.04,5810,0
20140903,3.059,3.059,2.92,2.92,7819,0
20140904,2.92,2.9612,2.92,2.95,7686,0
20140905,2.92,2.94,2.89,2.89,22900,0
20140908,2.97,3.24,2.97,3.23,25214,0
20140909,3.1,3.25,3,3.2,33716,0
20140910,3.16,3.34,3.16,3.2,19855,0
20140911,3.25,3.34,3.22,3.3,18141,0
20140912,3.23,3.34,3.2,3.26,22752,0
20140915,3.28,3.31,3.19,3.3,27506,0
20140916,3.27,3.33,3.136,3.23,33285,0
20140917,3.13,3.24,3.12,3.13,40950,0
20140918,3.13,3.15,3.0492,3.1,22043,0
20140919,3.13,3.2,2.81,2.86,108089,0
20140922,2.85,3.01,2.85,2.968,47795,0
20140923,2.91,3,2.91,2.96,16967,0
20140924,3,3.04,2.94,3.03,5721,0
20140925,2.94,2.99,2.88,2.99,17531,0
20140926,2.97,2.98,2.85,2.85,33870,0
20140929,2.86,2.9999,2.86,2.9,8486,0
20140930,2.85,2.93,2.85,2.93,67217,0
20141001,2.87,2.9001,2.87,2.9001,911,0
20141002,2.86,2.99,2.77,2.97,21925,0
20141003,2.9,2.97,2.855,2.855,16585,0
20141006,2.85,2.96,2.8494,2.96,3357,0
20141007,2.91,3.01,2.9,2.99,13525,0
20141008,2.89,2.97,2.8,2.93,22806,0
20141009,3,3.25,2.7556,3.25,19035,0
20141010,3.13,3.13,3.02,3.1,12109,0
20141013,3.1,3.1,2.97,2.97,13412,0
20141014,2.9,2.95,2.81,2.92,26676,0
20141015,2.91,2.94,2.8728,2.94,5958,0
20141016,2.8,2.95,2.8,2.9,54321,0
20141017,2.88,2.9,2.86,2.86,8499,0
20141020,2.94,2.94,2.88,2.92,11398,0
20141021,2.92,3.0947,2.7501,3.092,63047,0
20141022,2.9,3.02,2.86,2.89,15845,0
20141023,2.9,2.9,2.77,2.77,16869,0
20141024,2.97,2.97,2.67,2.72,29730,0
20141027,2.8,2.8,2.62,2.62,12286,0
20141028,2.6,2.64,2.44,2.64,19605,0
20141029,2.55,2.59,2.54,2.58,29792,0
20141030,2.57,2.62,2.55,2.62,18754,0
20141031,2.6199,2.659,2.55,2.64,11770,0
20141103,2.5799,2.59,2.56,2.5601,7109,0
20141104,2.56,3.23,2.56,3.2,61660,0
20141105,3.2,3.2,2.7,3.08,64368,0
20141106,2.72,3.04,2.65,3.01,14356,0
20141107,2.86,2.95,2.7201,2.82,34453,0
20141110,2.82,2.82,2.7,2.75,4808,0
20141111,2.71,2.79,2.66,2.66,2408,0
20141112,2.63,2.683,2.62,2.62,11792,0
20141113,2.57,2.6399,2.41,2.41,40376,0
20141114,2.38,2.43,2.26,2.41,41784,0
20141117,2.39,2.49,2.29,2.49,22095,0
20141118,2.39,2.39,2.29,2.34,17328,0
20141119,2.38,2.38,2.3,2.33,27451,0
20141120,2.31,2.35,2.29,2.34,24239,0
20141121,2.26,2.26,2.04,2.16,62618,0
20141124,2.18,2.3399,2.16,2.24,66088,0
20141125,2.32,2.37,2.17,2.37,35760,0
20141126,2.34,2.35,2.2401,2.35,37487,0
20141128,2.35,2.38,2.2801,2.3656,22609,0
20141201,2.6,2.83,2.524,2.83,278851,0
20141202,2.95,3.12,2.83,2.89,225338,0
20141203,3.01,3.01,2.8,2.98,94160,0
20141204,3.01,3.01,2.76,2.91,54750,0
20141205,2.95,2.95,2.76,2.83,86410,0
20141208,2.83,2.83,2.6,2.75,76266,0
20141209,2.73,2.73,2.6,2.69,38959,0
20141210,2.749,2.749,2.61,2.6716,46994,0
20141211,2.61,2.81,2.61,2.79,46066,0
20141212,2.74,2.85,2.7099,2.82,24847,0
20141215,1.06,1.13,0.49,0.523,7400445,0
20141216,0.5179,0.5236,0.423,0.45,2269603,0
20141217,0.47,0.53,0.4699,0.5,1418792,0
20141218,0.52,0.52,0.4502,0.49,1108228,0
20141219,0.4789,0.4789,0.43,0.45,874325,0
20141222,0.45,0.461,0.43,0.432,244271,0
20141223,0.45,0.4502,0.432,0.44,202910,0
20141224,0.45,0.4788,0.45,0.4649,282600,0
20141226,0.47,0.4788,0.44,0.47,382467,0
20141229,0.4664,0.53,0.4664,0.495,372199,0
20141230,0.49,0.525,0.485,0.515,616816,0
20141231,0.515,0.5794,0.5077,0.54,702333,0
20150102,0.54,0.57,0.503,0.5499,242500,0
20150105,0.5,0.57,0.5,0.51,285901,0
20150106,0.5231,0.5278,0.47,0.47,184349,0
20150107,0.498,0.498,0.47,0.4701,229247,0
20150108,0.47,0.51,0.47,0.49,167024,0
20150109,0.48,0.5175,0.47,0.475,163469,0
20150112,0.4755,0.5035,0.45,0.47,308392,0
20150113,0.4985,0.4985,0.4664,0.4868,100514,0
20150114,0.49,0.49,0.455,0.47,287715,0
20150115,0.4704,0.49,0.46,0.475,143564,0
20150116,0.46,0.4997,0.4503,0.49,223280,0
20150120,0.5,0.5,0.47,0.49,136454,0
20150121,0.475,0.4988,0.4521,0.4569,188472,0
20150122,0.4799,0.4799,0.4504,0.4598,198370,0
20150123,0.4519,0.484,0.45,0.4549,133836,0
20150126,0.4512,0.475,0.4512,0.468,88862,0
20150127,0.4698,0.5,0.4601,0.4886,91716,0
20150128,0.4664,0.475,0.45,0.45,222161,0
20150129,0.45,0.469,0.44,0.4687,299882,0
20150130,0.4505,0.479,0.4505,0.4762,103625,0
20150202,0.49,0.49,0.4619,0.467,52506,0
20150203,0.4428,0.4787,0.4428,0.461,72164,0
20150204,0.463,0.4799,0.42,0.435,107565,0
20150205,0.445,0.46,0.4299,0.4589,245340,0
20150206,0.45,0.4601,0.43,0.4551,63239,0
20150209,0.455,0.4698,0.45,0.4676,66210,0
20150210,0.451,0.48,0.451,0.48,80087,0
20150211,0.48,0.48,0.46,0.46,140856,0
20150212,0.46,0.46,0.445,0.4471,114282,0
20150213,0.435,0.46,0.435,0.4431,101846,0
20150217,0.46,0.46,0.4431,0.4502,64979,0
20150218,0.457,0.54,0.4511,0.53,503240,0
20150219,0.52,0.55,0.49,0.5057,523610,0
20150220,0.5,0.51,0.47,0.47,189719,0
20150223,0.49,0.53,0.48,0.49,218916,0
20150224,0.49,0.5,0.48,0.48,61914,0
20150225,0.48,0.485,0.47,0.4705,53587,0
20150226,0.47,0.5,0.47,0.49,66660,0
20150227,0.5,1.04,0.5,0.8,7587569,0
20150302,0.8,0.83,0.66,0.74,1382000,0
20150303,0.7,0.73,0.63,0.71,682500,0
20150304,0.66,0.87,0.65,0.81,1736900,0
20150305,0.83,0.91,0.73,0.73,1597200,0
20150306,0.74,0.77,0.7,0.7,362800,0
20150309,0.74,0.75,0.66,0.68,311600,0
20150310,0.7,0.78,0.66,0.71,262900,0
20150311,0.71,0.75,0.6,0.65,512000,0
20150312,0.65,0.69,0.58,0.61,217200,0
20150313,0.62,0.68,0.56,0.56,373300,0
20150316,0.57,0.6,0.56,0.58,171700,0
20150317,0.57,0.57,0.54,0.54,136300,0
20150318,0.56,0.65,0.56,0.59,213600,0
20150319,0.59,0.62,0.55,0.59,140200,0
20150320,0.62,0.62,0.56,0.57,153100,0
20150323,0.6,0.61,0.57,0.61,91800,0
20150324,0.6,0.6,0.54,0.58,271900,0
20150325,0.57,0.58,0.5,0.56,463500,0
20150326,0.55,0.59,0.47,0.54,228800,0
20150327,0.54,0.59,0.5,0.59,127200,0
20150330,0.56,0.56,0.54,0.55,34800,0
20150331,0.53,0.58,0.53,0.58,57800,0
20150401,0.56,0.6,0.54,0.59,269900,0
20150402,0.59,0.84,0.58,0.69,2538800,0
20150406,0.73,0.81,0.68,0.75,1170800,0
20150407,0.77,0.7979,0.7,0.7,247715,0
20150408,0.7,0.75,0.68,0.72,188800,0
20150409,0.75,0.75,0.66,0.662,284459,0
20150410,0.66,0.71,0.66,0.67,224300,0
20150413,0.69,0.83,0.69,0.8,715900,0
20150414,0.85,1.13,0.82,0.88,5543500,0
20150415,0.92,1.07,0.81,0.835,2199990,0
20150416,0.835,0.91,0.8305,0.86,450438,0
20150417,0.8,0.9,0.79,0.81,304500,0
20150420,0.802,0.849,0.7899,0.7968,328878,0
20150421,0.78,0.87,0.78,0.8102,581968,0
20150422,0.83,0.845,0.8128,0.82,214762,0
20150423,0.81,0.89,0.8,0.83,389700,0
20150424,0.81,0.84,0.76,0.8,544700,0
20150427,0.8,0.81,0.72,0.75,473700,0
20150428,0.8,0.8,0.75,0.76,104400,0
20150429,0.79,0.8,0.72,0.76,187100,0
20150430,0.74,0.78,0.72,0.74,210400,0
20150501,0.76,0.76,0.69,0.7,247700,0
20150504,0.73,0.76,0.69,0.75,204700,0
20150505,0.78,0.78,0.7,0.7,112900,0
20150506,0.7295,0.7295,0.67,0.67,505269,0
20150507,0.67,0.67,0.61,0.6575,353773,0
20150508,0.64,0.67,0.64,0.65,150600,0
20150511,0.65,0.67,0.65,0.65,183600,0
20150512,0.6696,0.6899,0.6516,0.67,148777,0
20150513,0.68,0.69,0.67,0.68,101100,0
20150514,0.65,0.67,0.63,0.65,134100,0
20150515,0.63,0.67,0.61,0.6464,190897,0
20150518,0.6695,0.6695,0.6229,0.65,101039,0
20150519,0.65,0.65,0.62,0.64,104100,0
20150520,0.65,0.84,0.62,0.78,2034200,0
20150521,0.86,1.17,0.82,0.86,10695100,0
20150522,0.92,0.96,0.82,0.85,1496000,0
20150526,0.96,0.96,0.85,0.88,995368,0
20150527,1.07,1.64,1.02,1.08,18677200,0
20150528,1.23,1.32,1.07,1.11,4084091,0
20150529,1.1,1.15,0.97,1.07,1216700,0
20150601,1.12,1.21,1.08,1.17,1031600,0
20150602,1.29,1.29,1.11,1.12,1535372,0
20150603,1.05,1.13,0.98,1.09,999200,0
20150604,1.1,1.14,1.05,1.08,315900,0
20150605,1.09,1.11,1.04,1.07,532900,0
20150608,1.08,1.19,1.04,1.15,348000,0
20150609,1.15,1.17,1.06,1.06,347880,0
20150610,1.08,1.1,1.01,1.03,394070,0
20150611,1,1.07,1,1.05,239453,0
20150612,1.04,1.09,1.03,1.05,188300,0
20150615,1.04,1.05,1,1,284200,0
20150616,1.02,1.02,0.9,0.92,539500,0
20150617,0.91,0.99,0.91,0.95,140200,0
20150618,0.95,1.03,0.93,0.98,365300,0
20150619,0.97,1.02,0.95,0.96,212000,0
20150622,1,1,0.96,0.96,87400,0
20150623,1,1,0.95,0.97,124731,0
20150624,0.95,0.99,0.91,0.95,187500,0
20150625,0.94,0.98,0.92,0.93,159200,0
20150626,0.93,0.98,0.9,0.9,159600,0
20150629,0.9,0.91,0.77,0.81,448200,0
20150630,0.8101,0.8399,0.76,0.7848,213320,0
20150701,0.78,0.8,0.78,0.78,80400,0
20150702,0.79,0.82,0.78,0.82,98000,0
20150706,0.81,0.83,0.79,0.8,72700,0
20150707,0.79,0.8,0.71,0.78,219200,0
20150708,0.8,0.8,0.72,0.75,105300,0
20150709,0.76,0.76,0.72,0.75,167600,0
20150710,0.77,0.81,0.74,0.78,58900,0
20150713,0.79,0.83,0.76,0.83,143800,0
20150714,0.81,0.885,0.81,0.86,102009,0
20150715,0.95,0.95,0.8701,0.9,295619,0
20150716,0.91,0.93,0.84,0.88,76100,0
20150717,0.87,0.88,0.84,0.88,77200,0
20150720,0.89,0.89,0.78,0.84,106100,0
20150721,0.82,0.88,0.79,0.82,136000,0
20150722,0.81,0.82,0.76,0.78,113400,0
20150723,0.79,0.84,0.76,0.77,100700,0
20150724,0.77,0.87,0.76,0.78,90700,0
20150727,0.78,0.87,0.77,0.86,344700,0
20150728,0.87,0.97,0.85,0.91,189900,0
20150729,0.94,0.99,0.81,0.9,343400,0
20150730,0.93,0.93,0.85,0.88,91300,0
20150731,0.86,0.87,0.81,0.87,43200,0
20150803,0.87,0.89,0.81,0.84,91701,0
20150804,0.85,0.86,0.79,0.8,86000,0
20150805,0.84,0.91,0.82,0.87,100100,0
20150806,0.888,0.93,0.8501,0.898,90571,0
20150807,0.9,0.92,0.86,0.9,143100,0
20150810,0.91,0.97,0.87,0.9,278400,0
20150811,0.88,0.9499,0.8501,0.9221,98962,0
20150812,0.93,1.02,0.92,0.96,372600,0
20150813,0.96,1.09,0.92,1.02,485400,0
20150814,1.13,1.13,0.93,0.94,641100,0
20150817,0.91,0.97,0.9,0.95,151000,0
20150818,0.95,0.95,0.93,0.94,129800,0
20150819,0.93,0.94,0.91,0.93,119400,0
20150820,0.91,0.94,0.88,0.93,99600,0
20150821,0.91,0.93,0.88,0.92,107500,0
20150824,0.88,0.89,0.8,0.81,219688,0
20150825,0.84,0.88,0.81,0.85,104600,0
20150826,0.85,0.86,0.8,0.86,108400,0
20150827,0.86,0.86,0.82,0.86,94000,0
20150828,0.85,0.9,0.85,0.89,69400,0
20150831,0.9,0.93,0.82,0.9,105400,0
20150901,0.9,0.91,0.85,0.85,81700,0
20150902,0.85,0.88,0.84,0.85,116400,0
20150903,0.86,0.88,0.83,0.84,60000,0
20150904,0.84,0.85,0.81,0.84,106500,0
20150908,0.84,0.84,0.81,0.84,52200,0
20150909,0.85,0.85,0.81,0.81,66800,0
20150910,0.8299,0.8299,0.81,0.8151,64792,0
20150911,0.83,0.88,0.81,0.85,162700,0
20150914,0.84,0.9,0.84,0.87,211200,0
20150915,0.88,0.88,0.83,0.86,79300,0
20150916,0.87,0.91,0.85,0.9,100600,0
20150917,0.91,1.03,0.8998,0.98,599573,0
20150918,0.96,1.09,0.96,1.02,566700,0
20150921,1,1.08,0.98,1,286300,0
20150922,1,1,0.92,0.96,132400,0
20150923,0.96,1.05,0.91,0.92,220500,0
20150924,0.9201,0.9379,0.8618,0.9,204957,0
20150925,0.9,0.91,0.87,0.88,176600,0
20150928,0.89,0.9,0.8602,0.896,170837,0
20150929,0.87,0.94,0.83,0.84,191900,0
20150930,0.86,0.9,0.8,0.85,100100,0
20151001,0.85,0.9,0.82,0.89,75400,0
20151002,0.88,0.94,0.86,0.87,133200,0
20151005,0.861,0.92,0.803,0.8412,133298,0
20151006,0.85,0.89,0.81,0.86,110400,0
20151007,0.84,0.96,0.82,0.92,99400,0
20151008,0.92,0.92,0.86,0.9,57900,0
20151009,0.89,0.92,0.86,0.9,112400,0
20151012,0.9,0.9,0.8355,0.8513,93428,0
20151013,0.86,0.89,0.84,0.87,47800,0
20151014,0.85,0.9,0.84,0.86,75300,0
20151015,0.87,0.87,0.84,0.86,77100,0
20151016,0.85,0.86,0.85,0.86,105600,0
20151019,0.87,0.87,0.82,0.86,145500,0
20151020,0.86,0.86,0.85,0.85,30138,0
20151021,0.84,0.86,0.83,0.85,97500,0
20151022,0.86,0.86,0.67,0.73,350900,0
20151023,0.73,0.8,0.72,0.8,108000,0
20151026,0.76,0.83,0.75,0.8,197700,0
20151027,0.83,0.83,0.68,0.74,443200,0
20151028,0.73,0.79,0.73,0.76,104800,0
20151029,0.76,0.76,0.72,0.73,65800,0
20151030,0.73,0.75,0.71,0.74,129300,0
20151102,0.75,0.7855,0.7402,0.7719,93162,0
20151103,0.78,0.9,0.77,0.85,333000,0
20151104,0.85,0.92,0.82,0.9,222103,0
20151105,0.91,0.91,0.8,0.83,123000,0
20151106,0.87,0.87,0.83,0.85,104200,0
20151109,0.85,0.9,0.801,0.8613,135077,0
20151110,3.31,3.72,2.15,2.9,25199400,0
20151111,2.8,3.35,2.36,3.2,12203000,0
20151112,3.42,3.85,3,3.05,13555200,0
20151113,3,3.19,2.42,2.51,4724600,0
20151116,2.31,2.6,2.11,2.33,1905700,0
20151117,2.05,2.17,1.8,1.84,2489500,0
20151118,1.8,2.25,1.71,2.25,2279200,0
20151119,2.59,2.66,2,2.03,2338800,0
20151120,2.05,2.21,2,2.13,817000,0
20151123,2.14,2.2,2.01,2.06,568000,0
20151124,2.02,2.16,2,2.02,453700,0
20151125,2.03,2.35,1.95,2.14,1046400,0
20151127,2.13,2.3,2.12,2.22,466300,0
20151130,2.3,2.46,2.05,2.1,874300,0
20151201,2.34,2.34,2.05,2.11,659255,0
20151202,2.11,2.15,1.98,2.03,565567,0
20151203,2.01,2.0297,1.86,1.93,633294,0
20151204,1.92,1.93,1.8,1.92,373900,0
20151207,1.9,1.93,1.73,1.8,477800,0
20151208,1.74,1.9,1.7,1.75,382910,0
20151209,1.73,1.81,1.71,1.76,225200,0
20151210,1.77,1.78,1.65,1.77,261800,0
20151211,1.77,1.84,1.61,1.65,314900,0
20151214,1.64,1.64,1.32,1.38,656244,0
20151215,1.4,1.6,1.34,1.49,350800,0
20151216,1.5,1.56,1.38,1.56,213200,0
20151217,1.56,1.76,1.46,1.74,481000,0
20151218,1.74,1.8,1.66,1.73,245000,0
20151221,1.73,1.79,1.66,1.75,166200,0
20151222,1.7665,1.7665,1.66,1.74,99011,0
20151223,1.71,1.8,1.67,1.68,98400,0
20151224,1.67,1.75,1.67,1.74,35131,0
20151228,1.68,1.88,1.68,1.75,232053,0
20151229,1.72,1.8299,1.66,1.7,107125,0
20151230,1.67,1.81,1.67,1.77,275874,0
20151231,1.77,1.86,1.72,1.78,181143,0
20160104,1.78,1.8,1.7,1.74,116325,0
20160105,1.76,1.84,1.68,1.76,216021,0
20160106,1.79,1.79,1.72,1.74,108854,0
20160107,1.7,1.8211,1.56,1.63,607051,0
20160108,1.65,1.715,1.5,1.53,248941,0
20160111,1.55,1.6099,1.38,1.5,255201,0
20160112,1.52,1.5599,1.42,1.47,216710,0
20160113,1.45,1.7899,1.45,1.55,448598,0
20160114,1.56,1.6,1.49,1.59,141355,0
20160115,1.54,1.69,1.4,1.67,242485,0
20160119,1.7,1.77,1.68,1.72,192000,0
20160120,1.71,1.8254,1.601,1.79,284137,0
20160121,1.79,2.1,1.76,2.01,292834,0
20160122,2.08,2.38,1.9254,2.34,902654,0
20160125,2.32,2.41,2.12,2.16,413028,0
20160126,2.15,2.24,2.02,2.16,225954,0
20160127,2.13,2.18,2.02,2.07,210775,0
20160128,2,2.7,1.8,2.04,2788582,0
20160129,2,2.01,1.801,1.9,476235,0
20160201,1.94,1.94,1.85,1.93,140065,0
20160202,1.88,1.92,1.8,1.83,199393,0
20160203,1.88,1.94,1.69,1.84,257361,0
20160204,1.83,1.89,1.71,1.77,372058,0
20160205,1.74,1.74,1.65,1.68,158692,0
20160208,1.66,1.6998,1.6,1.69,224233,0
20160209,1.69,1.7301,1.63,1.68,208590,0
20160210,1.67,1.73,1.56,1.64,407735,0
20160211,1.6,1.61,1.39,1.57,242200,0
20160212,1.59,1.6,1.527,1.58,108727,0
20160216,1.59,1.82,1.58,1.7,113069,0
20160217,1.68,1.8535,1.66,1.82,251276,0
20160218,1.87,1.88,1.76,1.81,74253,0
20160219,1.8,1.84,1.74,1.83,159091,0
20160222,1.85,1.85,1.74,1.82,137508,0
20160223,1.78,1.8196,1.75,1.76,35053,0
20160224,1.74,1.81,1.7,1.76,64207,0
20160225,1.81,1.81,1.7,1.77,102557,0
20160226,1.79,1.85,1.75,1.8,120960,0
20160229,1.82,1.83,1.75,1.77,35456,0
20160301,1.75,1.79,1.75,1.76,42036,0
20160302,1.72,1.85,1.71,1.83,205300,0
20160303,1.85,1.94,1.7601,1.88,245246,0
20160304,1.9,2.09,1.8201,2.02,226075,0
20160307,2.03,2.11,1.9312,2.04,117688,0
20160308,2.05,2.05,1.83,1.9199,171411,0
20160309,1.97,2.08,1.7801,1.86,124416,0
20160310,1.84,1.99,1.81,1.89,98592,0
20160311,1.89,1.95,1.88,1.92,61526,0
20160314,1.94,2.02,1.839,1.85,125170,0
20160315,1.86,1.89,1.71,1.77,154170,0
20160316,1.78,1.8499,1.735,1.82,102896,0
20160317,1.84,1.84,1.77,1.8175,34103,0
20160318,1.82,1.85,1.592,1.66,277782,0
20160321,1.7,1.76,1.66,1.66,128436,0
20160322,1.66,1.8,1.65,1.68,152761,0
20160323,1.7,1.7325,1.61,1.65,119619,0
20160324,1.54,1.59,1.35,1.39,877898,0
20160328,1.38,1.49,1.35,1.37,242824,0
20160329,1.37,1.46,1.37,1.43,169512,0
20160330,1.43,1.5162,1.4,1.43,80163,0
20160331,1.44,1.4999,1.42,1.44,67527,0
20160401,1.45,1.47,1.42,1.45,107080,0
20160404,1.47,1.5,1.46,1.46,202390,0
20160405,1.45,1.55,1.4,1.52,191000,0
20160406,1.56,1.5999,1.5,1.57,153095,0
20160407,1.58,1.63,1.52,1.545,76730,0
20160408,1.57,1.62,1.46,1.48,160740,0
20160411,1.47,1.49,1.33,1.37,296932,0
20160412,1.39,1.45,1.32,1.35,190880,0
20160413,1.33,1.37,1.25,1.25,219302,0
20160414,1.29,1.37,1.25,1.36,158433,0
20160415,1.36,1.45,1.3193,1.42,130144,0
20160418,1.42,1.42,1.36,1.39,177970,0
20160419,1.37,1.4499,1.32,1.32,173465,0
20160420,1.32,1.369,1.27,1.32,159910,0
20160421,1.33,1.38,1.26,1.28,174334,0
20160422,1.28,1.33,1.25,1.29,157440,0
20160425,1.29,1.32,1.25,1.31,187128,0
20160426,1.32,1.3599,1.26,1.285,125616,0
20160427,1.29,1.302,1.25,1.25,67832,0
20160428,1.26,1.26,1.19,1.2,114152,0
20160429,1.19,1.22,1.15,1.2,195869,0
20160502,1.15,1.48,1.15,1.34,638311,0
20160503,1.33,1.49,1.2375,1.41,637552,0
20160504,1.38,1.397,1.31,1.35,222460,0
20160505,1.35,1.3584,1.28,1.33,306017,0
20160506,1.7,1.82,1.42,1.57,2942581,0
20160509,1.31,1.405,1.21,1.28,951710,0
20160510,1.38,1.38,1.24,1.26,333287,0
20160511,1.28,1.29,0.98,1.09,985339,0
20160512,1.12,1.1499,0.92,0.96,1048762,0
20160513,0.9801,1.03,0.95,0.97,310559,0
20160516,0.97,0.97,0.87,0.9,673921,0
20160517,0.9,0.9339,0.88,0.886,316697,0
20160518,0.89,0.89,0.85,0.8609,305547,0
20160519,0.88,0.9,0.84,0.85,192430,0
20160520,0.83,0.8698,0.82,0.83,268802,0
20160523,0.83,0.92,0.8,0.92,669094,0
20160524,0.92,0.92,0.87,0.9,261625,0
20160525,0.9,0.96,0.87,0.93,286109,0
20160526,0.94,1.06,0.92,1,841093,0
20160527,1,1.05,0.9,0.99,520346,0
20160531,1,1.0199,0.95,0.9902,266094,0
20160601,0.99,0.9999,0.93,0.99,146457,0
20160602,0.99,1,0.96,0.9799,158344,0
20160603,0.99,1.25,0.98,1.09,1464587,0
20160606,1.22,1.22,1.06,1.12,713529,0
20160607,1.14,1.14,1.06,1.11,493507,0
20160608,1.12,1.13,1.01,1.08,816127,0
20160609,1.07,1.21,1.06,1.17,806749,0
20160610,2.79,3,1.9,1.98,31281823,0
20160613,1.89,2.18,1.77,2.1,8023324,0
20160614,2.01,2.25,2,2.16,3442530,0
20160615,2.22,2.33,2.11,2.17,2914167,0
20160616,2.15,2.22,2,2.09,1395609,0
20160617,2.1,2.1,2.01,2.01,758755,0
20160620,2,2.01,1.8,1.81,1156540,0
20160621,1.75,1.83,1.66,1.74,1096104,0
20160622,1.74,1.92,1.7,1.81,566468,0
20160623,1.79,1.9199,1.79,1.89,560423,0
20160624,1.85,1.9,1.8,1.8476,495382,0
20160627,1.85,1.85,1.71,1.72,496379,0
20160628,1.74,2.1,1.732,2.03,1276672,0
20160629,2.2,2.22,1.96,2,1399175,0
20160630,2.03,2.18,2,2.12,751994,0
20160701,2.19,2.21,2.05,2.17,862351,0
20160705,2.2,2.2,2.1,2.18,475705,0
20160706,2.19,2.19,2.1,2.14,443806,0
20160707,2.13,2.5,2.1201,2.49,2088130,0
20160708,2.56,2.59,2.26,2.44,1284623,0
20160711,2.49,2.55,2.35,2.47,438645,0
20160712,2.47,2.73,2.42,2.72,1885260,0
20160713,2.68,2.8624,2.55,2.68,1271221,0
20160714,2.68,2.7,2.55,2.59,747110,0
20160715,2.57,2.69,2.57,2.66,385042,0
20160718,2.66,3.309,2.65,3.12,4163029,0
20160719,3.23,4.45,3.15,4,15614515,0
20160720,4.1,4.15,3.57,3.81,3617823,0
20160721,3.51,4.32,3.21,3.96,4305843,0
20160722,3.95,4.6,3.9,4.38,4510500,0
20160725,5.25,5.98,4.92,5.95,8870765,0
20160726,6.29,8.55,5.33,5.64,27269492,0
20160727,5.59,6.34,4.66,5.11,11166520,0
20160728,5.4,5.75,5.15,5.4,2507430,0
20160729,5.95,6.32,5.61,5.86,6900596,0
20160801,6.04,6.22,5.32,5.49,4129318,0
20160802,5.62,5.62,4.8801,5.09,2670714,0
20160803,5.05,5.3,4.88,5.26,1619319,0
20160804,5.21,5.55,5.16,5.31,1660809,0
20160805,5.31,5.49,5.131,5.37,1117698,0
20160808,5.3,5.37,5.1,5.15,1167977,0
20160809,5.34,5.34,4.93,5.03,1426629,0
20160810,5.39,5.39,5.01,5.15,1051569,0
20160811,5.12,5.28,5.03,5.16,909102,0
20160812,5.11,5.19,4.98,5.05,743053,0
20160815,5.05,5.1,4.16,4.41,2664938,0
20160816,4.41,4.629,4.13,4.31,1903837,0
20160817,4.3,4.46,4.11,4.45,805042,0
20160818,4.46,5.72,4.4,5.68,2512717,0
20160819,5.31,6.129,5.16,5.79,6948650,0
20160822,5.81,6,5.555,5.82,2006136,0
20160823,4.07,4.09,3.8,3.89,9134331,0
20160824,3.83,3.836,3.25,3.38,4984870,0
20160825,3.55,3.78,3.44,3.5,4827325,0
20160826,3.57,3.65,3.4101,3.52,1813997,0
20160829,3.56,3.649,3.3114,3.37,2274367,0
20160830,3.59,3.59,3.15,3.22,2444210,0
20160831,3.15,3.18,2.88,2.98,2968559,0
20160901,3,3.03,2.85,2.94,1146898,0
20160902,2.96,3.3,2.96,3.11,3765884,0
20160906,3.14,3.19,3,3.05,1406165,0
20160907,3.04,3.04,2.88,2.93,1780509,0
20160908,2.91,2.92,2.75,2.81,1532433,0
20160909,2.79,2.81,2.67,2.7,1049168,0
20160912,2.67,2.99,2.52,2.91,2062338,0
20160913,2.88,2.97,2.73,2.81,1028845,0
20160914,2.77,2.94,2.77,2.8301,828714,0
20160915,3.16,3.24,2.9,2.96,5038992,0
20160916,3.03,3.05,2.86,2.93,1311019,0
20160919,2.95,2.965,2.77,2.9,1477845,0
20160920,2.95,3.08,2.83,3.03,1834647,0
20160921,3.03,3.07,2.88,2.9201,1357675,0
20160922,2.9,2.98,2.86,2.94,971390,0
20160923,2.93,2.9899,2.88,2.96,734797,0
20160926,2.98,3.24,2.95,3.22,3563386,0
20160927,3.25,3.48,3.22,3.3,3500720,0
20160928,3.33,3.36,3.07,3.07,1239988,0
20160929,3.08,3.1,2.99,3.08,903827,0
20160930,3.1,3.14,3.012,3.1,738938,0
20161003,3.12,3.13,3,3.05,713663,0
20161004,3.09,3.1,3,3.03,558058,0
20161005,3.05,3.0635,2.9,2.98,830426,0
20161006,2.95,2.99,2.78,2.84,942723,0
20161007,2.79,2.87,2.79,2.84,528046,0
20161010,2.82,2.94,2.78,2.85,543588,0
20161011,2.93,2.93,2.8,2.87,745393,0
20161012,2.89,2.98,2.83,2.86,615430,0
20161013,2.86,2.9,2.8,2.9,440436,0
20161014,2.94,2.94,2.82,2.87,454354,0
20161017,2.9,3.22,2.8429,3.17,3108390,0
20161018,3.28,3.3,2.85,2.99,2155021,0
20161019,2.96,3.09,2.9,3.06,672438,0
20161020,3.15,3.15,3,3.08,536914,0
20161021,3.1,3.1,2.97,3.06,324096,0
20161024,3.04,3.12,3,3.02,526724,0
20161025,3.02,3.02,2.92,2.97,491061,0
20161026,2.95,3.03,2.93,2.99,353419,0
20161027,2.94,2.9945,2.8,2.84,668146,0
20161028,2.82,2.93,2.81,2.86,677112,0
20161031,2.84,2.889,2.75,2.79,400690,0
20161101,2.77,2.77,2.61,2.71,470461,0
20161102,2.66,2.7,2.55,2.59,584999,0
20161103,2.56,2.58,2.2,2.23,1020784,0
20161104,2.28,2.48,2.23,2.32,634114,0
20161107,2.43,2.45,2.31,2.34,434431,0
20161108,2.27,2.43,2.22,2.35,344317,0
20161109,2.45,2.73,2.39,2.64,1112705,0
20161110,2.75,2.89,2.68,2.86,1129357,0
20161111,2.94,3.03,2.7617,2.97,950636,0
20161114,2.97,2.98,2.85,2.93,484183,0
20161115,2.93,2.93,2.78,2.81,496992,0
20161116,2.78,2.79,2.6,2.69,666397,0
20161117,2.79,2.83,2.59,2.81,585075,0
20161118,2.84,2.9,2.75,2.82,387360,0
20161121,2.79,2.85,2.77,2.84,299310,0
20161122,2.81,2.86,2.7,2.82,482828,0
20161123,2.79,2.83,2.7542,2.82,286205,0
20161125,2.8,2.87,2.77,2.84,175852,0
20161128,2.77,2.83,2.67,2.7,511023,0
20161129,2.79,3.2,2.66,3.01,3563836,0
20161130,2.98,2.9897,2.75,2.76,1323111,0
20161201,2.75,2.7899,2.57,2.63,1137175,0
20161202,2.61,2.9,2.57,2.81,663346,0
20161205,2.79,2.87,2.77,2.8,424246,0
20161206,2.81,2.87,2.7,2.76,396441,0
20161207,2.73,2.81,2.7,2.74,284289,0
20161208,2.72,2.79,2.67,2.74,404262,0
20161209,2.74,2.88,2.69,2.72,610714,0
20161212,2.94,3.05,2.71,2.92,2025437,0
20161213,2.93,3.12,2.88,2.98,1249423,0
20161214,2.94,2.96,2.85,2.88,491420,0
20161215,2.95,2.97,2.87,2.97,294834,0
20161216,2.97,3.04,2.91,2.93,618497,0
20161219,3.01,3.03,2.87,2.9,447235,0
20161220,2.86,2.95,2.82,2.88,300740,0
20161221,2.88,2.9101,2.78,2.84,368390,0
20161222,2.87,2.92,2.79,2.87,466765,0
20161223,2.86,2.89,2.82,2.89,317028,0
20161227,2.9,2.92,2.84,2.91,219015,0
20161228,2.89,2.92,2.79,2.83,283775,0
20161229,2.82,2.85,2.77,2.78,277091,0
20161230,2.78,2.83,2.75,2.8,358719,0
20170103,2.77,2.81,2.66,2.78,466845,0
20170104,2.75,2.82,2.71,2.76,335398,0
20170105,2.76,2.79,2.72,2.76,187417,0
20170106,2.72,2.78,2.68,2.6899,406187,0
20170109,2.7,2.77,2.66,2.77,499891,0
20170110,2.78,2.94,2.78,2.91,815505,0
20170111,2.93,2.95,2.77,2.88,449102,0
20170112,2.85,2.9,2.78,2.79,272060,0
20170113,2.82,2.9,2.8,2.88,365240,0
20170117,2.9,2.91,2.85,2.9,271534,0
20170118,2.91,3.2399,2.82,3.23,2485141,0
20170119,3.07,3.19,2.8,2.84,1457608,0
20170120,2.85,2.94,2.82,2.92,445050,0
20170123,2.87,2.92,2.83,2.89,298681,0
20170124,2.86,2.9,2.8,2.89,213671,0
20170125,2.88,2.9,2.81,2.85,319479,0
20170126,2.84,2.9,2.81,2.9,233398,0
20170127,2.86,3.06,2.85,2.98,725216,0
20170130,2.99,3.0499,2.88,2.88,322656,0
20170131,2.85,2.9126,2.79,2.89,486093,0
20170201,2.88,2.89,2.82,2.84,397718,0
20170202,2.9,2.9,2.8,2.82,517956,0
20170203,2.81,2.86,2.71,2.81,518708,0
20170206,2.81,2.84,2.74,2.76,430648,0
20170207,2.81,2.81,2.75,2.79,216098,0
20170208,2.8,2.8,2.73,2.73,274158,0
20170209,2.75,2.85,2.74,2.81,445960,0
20170210,2.81,2.84,2.77,2.82,140367,0
20170213,2.8,2.8316,2.75,2.81,304822,0
20170214,2.8,2.83,2.77,2.81,182597,0
20170215,2.78,2.83,2.78,2.81,244550,0
20170216,2.78,2.9,2.77,2.79,395087,0
20170217,2.8,2.81,2.73,2.76,307420,0
20170221,2.77,2.77,2.6,2.66,662538,0
20170222,2.68,2.68,2.57,2.6,527545,0
20170223,2.6,2.68,2.57,2.63,236086,0
20170224,2.68,2.68,2.54,2.583,337098,0
20170227,2.61,2.65,2.4,2.65,634351,0
20170228,2.66,2.67,2.57,2.64,259031,0
20170301,2.67,2.68,2.6,2.64,243814,0
20170302,2.62,2.7,2.55,2.63,424274,0
20170303,2.59,2.63,2.55,2.6,274541,0
20170306,2.56,2.6,2.45,2.53,379166,0
20170307,2.49,2.59,2.4,2.4,452838,0
20170308,2.41,2.49,2.33,2.47,408866,0
20170309,2.48,2.55,2.42,2.49,192905,0
20170310,2.47,2.4993,2.4,2.42,230961,0
20170313,2.4601,2.89,2.46,2.77,1642010,0
20170314,2.72,2.73,2.48,2.52,784608,0
20170315,2.53,2.59,2.48,2.54,322620,0
20170316,2.54,2.56,2.48,2.54,190377,0
20170317,2.54,2.5799,2.5,2.55,210031,0
20170320,2.63,2.65,2.58,2.59,454018,0
20170321,2.66,2.68,2.51,2.54,305774,0
20170322,2.5,2.58,2.49,2.55,330319,0
20170323,2.54,2.59,2.51,2.58,568457,0
20170324,2.72,2.95,2.67,2.87,2166152,0
20170327,2.92,2.95,2.8,2.84,773929,0
20170328,2.87,2.87,2.6801,2.78,552354,0
20170329,2.76,2.83,2.65,2.8,380859,0
20170330,2.8,2.85,2.78,2.85,310851,0
20170331,2.81,2.88,2.71,2.83,219502,0
20170403,2.85,2.85,2.66,2.68,516384,0
20170404,2.7,2.75,2.66,2.72,308634,0
20170405,2.7,2.73,2.5784,2.61,323139,0
20170406,2.68,2.68,2.51,2.54,402116,0
20170407,2.51,2.58,2.5,2.58,305835,0
20170410,2.59,2.6397,2.58,2.6,259823,0
20170411,2.59,2.59,2.51,2.57,149289,0
20170412,2.58,2.5801,2.5,2.53,240907,0
20170413,2.52,2.58,2.51,2.56,140298,0
20170417,2.57,2.62,2.5462,2.59,207595,0
20170418,2.55,2.5938,2.52,2.5563,159128,0
20170419,2.59,2.6399,2.55,2.59,194706,0
20170420,2.62,2.7,2.62,2.68,227640,0
20170421,2.7,2.74,2.6,2.6,148096,0
20170424,2.64,2.69,2.57,2.61,207403,0
20170425,2.61,2.68,2.59,2.61,169778,0
20170426,2.6,2.6361,2.54,2.56,268229,0
20170427,2.6,2.63,2.54,2.55,165538,0
20170428,2.54,2.6,2.5,2.5777,206198,0
20170501,2.59,2.61,2.54,2.587,213076,0
20170502,2.56,2.59,2.51,2.57,210453,0
20170503,2.6,2.6,2.5,2.57,169888,0
20170504,2.55,2.5799,2.52,2.56,94464,0
20170505,2.54,2.57,2.52,2.57,128352,0
20170508,2.53,2.57,2.51,2.53,156905,0
20170509,2.53,2.56,2.43,2.54,295315,0
20170510,2.56,2.56,2.51,2.55,202313,0
20170511,2.57,2.6,2.5335,2.59,136727,0
20170512,2.59,2.7199,2.54,2.65,851190,0
20170515,2.65,2.71,2.58,2.59,288846,0
20170516,2.56,2.62,2.3511,2.49,510611,0
20170517,2.5,2.54,2.42,2.43,260359,0
20170518,2.41,2.467,2.4,2.41,134586,0
20170519,2.45,2.51,2.43,2.49,206512,0
20170522,2.5,2.5762,2.47,2.48,134247,0
20170523,2.47,2.48,2.42,2.42,431986,0
20170524,2.6,2.6,2.46,2.49,366338,0
20170525,2.47,2.5101,2.45,2.47,171973,0
20170526,2.47,2.48,2.4445,2.46,179348,0
20170530,2.51,2.51,2.44,2.44,203523,0
20170531,2.44,2.45,2.16,2.38,457106,0
20170601,2.43,2.43,2.35,2.38,161359,0
20170602,2.4,2.55,2.29,2.39,585895,0
20170605,2.47,2.49,2.412,2.45,188726,0
20170606,2.43,2.4638,2.39,2.4,121565,0
20170607,2.4,2.47,2.39,2.45,100638,0
20170608,2.47,2.5,2.41,2.45,118106,0
20170609,2.47,2.4885,2.4,2.43,134489,0
20170612,2.43,2.44,2.28,2.33,329048,0
20170613,2.36,2.36,2.19,2.2499,398524,0
20170614,2.21,2.25,2.15,2.19,170053,0
20170615,2.15,2.28,2.15,2.22,279659,0
20170616,2.22,2.2276,2.11,2.13,184980,0
20170619,2.12,2.13,1.83,2.0279,548834,0
20170620,2.04,2.12,2.001,2.04,160021,0
20170621,2.06,2.1301,2.02,2.05,247759,0
20170622,2.03,2.08,1.99,2.06,147748,0
20170623,2.06,2.06,2,2.06,393370,0
20170626,2.17,2.17,2.07,2.11,155719,0
20170627,2.13,2.41,2.13,2.41,856717,0
20170628,2.5,2.55,2.32,2.39,534467,0
20170629,2.37,2.37,2.15,2.27,337354,0
20170630,2.26,2.3979,2.16,2.2,211595,0
20170703,2.26,2.26,2.15,2.2,93326,0
20170705,2.19,2.22,2.13,2.16,204041,0
20170706,2.18,2.18,2.09,2.09,170683,0
20170707,2.15,2.1507,2.1,2.12,89261,0
20170710,2.1,2.1744,2.1,2.14,104338,0
20170711,2.17,2.17,2.1,2.12,124742,0
20170712,2.1,2.14,2.1,2.13,136358,0
20170713,2.11,2.15,2.02,2.13,211096,0
20170714,2.13,2.25,2.08,2.17,179080,0
20170717,2.14,2.2,2.1,2.16,116855,0
20170718,2.14,2.1913,2.09,2.1,170544,0
20170719,2.13,2.152,2.08,2.0979,103271,0
20170720,2.07,2.13,2.01,2.07,156331,0
20170721,2.11,2.12,2.02,2.07,156666,0
20170724,2.06,2.1,2.0189,2.0557,141926,0
20170725,2.06,2.07,2,2.05,120105,0
20170726,2.04,2.09,2.03,2.07,136649,0
20170727,2.05,2.11,1.96,2.03,174778,0
20170728,2.06,2.06,1.95,1.99,186691,0
20170731,1.99,1.9911,1.9,1.92,227823,0
20170801,1.98,2,1.8503,1.9,289375,0
20170802,1.92,1.92,1.8129,1.9,117265,0
20170803,1.89,1.89,1.8,1.815,294266,0
20170804,1.85,1.92,1.82,1.8999,131725,0
20170807,2.04,2.04,1.86,1.87,105313,0
20170808,1.87,1.99,1.82,1.9801,129287,0
20170809,1.97,2.02,1.9014,2,102082,0
20170810,2,2.03,1.83,1.93,293072,0
20170811,1.99,2,1.83,1.86,152979,0
20170814,1.85,1.85,1.81,1.83,97877,0
20170815,1.86,1.8892,1.8,1.85,116034,0
20170816,1.85,1.87,1.82,1.8354,111574,0
20170817,1.81,1.87,1.8,1.8599,65757,0
20170818,1.85,1.99,1.81,1.9,154243,0
20170821,1.92,1.96,1.82,1.82,74134,0
20170822,1.83,1.92,1.83,1.89,86404,0
20170823,1.93,1.94,1.87,1.91,92073,0
20170824,1.91,2,1.91,1.98,92711,0
20170825,2,2.08,2,2.02,147097,0
20170828,2.07,2.1,2.0489,2.08,98777,0
20170829,2.07,2.3,2.06,2.3,378918,0
20170830,2.36,2.36,2.18,2.2,210715,0
20170831,2.25,2.25,2.1,2.17,120144,0
20170901,2.15,2.1779,2.04,2.07,211419,0
20170905,2.05,2.09,1.9,1.97,227726,0
20170906,1.99,2.05,1.9401,2.04,226665,0
20170907,2.04,2.15,2,2.1,95007,0
20170908,2.07,2.2086,2.07,2.17,179087,0
20170911,2.19,2.205,2.1014,2.14,174415,0
20170912,2.18,2.26,2.1101,2.17,280056,0
20170913,2.22,2.31,2.21,2.26,329639,0
20170914,2.26,2.29,2.11,2.28,235590,0
20170915,2.28,2.34,2.23,2.33,255478,0
20170918,2.34,2.35,2.28,2.322,191891,0
20170919,2.32,2.35,2.3,2.3342,62854,0
20170920,2.32,2.35,2.2745,2.34,96005,0
20170921,2.34,2.34,2.21,2.24,230132,0
20170922,2.21,2.2999,2.18,2.25,140719,0
20170925,2.28,2.28,2.18,2.21,84113,0
20170926,2.26,2.2717,2.12,2.18,143225,0
20170927,2.16,2.2232,2.08,2.16,180904,0
20170928,2.13,2.18,2.11,2.15,132277,0
20170929,2.1,2.18,2.1,2.16,154065,0
20171002,2.12,2.2,2.12,2.16,161832,0
20171003,2.16,2.3,2.16,2.2,181483,0
20171004,2.17,2.26,2.15,2.17,176053,0
20171005,2.17,2.24,2.17,2.21,103785,0
20171006,2.25,2.4,2.2054,2.3458,443464,0
20171009,2.44,2.48,2.361,2.4,440797,0
20171010,2.47,2.57,2.41,2.5,376600,0
20171011,2.57,2.57,2.42,2.4698,204794,0
20171012,2.47,2.5,2.34,2.39,198424,0
20171013,2.3628,2.42,2.3,2.35,164216,0
20171016,2.34,2.415,2.255,2.29,198117,0
20171017,2.27,2.35,2.26,2.28,132661,0
20171018,2.3,2.3,2.2201,2.2429,191784,0
20171019,2.29,2.2975,2.2,2.24,172391,0
20171020,2.27,2.38,2.2552,2.33,155165,0
20171023,2.33,2.35,2.2715,2.28,79429,0
20171024,2.28,2.3,2.2,2.26,190864,0
20171025,2.23,2.2722,2.1501,2.2,204993,0
20171026,2.2,2.24,2.15,2.18,98429,0
20171027,2.17,2.22,2.15,2.19,113849,0
20171030,2.16,2.249,2.1436,2.16,189418,0
20171031,2.18,2.23,2.12,2.18,95557,0
20171101,2.16,2.19,2.06,2.09,192171,0
20171102,2.06,2.15,2.06,2.14,64771,0
20171103,2.15,2.23,2.1485,2.209,119229,0
20171106,2.18,2.25,2.11,2.2199,132514,0
20171107,2.25,2.25,2.06,2.1,198112,0
20171108,2.07,2.16,2.05,2.09,161489,0
20171109,2.11,2.2247,2.05,2.14,131795,0
20171110,2.1,2.2,2.0597,2.1799,99968,0
20171113,2.17,2.19,2.05,2.06,182657,0
20171114,2.05,2.1428,1.96,2.05,437870,0
20171115,2.05,2.1,2,2.06,101688,0
20171116,2.05,2.1127,2.05,2.0886,82284,0
20171117,2.06,2.14,2.001,2.06,121889,0
20171120,2.05,2.07,2.01,2.0449,79746,0
20171121,2.07,2.13,2.0216,2.1,112792,0
20171122,2.12,2.16,2.0952,2.12,155696,0
20171124,2.12,2.19,2.1,2.14,45698,0
20171127,2.12,2.14,2.0694,2.1102,113454,0
20171128,2.12,2.18,2.061,2.0948,110149,0
20171129,2.1,2.15,2.04,2.1,120768,0
20171130,2.1,2.1,2.0085,2.0466,169754,0
20171201,2.02,2.07,1.8,1.97,484033,0
20171204,1.98,2.09,1.95,2,168848,0
20171205,1.98,2.05,1.9549,1.98,145610,0
20171206,1.98,1.98,1.9,1.91,180920,0
20171207,1.9,1.95,1.86,1.91,114834,0
20171208,1.9,1.9584,1.87,1.89,154160,0
20171211,1.9,2.15,1.89,2.0801,1003401,0
20171212,2.09,2.15,2.01,2.09,210321,0
20171213,2.07,2.29,2.05,2.22,865568,0
20171214,2.2,2.42,2.2,2.35,674980,0
20171215,2.37,2.47,2.2,2.21,764294,0
20171218,2.25,2.39,2.25,2.32,247688,0
20171219,2.35,2.35,2.15,2.23,191936,0
20171220,2.29,2.39,2.15,2.25,257066,0
20171221,2.25,2.27,2.13,2.22,438496,0
20171222,2.2,2.27,2.1491,2.21,188211,0
20171226,2.18,2.28,2.18,2.24,105086,0
20171227,2.25,2.32,2.23,2.27,108757,0
20171228,2.3,2.3,2.2001,2.3,144505,0
20171229,2.3,2.34,2.22,2.27,319400,0
20180102,2.25,2.35,2.23,2.3,171175,0
20180103,2.31,2.34,2.26,2.26,162246,0
20180104,2.27,2.33,2.27,2.3099,206685,0
20180105,2.31,2.49,2.28,2.44,518704,0
20180108,2.45,2.49,2.36,2.4,239143,0
20180109,2.4,2.4,2.21,2.27,546372,0
20180110,2.25,2.3,2.22,2.28,157758,0
20180111,2.29,2.3,2.261,2.28,155337,0
20180112,2.3,2.34,2.25,2.29,121281,0
20180116,2.31,2.32,2.21,2.27,252348,0
20180117,2.25,2.28,2.2,2.24,264422,0
20180118,2.25,2.26,2.17,2.2,184388,0
20180119,2.19,2.24,2.17,2.22,61433,0
20180122,2.19,2.37,2.18,2.32,782500,0
20180123,2.33,2.36,2.3,2.3094,232811,0
20180124,2.35,2.35,2.27,2.31,123555,0
20180125,2.3,2.35,2.251,2.265,184844,0
20180126,2.29,2.299,2.19,2.23,175159,0
20180129,2.26,2.28,2.201,2.27,208590,0
20180130,2.29,2.29,2.2,2.22,153896,0
20180131,2.24,2.26,2.19,2.22,156914,0
20180201,2.24,2.25,2.12,2.23,290990,0
20180202,2.21,2.23,2.11,2.14,236310,0
20180205,2.1,2.12,1.9,1.9711,623491,0
20180206,1.96,2.12,1.92,2.07,286615,0
20180207,2.09,2.13,2.02,2.05,143712,0
20180208,2.04,2.111,1.96,1.96,246219,0
20180209,2,2.06,1.93,2.05,197963,0
20180212,2.06,2.09,2,2.02,101526,0
20180213,2,2.05,1.95,2,223793,0
20180214,2,2.06,1.96,2.02,181084,0
20180215,2.05,2.17,1.97,2.15,302560,0
20180216,2.2,2.2,2.08,2.08,150607,0
20180220,2.06,2.12,2.06,2.06,135625,0
20180221,2.05,2.139,2.04,2.09,154657,0
20180222,2.12,2.12,2.07,2.09,97024,0
20180223,2.1,2.16,2.075,2.15,116053,0
20180226,2.15,2.22,2.1285,2.1493,146848,0
20180227,2.2,2.2,2.1,2.14,145952,0
20180228,2.14,2.14,2.051,2.1,113691,0
20180301,2.08,2.15,2.06,2.09,140576,0
20180302,2.09,2.19,2.0501,2.17,202234,0
20180305,2.17,2.18,2.11,2.15,126757,0
20180306,2.17,2.2,2.14,2.15,132187,0
20180307,2.12,2.22,2.11,2.15,130347,0
20180308,2.17,2.2,2.15,2.18,79261,0
20180309,2.16,2.19,2.12,2.14,169768,0
20180312,2.15,2.19,2.1,2.12,213597,0
20180313,2.15,2.16,2.12,2.14,91935,0
20180314,2.13,2.16,2.1,2.1,92064,0
20180315,2.1,2.11,2.09,2.09,119696,0
20180316,2.1,2.19,2.09,2.18,195963,0
20180319,2.16,2.18,2.06,2.12,103232,0
20180320,2.11,2.1784,2.07,2.14,55929,0
20180321,2.16,2.2,2.1,2.16,128484,0
20180322,2.1,2.18,2.0952,2.14,80102,0
20180323,2.15,2.2,2.1,2.12,187515,0
20180326,2.18,2.18,2.0801,2.14,141020,0
20180327,2.13,2.1599,2.09,2.1,100810,0
20180328,2.1,2.12,2.03,2.09,110845,0
20180329,2.09,2.09,2,2.01,135329,0
20180402,2.03,2.0302,1.96,2,201377,0
20180403,2,2.04,1.985,2.01,96592,0
20180404,2,2.0966,2,2.06,87788,0
20180405,2.05,2.07,1.98,2.05,62719,0
20180406,2.02,2.08,2.02,2.03,68405,0
20180409,2.06,2.1,2.01,2.05,51768,0
20180410,2.08,2.09,2.06,2.09,98645,0
20180411,2.14,2.17,2.08,2.14,115016,0
20180412,2.17,2.1836,2.12,2.17,97297,0
20180413,2.16,2.19,2.15,2.17,110373,0
20180416,2.17,2.19,2.15,2.15,63576,0
20180417,2.17,2.1999,2.14,2.18,93521,0
20180418,2.17,2.2,2.145,2.15,134066,0
20180419,2.16,2.19,2.15,2.17,64689,0
20180420,2.16,2.19,2.16,2.1776,35380,0
20180423,2.16,2.19,2.1,2.16,151687,0
20180424,2.16,2.18,2.13,2.13,140487,0
20180425,2.12,2.16,2.1,2.1,125217,0
20180426,2.1,2.31,2.1,2.24,461655,0
20180427,2.23,2.45,2.23,2.44,690905,0
20180430,2.49,2.75,2.48,2.72,1293203,0
20180501,2.72,2.8683,2.62,2.85,605929,0
20180502,2.9,3.06,2.81,2.93,1250467,0
20180503,2.91,2.92,2.7101,2.87,503588,0
20180504,2.9,2.91,2.8209,2.86,301887,0
20180507,2.85,2.923,2.82,2.88,329983,0
20180508,2.9,2.9,2.82,2.85,303449,0
20180509,2.84,2.9,2.7,2.84,389448,0
20180510,2.81,2.87,2.74,2.74,247442,0
20180511,2.73,2.99,2.7,2.89,354934,0
20180514,2.92,3.139,2.88,3.09,639097,0
20180515,3.19,3.58,3.121,3.52,1885388,0
20180516,3.55,3.7,3.301,3.51,1106525,0
20180517,3.54,3.57,3.27,3.36,602979,0
20180518,3.6,3.67,3.48,3.61,1057392,0
20180521,3.63,3.75,3.49,3.5,628303,0
20180522,3.51,3.67,3.41,3.57,306774,0
20180523,3.57,3.62,3.471,3.54,285965,0
20180524,3.56,3.63,3.51,3.58,235815,0
20180525,3.58,3.619,3.46,3.56,258826,0
20180529,3.57,3.6,3.44,3.6,221722,0
20180530,3.59,3.84,3.57,3.77,753035,0
20180531,3.9,4.05,3.64,3.72,995896,0
20180601,3.77,3.8145,3.13,3.45,949820,0
20180604,3.46,3.57,3.25,3.41,557216,0
20180605,3.38,3.63,3.34,3.56,348207,0
20180606,3.55,3.8,3.475,3.75,433370,0
20180607,3.76,3.84,3.5942,3.75,587295,0
20180608,3.78,3.85,3.57,3.83,648613,0
20180611,3.85,3.85,3.66,3.72,660958,0
20180612,3.7,3.83,3.7,3.75,286817,0
20180613,3.75,3.83,3.72,3.79,269292,0
20180614,3.78,3.8,3.72,3.74,326108,0
20180615,3.75,3.8,3.6984,3.77,635744,0
20180618,3.78,3.82,3.7101,3.75,325577,0
20180619,3.74,3.7499,3.63,3.73,540645,0
20180620,3.73,3.82,3.7099,3.79,391561,0
20180621,3.82,3.84,3.7215,3.81,340350,0
20180622,3.83,3.83,3.71,3.75,284828,0
20180625,1.97,2.42,1.85,2.24,5008134,0
20180626,2.4,3.36,2.3,3.02,6385678,0
20180627,3.01,3.06,2.66,2.91,1393846,0
20180628,2.9,2.9,2.49,2.77,1104492,0
20180629,2.78,2.9499,2.75,2.81,472771,0
20180702,2.83,2.83,2.63,2.73,323321,0
20180703,2.75,2.83,2.67,2.83,219822,0
20180705,2.84,2.97,2.7447,2.92,387031,0
20180706,2.93,2.99,2.91,2.95,285141,0
20180709,2.96,3.1293,2.93,3.01,487922,0
20180710,3.02,3.05,2.9694,2.98,79688,0
20180711,2.97,3.08,2.93,3.07,148798,0
20180712,3.07,3.1598,3.06,3.1,153788,0
20180713,3.12,3.2,3.101,3.17,314790,0
20180716,3.19,3.25,3.01,3.06,226187,0
20180717,3.04,3.1,2.971,3.09,249792,0
20180718,3.08,3.195,2.9,3.16,390147,0
20180719,3.14,3.17,3.04,3.15,200878,0
20180720,3.17,3.18,3.05,3.09,124085,0
20180723,3.07,3.18,3.0301,3.15,300053,0
20180724,3.14,3.14,3,3.06,235754,0
20180725,3.03,3.12,3.03,3.05,62764,0
20180726,3.03,3.17,3.01,3.01,92031,0
20180727,3.05,3.0685,2.9224,2.95,176183,0
20180730,2.95,2.9752,2.65,2.85,397324,0
20180731,2.83,2.9,2.79,2.85,90587,0
20180801,2.86,2.9099,2.79,2.85,162557,0
20180802,2.9,2.9,2.715,2.81,187075,0
20180803,2.81,2.8471,2.74,2.79,128742,0
20180806,2.8,2.8,2.6973,2.78,175568,0
20180807,2.77,2.8,2.73,2.78,105835,0
20180808,2.75,2.82,2.686,2.76,136161,0
20180809,2.78,2.829,2.69,2.73,110821,0
20180810,2.74,2.7622,2.6901,2.75,58682,0
20180813,2.77,2.7735,2.61,2.62,197338,0
20180814,2.64,2.829,2.63,2.742,188138,0
20180815,2.66,2.73,2.5,2.5,372836,0
20180816,2.54,2.6004,2.4805,2.54,143260,0
20180817,2.56,2.5756,2.35,2.39,327985,0
20180820,2.41,2.45,2.36,2.44,77499,0
20180821,2.45,2.6,2.35,2.58,205977,0
20180822,2.6,2.62,2.53,2.59,59946,0
20180823,2.68,2.68,2.52,2.57,63142,0
20180824,2.55,2.6,2.5,2.57,92954,0
20180827,2.6,2.66,2.56,2.6,184050,0
20180828,2.6,2.622,2.5502,2.56,63990,0
20180829,3.04,3.49,2.91,3.19,6263670,0
20180830,3.25,3.31,3.1524,3.23,677810,0
20180831,3.19,3.28,3.15,3.21,285612,0
20180904,3.22,3.23,3.085,3.16,294985,0
20180905,3.15,3.19,3.06,3.11,380064,0
20180906,3.16,3.16,3,3.01,344218,0
20180907,3,3.14,2.981,3.03,235899,0
20180910,3.05,3.054,2.81,2.87,405980,0
20180911,2.83,2.8884,2.71,2.73,314188,0
20180912,2.75,2.85,2.73,2.76,158593,0
20180913,2.77,2.81,2.73,2.73,119771,0
20180914,2.75,2.7584,2.65,2.65,137440,0
20180917,2.66,2.6882,2.58,2.59,113958,0
20180918,2.5939,2.613,2.51,2.56,132695,0
20180919,2.56,2.75,2.56,2.68,200627,0
20180920,2.71,2.8642,2.65,2.66,517761,0
20180921,2.7,2.7,2.55,2.67,286177,0
20180924,2.7,2.8,2.64,2.8,275797,0
20180925,2.77,2.94,2.6996,2.91,444548,0
20180926,2.92,2.94,2.86,2.91,207048,0
20180927,2.92,2.95,2.87,2.9,200259,0
20180928,2.88,2.8801,2.7,2.79,267639,0
20181001,2.85,2.8688,2.69,2.74,163458,0
20181002,2.75,2.75,2.601,2.66,155930,0
20181003,2.67,2.6887,2.57,2.65,185848,0
20181004,2.64,2.65,2.51,2.56,215114,0
20181005,2.56,2.619,2.45,2.49,352132,0
20181008,2.47,2.5422,2.3,2.38,214923,0
20181009,2.35,2.3976,2.27,2.28,282446,0
20181010,2.25,2.4,2.18,2.18,285816,0
20181011,2.15,2.34,2.13,2.27,171500,0
20181012,2.3,2.49,2.27,2.47,369147,0
20181015,2.62,2.62,2.4,2.45,450092,0
20181016,2.45,2.55,2.34,2.48,203336,0
20181017,2.49,2.54,2.4003,2.54,67123,0
20181018,2.52,2.5753,2.43,2.55,218522,0
20181019,2.58,2.5999,2.3,2.35,199504,0
20181022,2.36,2.39,2.2,2.29,115608,0
20181023,2.24,2.31,2.22,2.29,96495,0
20181024,2.3,2.34,2.15,2.19,184184,0
20181025,2.17,2.22,2.17,2.18,128217,0
20181026,2.16,2.3,2.14,2.27,88068,0
20181029,2.3,2.3,2.14,2.15,250976,0
20181030,2.1,2.21,2,2.05,306338,0
20181031,2.05,2.1397,1.9,1.96,501487,0
20181101,1.98,2.0948,1.9,1.96,480058,0
20181102,1.98,2.18,1.94,2.15,233853,0
20181105,2.19,2.2,2.0517,2.17,80280,0
20181106,2.15,2.18,1.99,2.11,268569,0
20181107,2.1,2.23,2.0364,2.15,142271,0
20181108,2.15,2.17,2.08,2.14,130614,0
20181109,2.11,2.12,2.01,2.05,123470,0
20181112,2.03,2.05,1.96,1.97,149091,0
20181113,1.98,2.06,1.95,1.99,126733,0
20181114,1.96,1.98,1.8,1.81,484634,0
20181115,1.8,1.94,1.72,1.93,194090,0
20181116,1.92,1.97,1.89,1.96,76331,0
20181119,1.97,1.98,1.86,1.95,137919,0
20181120,1.95,1.95,1.7601,1.88,361057,0
20181121,1.87,1.95,1.81,1.83,233960,0
20181123,1.82,1.85,1.7764,1.8102,24119,0
20181126,1.81,1.89,1.81,1.85,120305,0
20181127,1.86,2.17,1.8017,2.08,1035342,0
20181128,2.08,2.09,1.96,1.99,317395,0
20181129,1.97,2.06,1.91,1.98,156268,0
20181130,1.98,2.05,1.93,1.99,138835,0
20181203,2.07,2.07,1.97,2.04,186746,0
20181204,2.01,2.19,2.01,2.1,274357,0
20181206,2.06,2.1,2.01,2.03,123565,0
20181207,2.05,2.1298,2.03,2.06,93687,0
20181210,2.04,2.04,1.95,2.01,133709,0
20181211,2.02,2.12,2.01,2.07,110089,0
20181212,2.09,2.19,2.06,2.15,208794,0
20181213,2.17,2.19,2.08,2.15,141531,0
20181214,2.12,2.1596,2.05,2.07,160486,0
20181217,1.49,1.49,1.12,1.23,2961539,0
20181218,1.25,1.37,1.05,1.07,1189938,0
20181219,0.98,1.05,0.85,0.9499,890052,0
20181220,0.9499,0.9979,0.88,0.9499,484316,0
20181221,0.9444,1,0.7542,0.85,745558,0
20181224,0.8,0.85,0.75275,0.782,257334,0
20181226,0.805,0.85,0.8,0.813,244808,0
20181227,0.8,0.9,0.7826,0.83,286708,0
20181228,0.83,0.879,0.78,0.811,299032,0
20181231,0.84,0.8999,0.81,0.83,144651,0
20190102,0.83,0.9,0.75,0.8879,195322,0
20190103,0.88,0.9398,0.875,0.8847,145731,0
20190104,0.88,1.12,0.85,1.03,456390,0
20190107,1.02,1.19,1,1.17,371876,0
20190108,1.17,1.25,1.14,1.15,256829,0
20190109,1.2,1.2241,1.13,1.16,160073,0
20190110,1.17,1.18,1.05,1.05,204478,0
20190111,1.07,1.0846,1,1.02,136619,0
20190114,1.03,1.12,1.03,1.1,94393,0
20190115,1.09,1.12,1.03,1.06,84250,0
20190116,1.06,1.0927,1.05,1.08,134952,0
20190117,1.08,1.25,1.08,1.19,380111,0
20190118,1.18,1.25,1.16,1.25,303907,0
20190122,1.29,1.35,1.15,1.15,206765,0
20190123,1.15,1.25,1.11,1.11,138637,0
20190124,1.17,1.1896,1.11,1.12,81111,0
20190125,1.17,1.17,1.11,1.1393,60480,0
20190128,1.2,1.2,1.0538,1.11,114887,0
20190129,1.15,1.15,1.0553,1.0791,128462,0
20190130,1.08,1.1643,1.08,1.12,61095,0
20190131,1.12,1.16,1.08,1.11,88710,0
20190201,1.09,1.1288,1.09,1.09,40736,0
20190204,1.07,1.16,1.07,1.15,41038,0
20190205,1.14,1.1799,1.05,1.07,99605,0
20190206,1.11,1.14,1.08,1.1,99034,0
20190207,1.09,1.1246,1.06,1.07,63148,0
20190208,1.08,1.14,1.05,1.06,66850,0
20190211,1.0775,1.1,1.06,1.07,61114,0
20190212,1.11,1.11,1.07,1.1,69042,0
20190213,1.1,1.13,1.09,1.11,140525,0
20190214,1.12,1.16,1.1139,1.12,84900,0
20190215,1.11,1.16,1.0759,1.08,99052,0
20190219,1.13,1.15,1.1055,1.15,62979,0
20190220,1.15,1.16,1.1,1.1,60332,0
20190221,1.1,1.16,1.1,1.12,137825,0
20190222,1.12,1.1345,1.0801,1.1155,67040,0
20190225,1.1,1.12,1.0854,1.12,58486,0
20190226,1.12,1.12,1.07,1.07,129986,0
20190227,1.07,1.12,1.07,1.11,89221,0
20190228,1.11,1.1146,1.07,1.07,84315,0
20190301,1.07,1.1,1.05,1.0653,99538,0
20190304,1.1,1.1,1.01,1.04,181300,0
20190305,1.02,1.06,0.9,0.98,319466,0
20190306,1,1,0.926,0.94,114762,0
20190307,0.94,0.94,0.8744,0.938,139328,0
20190308,0.892,0.95,0.8901,0.93,97561,0
20190311,0.96,1,0.94,0.9502,88671,0
20190312,0.9518,0.98,0.91,0.958,57350,0
20190313,0.9635,1,0.95,0.9678,145249,0
20190314,1.2,1.2,1,1.1,532704,0
20190315,1.1,1.13,1.0527,1.07,150628,0
20190318,1.09,1.14,1.06,1.1,182785,0
20190319,1.14,1.14,1.11,1.13,102432,0
20190320,1.15,1.15,1.07,1.12,137075,0
20190321,1.12,1.15,1.1,1.12,97189,0
20190322,1.1336,1.148,1.02,1.08,241488,0
20190325,1.08,1.1,1.04,1.07,56972,0
20190326,1.07,1.09,1.03,1.04,80077,0
20190327,1.04,1.06,1,1.0298,78000,0
20190328,1.01,1.01,0.98,1,79013,0
20190329,0.95,1,0.95,0.99,138613,0
20190401,1,1.04,1,1.03,92452,0
20190402,1.0229,1.06,0.98,1.06,79985,0
20190403,1.075,1.09,1.0201,1.075,113186,0
20190404,1.08,1.08,1.05,1.0799,83520,0
20190405,1.05,1.11,1.05,1.1,220838,0
20190408,1.14,1.14,1.09,1.1,67427,0
20190409,1.1,1.1,1.05,1.05,64720,0
20190410,1.0735,1.08,1.05,1.065,57510,0
20190411,1.06,1.07,1.03,1.06,43700,0
20190412,1.06,1.0648,1.0201,1.05,78482,0
20190415,1.05,1.0707,1,1.02,217995,0
20190416,1.022,1.04,1,1.03,59520,0
20190417,1.02,1.04,0.9725,0.995,224325,0
20190418,1.01,1.0115,0.98,0.98913,67328,0
20190422,1.02,1.02,0.9725,0.9725,112951,0
20190423,1.01,1.01,0.95,0.9601,87320,0
20190424,0.9548,0.9745,0.9,0.922,182321,0
20190425,0.9331,0.94,0.9,0.91,243221,0
20190426,0.91,0.95,0.9,0.94,70581,0
20190429,0.9,0.98,0.9,0.96,107395,0
20190430,0.95,0.98,0.9102,0.9201,62948,0
20190501,0.9285,0.9285,0.86,0.895,254199,0
20190502,0.91,0.92,0.88,0.8924,66810,0
20190503,0.8944,0.9,0.86,0.8797,96074,0
20190506,0.875,0.9,0.8601,0.8802,79055,0
20190507,0.8654,0.9,0.859,0.87,48406,0
20190508,0.86,0.9,0.86,0.885,98044,0
20190509,0.9,0.9539,0.89,0.9182,438935,0
20190510,0.91,0.9179,0.8229,0.8698,507879,0
20190513,0.86,0.886,0.8,0.8,144354,0
20190514,0.8,0.8,0.7601,0.785,215043,0
20190515,0.82,0.8498,0.75,0.7843,182121,0
20190516,0.75,0.7842,0.7213,0.75009,271225,0
20190517,0.75,0.7898,0.75,0.7801,96520,0
20190520,0.761,0.8,0.74,0.8,30109,0
20190521,0.7943,0.81,0.7597,0.7597,107548,0
20190522,0.771,0.8099,0.7702,0.7747,197863,0
20190523,0.76,0.79,0.75,0.7627,44738,0
20190524,0.76,0.81,0.7538,0.798,90925,0
20190528,0.8,0.8099,0.77,0.78,44237,0
20190529,0.7765,0.8,0.76,0.79,83009,0
20190530,0.783,0.8,0.7601,0.79,51224,0
20190531,0.79,0.7999,0.765,0.77,50830,0
20190603,0.765,0.7897,0.76,0.78,111018,0
20190604,0.7932,0.84,0.78,0.79,171108,0
20190605,0.8002,0.8097,0.7805,0.785,30103,0
20190606,0.79,0.8061,0.78,0.782,30097,0
20190607,0.77,0.8,0.752,0.7721,85348,0
20190610,0.78,0.78,0.75,0.765,144645,0
20190611,0.76,0.765,0.75,0.7548,28251,0
20190612,0.7548,0.7598,0.714,0.7544,102661,0
20190613,0.7351,0.7543,0.7351,0.7406,55601,0
20190614,0.75,0.7521,0.71,0.7325,80067,0
20190617,0.7142,0.7388,0.7103,0.7103,72633,0
20190618,0.715,0.97,0.715,0.958,211813,0
20190619,1.155,1.16,0.7529,0.8591,1777101,0
20190620,0.86,0.92,0.8507,0.86,194123,0
20190621,0.89,0.89,0.8,0.84,284518,0
20190624,0.85,0.88,0.7701,0.82,222130,0
20190625,0.8211,0.8211,0.755,0.76,156492,0
20190626,0.7701,0.8127,0.755,0.7601,155759,0
20190627,0.77,0.812,0.74,0.7782,173830,0
20190628,0.79,0.89,0.79,0.8455,340012,0
20190701,0.86,0.89,0.8,0.8127,263402,0
20190702,0.801,0.96,0.8,0.9373,414462,0
20190703,0.92,0.97,0.8801,0.94,201352,0
20190705,0.95,0.98,0.9013,0.94,167429,0
20190708,0.92,1,0.90136,0.9342,49635,0
20190709,0.9053,1.05,0.9053,1.05,281608,0
20190710,1.08,1.14,1.05,1.11,544096,0
20190711,1.12,1.17,0.9501,0.955,386027,0
20190712,1,1.08,0.9899,1.05,141513,0
20190715,1.06,1.07,1,1.05,84711,0
20190716,1.03,1.1,1.02,1.0503,59056,0
20190717,1.04,1.06,1.0204,1.05,53568,0
20190718,1.05,1.08,1.04,1.05,41380,0
20190719,1.04,1.05,1.02,1.03,41783,0
20190722,1.06,1.06,0.9901,1.04,42398,0
20190723,1.02,1.03,0.9801,0.9801,71877,0
20190724,0.971,1.03,0.971,1.01,25199,0
20190725,0.98,1.0379,0.98,1,70056,0
20190726,1.01,1.04,1.01,1.01,36479,0
20190729,1.02,1.03,1,1,60744,0
20190730,0.98,1.03,0.96,1.025,41060,0
20190731,1.0125,1.04,0.98,0.99,92854,0
20190801,0.994,1.05,0.97,0.98,74290,0
20190802,0.98,1,0.96,0.97759,116271,0
20190805,0.99,0.99,0.92,0.92,47359,0
20190806,0.95,0.9649,0.9295,0.9389,23353,0
20190807,0.93,0.933,0.8902,0.8996,70816,0
20190808,0.93,0.96,0.93,0.93,40709,0
20190809,0.9765,1.04,0.92901,1.03,229959,0
20190812,1.05,1.0719,0.9838,1.05,121857,0
20190813,1.03,1.05,1.01,1.03,90929,0
20190814,1.04,1.04,0.95,1,97774,0
20190815,0.97,1.01,0.9601,0.9966,78162,0
20190816,1,1.02,0.98,1.02,42815,0
20190819,1.01,1.0285,0.982,0.9999,45902,0
20190820,0.982,1.01,0.98,1.0062,19665,0
20190821,1.01,1.04,0.988,0.99,130743,0
20190822,0.9881,1.01,0.9701,0.9721,55287,0
20190823,0.96,0.97,0.96,0.9699,33807,0
20190826,0.9655,0.96808,0.94,0.94944,90162,0
20190827,0.8,0.8124,0.755,0.81,705858,0
20190828,0.7901,0.82,0.79,0.7979,469058,0
20190829,0.8,0.8099,0.7806,0.7806,139840,0
20190830,0.794,0.794,0.77387,0.7849,100689,0
20190903,0.7806,0.7995,0.7601,0.7601,202850,0
20190904,0.7956,0.7956,0.76031,0.77,28081,0
20190905,0.78,0.7983,0.76,0.77,97557,0
20190906,0.81,0.8101,0.7614,0.77,154730,0
20190909,0.799,0.81,0.7614,0.7704,123537,0
20190910,0.764,0.80188,0.75773,0.77,174002,0
20190911,0.78,0.78,0.74,0.78,142474,0
20190912,0.76,0.77,0.7524,0.7602,103881,0
20190913,0.766,0.766,0.7498,0.7498,112078,0
20190916,0.7426,0.77,0.74,0.74,75122,0
20190917,0.75,0.7625,0.71,0.7203,226711,0
20190918,0.7286,0.738,0.70138,0.7073,157626,0
20190919,0.7073,0.711,0.6508,0.6811,280614,0
20190920,0.6857,0.7,0.6414,0.6414,162906,0
20190923,0.6414,0.7,0.62,0.6619,190560,0
20190924,0.65,0.69,0.6124,0.6208,243532,0
20190925,0.615,0.6379,0.6,0.6,206107,0
20190926,0.59,0.6,0.54001,0.5799,231229,0
20190927,0.58,0.66,0.5251,0.55,495684,0
20190930,0.56,0.5899,0.5498,0.585,94409,0
20191001,0.585,0.598,0.5633,0.5773,60051,0
20191002,0.58,0.5819,0.55,0.553,96483,0
20191003,0.555,0.575,0.54,0.575,138989,0
20191004,0.53,0.57,0.53,0.5685,71108,0
20191007,0.5685,0.6,0.5508,0.5508,134239,0
20191008,0.57,0.57,0.54,0.541,79138,0
20191009,0.56028,0.5699,0.5321,0.5321,79759,0
20191010,0.541,0.5595,0.51,0.5115,144675,0
20191011,0.52,0.545,0.5106,0.52178,89546,0
20191014,0.52,0.543,0.5189,0.5339,42092,0
20191015,0.53,0.55,0.51231,0.53,72367,0
20191016,0.5299,0.5579,0.5203,0.5403,124036,0
20191017,0.594,0.594,0.53704,0.54,126953,0
20191018,0.6,0.6,0.5241,0.54,57107,0
20191021,0.6,0.643,0.50553,0.5193,1772800,0
20191022,0.51,0.53,0.3426,0.53,668062,0
20191023,0.525,0.5385,0.4851,0.52,251417,0
20191024,0.511,0.5338,0.50886,0.53,240444,0
20191025,0.53,0.578,0.515,0.57,209376,0
20191028,0.5935,0.637,0.5302,0.5801,536994,0
20191029,0.5727,0.6,0.5607,0.5773,146729,0
20191030,0.5761,0.58131,0.5683,0.5683,37745,0
20191031,0.57,0.57,0.5021,0.5118,160789,0
20191101,0.53,0.5479,0.515,0.5199,138897,0
20191104,0.538,0.548,0.51,0.52,133032,0
20191105,0.5125,0.544,0.5022,0.5119,97445,0
20191106,0.5114,0.5188,0.497533,0.4994,101687,0
20191107,0.4902,0.52,0.49,0.49,149872,0
20191108,0.5,0.51,0.48,0.4901,115385,0
20191111,0.5029,0.53,0.49,0.4901,110036,0
20191112,0.5,0.51,0.4861,0.5043,74994,0
20191113,0.481,0.489,0.45,0.4601,176622,0
20191114,0.45,0.4675,0.45,0.4581,32897,0
20191115,0.4676,0.4699,0.43,0.4305,161005,0
20191118,0.44,0.4449,0.37,0.3898,486145,0
20191119,0.3999,0.42,0.3999,0.3999,137500,0
20191120,0.43,0.43,0.3801,0.39,160663,0
20191121,0.3915,0.406,0.37,0.388,204852,0
20191122,0.3874,0.39,0.35,0.3899,325422,0
20191125,0.403,0.405,0.375,0.38,253262,0
20191126,0.43,0.43,0.3613,0.3861,231997,0
20191127,0.39,0.3945,0.36,0.3876,150604,0
20191129,0.3814,0.3945,0.3814,0.3945,126014,0
20191202,0.4015,0.4069,0.3802,0.3851,147911,0
20191203,0.3915,0.4,0.36,0.373,137459,0
20191204,0.3916,0.39177,0.373,0.3762,88106,0
20191205,0.3757,0.389,0.341,0.353,235460,0
20191206,0.36,0.37,0.36,0.36,152834,0
20191209,0.3808,0.3994,0.3499,0.3555,478094,0
20191210,0.3543,0.364,0.3497,0.36,260601,0
20191211,0.36,0.388,0.352,0.3679,141514,0
20191212,0.3779,0.3779,0.35,0.3728,253885,0
20191213,0.3795,0.3795,0.355,0.3655,217588,0
20191216,0.3735,0.399,0.36,0.38,524416,0
20191217,0.38,0.386164,0.3602,0.369,163842,0
20191218,0.3756,0.3756,0.3604,0.3673,113977,0
20191219,0.37,0.38,0.3575,0.36,311718,0
20191220,0.3635,0.389,0.3448,0.3448,547711,0
20191223,0.3599,0.3689,0.3301,0.3501,300906,0
20191224,0.3634,0.38,0.34,0.38,773766,0
20191226,0.3994,0.3994,0.368,0.37,456815,0
20191227,0.36,0.3784,0.338,0.3391,617921,0
20191230,0.3585,0.378,0.3429,0.3703,422443,0
20191231,0.3795,0.4,0.36,0.37,1461671,0
20200102,0.39,0.5,0.375,0.4997,808551,0
20200103,0.515,0.589,0.48,0.5573,1240044,0
20200106,0.6,0.8,0.59,0.78,1458826,0
20200107,0.85,0.94,0.6519,0.6624,1936120,0
20200108,0.66,0.73,0.64,0.7,406932,0
20200109,0.73,0.73,0.61,0.6317,678030,0
20200110,0.5723,0.6123,0.502,0.53,1158668,0
20200113,0.53,0.55,0.51,0.5295,302450,0
20200114,0.55,0.67,0.55,0.6569,693788,0
20200115,0.69,0.69,0.614,0.62,377331,0
20200116,0.63,0.674,0.6,0.6613,161904,0
20200117,0.645,0.7,0.64,0.6558,386696,0
20200121,0.67,0.88,0.6601,0.88,1665660,0
20200122,0.87,0.87,0.726,0.79,562550,0
20200123,0.79,0.79,0.69,0.7001,362363,0
