Date,Open,High,Low,Close,Volume,OpenInt
20170720,23.461,23.461,23.461,23.461,2162,0
20170724,23.457,23.467,23.457,23.467,2920,0
20170725,23.38,23.959,23.019,23.341,3847,0
20170731,23.399,23.399,23.399,23.399,8650,0
20170801,23.423,23.489,23.423,23.489,1509,0
20170810,23.392,23.392,23.392,23.392,106,0
20170814,23.407,23.408,23.406,23.406,1365,0
20170815,23.371,23.38,23.371,23.38,650,0
20170817,23.451,23.451,23.451,23.451,927,0
20170824,23.505,23.505,23.505,23.505,623,0
20170907,23.65,23.65,23.65,23.65,5383,0
20170908,23.594,23.604,23.58,23.603,2439,0
20170912,23.491,23.491,23.491,23.491,21604,0
20170914,23.509,23.519,23.491,23.491,1763,0
20170915,23.538,23.538,23.538,23.538,10336,0
20170918,23.5,23.519,23.5,23.519,643,0
20170919,23.529,23.529,23.529,23.529,103,0
20170921,23.509,23.519,23.509,23.519,633,0
20170925,23.565,23.574,23.562,23.574,611,0
20170927,23.488,23.509,23.481,23.481,11518,0
20170928,23.483,23.519,23.469,23.519,12819,0
20170929,23.547,23.557,23.535,23.557,487,0
20171002,23.566,23.566,23.549,23.549,2337,0
20171003,23.595,23.641,23.595,23.641,58251,0
20171004,23.641,23.651,23.621,23.651,3205,0
20171005,23.621,23.621,23.586,23.621,2091,0
20171011,23.651,23.651,23.631,23.631,379,0
20171012,23.635,23.651,23.635,23.651,1877,0
20171013,23.714,23.725,23.714,23.72,4223,0
20171017,23.661,23.661,23.661,23.661,340,0
20171018,23.651,23.658,23.611,23.658,11835,0
20171023,23.646,23.658,23.583,23.658,5632,0
20171024,23.574,23.574,23.574,23.574,307,0
20171025,23.558,23.558,23.547,23.558,6789,0
20171027,23.595,23.621,23.595,23.621,931,0
20171030,23.686,23.686,23.686,23.686,249,0
20171031,23.686,23.686,23.606,23.613,1684,0
20171101,23.706,23.706,23.673,23.678,98718,0
20171102,23.668,23.714,23.632,23.697,300945,0
20171103,23.726,23.726,23.644,23.726,30663,0
20171106,23.726,23.736,23.686,23.736,4094,0
20171107,23.697,23.711,23.662,23.662,1908,0
20171108,23.697,23.697,23.657,23.657,302,0
20171109,23.652,23.659,23.652,23.659,1105,0
20171110,23.54,23.559,23.54,23.54,2847,0
20171113,23.472,23.472,23.472,23.472,2008,0
20171115,23.586,23.586,23.586,23.586,3298,0
20171120,23.611,23.611,23.611,23.611,461,0
20171121,23.586,23.678,23.586,23.642,4127,0
20171122,23.726,23.754,23.726,23.731,7481,0
20171128,23.745,23.764,23.745,23.745,486,0
20171130,23.668,23.668,23.563,23.563,1697,0
20171201,23.706,23.765,23.706,23.765,1693,0
20171204,23.629,23.629,23.629,23.629,100,0
20171205,23.718,23.765,23.661,23.707,5347,0
20171206,23.812,23.812,23.812,23.812,437,0
20171208,23.703,23.703,23.703,23.703,100,0
20171211,23.718,23.718,23.671,23.671,363,0
20171212,23.718,23.718,23.709,23.718,5265,0
20171213,23.718,23.801,23.718,23.801,2707,0
20171214,23.84,23.84,23.816,23.816,521,0
20171219,23.682,23.682,23.682,23.682,511,0
20171220,23.542,23.654,23.542,23.654,2848,0
20171221,23.654,23.691,23.654,23.691,8478,0
20171222,23.66,23.691,23.599,23.617,4320,0
20171226,23.72,23.72,23.72,23.72,312,0
20171227,23.772,23.772,23.772,23.772,214,0
20171228,23.767,23.767,23.767,23.767,297,0
20171229,23.842,23.87,23.842,23.87,3369,0
20180102,23.767,23.767,23.73,23.73,7286,0
20180103,23.72,23.749,23.72,23.749,585,0
20180104,23.786,23.786,23.786,23.786,107,0
20180105,23.73,23.73,23.705,23.705,4050,0
20180108,23.776,23.776,23.691,23.767,99835,0
20180109,23.74,23.74,23.662,23.701,13869,0
20180110,23.625,23.703,23.625,23.703,782,0
20180111,23.621,23.701,23.621,23.701,1123,0
20180112,23.758,23.776,23.715,23.771,3393,0
20180116,23.804,23.804,23.672,23.795,5704,0
20180117,23.767,23.767,23.74,23.74,8247,0
20180118,23.654,23.833,23.617,23.681,6787,0
20180119,23.625,23.796,23.566,23.796,10246,0
20180122,23.635,23.635,23.526,23.526,22318,0
20180123,23.645,23.691,23.645,23.672,35860,0
20180124,23.615,23.763,23.562,23.599,59650,0
20180125,23.681,23.74,23.681,23.74,915,0
20180126,23.71,23.71,23.71,23.71,1024,0
20180129,23.654,23.662,23.654,23.662,6159,0
20180130,23.625,23.625,23.589,23.589,8672,0
20180131,23.662,23.662,23.635,23.645,4552,0
20180201,23.663,23.673,23.447,23.467,6938,0
20180202,23.483,23.483,23.433,23.433,1658,0
20180205,23.379,23.554,23.379,23.459,9880,0
20180206,23.355,23.534,23.355,23.408,20972,0
20180207,23.384,23.384,23.384,23.384,225,0
20180208,23.335,23.335,23.205,23.205,1024,0
20180212,23.307,23.317,23.208,23.243,18179,0
20180213,23.249,23.249,23.161,23.192,1317,0
20180214,23.205,23.214,23.205,23.206,2845,0
20180215,23.252,23.252,23.205,23.205,25726,0
20180216,23.205,23.205,23.176,23.176,23396,0
20180220,23.239,23.249,23.176,23.249,26592,0
20180221,23.249,23.249,23.125,23.125,1566,0
20180222,23.214,23.214,23.214,23.214,423,0
20180223,23.194,23.259,23.194,23.249,1971,0
20180226,23.326,23.326,23.235,23.235,5003,0
20180227,23.25,23.25,23.073,23.213,2894,0
20180228,23.128,23.223,23.128,23.151,1335,0
20180301,23.18,23.184,23.18,23.184,3247,0
20180302,23.179,23.189,23.02,23.02,2474,0
20180305,23.03,23.03,23.03,23.03,120,0
20180306,23.199,23.218,23.076,23.076,2574,0
20180307,23.189,23.199,23.076,23.103,9133,0
20180309,23.151,23.16,23.04,23.04,7223,0
20180312,23.151,23.151,23.038,23.133,6151,0
20180313,23.151,23.179,23.04,23.04,19573,0
20180314,23.116,23.116,23.116,23.116,1777,0
20180315,23.178,23.208,23.173,23.199,2921,0
20180316,23.169,23.179,23.133,23.133,969,0
20180320,23.093,23.113,22.982,23.113,47512,0
20180321,23.076,23.076,22.998,23.071,2125,0
20180322,23.156,23.159,23.074,23.159,2324,0
20180323,23.085,23.113,23.085,23.093,5349,0
20180326,23.04,23.04,23.005,23.012,2234,0
20180327,23.151,23.189,23.089,23.188,6790,0
20180328,23.217,23.218,23.187,23.218,4521,0
20180329,23.276,23.276,23.212,23.212,654,0
20180402,23.257,23.315,23.257,23.315,943,0
20180403,23.257,23.257,23.192,23.237,3547,0
20180404,23.212,23.213,23.212,23.213,3919,0
20180405,23.168,23.207,23.168,23.207,798,0
20180406,23.257,23.295,23.257,23.263,4334,0
20180409,23.276,23.305,23.226,23.274,1928,0
20180410,23.296,23.305,23.252,23.295,6556,0
20180411,23.333,23.344,23.296,23.333,7991,0
20180412,23.252,23.295,23.252,23.295,3468,0
20180413,23.295,23.315,23.219,23.219,2432,0
20180416,23.285,23.305,23.285,23.305,2288,0
20180417,23.295,23.305,23.183,23.275,18693,0
20180418,23.295,23.295,23.222,23.262,4362,0
20180419,23.121,23.137,23.033,23.033,5355,0
20180420,23.117,23.117,23.089,23.104,5923,0
20180423,22.842,22.842,22.797,22.837,6240,0
20180424,22.814,22.898,22.753,22.898,16157,0
20180425,22.851,22.861,22.8,22.842,6170,0
20180426,22.856,22.898,22.856,22.898,1196,0
20180427,22.87,22.956,22.87,22.913,10346,0
20180430,22.966,22.966,22.966,22.966,3182,0
20180501,22.911,22.921,22.868,22.911,2457,0
20180502,22.911,22.911,22.888,22.911,1153,0
20180503,22.931,22.931,22.863,22.919,4400,0
20180504,22.931,22.941,22.921,22.921,11098,0
20180507,22.887,22.93,22.887,22.891,2178,0
20180508,22.883,22.901,22.844,22.901,18542,0
20180509,22.883,22.883,22.883,22.883,605,0
20180510,22.941,22.959,22.931,22.959,1252,0
20180511,22.997,22.997,22.95,22.988,3653,0
20180514,22.927,22.988,22.927,22.988,3016,0
20180515,22.789,22.836,22.789,22.836,1090,0
20180516,22.773,22.817,22.773,22.817,1054,0
20180517,22.797,22.797,22.753,22.753,6172,0
20180518,22.751,22.845,22.742,22.845,12242,0
20180521,22.835,22.845,22.815,22.815,2164,0
20180522,22.845,22.845,22.794,22.845,1856,0
20180523,22.883,22.911,22.883,22.901,875,0
20180524,22.969,22.979,22.911,22.979,2316,0
20180525,23.047,23.047,23.047,23.047,1893,0
20180529,23.13,23.137,23.086,23.137,2980,0
20180530,23.111,23.121,23.074,23.092,7407,0
20180531,23.11,23.121,23.101,23.111,1906,0
20180601,23.012,23.047,23.012,23.017,1969,0
20180604,23.027,23.027,22.969,22.997,3277,0
20180605,23.007,23.007,23.007,23.007,249,0
20180606,22.93,22.93,22.93,22.93,2212,0
20180607,22.928,22.979,22.928,22.979,1937,0
20180611,22.91,22.95,22.91,22.95,2476,0
20180612,22.915,22.959,22.891,22.891,1801,0
20180613,22.979,22.98,22.91,22.94,1617,0
20180614,23.007,23.007,22.969,22.982,1998,0
20180615,23.027,23.027,22.95,22.975,2791,0
20180618,22.988,22.997,22.933,22.979,15318,0
20180619,23.007,23.007,22.931,22.938,2813,0
20180620,22.958,23.007,22.958,23.007,535,0
20180621,22.835,22.881,22.835,22.881,1023,0
20180622,22.9,22.9,22.899,22.9,1655,0
20180625,22.92,22.92,22.906,22.918,4373,0
20180626,22.899,22.92,22.894,22.92,2404,0
20180627,22.997,22.997,22.997,22.997,223,0
20180628,22.997,22.997,22.988,22.988,1545,0
20180629,22.979,22.993,22.979,22.993,2834,0
20180702,22.997,22.997,22.955,22.955,7084,0
20180703,22.966,23.047,22.966,22.981,6243,0
20180705,23.083,23.083,23.083,23.083,200,0
20180709,23.101,23.131,23.047,23.118,17353,0
20180710,23.073,23.131,23.064,23.064,5604,0
20180711,23.149,23.149,23.121,23.121,5746,0
20180712,23.159,23.159,23.144,23.144,627,0
20180713,23.224,23.224,23.149,23.201,27901,0
20180716,23.178,23.188,23.143,23.188,2942,0
20180717,23.178,23.178,23.137,23.137,3105,0
20180718,23.188,23.188,23.123,23.149,6504,0
20180719,23.178,23.208,23.131,23.208,6929,0
20180720,23.074,23.121,23.074,23.121,26555,0
20180723,23.111,23.121,23.054,23.101,10239,0
20180724,23.083,23.111,23.065,23.1,6314,0
20180725,23.14,23.149,23.093,23.149,1887,0
20180726,23.13,23.13,23.121,23.126,2296,0
20180727,23.168,23.168,23.143,23.143,2092,0
20180730,23.149,23.159,23.074,23.074,4257,0
20180731,23.166,23.198,23.159,23.162,3742,0
20180801,23.121,23.121,23.121,23.121,3867,0
20180802,23.098,23.14,23.064,23.064,6768,0
20180803,23.208,23.208,23.14,23.14,2214,0
20180806,23.242,23.262,23.242,23.252,1350,0
20180807,23.232,23.232,23.187,23.187,1818,0
20180808,23.172,23.188,23.172,23.188,2098,0
20180809,23.224,23.224,23.177,23.207,2998,0
20180810,23.252,23.252,23.21,23.21,725,0
20180813,23.212,23.232,23.198,23.198,708,0
20180814,23.252,23.262,23.207,23.242,2599,0
20180815,23.262,23.291,23.262,23.281,1434,0
20180816,23.301,23.301,23.247,23.291,3135,0
20180817,23.3,23.331,23.299,23.299,2898,0
20180820,23.389,23.389,23.389,23.389,1117,0
20180821,23.351,23.351,23.351,23.351,6616,0
20180822,23.317,23.361,23.301,23.351,20141,0
20180823,23.38,23.38,23.351,23.361,2181,0
20180827,23.317,23.317,23.314,23.314,1078,0
20180828,23.311,23.311,23.281,23.291,7752,0
20180829,23.291,23.291,23.271,23.271,268,0
20180831,23.331,23.331,23.242,23.242,17568,0
20180904,23.216,23.242,23.193,23.218,1141,0
20180905,23.202,23.202,23.183,23.183,421,0
20180906,23.252,23.281,23.198,23.247,9390,0
20180907,23.172,23.217,23.171,23.208,7183,0
20180910,23.224,23.242,23.18,23.232,4681,0
20180911,23.198,23.208,23.17,23.198,2311,0
20180912,23.232,23.232,23.204,23.232,1715,0
20180913,23.252,23.272,23.225,23.262,1179,0
20180914,23.224,23.228,23.224,23.228,541,0
20180917,23.242,23.252,23.184,23.252,682,0
20180918,23.15,23.207,23.15,23.152,4616,0
20180919,23.026,23.154,23.026,23.087,1067,0
20180920,23.14,23.351,23.131,23.196,1479,0
20180921,23.178,23.198,23.13,23.188,10850,0
20180924,23.114,23.188,23.114,23.188,2967,0
20180925,23.14,23.149,23.093,23.149,3630,0
20180926,23.154,23.154,23.153,23.153,629,0
20180927,23.217,23.232,23.147,23.232,1493,0
20180928,23.262,23.262,23.198,23.252,6342,0
20181001,23.2,23.224,23.168,23.224,2511,0
20181002,23.149,23.252,23.149,23.252,2900,0
20181003,23.131,23.131,23.131,23.131,249,0
20181004,23.062,23.062,22.991,23.032,2403,0
20181005,23.005,23.015,22.879,22.976,13526,0
20181008,22.985,22.995,22.959,22.995,3561,0
20181009,22.995,23.015,22.995,23.015,827,0
20181010,22.966,22.985,22.966,22.966,475,0
20181011,22.985,23.082,22.927,23.072,4851,0
20181012,23.052,23.082,23.015,23.082,4744,0
20181015,23.01,23.045,22.998,22.998,2413,0
20181016,23.044,23.045,22.99,23.045,3063,0
20181017,23.045,23.045,22.995,23.045,1096,0
20181018,22.956,23.005,22.944,22.966,8726,0
20181019,22.966,22.976,22.893,22.893,7372,0
20181022,22.942,22.976,22.917,22.952,8214,0
20181023,22.954,22.977,22.917,22.947,25643,0
20181024,23.005,23.005,22.968,22.968,2501,0
20181025,22.976,22.976,22.949,22.976,6301,0
20181026,23.015,23.035,22.987,23.035,5055,0
20181029,22.952,22.995,22.937,22.96,9231,0
20181030,22.869,22.924,22.85,22.917,9011,0
20181031,22.886,22.886,22.886,22.886,1008,0
20181101,22.852,22.852,22.852,22.852,375,0
20181102,22.841,22.85,22.814,22.837,5211,0
20181105,22.784,22.869,22.784,22.832,3771,0
20181106,22.888,22.888,22.802,22.879,11318,0
20181107,22.927,22.927,22.887,22.887,2380,0
20181108,22.926,22.927,22.848,22.925,10670,0
20181109,22.822,22.937,22.812,22.884,6669,0
20181112,22.966,22.966,22.879,22.927,27745,0
20181113,22.917,22.917,22.812,22.847,4865,0
20181114,22.85,22.86,22.821,22.821,7038,0
20181115,22.841,22.85,22.841,22.85,1865,0
20181116,22.85,22.869,22.774,22.869,10499,0
20181119,22.85,22.85,22.755,22.774,15336,0
20181120,22.832,22.841,22.774,22.795,5094,0
20181121,22.839,22.839,22.778,22.806,4664,0
20181126,22.841,22.879,22.793,22.793,11521,0
20181127,22.85,22.86,22.784,22.807,1608,0
20181128,22.784,22.818,22.765,22.816,4559,0
20181129,22.86,22.86,22.774,22.81,9592,0
20181130,22.841,22.841,22.745,22.793,4410,0
20181203,22.863,22.863,22.784,22.863,7059,0
20181204,22.841,22.908,22.841,22.908,29058,0
20181206,22.907,22.919,22.87,22.87,3148,0
20181207,22.986,22.986,22.879,22.986,8858,0
20181210,23.016,23.016,22.951,22.969,9131,0
20181211,22.994,23.046,22.937,22.957,33115,0
20181212,22.994,23.036,22.927,22.927,11940,0
20181213,23.011,23.011,22.967,22.977,9281,0
20181214,23.068,23.093,22.996,23.003,13170,0
20181217,23.042,23.067,23.03,23.03,6406,0
20181218,23.142,23.142,23.064,23.133,8599,0
20181219,23.16,23.285,23.16,23.19,6210,0
20181220,23.127,23.132,23.036,23.037,6054,0
20181221,23.142,23.142,22.986,23.093,19953,0
20181224,23.058,23.058,22.977,22.986,13463,0
20181226,23.022,23.022,22.897,22.977,42799,0
20181227,22.966,23.046,22.966,23.006,21345,0
20181228,23.026,23.075,23.026,23.075,3273,0
20181231,23.084,23.133,23.054,23.133,9366,0
20190102,23.142,23.161,23.122,23.161,3521,0
20190103,23.17,23.226,23.141,23.2,9261,0
20190104,23.17,23.21,23.128,23.185,74164,0
20190107,23.18,23.219,23.123,23.18,20565,0
20190108,23.19,23.21,23.113,23.2,6828,0
20190109,23.224,23.235,23.2,23.229,10474,0
20190110,23.205,23.226,23.161,23.168,10709,0
20190111,23.275,23.275,23.17,23.225,7080,0
20190114,23.255,23.255,23.161,23.2,17122,0
20190115,23.285,23.285,23.21,23.247,11624,0
20190116,23.265,23.305,23.23,23.305,15913,0
20190117,23.285,23.315,23.285,23.297,4954,0
20190118,23.255,23.37,23.255,23.313,13105,0
20190122,23.375,23.414,23.315,23.375,17541,0
20190123,23.36,23.442,23.335,23.408,7347,0
20190124,23.42,23.481,23.42,23.476,2266,0
20190125,23.471,23.471,23.433,23.433,1455,0
20190128,23.461,23.491,23.385,23.45,14173,0
20190129,23.596,23.596,23.455,23.519,5256,0
20190130,23.491,23.596,23.491,23.596,7372,0
20190131,23.673,23.753,23.673,23.743,4334,0
20190201,23.679,23.693,23.605,23.693,16893,0
20190204,23.654,23.673,23.576,23.663,5851,0
20190205,23.723,23.743,23.645,23.733,18033,0
20190206,23.733,23.733,23.673,23.698,1396,0
20190207,23.733,23.743,23.645,23.645,7118,0
20190208,23.748,23.782,23.748,23.773,1626,0
20190211,23.887,23.887,23.706,23.706,4426,0
20190212,23.718,23.753,23.683,23.753,7858,0
20190213,23.68,23.743,23.68,23.723,7863,0
20190214,23.733,23.743,23.686,23.733,14627,0
20190215,23.773,23.792,23.693,23.792,6011,0
20190219,23.83,23.906,23.773,23.8,25810,0
20190220,23.763,23.782,23.743,23.766,12473,0
20190221,23.727,23.727,23.635,23.723,7243,0
20190222,23.773,23.82,23.723,23.8,22558,0
20190225,23.81,23.81,23.725,23.8,6067,0
20190226,23.753,23.839,23.753,23.799,8911,0
20190227,23.8,23.8,23.693,23.728,12742,0
20190228,23.773,23.777,23.728,23.735,22529,0
20190301,23.773,23.773,23.723,23.723,3947,0
20190304,23.792,23.792,23.693,23.693,9093,0
20190305,23.773,23.792,23.723,23.787,9897,0
20190306,23.8,23.83,23.768,23.8,30647,0
20190307,23.839,23.867,23.8,23.856,13718,0
20190308,23.849,23.887,23.797,23.877,22848,0
20190311,23.897,23.907,23.877,23.897,10620,0
20190312,23.83,23.995,23.83,23.887,10469,0
20190313,23.946,23.959,23.875,23.946,19664,0
20190314,23.946,23.946,23.839,23.907,11907,0
20190315,23.897,23.995,23.897,23.913,21477,0
20190318,23.976,23.99,23.924,23.976,17876,0
20190319,23.956,23.985,23.897,23.976,12577,0
20190320,23.985,24.104,23.934,24.085,19533,0
20190321,24.104,24.125,24.093,24.114,21693,0
20190322,24.248,24.301,24.188,24.253,20445,0
20190325,24.245,24.336,24.235,24.287,38920,0
20190326,24.229,24.306,24.219,24.288,7944,0
20190327,24.335,24.385,24.316,24.356,17517,0
20190328,24.365,24.375,24.346,24.375,11128,0
20190329,24.317,24.365,24.317,24.36,8819,0
20190401,24.326,24.326,24.224,24.233,10886,0
20190402,24.287,24.297,24.238,24.277,15689,0
20190403,24.258,24.272,24.16,24.253,17162,0
20190404,24.277,24.287,24.199,24.287,20772,0
20190405,24.316,27.063,24.242,24.316,93109,0
20190408,24.326,24.326,24.219,24.229,10151,0
20190409,24.278,24.316,24.248,24.316,97514,0
20190410,24.346,24.375,24.278,24.324,12219,0
20190411,24.375,24.385,24.267,24.311,70391,0
20190412,24.302,24.318,24.288,24.318,3528,0
20190415,24.258,24.346,24.258,24.291,9557,0
20190416,24.306,24.306,24.267,24.278,6542,0
20190417,24.236,24.267,24.236,24.238,6780,0
20190418,24.27,24.316,24.259,24.305,7096,0
20190422,24.255,24.275,24.189,24.189,6309,0
20190423,24.306,24.316,24.229,24.248,9611,0
20190424,24.385,24.415,24.326,24.331,16469,0
20190425,24.366,24.385,24.326,24.326,9100,0
20190426,24.432,24.465,24.408,24.46,4341,0
20190429,24.425,24.425,24.39,24.395,17061,0
20190430,24.425,24.513,24.393,24.435,19489,0
20190501,24.455,24.523,24.418,24.435,24703,0
20190502,24.395,24.395,24.257,24.331,20629,0
20190503,24.385,24.425,24.385,24.398,9666,0
20190506,24.395,24.465,24.366,24.368,3858,0
20190507,24.385,24.475,24.385,24.459,8328,0
20190508,24.485,24.485,24.336,24.405,6938,0
20190509,24.455,24.455,24.39,24.435,6443,0
20190510,24.435,24.445,24.378,24.429,19648,0
20190513,24.475,24.475,24.435,24.465,3181,0
20190514,24.485,24.485,24.395,24.444,14856,0
20190515,24.528,24.532,24.435,24.528,6764,0
20190516,24.463,24.531,24.445,24.513,10486,0
20190517,24.5,24.511,24.498,24.498,4154,0
20190520,24.425,24.495,24.375,24.475,29632,0
20190521,24.495,24.495,24.385,24.385,44551,0
20190522,24.395,24.523,24.385,24.508,19258,0
20190523,24.532,24.581,24.485,24.545,8378,0
20190524,24.524,24.547,24.524,24.528,3538,0
20190528,24.6,24.639,24.523,24.62,16695,0
20190529,24.603,24.649,24.576,24.576,8551,0
20190530,24.576,24.719,24.576,24.673,9036,0
20190531,24.691,24.767,24.65,24.679,22951,0
20190603,24.817,24.886,24.772,24.866,15825,0
20190604,24.896,24.896,24.729,24.778,4956,0
20190605,24.866,24.886,24.768,24.837,16616,0
20190606,24.896,24.906,24.815,24.857,17941,0
20190607,24.983,24.993,24.916,24.955,26484,0
20190610,24.925,24.925,24.827,24.884,25303,0
20190611,24.886,24.896,24.829,24.896,28691,0
20190612,24.896,24.935,24.854,24.913,41883,0
20190613,24.857,24.983,24.857,24.944,6449,0
20190614,24.955,24.978,24.893,24.978,2809,0
20190617,24.993,25.003,24.971,24.983,9169,0
20190618,25.131,25.131,25.003,25.112,12926,0
20190619,24.993,25.279,24.993,25.171,20380,0
20190620,25.327,25.327,25.24,25.249,6930,0
20190621,25.299,25.299,25.237,25.279,22426,0
20190624,25.327,25.372,25.304,25.318,20427,0
20190625,25.322,25.327,25.249,25.269,10015,0
20190626,25.2,25.259,25.2,25.239,4169,0
20190627,25.225,25.377,25.225,25.289,37606,0
20190628,25.377,25.406,25.322,25.406,19331,0
20190701,25.476,25.476,25.357,25.416,13956,0
20190702,25.466,25.505,25.399,25.466,14965,0
20190703,25.515,25.575,25.454,25.565,15612,0
20190705,25.426,25.426,25.16,25.387,63298,0
20190708,25.426,25.426,25.326,25.326,21076,0
20190709,25.357,25.357,25.259,25.299,20343,0
20190710,25.377,25.387,25.299,25.327,7052,0
20190711,25.347,25.347,25.176,25.25,5518,0
20190712,25.239,25.269,25.189,25.269,33909,0
20190715,25.289,25.318,25.279,25.318,9427,0
20190716,25.239,25.249,25.224,25.242,27611,0
20190717,25.3,25.362,25.269,25.362,10945,0
20190718,25.377,25.377,25.309,25.347,10017,0
20190719,25.416,25.416,25.377,25.387,4466,0
20190722,25.446,25.456,25.377,25.416,3691,0
20190723,25.397,25.416,25.397,25.416,19463,0
20190724,25.437,25.505,25.416,25.505,13288,0
20190725,25.377,25.446,25.377,25.446,6151,0
20190726,25.394,25.466,25.394,25.466,5780,0
20190729,25.446,25.486,25.43,25.444,13094,0
20190730,25.505,25.505,25.397,25.411,25425,0
20190731,25.486,25.505,25.466,25.505,1908,0
20190801,25.565,25.643,25.565,25.643,25824,0
20190802,25.653,25.711,25.643,25.683,13181,0
20190805,25.792,25.792,25.712,25.752,19169,0
20190806,25.792,25.87,25.762,25.87,11848,0
20190807,25.91,25.919,25.861,25.91,4127,0
20190808,25.799,25.92,25.772,25.9,10532,0
20190809,25.927,25.927,25.821,25.821,4585,0
20190812,25.902,26.01,25.902,25.997,16295,0
20190813,25.938,26,25.92,25.967,8934,0
20190814,26.049,26.049,25.95,25.99,26112,0
20190815,26.107,26.147,26.045,26.107,11992,0
20190816,26.085,26.19,26.029,26.177,15014,0
20190819,26.088,26.127,26.03,26.046,18032,0
20190820,26.187,26.207,26.078,26.207,8814,0
20190821,26.217,26.279,26.137,26.228,4075,0
20190822,26.187,26.227,26.124,26.157,18402,0
20190823,26.226,26.275,26.167,26.246,17360,0
20190826,26.285,26.305,26.187,26.227,14872,0
20190827,26.297,26.375,26.285,26.322,25822,0
20190828,26.365,26.39,26.335,26.364,12533,0
20190829,26.305,26.335,26.247,26.307,41414,0
20190830,26.315,26.335,26.217,26.237,19536,0
20190903,26.305,26.385,26.265,26.287,252370,0
20190904,26.295,26.375,26.256,26.335,12669,0
20190905,26.285,26.285,26.118,26.207,25240,0
20190906,26.246,26.305,26.227,26.285,21668,0
20190909,26.135,26.182,26.064,26.112,42160,0
20190910,26.078,26.078,25.86,25.904,19135,0
20190911,25.929,25.959,25.865,25.884,27951,0
20190912,26.039,26.039,25.791,25.889,96661,0
20190913,25.811,25.811,25.651,25.701,26821,0
20190916,25.771,25.801,25.731,25.791,21871,0
20190917,25.791,25.879,25.775,25.831,26999,0
20190918,25.939,25.999,25.825,25.889,42881,0
20190919,26.009,26.011,25.909,25.934,26578,0
20190920,26.005,26.048,25.987,26.019,5687,0
20190923,26.157,26.167,26.117,26.117,14119,0
20190924,26.157,26.187,26.157,26.177,8017,0
20190925,26.137,26.137,26.024,26.068,14435,0
20190926,26.09,26.137,25.959,26.01,353707,0
20190927,26.117,26.127,26.019,26.127,9046,0
20190930,26.107,26.122,25.999,26.048,95345,0
20191001,26.058,26.21,26.058,26.137,244467,0
20191002,26.167,26.207,26.132,26.207,12972,0
20191003,26.207,26.336,26.207,26.326,17992,0
20191004,26.356,26.384,26.286,26.357,13517,0
20191007,26.281,26.336,26.237,26.276,27476,0
20191008,26.326,26.326,26.264,26.269,7988,0
20191009,26.282,26.306,26.181,26.213,33063,0
20191010,26.113,26.177,26.109,26.135,44670,0
20191011,26.116,26.117,26.016,26.052,16783,0
20191014,26.167,26.167,26.068,26.106,18170,0
20191015,26.157,26.157,26.059,26.079,25405,0
20191016,26.097,26.137,26.097,26.097,17418,0
20191017,26.127,26.167,26.038,26.152,40347,0
20191018,26.097,26.202,26.097,26.167,23753,0
20191021,26.046,26.13,26.046,26.089,13703,0
20191022,26.137,26.167,26.088,26.137,18695,0
20191023,26.217,26.217,26.097,26.142,24332,0
20191024,26.182,26.227,26.127,26.157,30325,0
20191025,26.227,26.227,26.117,26.132,5637,0
20191028,26.031,26.107,26.029,26.097,22651,0
20191029,26.127,26.127,25.999,26.049,16829,0
20191030,26.048,26.127,25.969,26.098,10964,0
20191031,26.197,26.276,26.167,26.266,24264,0
20191101,26.295,26.316,26.237,26.276,27277,0
20191104,26.202,26.225,26.127,26.171,13078,0
20191105,26.107,26.107,26.038,26.048,9416,0
20191106,26.147,26.155,26.097,26.132,8259,0
20191107,26.068,26.097,25.978,26.018,72452,0
20191108,26.028,26.038,25.958,25.99,27194,0
20191111,26.038,26.227,25.983,25.998,8333,0
20191112,25.988,25.998,25.954,25.998,24438,0
20191113,26.078,26.078,26.048,26.065,15006,0
20191114,26.157,26.187,26.107,26.177,21973,0
20191115,26.088,26.187,26.078,26.167,16781,0
20191118,26.107,26.227,26.107,26.192,30249,0
20191119,26.209,26.256,26.177,26.222,26861,0
20191120,26.296,26.296,26.247,26.266,9217,0
20191121,26.266,26.266,26.177,26.207,10134,0
20191122,26.276,26.286,26.217,26.256,18610,0
20191125,26.326,26.376,26.296,26.341,46459,0
20191126,26.327,26.416,26.327,26.396,28841,0
20191127,26.366,26.426,26.316,26.405,174008,0
20191129,26.406,26.406,26.355,26.381,120768,0
20191202,26.213,26.296,26.213,26.261,14358,0
20191203,26.336,26.476,26.336,26.421,47859,0
20191204,26.436,26.436,26.331,26.381,33927,0
20191205,26.376,26.376,26.304,26.366,21557,0
20191206,26.346,26.386,26.316,26.351,19681,0
20191209,26.391,26.426,26.343,26.361,12575,0
20191210,26.346,26.366,26.306,26.336,8028,0
20191211,26.397,26.466,26.366,26.431,13681,0
20191212,26.346,26.383,26.296,26.316,22020,0
20191213,26.456,26.496,26.346,26.461,19808,0
20191216,26.394,26.456,26.374,26.376,52149,0
20191217,26.486,26.486,26.37,26.376,16028,0
20191218,26.436,26.446,26.326,26.356,77773,0
20191219,26.42,26.4393,26.3401,26.405,20886,0
20191220,26.42,26.43,26.37,26.385,263913,0
20191223,26.47,26.47,26.3634,26.375,23571,0
20191224,26.41,26.4615,26.3893,26.4615,7207,0
20191226,26.38,26.49,26.38,26.46,8159,0
20191227,26.56,26.56,26.48,26.515,16220,0
20191230,26.47,26.495,26.4001,26.495,10881,0
20191231,26.44,26.53,26.41,26.46,39284,0
20200102,26.5644,26.5644,26.4697,26.49,16116,0
20200103,26.58,26.61,26.5272,26.595,25049,0
20200106,26.64,26.64,26.53,26.55,32887,0
20200107,26.51,26.55,26.51,26.51,31458,0
20200108,26.53,26.54,26.4161,26.44,19866,0
20200109,26.43,26.53,26.4,26.5,28579,0
20200110,26.61,26.65,26.5597,26.62,20601,0
20200113,26.61,26.61,26.53,26.57,37528,0
20200114,26.5,26.6196,26.5,26.6,14486,0
20200115,26.68,26.68,26.6175,26.66,94270,0
20200116,26.68,26.72,26.59,26.67,32522,0
20200117,26.66,26.72,26.65,26.695,44899,0
20200121,26.74,26.8,26.7,26.745,25713,0
20200122,26.8092,26.83,26.75,26.815,8058,0
20200123,26.87,26.87,26.76,26.83,170393,0
