Date,Open,High,Low,Close,Volume,OpenInt
20151210,27.67,28.5,26.5,27.78,15009100,0
20151211,27.85,28.5,27.48,27.5,2286000,0
20151214,27.5,27.86,26.11,26.26,1227198,0
20151215,26.39,26.95,26.3,26.5,1086500,0
20151216,26.75,26.95,26.47,26.54,484300,0
20151217,26.94,28.18,26.65,28.01,626800,0
20151218,27.9,28.24,27.66,28.22,945100,0
20151221,28.84,29.86,28.75,29.35,876800,0
20151222,30.16,30.74,29.56,30.1,954059,0
20151223,30.57,30.57,28.35,28.49,1071800,0
20151224,28.33,28.89,27.51,28.21,470834,0
20151228,28.28,28.93,28,28.9,342620,0
20151229,29.21,31.31,29.21,31.1,888170,0
20151230,31.46,31.46,30,30.21,277426,0
20151231,30.22,31,29.99,30.08,274828,0
20160104,28.94,29.03,27.2,27.41,1270270,0
20160105,27.91,28,26.27,26.77,875261,0
20160106,26.46,27.23,26.02,27.05,595217,0
20160107,26.55,27.3194,26.46,26.97,643489,0
20160108,27.06,27.76,26.93,27.17,435644,0
20160111,27.1,27.5,26.95,27.12,808151,0
20160112,27.2,27.427,26.64,26.82,777518,0
20160113,27,27.2,26,26.73,1192233,0
20160114,26.68,27.14,25.7501,26.84,455848,0
20160115,26.04,26.315,24.52,25.19,1121699,0
20160119,25.3,25.71,23.02,24.02,1739400,0
20160120,23.21,23.66,21.62,22.63,1862426,0
20160121,22.72,25.08,22.03,24.24,724628,0
20160122,25.11,25.325,24.27,24.61,610315,0
20160125,24.5,24.6358,23.45,23.67,539996,0
20160126,23.68,24.1999,22.58,24.01,603066,0
20160127,24.02,24.665,22.13,22.25,395767,0
20160128,22.72,22.966,20.17,20.39,1293270,0
20160129,20.99,21.75,20.52,20.76,1190327,0
20160201,20.69,21.22,20.065,21.17,712878,0
20160202,21.04,21.82,20.67,21.34,599704,0
20160203,21.93,24.5,21.12,23.77,500764,0
20160204,24,24.88,23.35,24,1522390,0
20160205,24,24.06,17.55,20.19,3576114,0
20160208,19.88,19.95,16.92,17.92,3069444,0
20160209,17.85,19.46,17.62,18.92,1889703,0
20160210,19.04,21.17,19.04,20.06,1189646,0
20160211,19.41,20.38,19.2,20.35,652500,0
20160212,20.48,20.9,19.69,20.1,677693,0
20160216,20.4,23.77,20.4,22.18,1687292,0
20160217,22.33,23.68,22.32,23.35,913929,0
20160218,23.24,23.93,21.89,22,815719,0
20160219,21.59,22.68,20.92,22.13,863301,0
20160222,22.1,22.99,21.9,22.11,578536,0
20160223,21.88,22.6,21.88,22.51,771158,0
20160224,22.34,22.67,21.69,22.56,429148,0
20160225,23.01,23.555,22.37,23.535,390642,0
20160226,23.47,23.67,22.81,23.3,645620,0
20160229,23.13,23.99,23.1,23.77,692139,0
20160301,23.86,24.25,23.16,23.6,579573,0
20160302,23.45,24.19,23.2324,24.16,477724,0
20160303,24.04,24.49,22.85,23,328845,0
20160304,23.24,23.3994,22.45,23.02,501146,0
20160307,22.98,23.87,22.49,23.03,741457,0
20160308,22.85,23.01,22.29,22.36,278161,0
20160309,22.55,23.7699,21.58,21.77,502840,0
20160310,21.8,22.74,21.24,22.22,616015,0
20160311,22.36,23.57,22.21,22.97,471113,0
20160314,22.97,23.2,22.5006,22.73,201038,0
20160315,22.51,23.59,22.3001,23.5,327224,0
20160316,23.63,24.37,23.41,24.19,528687,0
20160317,23.98,24.67,23.735,24.42,280843,0
20160318,24.33,24.65,23.2,23.24,570641,0
20160321,23.4,24.27,23.07,23.92,317024,0
20160322,23.77,25.02,23.675,24.69,465650,0
20160323,24.75,25.07,24.195,24.63,630582,0
20160324,24.57,24.6,23.28,23.82,700841,0
20160328,24,24.42,23.69,24.01,282759,0
20160329,23.83,24.238,23.71,24.11,229540,0
20160330,24.05,24.79,23.68,23.74,395213,0
20160331,23.68,25.18,23.65,25.15,1045517,0
20160401,24.85,24.975,23.5,23.69,529547,0
20160404,23.77,24.15,23.35,24.1,399740,0
20160405,23.86,24,22.76,23.48,357199,0
20160406,23.44,23.77,23.2,23.55,242892,0
20160407,23.19,23.5899,22.84,23.06,271083,0
20160408,23.25,23.62,23.07,23.24,234008,0
20160411,23.39,23.5125,23.1,23.23,233212,0
20160412,23.3,23.44,22.95,23.11,346539,0
20160413,23.27,23.63,23.2353,23.57,354424,0
20160414,23.57,23.68,22.9,22.94,351723,0
20160415,22.9,23.19,22.5,22.61,191370,0
20160418,22.68,23.38,22.51,23.3,308330,0
20160419,23.41,23.56,23.14,23.4,295658,0
20160420,23.42,24.01,23.02,23.61,362467,0
20160421,23.65,24.58,23.65,24.3,524886,0
20160422,24.3,24.45,23.69,23.82,318615,0
20160425,23.62,24.3599,23.62,23.91,288414,0
20160426,24.04,24.28,23.85,24.1,260812,0
20160427,24.06,24.42,23.48,23.65,562683,0
20160428,23.69,23.92,23.066,23.19,274409,0
20160429,23.15,23.4499,22.55,23.17,175631,0
20160502,23.35,24.21,23.31,24.17,159544,0
20160503,23.93,23.99,23.05,23.8,273102,0
20160504,23.61,23.88,22.78,23.28,215825,0
20160505,23.38,23.49,22.5,23.02,520342,0
20160506,22.81,23.42,21.1,21.83,1074335,0
20160509,21.9,22.6,20.9025,21.1,466338,0
20160510,21.05,22,20.51,21.81,594751,0
20160511,21.64,22.35,21.1,22.01,849371,0
20160512,21.95,22.13,21.26,21.58,289691,0
20160513,21.47,22.31,21.47,21.93,244615,0
20160516,21.75,22.92,21.75,22.03,211461,0
20160517,21.91,22.23,21.53,21.75,156471,0
20160518,21.57,22.26,21.5,22.12,316764,0
20160519,21.91,22,21.51,21.8,765819,0
20160520,21.74,22.75,21.55,22.69,389971,0
20160523,22.58,22.99,22.29,22.37,496432,0
20160524,22.5,23.16,22.5,22.82,609324,0
20160525,22.56,23.24,22.25,23.02,380376,0
20160526,22.99,23.26,22.66,22.91,267047,0
20160527,22.71,22.86,22.16,22.78,261605,0
20160531,22.85,22.87,22.3,22.59,309584,0
20160601,22.45,23.95,22.45,23.93,465552,0
20160602,23.96,25.03,23.74,24.97,648611,0
20160603,24.99,24.99,24,24.15,353108,0
20160606,24.02,24.49,23.95,24.36,237405,0
20160607,23.44,24.35,23.31,23.46,2977543,0
20160608,23.56,24,22.97,23.79,1104253,0
20160609,23.56,24.17,23.52,23.99,830960,0
20160610,23.52,23.85,23.23,23.84,688821,0
20160613,23.55,24.41,23.535,24.35,1187985,0
20160614,24.09,24.59,23.845,24.52,989203,0
20160615,24.78,26,24.52,25.99,2053145,0
20160616,25.54,25.98,24.7175,25.5,1417429,0
20160617,25.5,25.97,25.19,25.8,541219,0
20160620,25.98,26.3,25.53,26.26,1042584,0
20160621,26,26.06,25.37,25.99,1627570,0
20160622,25.89,26.3,25.52,26.21,1181790,0
20160623,26.04,26.84,25.94,26.78,1093336,0
20160624,25.5,26.58,25.01,25.895,2425922,0
20160627,25.5,25.8399,24.94,24.95,3115915,0
20160628,25.36,25.84,25.035,25.38,1311612,0
20160629,25.63,26.19,25.35,25.81,1208518,0
20160630,25.97,26,24.89,25.9,1198646,0
20160701,25.68,25.93,25.39,25.62,718339,0
20160705,25.3,26.17,25.22,26.17,1252491,0
20160706,25.84,27.05,25.78,26.97,2082811,0
20160707,27,27,26.17,26.58,676705,0
20160708,26.77,27.09,26.62,26.98,579097,0
20160711,27.08,27.44,26.81,27.22,649081,0
20160712,27.11,27.3,26.925,27.3,612652,0
20160713,27.41,27.98,27.01,27.11,610138,0
20160714,27.08,27.5,26.94,27.35,772523,0
20160715,27.58,28,27.33,27.4,531366,0
20160718,27.4,27.46,27.08,27.2,290354,0
20160719,27.22,27.53,27.12,27.51,367840,0
20160720,27.73,28.14,27.61,28.02,568010,0
20160721,27.9,28.04,27.71,27.73,346081,0
20160722,27.81,28.2,27.72,28.16,229892,0
20160725,28.2,28.6,28.05,28.4,375038,0
20160726,28.31,28.74,27.85,28.7,338099,0
20160727,28.73,29.118,28.58,29,505983,0
20160728,29.23,29.96,29,29.74,603451,0
20160729,29.7,30,29.22,29.97,627664,0
20160801,29.99,29.99,29.25,29.84,682506,0
20160802,29.96,29.96,29.16,29.33,580645,0
20160803,29.2,30,29,29.8,701483,0
20160804,29.99,30.14,29.9,30.04,1557991,0
20160805,30.5,32.54,29.75,31.96,2721482,0
20160808,31.82,31.9,29.9616,30.49,2875152,0
20160809,30.23,30.85,29.815,30.66,1925388,0
20160810,30.15,30.37,28.28,29.95,1508122,0
20160811,29.9,30.33,29.67,29.98,515081,0
20160812,29.92,30.01,29.45,30,479661,0
20160815,29.85,30.54,29.82,30.33,617259,0
20160816,30.39,30.47,29.95,29.95,947599,0
20160817,29.84,30.31,29.525,29.63,691175,0
20160818,29.7,30,29.64,29.71,318997,0
20160819,29.59,29.695,28.73,29.42,927867,0
20160822,29.2,29.7,28.87,28.97,376185,0
20160823,28.97,29.32,28.56,28.97,588221,0
20160824,28.98,29.02,28.59,28.74,365534,0
20160825,28.47,29,28,28.93,478717,0
20160826,28.74,29.066,28.5649,28.94,611704,0
20160829,28.74,29.26,28.72,29.02,911031,0
20160830,29.04,29.71,28.88,29.7,838850,0
20160831,29.61,29.69,28.66,29.48,880118,0
20160901,29.3,30,29.3,29.97,556908,0
20160902,30,30.24,29.77,30.1,414641,0
20160906,30.28,30.45,29.89,30.41,557642,0
20160907,30.34,30.995,30.25,30.64,919676,0
20160908,30.6,31.1,30.34,30.67,741677,0
20160909,30.56,30.6,29.35,29.48,592516,0
20160912,29.25,30.29,28.96,30.21,396582,0
20160913,29.85,30.08,29.34,29.49,438554,0
20160914,29.48,30.24,29.29,29.73,263189,0
20160915,29.73,30.1,29.295,30.01,204089,0
20160916,29.9,30.17,29.6,30,376819,0
20160919,29.99,30.59,29.72,30.29,477361,0
20160920,30.5,30.6,30.06,30.26,370948,0
20160921,30.45,35.16,30.18,31.9,2126667,0
20160922,32.1,32.1,30.41,31.36,1454111,0
20160923,31.46,31.54,30.63,30.75,360397,0
20160926,30.39,30.7,29.71,30.02,547601,0
20160927,29.9,30.42,29.45,29.78,570715,0
20160928,29.83,30.17,29.52,30,458553,0
20160929,31.48,31.49,29.92,30.32,958294,0
20160930,30.4,30.4,29.98,30,503134,0
20161003,29.8,30,28.56,29.19,660933,0
20161004,29.13,29.2968,28.56,28.72,718124,0
20161005,29.28,29.89,28.99,29.08,438139,0
20161006,29.15,29.48,28.6,28.85,307055,0
20161007,28.78,28.8948,28.12,28.27,416689,0
20161010,28.38,28.81,28.19,28.46,359533,0
20161011,28.35,28.61,28.11,28.41,667805,0
20161012,28.23,28.37,27.84,28.01,474449,0
20161013,27.75,28.48,27.55,28.05,402006,0
20161014,28.34,28.61,27.89,28.43,380002,0
20161017,28.5,28.5,28.3,28.43,355787,0
20161018,28.53,28.99,28.48,28.91,396817,0
20161019,29,29.16,28.54,29.03,255897,0
20161020,29.1,29.24,28.55,28.7,362265,0
20161021,28.83,29.205,28.59,29.04,441558,0
20161024,29.69,29.69,29,29.25,239871,0
20161025,29.37,29.44,28.9,29.14,445083,0
20161026,28.95,29.51,28.645,28.77,1080025,0
20161027,28.86,29.07,28.14,28.31,944097,0
20161028,28.02,28.04,26.84,27.2,2506460,0
20161031,27,27.06,26.06,26.86,2278185,0
20161101,26.78,27.29,26.59,27.19,2334877,0
20161102,27.07,27.3,26.69,27.13,974159,0
20161103,27.04,27.23,26.84,26.94,656925,0
20161104,26.84,27.09,26.77,26.9,593257,0
20161107,27.01,27.45,26.67,27.44,841345,0
20161108,27.31,27.6,27.02,27.42,938054,0
20161109,26,27.41,25.74,27.32,847581,0
20161110,27.3,27.65,27.04,27.47,895535,0
20161111,27.41,27.66,27.19,27.5,549252,0
20161114,27.52,28.16,27.25,27.59,1665098,0
20161115,27.72,28,27.16,27.91,646458,0
20161116,27.91,28.56,27.63,28.55,1108598,0
20161117,28.59,29.4,28.38,29.36,589732,0
20161118,29.19,29.385,28.57,28.77,881596,0
20161121,28.71,28.8493,27.72,27.91,815560,0
20161122,27.85,27.85,27.05,27.34,574256,0
20161123,27.36,27.66,27,27.41,728982,0
20161125,27.5,27.55,27.11,27.43,205994,0
20161128,27.11,27.75,27.05,27.22,542879,0
20161129,27.12,28.0841,27.08,27.61,778087,0
20161130,27.51,27.52,26.75,27.14,1557237,0
20161201,27.03,27.03,25.86,26.12,1181322,0
20161202,26.71,26.72,24.49,25.23,3319877,0
20161205,25.13,25.97,25,25.59,686439,0
20161206,25.77,25.83,25.35,25.58,522682,0
20161207,25.65,26.27,25.43,26.08,566620,0
20161208,26.18,26.56,25.67,26.53,408566,0
20161209,26.71,26.99,26.375,26.55,821323,0
20161212,26.31,26.66,25.5,25.64,559547,0
20161213,25.64,25.79,25.23,25.28,1028147,0
20161214,25.3,25.5,24.84,24.89,1041995,0
20161215,24.94,25.18,24.54,24.65,1147177,0
20161216,24.64,24.83,24.12,24.19,1301436,0
20161219,25.24,25.24,23.8,24.07,1818007,0
20161220,24.08,24.73,24,24.61,1228684,0
20161221,24.65,24.74,23.88,24.33,1068690,0
20161222,24.34,24.395,23.8528,24.05,1354520,0
20161223,24.11,24.3682,23.91,24.13,306833,0
20161227,24.41,26.02,24.06,24.31,709448,0
20161228,24.36,24.44,23.93,24.25,586778,0
20161229,24.27,24.48,24.15,24.25,449313,0
20161230,24.34,24.39,23.96,24.08,537814,0
20170103,24.32,24.73,24.2,24.6,468959,0
20170104,24.75,25.61,24.7135,25.13,532573,0
20170105,25.16,25.58,24.71,24.97,576342,0
20170106,25.07,25.25,24.634,24.72,927104,0
20170109,24.73,25.12,24.71,25.03,505102,0
20170110,25.03,25.38,24.95,25.24,490170,0
20170111,25.28,26.08,25.16,26,670975,0
20170112,26.03,26.84,26.01,26.81,1209582,0
20170113,26.92,26.98,26.48,26.91,560547,0
20170117,26.82,26.87,26.4278,26.63,672863,0
20170118,26.88,27.45,26.62,27.2,1092335,0
20170119,27.35,27.51,27.14,27.42,909837,0
20170120,27.21,28.14,26.96,28.03,2005619,0
20170123,27.78,27.97,27.23,27.64,1445146,0
20170124,27.52,28.1,27.38,27.92,635078,0
20170125,28.69,28.69,27.68,27.85,1061516,0
20170126,27.86,27.99,27.62,27.77,505162,0
20170127,27.81,27.97,27.52,27.75,632252,0
20170130,27.51,27.69,26.97,27.61,444531,0
20170131,27.39,27.7,27.07,27.63,660302,0
20170201,27.57,28.19,27.33,28.02,838703,0
20170202,28,28.185,27.62,28.14,464619,0
20170203,28.06,28.37,27.85,28.16,400976,0
20170206,27.96,27.9799,27.72,27.93,233127,0
20170207,28,28.1,27.81,28,271657,0
20170208,27.98,28.19,27.68,28.11,236919,0
20170209,28.11,28.38,27.957,28.26,424918,0
20170210,28.21,28.82,28.1016,28.64,521816,0
20170213,28.64,28.99,28.5,28.92,420717,0
20170214,28.95,29,28.75,28.96,345265,0
20170215,28.9,29.74,28.8458,29.62,566042,0
20170216,29.47,29.59,28.88,29.16,388617,0
20170217,28.96,29.9,28.76,29.89,587781,0
20170221,29.79,30.24,29.53,30.05,710174,0
20170222,30.06,30.24,29.2801,29.42,518009,0
20170223,29.35,29.6245,29.31,29.525,390172,0
20170224,29.39,29.39,29.06,29.27,248863,0
20170227,29.06,29.2,28.73,28.82,454494,0
20170228,28.54,29,28.39,28.44,503318,0
20170301,28.73,28.99,28.25,28.93,407339,0
20170302,28.83,28.97,28.53,28.6,541179,0
20170303,28.66,28.89,28.4,28.79,379916,0
20170306,28.56,28.76,28.34,28.63,354787,0
20170307,28.69,28.83,28.3601,28.55,446904,0
20170308,28.67,28.71,28.32,28.63,243039,0
20170309,28.75,28.8,28.3,28.54,268253,0
20170310,28.69,28.7169,28.5,28.67,238784,0
20170313,28.66,29.19,28.58,29.13,381644,0
20170314,29.15,29.15,28.7349,28.92,324969,0
20170315,29.04,29.16,28.785,29.03,509956,0
20170316,29.13,29.46,28.92,29.39,422969,0
20170317,29.53,29.76,29.3913,29.66,436528,0
20170320,29.81,29.89,29.1,29.45,538905,0
20170321,29.73,29.79,28.75,28.99,752816,0
20170322,29.04,29.38,28.8,29.18,680180,0
20170323,29.02,29.764,29.02,29.29,583743,0
20170324,29.32,29.706,29.0846,29.43,380735,0
20170327,29.3,29.76,29.14,29.59,339947,0
20170328,29.6,30,29.32,29.81,380614,0
20170329,29.81,29.96,29.41,29.85,434072,0
20170330,29.9,30,29.62,29.83,605018,0
20170331,29.64,30,29.58,29.95,305777,0
20170403,29.85,30.08,29.56,29.74,548185,0
20170404,29.81,29.9999,29.68,29.91,349546,0
20170405,30,30.38,29.89,30.11,638096,0
20170406,30.15,31.33,30.15,31.32,1161676,0
20170407,31.11,31.43,31.11,31.32,685485,0
20170410,31.43,31.69,31.075,31.55,535241,0
20170411,31.43,31.5,30.83,31.22,739441,0
20170412,31.01,31.64,31.01,31.6,574107,0
20170413,31.6,31.62,31.18,31.23,557095,0
20170417,31.34,31.6,31.29,31.49,336364,0
20170418,31.45,31.72,31.26,31.59,406739,0
20170419,31.58,31.98,31.45,31.83,487888,0
20170420,31.44,31.5,30.91,31.27,1028892,0
20170421,31.44,31.615,31.2,31.54,732249,0
20170424,31.89,32.03,31.58,32.02,463351,0
20170425,31.97,32.81,31.79,32.57,670743,0
20170426,32.57,32.85,32.45,32.82,515252,0
20170427,32.66,33.57,32.55,33.47,1402945,0
20170428,34.2,34.97,33.67,34.48,1870716,0
20170501,33.65,34.79,32.84,34.72,1683459,0
20170502,34.69,34.95,34.3,34.94,1150153,0
20170503,34.96,35.32,34.84,35.28,933364,0
20170504,35.36,36.89,35.13,36.53,1066352,0
20170505,36.48,37.01,36.03,36.81,678598,0
20170508,36.92,37.04,36.53,36.82,865003,0
20170509,36.83,37.06,36.65,36.84,948420,0
20170510,36.79,37.42,36.6,37.18,546621,0
20170511,37,37.12,36.4605,36.93,613908,0
20170512,36.79,37.19,36.4,36.84,1674395,0
20170515,36.92,37.27,36.81,37.06,886306,0
20170516,37.06,37.15,36.84,36.9,564347,0
20170517,36.51,36.65,35.35,35.4,976426,0
20170518,35.3,35.52,34.74,35.34,845901,0
20170519,35.46,35.64,35.115,35.25,1017496,0
20170522,35.14,35.7,34.765,35.56,839722,0
20170523,35.63,35.78,35.21,35.43,941862,0
20170524,35.41,35.99,35.3,35.9,735362,0
20170525,35.76,36,35.42,35.95,677234,0
20170526,35.81,35.99,35.42,35.58,639541,0
20170530,35.46,35.755,35.28,35.61,494737,0
20170531,35.67,35.76,35.2,35.76,449983,0
20170601,35.86,36.52,35.62,36.51,531076,0
20170602,36.61,36.76,36.26,36.74,284632,0
20170605,36.7,37.148,36.63,36.86,481378,0
20170606,36.77,37.83,36.6,37.71,825976,0
20170607,37.78,37.9,36.57,36.87,824730,0
20170608,37.05,37.27,36.59,37.21,733424,0
20170609,37.39,37.5,34.3071,34.62,901350,0
20170612,34.51,34.89,32.58,34.57,1013975,0
20170613,34.79,35.35,34.45,34.63,563703,0
20170614,34.82,35.24,34.22,34.63,360587,0
20170615,34.34,34.71,34.065,34.64,434053,0
20170616,34.78,34.82,34.26,34.79,483391,0
20170619,34.94,35.25,34.52,34.85,401876,0
20170620,34.81,34.97,34.39,34.6,487538,0
20170621,34.8,35.01,34.3302,34.8,408465,0
20170622,34.72,35.45,34.64,35.3,477459,0
20170623,35.3,36.27,35,36,3441735,0
20170626,36.01,36.39,35.58,35.93,629428,0
20170627,35.91,36.48,35.54,35.67,561459,0
20170628,35.85,36.25,35.45,36.1,340223,0
20170629,36.01,36.01,34.75,35.18,590901,0
20170630,35.27,35.67,34.91,35.18,295322,0
20170703,35.25,35.3,33.34,34.16,539438,0
20170705,34.2,34.79,34.075,34.68,566195,0
20170706,34.4,35.02,34.245,34.62,594552,0
20170707,34.73,35.82,34.61,35.31,471528,0
20170710,35.31,35.5825,34.99,35.32,282546,0
20170711,35.16,35.56,34.89,35.34,512555,0
20170712,35.76,36.4,35.59,36.24,364533,0
20170713,36.3,36.43,35.49,35.53,258064,0
20170714,35.72,35.75,35.27,35.65,231778,0
20170717,35.75,35.79,35.41,35.65,214679,0
20170718,35.67,35.67,35.26,35.435,332301,0
20170719,35.55,36.36,35.35,36.26,334694,0
20170720,36.29,36.29,35.61,35.98,309357,0
20170721,35.97,36.3,35.49,35.75,210874,0
20170724,35.42,36.49,35.42,36.41,399259,0
20170725,36.94,38.49,36.94,38,1111087,0
20170726,38,38.99,37.42,38.84,686180,0
20170727,39,39.25,37.1277,37.97,1001782,0
20170728,37.21,37.36,35.09,37.14,1582337,0
20170731,36.93,36.93,35.35,35.82,1378917,0
20170801,35.82,36.32,35.33,36.29,760705,0
20170802,36.37,36.5,34.44,34.5,857796,0
20170803,34.65,35.23,34.51,35.06,723945,0
20170804,35,35.36,34.76,35.35,310903,0
20170807,35.51,35.51,34.91,35.435,423297,0
20170808,35.3,35.37,35.04,35.15,295492,0
20170809,35,35.46,34.83,35.45,550773,0
20170810,35.25,35.3,34.54,34.78,829380,0
20170811,35.07,35.47,34.48,35.46,421739,0
20170814,35.63,36,35.56,35.98,329846,0
20170815,35.98,36.39,35.69,36.37,425393,0
20170816,36.39,37.67,36.14,37.46,705337,0
20170817,37.26,37.33,36.69,36.91,603972,0
20170818,36.92,36.92,36.24,36.34,433512,0
20170821,36.22,36.485,34.94,36.17,903659,0
20170822,36.37,36.4079,35.39,35.9,436310,0
20170823,35.57,36.22,35.45,35.75,289148,0
20170824,35.75,35.82,34.68,35.24,547543,0
20170825,35.19,35.2936,34.46,34.64,501617,0
20170828,34.7,34.82,33.94,34.68,470723,0
20170829,34.34,34.97,34.27,34.61,420370,0
20170830,34.53,35.56,34.34,35.53,451837,0
20170831,35.43,35.66,34.93,35.6,486982,0
20170901,35.53,35.66,34.84,34.9,345850,0
20170905,34.96,34.96,34.25,34.9,304649,0
20170906,35.06,35.07,34.32,34.39,258952,0
20170907,34.59,34.78,34.41,34.46,298925,0
20170908,34.55,34.63,34.19,34.37,285833,0
20170911,36,36,34.48,35.03,381502,0
20170912,34.83,34.86,33.66,33.8,581190,0
20170913,33.88,34.03,33.16,33.82,733172,0
20170914,33.93,36.62,33.82,36.55,1195151,0
20170915,36.63,36.73,35.83,36.15,686363,0
20170918,36.13,36.45,35.48,36.39,467581,0
20170919,36.5,36.5,35.92,36.42,630841,0
20170920,36.47,36.745,35.71,36.07,790904,0
20170921,36.31,36.475,34.88,35.16,554365,0
20170922,35.16,35.32,34.85,35.17,475128,0
20170925,35.11,35.43,33.83,34.23,724523,0
20170926,34.53,34.64,33.61,33.94,825040,0
20170927,34.16,34.4,33.92,34.3,280242,0
20170928,34.31,34.72,34.23,34.49,365918,0
20170929,34.52,35.16,34.4,35.15,499074,0
20171002,35,36.29,35,36.25,715697,0
20171003,36.41,36.93,36.09,36.65,868660,0
20171004,36.58,38,36.52,37.89,1288692,0
20171005,37.87,38.34,37.72,38.15,895482,0
20171006,38.12,38.87,37.47,38.67,989792,0
20171009,38.8,40,38.63,39.59,1504722,0
20171010,39.66,40.43,39.65,39.77,1855258,0
20171011,39.89,40.95,39.87,40.39,1326657,0
20171012,40.4,40.66,40.1014,40.33,745026,0
20171013,40.46,40.46,39.24,39.64,684043,0
20171016,39.82,40,39.21,39.55,758864,0
20171017,39.61,39.97,39.33,39.75,992239,0
20171018,39.75,39.87,39.47,39.81,630678,0
20171019,39.49,40.3,39.06,40.25,1302112,0
20171020,45.98,50.88,41.93,50.17,7226680,0
20171023,48.66,49.07,47.47,49,3398377,0
20171024,48.55,49.56,48,49.28,1320083,0
20171025,49.27,49.27,46.811,48.26,1700633,0
20171026,48.08,48.74,47.58,47.91,817428,0
20171027,48.3763,48.3763,46.4,47.03,1242667,0
20171030,46.92,48.535,46.6,48.31,1028437,0
20171031,48.27,49.16,47.54,48.37,1097577,0
20171101,48.235,48.76,46.93,48.69,1262083,0
20171102,48.61,50.48,48.18,49.43,2227435,0
20171103,49.57,51.77,48.8,50.99,2128286,0
20171106,50.98,52.09,49.86,52.06,1615379,0
20171107,52.27,52.489,51.17,51.81,1097580,0
20171108,51.76,53.21,51.3,52.94,1215611,0
20171109,52.28,52.46,51.28,52.33,1023885,0
20171110,52.29,52.8199,51.92,52.4,634325,0
20171113,51.9,52.37,51.26,52.27,873810,0
20171114,52.26,52.84,51.77,52.38,963694,0
20171115,51.72,52.18,50.9,51.9,776150,0
20171116,51.94,53.45,51.94,52.43,835747,0
20171117,52.38,52.92,51.9,52.37,846119,0
20171120,52.21,52.255,50.87,50.9,1234962,0
20171121,50.9,52.51,50.52,52.21,905666,0
20171122,52.11,52.11,51.32,51.74,509936,0
20171124,52.1,52.535,51.31,52.23,324861,0
20171127,52.29,52.31,51.22,51.55,858259,0
20171128,51.81,51.9358,50.55,51.19,702762,0
20171129,50.75,50.965,46.245,46.61,2289007,0
20171130,47.09,47.47,46.031,46.69,1047732,0
20171201,46.79,47.46,46.0822,47.01,1033584,0
20171204,47.53,48,44.27,44.28,1709322,0
20171205,43.88,46.0303,43.11,44.97,919520,0
20171206,44.82,45.46,44.52,45.17,590470,0
20171207,45.42,45.81,45.01,45.52,585533,0
20171208,45.79,46.55,45.74,46.45,755474,0
20171211,46.83,47.67,46.535,47.11,745443,0
20171212,47,47.2,45.42,45.46,769702,0
20171213,45.51,46.44,45.5,45.98,498477,0
20171214,46.04,46.62,45.28,45.43,467254,0
20171215,45.44,47.06,45.055,47.03,1607699,0
20171218,47.5,47.51,46,46.81,1263135,0
20171219,46.87,46.97,46.14,46.87,686405,0
20171220,47.05,47.18,45.53,46.69,611703,0
20171221,46.61,46.94,46.08,46.41,547565,0
20171222,46.5,46.5,45.53,46.26,504570,0
20171226,46.05,46.74,45.385,46.49,422617,0
20171227,46.4,46.67,46.1,46.14,441368,0
20171228,46.35,46.35,45.47,46.04,487607,0
20171229,46.2,46.29,45.46,45.52,505298,0
20180102,45.94,47.35,45.61,47.06,836726,0
20180103,47.32,50.7105,47.32,50.4,2122799,0
20180104,51.06,52.04,50.63,51.6,2042843,0
20180105,51.62,52.43,51.6,51.87,1112242,0
20180108,51.89,52.6,51.27,51.91,686799,0
20180109,52.31,52.85,51.08,52.72,912616,0
20180110,52.22,52.47,50.54,51.05,1134771,0
20180111,51.15,52.07,50.66,52.04,463233,0
20180112,52.04,52.74,51.32,52.57,592942,0
20180116,53.38,55.25,51.77,52.82,1982436,0
20180117,53.31,55.21,53.04,54.87,1736707,0
20180118,55.91,55.91,53.56,55.6,2236841,0
20180119,53.31,55.1766,51.55,53.07,3658378,0
20180122,52.6,53,50.93,52.26,1630560,0
20180123,51.92,54.06,51.2601,53.93,1261265,0
20180124,53.93,54,52.11,52.77,1125645,0
20180125,52.85,53.42,52.24,53.09,844265,0
20180126,53.64,53.93,53.2,53.85,801453,0
20180129,53.65,55.05,53.16,54.74,1134054,0
20180130,53.81,54.66,53.101,53.39,791495,0
20180131,53.78,54.53,53.36,53.99,606377,0
20180201,53.47,54.35,52.43,53.26,687391,0
20180202,53.06,53.125,52.24,52.72,914408,0
20180205,51.93,53.06,48.78,51.23,1037606,0
20180206,49.79,52.112,49.01,52.02,986308,0
20180207,51.78,52.94,51.75,51.78,615249,0
20180208,51.8,52.0053,48.71,48.86,1023598,0
20180209,49.57,50.67,47.74,50.19,907463,0
20180212,50.29,51.529,50.06,51.22,597775,0
20180213,51.13,51.99,50.9,51.8,403990,0
20180214,51.29,52.25,50.1104,52.09,666853,0
20180215,52.24,52.95,51.9,52.93,452111,0
20180216,52.97,54.69,52.73,53.22,733434,0
20180220,52.45,54.49,52.01,54.26,1469503,0
20180221,54.22,57.47,54.1,55.45,2034285,0
20180222,55.32,55.45,51.76,52.41,1360518,0
20180223,52.35,53.34,50.58,53.27,921413,0
20180226,53.29,53.76,52.61,52.77,593249,0
20180227,52.53,53.46,52.001,52.91,554447,0
20180228,52.81,55.42,52.81,54.29,1294836,0
20180301,54.57,54.909,52.6,54.19,985500,0
20180302,53.78,58.45,53.01,58.17,1978299,0
20180305,58.3,59.1,56.95,58.58,1311701,0
20180306,59.13,59.81,58.51,59.14,846781,0
20180307,58.5,60.32,58.325,59.77,1238546,0
20180308,60.28,60.86,59.68,59.79,597892,0
20180309,60.04,61.44,60.04,61.26,727870,0
20180312,61.64,62.1713,60.47,61.8,741720,0
20180313,62.14,62.25,59.58,59.83,721540,0
20180314,60.27,60.66,58.34,59.98,950211,0
20180315,60.07,60.19,59.06,59.56,711601,0
20180316,59.53,59.66,58.84,59.26,528124,0
20180319,59.18,59.74,58.08,58.57,580166,0
20180320,58.6,59.45,58.54,59.16,775642,0
20180321,59.42,59.94,58.11,58.32,1027585,0
20180322,57.35,58.86,56,57.51,924324,0
20180323,57.53,58.06,55.33,55.36,975073,0
20180326,56.5,56.991,55.141,56.62,957255,0
20180327,57.2,57.62,53.68,54.01,762803,0
20180328,53.5,53.5,50.84,52.16,2011107,0
20180329,52.55,54.49,52.07,53.92,970867,0
20180402,53.54,54.24,53.011,53.78,878659,0
20180403,54.47,54.85,52.94,53.21,910877,0
20180404,52,56.23,51.76,56.11,2386789,0
20180405,56.91,57.3399,55.6637,55.97,826188,0
20180406,55.48,56.26,53.96,54.59,883925,0
20180409,55.48,56.91,55.24,55.9,853877,0
20180410,57.04,57.43,55.3,56.99,721272,0
20180411,58.66,59.82,56.355,58.66,1402113,0
20180412,58.91,60.84,58.32,60.64,1484201,0
20180413,61.09,61.255,59.95,60.25,1209632,0
20180416,60.87,61.58,60.01,60.68,817526,0
20180417,61,62.75,60.96,62.06,947580,0
20180418,61.15,62.78,60.54,62.07,1105147,0
20180419,62.19,62.6,61,62.27,1496216,0
20180420,54.61,59.6163,54.54,58.205,9366660,0
20180423,58.19,59.0249,56.7868,58.98,2357623,0
20180424,59.4,59.49,56.7,57.21,3834590,0
20180425,56.51,56.83,54.92,55.17,3018849,0
20180426,55.99,56.39,55.46,56.04,1895014,0
20180427,56.35,56.38,54.57,55.42,1011915,0
20180430,55.48,56.35,55.15,55.98,1125778,0
20180501,55.6,56.26,55.11,56.24,933700,0
20180502,56.37,57,55.93,56.47,721076,0
20180503,56.46,58.5,56.28,58.49,1323820,0
20180504,58.01,60.025,57.6,59.99,1571468,0
20180507,60.4,62.825,60.185,62.61,1613516,0
20180508,62.14,63.59,62.11,63.18,1328193,0
20180509,63.1,64.49,62.87,64.29,1755277,0
20180510,64.29,65.67,64.02,65.29,1725868,0
20180511,65.43,66,64.715,64.87,1477886,0
20180514,64.88,64.95,62.33,62.48,1550659,0
20180515,61.88,62.25,60.32,61.8,1334403,0
20180516,61.55,62.72,60.67,61.77,856565,0
20180517,61.76,62.19,61.19,61.64,638652,0
20180518,61.84,63.56,61.66,63.4,952757,0
20180521,63.4,64,60.82,61.49,1537239,0
20180522,61.58,62.2,61.43,61.66,1006882,0
20180523,60.88,63.04,60.88,62.94,1086229,0
20180524,62.8,64.47,62.14,63.92,1121979,0
20180525,63.45,63.84,62.85,62.94,707469,0
20180529,62.31,62.81,60.54,62.71,2132229,0
20180530,62.68,63.79,62.14,63.42,1319899,0
20180531,63.45,64.8,63.04,63.79,1466493,0
20180601,64.05,65.43,63.26,64.01,1936748,0
20180604,64,64.48,62.55,64.42,2181887,0
20180605,64.51,66.895,64.51,66.67,1917381,0
20180606,67.1,68.749,66.56,67.82,1964189,0
20180607,68,68,62.45,63.78,2148228,0
20180608,64,64.73,63.01,64.28,674022,0
20180611,64.54,64.7239,63.83,64.35,694348,0
20180612,64.4,66.29,64.35,66.21,1230604,0
20180613,66.3,67.47,65.521,66.14,791654,0
20180614,66.64,67.6,66.08,66.49,966569,0
20180615,66.28,66.29,65.22,66.12,1125519,0
20180618,65.8,67.63,65.4252,66.61,741465,0
20180619,65.59,65.59,63.22,65.04,1301388,0
20180620,65.64,66.1271,64.94,65.53,801884,0
20180621,65.8,65.97,64.39,65.59,934422,0
20180622,65.51,65.51,62.61,64.19,2128175,0
20180625,63.55,63.94,61.18,62.38,1055923,0
20180626,62.87,63.59,62.4,63.25,1106524,0
20180627,63.37,63.53,60.75,60.75,685795,0
20180628,60.69,62.46,60.39,62.12,712890,0
20180629,62.42,63.21,62.09,62.52,532093,0
20180702,62.03,63.52,61.6601,63.35,521845,0
20180703,63.37,64.25,62.59,62.98,490184,0
20180705,63.02,63.87,62.5,63.4,1168344,0
20180706,63.3,65.4,63.205,65.23,590960,0
20180709,65.74,66.37,63.61,64.78,728264,0
20180710,64.89,65.25,64.102,64.7,534715,0
20180711,64.01,65.6,64,65.33,460493,0
20180712,65.61,68.77,65.34,68.26,1439567,0
20180713,68.57,68.675,67.09,67.19,1170627,0
20180716,67.52,68.4,66.74,66.86,670311,0
20180717,66.09,68.1,65.15,67.88,671685,0
20180718,67.96,68.5,67.29,68.22,589235,0
20180719,68.23,68.98,67.81,67.86,702028,0
20180720,67.85,68.66,67.5,67.87,1198916,0
20180723,67.49,67.98,65.511,66.4,1383235,0
20180724,67.11,67.11,64.43,64.49,926959,0
20180725,64.78,67.12,64.78,67.05,803042,0
20180726,66.09,67.77,65.33,66.83,1460314,0
20180727,77.93,79.82,72.5,73.84,7461890,0
20180730,73,75,69.13,71.08,2577271,0
20180731,70.78,73.81,70.5,72.41,2057834,0
20180801,72.5,74.555,72.41,73.29,1364645,0
20180802,73,75.555,72.8652,74.92,1059293,0
20180803,75.2,75.2,73.3135,74.12,934726,0
20180806,74.35,76.13,74.31,75.55,1518398,0
20180807,75.91,76.61,75.51,75.98,1086855,0
20180808,75.62,76.6999,75.2465,76.17,689602,0
20180809,76.2,78.74,75.66,78.31,1234483,0
20180810,77.52,78.7,77.101,78.07,865379,0
20180813,78.07,79.52,77.98,78.23,763939,0
20180814,78.06,78.91,76.81,78.71,870558,0
20180815,77.31,78.64,77.15,77.64,1309727,0
20180816,78,78.5,77.42,78.1,466357,0
20180817,78,78.335,77.02,78.02,714244,0
20180820,77.63,78.68,76.79,78.25,1063345,0
20180821,78.05,80.68,78.05,79.26,1012131,0
20180822,79.25,80.5,78.7,80.06,673283,0
20180823,79.52,82.98,79.25,82.63,1925568,0
20180824,82.52,86.13,82.52,86.11,2064061,0
20180827,86.03,87.48,85.06,86.54,2420784,0
20180828,86.76,88.05,86.54,87.66,1796242,0
20180829,87.85,89.76,87.85,89.47,1647671,0
20180830,89.02,90.31,88.67,89.29,1350921,0
20180831,89,91.42,88.365,90.01,1333794,0
20180904,90.2,92.24,89.601,91.9,1563405,0
20180905,92.26,92.26,86.74,87.61,2246631,0
20180906,87.98,88.49,86.55,86.68,1830474,0
20180907,86.46,88.65,84.4619,87.01,1816654,0
20180910,87.96,88.5483,85.435,87.96,1192625,0
20180911,88.09,90.77,87.25,90.49,876952,0
20180912,90.13,90.92,86.95,89.58,1046399,0
20180913,91.75,94.72,91.33,93.42,1879179,0
20180914,93.58,95,92.85,94.18,1176665,0
20180917,94.49,94.5,90.64,91.11,1411880,0
20180918,91.07,93.22,90.49,92.4,1659008,0
20180919,92.41,92.95,89.57,89.93,1498151,0
20180920,90,91.5,89.47,91.32,1169639,0
20180921,91.48,91.73,89.73,90.69,1075052,0
20180924,89.78,93.16,88.5739,92.47,1363961,0
20180925,92.9,94.61,92.6418,94.28,930981,0
20180926,94.67,95.25,93.53,94.36,1130787,0
20180927,95.12,96.4494,94.8,95.89,1109664,0
20180928,95.78,97.06,95.03,96.14,1866156,0
20181001,97.18,98.2125,94.845,95.72,1418896,0
20181002,94.68,95.87,93.56,93.6,2521897,0
20181003,94,94.59,91.76,92.9,1929542,0
20181004,90.22,90.83,85.42,85.67,3062208,0
20181005,86.1,87.258,84.05,85.36,1707222,0
20181008,84.35,84.712,79.77,81.09,3316224,0
20181009,80.68,83.85,80.5124,81.29,1699982,0
20181010,80.24,80.69,77.51,78.65,2382298,0
20181011,76.62,81.22,76.12,78.34,2085050,0
20181012,81.22,82.36,79.87,81.71,1667351,0
20181015,81.71,82.14,78.6119,79.78,1287276,0
20181016,80.87,83.2,80.66,82.84,1613500,0
20181017,83.99,84.05,81.58,83.63,1125019,0
20181018,83.03,83.9,80.135,81.89,2485120,0
20181019,78,80.86,69.56,70.18,8073011,0
20181022,71.03,73.21,70.42,72.64,3574632,0
20181023,71.2,72.63,69.68,72.46,2069405,0
20181024,72.06,73.28,67.01,67.12,1984268,0
20181025,69.29,70.655,68,70.43,1942561,0
20181026,67.99,70.69,66.8,68.92,1634122,0
20181029,71.82,72.415,67.37,68.93,1604580,0
20181030,68.71,72.57,68.27,71.34,2255264,0
20181031,72.5,76.66,72.06,75.91,2289873,0
20181101,76.67,77.43,74.43,76.75,1389423,0
20181102,77.07,78.565,75.2,76.48,1130170,0
20181105,76.2,77,73.32,74.61,772035,0
20181106,74.15,75.64,71.55,72.09,1117983,0
20181107,73.64,78,73.0949,77.61,1854138,0
20181108,76.82,77.26,74.725,75.95,984924,0
20181109,75.02,75.4565,71.91,73.29,684307,0
20181112,72.07,72.83,69.63,70.8,1284847,0
20181113,74.27,74.27,70.418,73.01,1323772,0
20181114,74.02,74.75,71.71,72.4,899677,0
20181115,72.28,75.93,71.99,75.75,1262831,0
20181116,75.27,76.68,74.5301,75.95,876782,0
20181119,75.48,75.75,68.94,69.31,2160636,0
20181120,66.04,70.57,65.17,70.22,1871179,0
20181121,73.11,73.21,70.091,72.13,827748,0
20181123,70.22,73.42,70.001,73.2,363927,0
20181126,73.69,76.26,72.77,76.17,884591,0
20181127,75.29,76.63,74.31,74.66,810746,0
20181128,75.47,81.5,75.47,80.7,1596325,0
20181129,80,85.83,79.89,83.9,2191248,0
20181130,84.28,87,84.06,85.94,1394063,0
20181203,89,89.81,87.07,89.6,1840538,0
20181204,88.7,89.82,85.01,85.72,1745426,0
20181206,82.3,85.76,81,85.14,1908000,0
20181207,83.82,84.83,78.924,80.46,1817448,0
20181210,80.2,84.28,79,83.06,1170896,0
20181211,85.21,85.6,82.16,82.98,634250,0
20181212,84.83,86.75,83.8,84.05,1149863,0
20181213,85,85.6801,82.81,84.25,714309,0
20181214,82.87,84.92,82.0101,83.19,831698,0
20181217,82.75,82.75,79.29,79.85,1162119,0
20181218,81.2,81.35,78.73,79.12,1454088,0
20181219,79.68,83.74,79.355,81.06,1688156,0
20181220,80.24,83.85,75.55,82.25,2980396,0
20181221,82.97,83,79.46,81.13,3059496,0
20181224,79.79,81.85,77.34,78.66,630108,0
20181226,79.36,85.5,79.33,85.32,1510129,0
20181227,83.52,87.57,82.66,87.57,966698,0
20181228,88.21,88.98,85.22,87.6,1410740,0
20181231,89.23,90.88,88.2,88.98,2146879,0
20190102,85.82,90.14,84.1802,89.03,1570448,0
20190103,87.03,88.36,84.29,84.48,1201478,0
20190104,86.65,88.82,85.4815,87.09,1836219,0
20190107,89.05,95.8,87.7,92.71,3738763,0
20190108,94.98,96,91.66,94.82,2275330,0
20190109,95.27,96.97,94.6247,95.81,1454799,0
20190110,95.06,95.99,93.75,95.5,1174865,0
20190111,95.31,96.47,93.67,95.65,934995,0
20190114,94.18,94.7177,92.851,93.71,2252077,0
20190115,91.35,95.41,90.4,95.38,1792350,0
20190116,95.63,96.6897,93.4,94.32,1663025,0
20190117,94.33,94.75,91.657,92.92,3504342,0
20190118,100,100,88.55,90.67,7666895,0
20190122,88.77,92.47,87.1802,91.44,2696332,0
20190123,92,94.4,90.85,93.65,2447153,0
20190124,93.82,94.9,92.11,93.32,1211622,0
20190125,94.5,95.99,93.7135,95.86,1155334,0
20190128,94.42,95.12,92.53,94.72,954930,0
20190129,94.39,94.8,92.4205,93.22,948853,0
20190130,94.07,95.8432,94.07,95.01,1141313,0
20190131,95,100,94.71,98.4,2263349,0
20190201,98.21,101.76,97.86,98.98,2084959,0
20190204,99.08,102.85,99.07,102.18,1979943,0
20190205,102.47,103.775,101.625,102.77,1809331,0
20190206,102.73,104.31,101.26,103.54,1500746,0
20190207,102.22,103.716,101.16,102.35,1180885,0
20190208,101.32,104.952,101.2,104.34,1129677,0
20190211,104.94,106.4,104.11,104.57,1385581,0
20190212,104.85,106.59,104.3,106.12,1457297,0
20190213,106.48,107.2,103.31,105.25,1131695,0
20190214,104.74,105.78,104.11,104.81,1194446,0
20190215,106.15,106.15,104.12,104.9,899092,0
20190219,104.38,104.63,103.32,103.91,1845009,0
20190220,104,105.67,102.58,104.12,1162387,0
20190221,103.3,103.88,101.59,103.04,949570,0
20190222,102.97,105.44,102.74,105.25,968231,0
20190225,105.97,107.95,105.75,106.75,1390326,0
20190226,106.02,107.01,105.45,105.88,1185362,0
20190227,105.3,106.65,104.791,106.33,996838,0
20190228,105.63,107.96,105.381,107.48,1749899,0
20190301,108.22,111.76,107.56,110.95,1989437,0
20190304,111.58,111.58,99.77,104.71,3863173,0
20190305,105.33,105.33,101.29,104.43,1309837,0
20190306,104.25,105,102.3,103.5,856036,0
20190307,102.97,106.344,102.56,104.21,1305954,0
20190308,102.06,105.06,100.51,104.25,1094957,0
20190311,104.76,110.1,104.76,109.51,1533049,0
20190312,110.06,112.45,109.05,110.94,1747996,0
20190313,111.22,112.58,108.25,108.58,3581630,0
20190314,109.46,112.49,109.3,110.48,1711210,0
20190315,110.83,112.23,109.643,110.27,2235528,0
20190318,110.12,111.73,109.66,111.22,729522,0
20190319,112.21,113.4,110.31,112.42,1148285,0
20190320,112.64,113.9,111.278,112.83,823398,0
20190321,112.34,115.88,112.1,115.5,1098204,0
20190322,114.69,115.054,109.73,109.83,1433213,0
20190325,109.33,110.39,107.9,109.86,890709,0
20190326,111.55,112.95,110.5,111.55,727757,0
20190327,106.99,112,105.2,106.99,2086836,0
20190328,107.08,109.87,106.6,108.46,1132254,0
20190329,110.2,112.51,108.68,112.39,1239042,0
20190401,114.03,115.375,111.37,113.87,1255281,0
20190402,114.44,116.09,112.22,115.6,980052,0
20190403,116.3,116.7,114.67,115.36,1102370,0
20190404,115.6,115.6,106.75,110.22,2366651,0
20190405,111.53,112.54,110.19,111.33,1239671,0
20190408,111.28,112.14,108.294,112.08,1009585,0
20190409,111,112.69,110.2,112.15,1194328,0
20190410,112.15,113.7,111.83,112.74,1714198,0
20190411,113.64,114.69,111.57,114.44,1224381,0
20190412,115.28,115.67,112.28,112.68,1543210,0
20190415,114.01,117.06,113.56,114.45,2094414,0
20190416,115.09,115.61,112.22,112.97,2014279,0
20190417,113.39,114.13,109.674,111.19,3261621,0
20190418,101.4,105.6,100.25,101.94,7538972,0
20190422,100.72,104.25,100.283,103.75,2528972,0
20190423,104.25,107.1,103.87,106.72,3143154,0
20190424,107.52,108.06,102.845,103.17,2177491,0
20190425,104,106.07,102.61,106.01,1468385,0
20190426,105.84,108.34,104.601,108.21,1129938,0
20190429,107.93,110.7,107.8,110.05,2116224,0
20190430,109.25,111.662,109.104,110.15,1658601,0
20190501,110.23,110.99,108.57,108.59,1092704,0
20190502,107.82,109.8,106.8,109.01,1108245,0
20190503,110.33,111.7,109.458,110.41,854334,0
20190506,107,110.9,106.11,110.57,840981,0
20190507,109.65,112,109.63,110.67,2085118,0
20190508,110.99,117.45,110.864,117.17,3568259,0
20190509,116.16,125.31,115.22,125.13,4810605,0
20190510,123.11,129.97,121.5,128.87,3709346,0
20190513,124.71,126.778,120.63,120.78,2720368,0
20190514,121.6,124.62,121.11,123.77,1435783,0
20190515,122.91,127.37,122.57,126.08,1212338,0
20190516,126.09,131.03,126.09,129.74,1596472,0
20190517,128.94,131.99,128,129.15,1001813,0
20190520,125.85,127.33,123.798,124.55,1916337,0
20190521,126.11,127,125.4,125.54,911795,0
20190522,124.11,128.23,123.993,126.25,1353079,0
20190523,124.89,127.839,124.331,127.26,1827338,0
20190524,126.8,131,126.72,129.52,1688689,0
20190528,129.56,132.87,127.76,128.45,1230678,0
20190529,124.18,125.29,122.57,123.8,1550629,0
20190530,124.01,126.29,124.01,126.22,908505,0
20190531,123.82,127.339,122.67,125.88,1073703,0
20190603,126.24,127.21,115.87,117.3,2309951,0
20190604,119.52,122.73,117.32,122.65,1326120,0
20190605,124.59,126.62,121.78,126.43,1467198,0
20190606,126.32,128.925,125.17,127.71,827139,0
20190607,127.91,132.28,127.9,131.43,1269318,0
20190610,133.45,137.78,132.6,133,1662028,0
20190611,133.91,134.985,126.52,128.93,1755401,0
20190612,129.24,130.729,127.853,128.97,1341684,0
20190613,131.25,131.52,128.84,130.28,938096,0
20190614,129.87,131.48,129.07,129.91,806027,0
20190617,130.11,131.95,129.61,130.65,704819,0
20190618,132.89,133,129.39,129.55,843696,0
20190619,130.48,132.8,128.15,132.77,1105512,0
20190620,134.89,137.45,134.3,135.05,1003304,0
20190621,134.05,134.53,131.8,132.87,971004,0
20190624,134,134,128.22,130.55,1377610,0
20190625,130.54,130.91,123.43,125.74,1803392,0
20190626,126.38,128.98,126.38,128.35,1407737,0
20190627,129.01,131.24,127.99,131.04,1368395,0
20190628,131.15,131.85,129.76,130.84,1219327,0
20190701,133.2,133.656,129.6,131.77,1245233,0
20190702,131.88,133.85,131.035,133.75,1024574,0
20190703,134.49,135.16,133.22,133.36,812339,0
20190705,132.71,135.25,130.53,135.11,581790,0
20190708,134.45,138.48,133.61,137.93,1250808,0
20190709,137.08,140.99,137.08,140.6,1101472,0
20190710,141.14,143.68,139.449,140.36,927253,0
20190711,141.56,142.3,139.7,140.9,689719,0
20190712,140.59,141.35,137.23,138.555,920783,0
20190715,139.46,140.48,138.1,139.51,762917,0
20190716,140,140,135.63,137.16,933020,0
20190717,137.87,140.3,136.3,136.43,1181340,0
20190718,136.06,136.92,134.83,136.06,855986,0
20190719,137,137.985,134.103,134.16,993377,0
20190722,134.3,136.707,132.82,135.28,1099394,0
20190723,136.72,136.74,130.78,134.06,1403610,0
20190724,134.06,136.91,133.81,135.35,1175059,0
20190725,134.82,136.36,130.9,134.51,1576832,0
20190726,136.75,149.8,136.06,146.04,4440529,0
20190729,144,144.64,134.11,139.05,2904275,0
20190730,137.91,139.53,136.25,137,1180658,0
20190731,136.81,141.98,136.64,140.12,2051620,0
20190801,140,145.95,140,143.92,1638061,0
20190802,142.98,143.071,138.76,141.2,1460513,0
20190805,135.41,136.96,131.26,133.19,1848086,0
20190806,135,139.47,134.732,135.47,1282346,0
20190807,133.03,142.815,132.32,141.9,2390704,0
20190808,142.7,146.05,142.5,145.12,1207218,0
20190809,144.48,147.59,142.3,145.99,838922,0
20190812,144.38,145.28,141.69,143.68,692557,0
20190813,142.612,147.005,142.5,146.7,903780,0
20190814,143.29,144.91,138.26,139.49,1127670,0
20190815,139.44,140.75,136.89,139.5,905566,0
20190816,141,143.71,140.43,142.57,948399,0
20190819,143,143.39,138.54,141.27,1352155,0
20190820,140.7,143,140.08,142.14,536801,0
20190821,142.2,145,141.66,143.87,817802,0
20190822,143.51,145.801,141.17,143.44,785488,0
20190823,141.81,146.7,140.692,141.05,938722,0
20190826,141.79,143,140.5,142.86,556874,0
20190827,144.32,145.055,140.48,142.62,1057914,0
20190828,141.75,141.75,136.65,138.27,1491665,0
20190829,140,141.455,137.33,138.05,1174532,0
20190830,138.43,139.175,130.84,134.51,1751292,0
20190903,132.92,135.686,130.35,131.89,1222073,0
20190904,133.36,133.42,129.64,129.83,1738850,0
20190905,130.77,133.46,126.15,133.34,2338612,0
20190906,134.65,137.59,131.58,132.21,2474672,0
20190909,132.31,134.045,119.652,126.27,3455296,0
20190910,124,125.64,120.21,122.25,2584745,0
20190911,121.93,124.79,120.515,122.84,1082597,0
20190912,123.91,128.49,123.91,125.51,1851752,0
20190913,125.58,128.63,124.01,127.19,2044625,0
20190916,125.81,130.65,125.17,130.39,1180902,0
20190917,130.5,134,128.735,133.56,1210303,0
20190918,132.87,134.87,130.51,134.25,1480491,0
20190919,134.71,136.22,132.7,134.93,1065104,0
20190920,136.08,138.47,134.84,136.87,1772875,0
20190923,136.7,138.2,135.767,136.46,1108327,0
20190924,136.96,137.36,129.38,129.59,3106704,0
20190925,130,130.055,122.5,128.2,1829845,0
20190926,128.13,128.91,125.33,128.18,957559,0
20190927,128.26,128.45,121.59,123.03,1750206,0
20190930,122.66,126.252,121.46,125.44,1045828,0
20191001,125.28,126.525,122.675,124.27,1248921,0
20191002,123.16,124.4,120.84,122.78,1261559,0
20191003,123.12,128.53,121.62,128.09,1723688,0
20191004,129.83,132.17,129.21,131.87,1917414,0
20191007,131.01,133.69,130.77,132.91,1366691,0
20191008,132.69,133.5,123.86,124,2548025,0
20191009,126.12,128.49,124.18,126.74,1338585,0
20191010,127,128.91,125,125.87,1245501,0
20191011,127.63,129.858,127.21,127.48,715270,0
20191014,127.03,129.06,126.2,127.55,1016621,0
20191015,128,130.26,128,128.78,1551797,0
20191016,126.88,127.38,120.41,124.28,2920545,0
20191017,125.52,126.075,121.31,122.64,3304382,0
20191018,121.12,121.56,109.42,116.86,10819435,0
20191021,117.05,118.58,115.04,116.3,2567195,0
20191022,117.05,117.51,109.09,110.1,3482492,0
20191023,109,114.175,107,107.75,3472126,0
20191024,109.49,113.86,109,113.26,2432025,0
20191025,113.17,116,112.95,113.82,1748987,0
20191028,116.78,118.73,114.26,118.33,2216235,0
20191029,117.85,120.19,116.592,119.74,2397679,0
20191030,120,126.09,119.17,124.82,2868966,0
20191031,124.83,125.82,120.3,120.79,1954778,0
20191101,121.19,122.68,119.829,122.36,869742,0
20191104,123.02,123.97,118.26,118.37,1504412,0
20191105,118.37,118.37,112.83,114.19,2294324,0
20191106,114.67,116.14,112.83,115.25,988161,0
20191107,115.37,117.12,114.07,114.7,730943,0
20191108,114.82,119.2,114.22,118.95,1420205,0
20191111,119.18,120.198,117.522,119.47,975064,0
20191112,119.5,121.63,118.91,119.88,737420,0
20191113,120.51,123,120.11,121.49,981127,0
20191114,121.47,122,118.8,120.84,895226,0
20191115,121.39,122.8,119.89,122.73,830051,0
20191118,122,125.86,121.64,123.94,1393017,0
20191119,124.03,126.36,122.89,125.95,1512830,0
20191120,125.88,129.71,125.106,127.49,1830818,0
20191121,127.11,129.14,125.7,125.97,1432918,0
20191122,125.97,127,123.6,125.98,883272,0
20191125,125.59,128.48,125.55,126.51,1133528,0
20191126,125.95,130.98,125.66,129.71,1346543,0
20191127,129.57,129.797,127.06,127.41,963877,0
20191129,126.18,127.71,125.57,127.11,479875,0
20191202,126.75,126.865,118.18,120.84,2313566,0
20191203,117.8,123.91,116.094,123.55,2111506,0
20191204,123.52,124.07,121.12,123.47,1183074,0
20191205,124,124.71,123,123.95,768470,0
20191206,123.24,124.55,122.25,123.36,874394,0
20191209,122.89,123.89,121.1,122.83,840168,0
20191210,122.7,124.75,120.34,120.8,916574,0
20191211,120.35,120.45,113.91,118.23,2275415,0
20191212,118.11,118.18,114.98,116.17,1747152,0
20191213,116.38,120.81,115.58,119.81,2078109,0
20191216,120,122.16,119.17,121.22,1241542,0
20191217,122.28,122.28,119.06,119.68,1126518,0
20191218,119.61,120.7,117.84,118.12,1225621,0
20191219,118.66,120.9,117.79,120.03,1427261,0
20191220,120.94,123.3,120.4,121.09,1634834,0
20191223,121.32,122.783,120.68,120.75,751442,0
20191224,121.34,121.38,119.38,120.52,265215,0
20191226,120.2,123.34,120.02,121.7,568888,0
20191227,122.41,122.5,120.52,121.12,592556,0
20191230,121.12,121.44,117.208,119.33,707155,0
20191231,118.75,120.43,117.81,120.34,675963,0
20200102,121.15,123.84,119.84,122.88,2055235,0
20200103,121.02,123.63,120.82,123.04,1223583,0
20200106,122.56,128.03,122.052,127.69,3583846,0
20200107,128.23,129.2,127.325,128.15,1561288,0
20200108,128.32,131.81,127.33,130.06,1570368,0
20200109,131.82,135.6,131.7,135.41,2034334,0
20200110,135.67,137.45,133.26,133.9,1243849,0
20200113,138.59,140.49,135.15,136.07,1602945,0
20200114,135.46,136.5,134.01,134.22,1147170,0
20200115,134.31,137.22,134.31,134.91,994859,0
20200116,135.72,135.98,134.31,134.72,737688,0
20200117,135.11,135.545,132.42,132.85,2002672,0
20200121,132.2,133.49,130.33,131.32,1078517,0
20200122,132.6,133.858,131.35,131.46,1314356,0
20200123,131.56,133.39,130.53,132.79,2333485,0
