Date,Open,High,Low,Close,Volume,OpenInt
20120203,41000,41000,41000,41000,0,0
20120208,41200,41200,41200,41200,0,0
20120215,40000,40000,40000,40000,0,0
20120305,40000,40000,40000,40000,0,0
20120326,40000,40000,40000,40000,0,0
20120412,31000,40000,31000,40000,0,0
20120424,20200,30000,19800,24000,1,0
20120426,24000,24000,24000,24000,0,0
20120430,27000,32000,27000,32000,1,0
20120501,31000,31000,31000,31000,0,0
20120507,30600,30600,30000,30000,1,0
20120516,26400,26400,26400,26400,0,0
20120517,19550,21800,19550,20200,0,0
20120523,20000,21000,20000,20000,1,0
20120524,20000,20000,20000,20000,0,0
20120525,17000,19000,17000,19000,1,0
20120601,16800,16800,16800,16800,0,0
20120606,17000,17000,17000,17000,0,0
20120607,20000,20000,20000,20000,0,0
20120608,21000,21000,19000,19000,1,0
20120611,20000,20000,20000,20000,0,0
20120612,20000,20000,20000,20000,0,0
20120615,19000,19000,19000,19000,0,0
20120620,16600,16600,16600,16600,0,0
20120625,20000,20400,20000,20400,1,0
20120626,20000,20000,20000,20000,0,0
20120628,20000,20000,20000,20000,0,0
20120629,20000,20000,20000,20000,0,0
20120702,19800,19800,19800,19800,0,0
20120705,19800,19800,19800,19800,0,0
20120706,19800,19800,19800,19800,0,0
20120709,20000,20000,20000,20000,1,0
20120710,20000,20000,19700,19700,1,0
20120711,19700,19700,19700,19700,0,0
20120713,19600,19600,19600,19600,0,0
20120716,19600,20000,19600,19600,4,0
20120717,19200,20000,19000,19200,6,0
20120718,18000,18000,17800,18000,1,0
20120719,18000,18000,18000,18000,0,0
20120723,16600,17000,16600,17000,2,0
20120724,18000,19200,18000,18800,3,0
20120725,18000,18000,18000,18000,0,0
20120726,18200,18200,18200,18200,1,0
20120810,17000,17000,17000,17000,0,0
20120813,17000,17000,17000,17000,0,0
20120814,17800,17800,17800,17800,0,0
20120816,17800,17800,17800,17800,0,0
20120817,17800,17800,17800,17800,0,0
20120820,17800,18200,17800,17800,1,0
20120823,16540,17000,16540,17000,0,0
20120828,16000,16000,16000,16000,0,0
20120830,16000,16000,16000,16000,0,0
20120907,15800,15800,15800,15800,0,0
20120913,15000,15000,15000,15000,0,0
20120914,15000,15000,14800,14800,0,0
20121003,14000,14000,14000,14000,0,0
20121008,14000,14000,14000,14000,0,0
20121009,14000,14000,14000,14000,0,0
20121017,14000,14000,14000,14000,0,0
20121024,14000,14000,14000,14000,0,0
20121025,12000,16000,12000,16000,2,0
20121026,16000,16400,13000,13000,2,0
20121031,14000,14000,13600,13600,0,0
20121101,13600,13600,13600,13600,0,0
20121105,14000,14000,14000,14000,0,0
20121108,14000,14000,14000,14000,0,0
20121109,14000,14000,14000,14000,0,0
20121112,12000,12000,12000,12000,0,0
20121113,11400,11400,10200,10200,0,0
20121114,10200,10200,10200,10200,0,0
20121115,5000,10200,5000,10200,0,0
20121116,5020,11000,5020,11000,1,0
20121119,11000,11000,11000,11000,0,0
20121120,11000,11000,11000,11000,0,0
20121121,10000,10000,10000,10000,0,0
20121126,10000,10000,10000,10000,0,0
20121127,11000,11000,11000,11000,1,0
20121130,12000,12000,12000,12000,0,0
20121205,10000,10000,10000,10000,0,0
20121211,11600,11600,9800,10000,1,0
20121217,9200,9200,9200,9200,0,0
20121219,9200,9200,9200,9200,0,0
20121231,9200,11000,9200,11000,0,0
20130107,9000,9000,8800,8800,0,0
20130108,10000,14600,10000,11000,3,0
20130109,12000,12000,12000,12000,0,0
20130110,13000,13000,13000,13000,0,0
20130111,13000,13000,12000,12000,0,0
20130114,12000,13000,11000,13000,1,0
20130115,11000,11000,11000,11000,1,0
20130117,13000,13000,11000,11000,1,0
20130118,11000,11000,11000,11000,0,0
20130123,10000,10400,10000,10000,1,0
20130124,10000,10000,10000,10000,0,0
20130128,10000,10000,10000,10000,0,0
20130129,10000,10000,10000,10000,0,0
20130130,10000,10000,10000,10000,0,0
20130204,12800,14200,12800,13800,1,0
20130207,14000,14000,7000,7000,0,0
20130208,12400,12400,12400,12400,1,0
20130211,12400,12400,11000,11000,0,0
20130212,9000,10000,6600,8000,3,0
20130213,8000,8000,8000,8000,0,0
20130214,8000,8000,8000,8000,0,0
20130215,7200,7200,5000,6000,16,0
20130219,6396.2,6396.2,6396.2,6396.2,0,0
20130220,5600,6000,4800,4840,21,0
20130221,5120,5120,4800,4800,2,0
20130228,6400,6400,6400,6400,0,0
20130301,7200,8380,7200,8380,3,0
20130304,8600,8600,6400,6400,0,0
20130305,6400,7800,6400,7800,1,0
20130306,5800,7800,5800,7800,1,0
20130307,6400,7800,6400,7800,1,0
20130308,7600,7600,6600,6600,1,0
20130311,6000,6000,6000,6000,0,0
20130314,6100,6500,5600,6000,1,0
20130318,6000,6000,6000,6000,1,0
20130319,7200,7200,7200,7200,0,0
20130320,6000,6000,5400,6000,2,0
20130321,7000,7000,7000,7000,1,0
20130322,7200,7200,6000,6000,1,0
20130326,6200,6200,5600,5600,3,0
20130327,6000,6000,5800,5800,1,0
20130328,6000,7200,6000,7200,0,0
20130401,7000,7000,7000,7000,0,0
20130402,7000,7000,6600,6600,0,0
20130403,7200,7200,6600,6600,0,0
20130404,7200,7800,6600,7800,2,0
20130405,7400,7400,7400,7400,0,0
20130408,7400,7400,7000,7400,0,0
20130409,7400,7400,7000,7000,0,0
20130410,6600,6600,6600,6600,1,0
20130411,6000,7400,6000,7400,6,0
20130412,7400,7400,7400,7400,0,0
20130415,7400,7400,6000,6000,1,0
20130416,7200,7200,7000,7000,1,0
20130417,7000,7000,7000,7000,1,0
20130418,6000,7000,6000,7000,5,0
20130419,6000,6000,6000,6000,0,0
20130422,6000,6000,6000,6000,1,0
20130423,6000,6000,6000,6000,0,0
20130424,7000,7000,7000,7000,0,0
20130426,7000,7000,7000,7000,0,0
20130429,7000,7200,6800,7200,1,0
20130430,7200,7200,7200,7200,0,0
20130503,7500,7500,7500,7500,0,0
20130506,7800,15000,7700,10000,1,0
20130507,10000,10000,10000,10000,0,0
20130508,10000,10000,10000,10000,0,0
20130510,10000,10000,10000,10000,3,0
20130514,9990,10000,9800,9800,2,0
20130515,9100,9100,9100,9100,0,0
20130516,7990,7990,2250,6500,3,0
20130520,7000,7750,7000,7750,1,0
20130521,7490,7490,7490,7490,0,0
20130522,7480,7480,7480,7480,0,0
20130523,6500,6500,6500,6500,2,0
20130524,7470,7490,6750,7490,1,0
20130528,7250,7250,7250,7250,0,0
20130529,7250,7250,7250,7250,0,0
20130530,6500,6500,6500,6500,0,0
20130531,5250,6950,5250,6950,0,0
20130603,6000,6000,6000,6000,1,0
20130606,6000,6000,6000,6000,0,0
20130610,6450,6450,6450,6450,0,0
20130612,6500,6500,6500,6500,0,0
20130613,6300,6500,6250,6500,3,0
20130614,6250,6250,6250,6250,1,0
20130618,6250,6250,6250,6250,1,0
20130619,6250,6250,6000,6000,3,0
20130620,5350,5350,5350,5350,0,0
20130621,6980,6990,6980,6990,1,0
20130624,6750,6750,6750,6750,0,0
20130625,6740,6740,6740,6740,0,0
20130626,6740,6740,6740,6740,0,0
20130627,6740,6740,6740,6740,0,0
20130702,6500,6500,5250,5250,1,0
20130703,5300,5300,4000,4000,2,0
20130705,6000,6120,6000,6120,0,0
20130708,6120,6120,6120,6120,0,0
20130709,6500,6500,6500,6500,1,0
20130710,6500,6500,6500,6500,0,0
20130711,6500,6500,6500,6500,1,0
20130712,6500,6500,6500,6500,0,0
20130715,6500,6500,6500,6500,0,0
20130716,6500,7500,6500,7500,0,0
20130719,7990,7990,7990,7990,0,0
20130722,6990,6990,6500,6500,2,0
20130729,6240,6240,6240,6240,0,0
20130801,5300,5300,5300,5300,0,0
20130807,6000,6000,5500,5500,2,0
20130809,4250,4250,3510,3840,453,0
20130812,3800,4381.9,3650,3770,313,0
20130813,3750,3880,3700,3840,38,0
20130814,3830,3900,3700,3750,79,0
20130815,3750,3900,3750,3750,156,0
20130816,3760.1,3800.1,3750,3790,46,0
20130819,4000,4000,3300,3650,95,0
20130820,3600,3650,3501,3630,42,0
20130821,3690,3699,3550,3600,42,0
20130822,3530,3830,3500,3600,7,0
20130823,3500,3600,3400,3430,46,0
20130826,3490,3490,3360.1,3385,53,0
20130827,3390,3440,3330,3440,13,0
20130828,3380.6,3380.6,3315,3330,9,0
20130829,3350,3448.9,3300,3389.9,17,0
20130830,3400,3400,3300,3300,8,0
20130903,3350,3350,3000,3100,41,0
20130904,3200,3250,3190,3240,14,0
20130905,3180,3420,3180,3320,26,0
20130906,3370,3500,3340,3440,12,0
20130909,3490,3500,3300,3440,29,0
20130910,3400,3890,3400,3860,51,0
20130911,3810,3839.9,3550,3610,26,0
20130912,3550.1,3984.4,3550,3780,34,0
20130913,3780,3980,3700,3980,72,0
20130916,4000,4149.9,3710,3730,53,0
20130917,3710,3990,3670,3880,78,0
20130918,3670,3900,3670,3790,16,0
20130919,3820,3820,3670,3820,29,0
20130920,3750,3900,3590,3590,37,0
20130923,3760,3760,3570,3600,18,0
20130924,3670,3750,3670,3680,6,0
20130925,3610,3800,3610,3660,27,0
20130926,3670,3740,3550,3700,26,0
20130927,3560,3660,3560,3570,11,0
20130930,3550,3650,3550,3650,9,0
20131001,3800,3990,3650,3750,19,0
20131002,3780,3860,3710,3720,7,0
20131003,3750,3930,3720,3900,14,0
20131004,3850,4000,3750,3950,12,0
20131007,3960,4040,3810,3870,12,0
20131008,3860,3900,3600,3870,78,0
20131009,3840,3990,3800,3990,10,0
20131010,3990,3990,3820,3850,7,0
20131011,3890,3990,3800,3870,27,0
20131014,3850,3990,3850,3990,1,0
20131015,3970,3970,3970,3970,0,0
20131016,3940,3940,3800,3800,4,0
20131017,3840,3900,3800,3900,5,0
20131018,3880,3900,3700,3700,14,0
20131021,3730,3730,3700,3720,1,0
20131022,3780,3780,3780,3780,0,0
20131023,3770,3940,3650,3700,5,0
20131024,3800,3800,3800,3800,1,0
20131025,3800,3830,3610,3830,28,0
20131028,3670,3750,3670,3670,2,0
20131029,3670,3830,3670,3830,1,0
20131030,3820,3950,3820,3950,1,0
20131031,3840,4400,3800,4240,305,0
20131101,4300,4300,4180,4200,105,0
20131104,4240,4250,4200,4200,31,0
20131105,4200,4250,4150,4150,52,0
20131106,4250,4250,4140,4200,21,0
20131107,4210,4250,4110,4110,33,0
20131108,4150,4220,4100,4150,15,0
20131111,4120,4200,4120,4200,13,0
20131112,4200,4250,4180,4200,65,0
20131113,4160,4200,4150,4180,10,0
20131114,4150,4530,4100,4220,506,0
20131115,4270,4420,4200,4240,100,0
20131118,4260,4490,4260,4290,101,0
20131119,4300,4350,4150,4290,60,0
20131120,4270,4400,4220,4250,106,0
20131121,4210,4290,4200,4220,45,0
20131122,4240,4380,4240,4310,28,0
20131125,4490,5000,4400,4930,262,0
20131126,4850,5180,4634.7,5160,392,0
20131127,5240,5400,5010,5250,166,0
20131129,5250,5450,5200,5450,77,0
20131202,5450,6100,5390,5880,558,0
20131203,5890,6280,5850,5850,422,0
20131204,6310,8900,6060,7610,1568,0
20131205,7650,7900,6910,6930,592,0
20131206,7030,9600,7000,9050,430,0
20131209,9100,10720,8600,9230,1235,0
20131210,9240,9500,8550,9030,413,0
20131211,9050,9170,7500,8180,504,0
20131212,7950,8130,7450,7500,231,0
20131213,7910,8780,7700,8590,394,0
20131216,9450,9650,8760,9100,323,0
20131217,9110,9210,8780,8990,132,0
20131218,8820,8980,8300,8590,163,0
20131219,8640,8750,8420,8740,141,0
20131220,8920,9240,8650,8850,239,0
20131223,9050,9290,8900,9150,100,0
20131224,9270,10200,9259.9,10000,271,0
20131226,10200,11200,9880,11040,531,0
20131227,11000,11350,9040,10670,282,0
20131230,10670,10750,10000,10470,62,0
20131231,10590,10640,10060,10310,47,0
20140102,10380,11747,10241,11480,344,0
20140103,11230,13300,11230,12820,443,0
20140106,12990,13950,12510,13190,353,0
20140107,12910,13500,12870,13220,156,0
20140108,13400,15490,13150,14430,378,0
20140109,14510,17240,14510,16750,453,0
20140110,17720,18200,16660,17920,589,0
20140113,17910,21000,17100,18670,662,0
20140114,18170,18970,15330,16660,1000,0
20140115,16650,17030,15750,16290,314,0
20140116,16570,16570,15800,16100,168,0
20140117,17310,17310,15250,15450,390,0
20140121,16330,18600,16140,18240,565,0
20140122,18610,19880,17250,17860,603,0
20140123,17610,17940,16260,16400,509,0
20140124,16500,16750,15310,15680,1598,0
20140127,15530,15680,14000,14800,711,0
20140128,14870,15660,14750,15240,361,0
20140129,15000,15480,14670,14780,207,0
20140130,14900,15240,14600,14730,196,0
20140131,14430,14760,13870,13980,619,0
20140203,13770,14000,12580,13110,773,0
20140204,13050,14310,13010,14040,247,0
20140205,13910,14020,13250,13790,144,0
20140206,14070,14070,13440,13630,117,0
20140207,13750,15260,13560,14870,287,0
20140210,14990,15370,14500,15210,224,0
20140211,15300,15880,14600,14710,231,0
20140212,14800,15058,13700,13710,325,0
20140213,13700,14160,13700,14040,126,0
20140214,14050,14320,13500,13730,75,0
20140218,13800,14610,13495,14150,150,0
20140219,14090,14523,13550,13800,158,0
20140220,13930,14780,13580,14630,204,0
20140221,14770,15170,14540,14980,216,0
20140224,15189,15459,14720,14790,227,0
20140225,14800,15030,14350,14870,99,0
20140226,14870,15000,14200,14240,133,0
20140227,14270,14500,14030,14200,109,0
20140228,14190,14430,13580,13630,193,0
20140303,13480,14200,13120,13740,206,0
20140304,14000,14120,13690,13830,142,0
20140305,13560,13990,13560,13940,49,0
20140306,14000,14190,13310,13440,122,0
20140307,13450,13810,13260,13560,85,0
20140310,13450,13742,13000,13240,101,0
20140311,13120,13360,12210,12560,120,0
20140312,12560,13000,11490,11830,345,0
20140313,12100,12650,11474,11950,336,0
20140314,11910,12400,11580,12400,90,0
20140317,12400,12400,11800,11800,130,0
20140318,11800,12240,11800,12150,89,0
20140319,12070,12620,11820,11820,102,0
20140320,11710,12150,11410,11550,144,0
20140321,11650,11720,11300,11430,82,0
20140324,11321,11420,10361,11130,195,0
20140325,11120,11120,10245,10320,143,0
20140326,10500,10810,10170,10640,107,0
20140327,10600,10660,9150,10040,936,0
20140328,9540,10480,9290,10400,192,0
20140331,10400,10689,10200,10410,96,0
20140401,10410,11830,10240,11560,240,0
20140402,11610,11750,11325,11700,102,0
20140403,11770,11840,11210,11450,138,0
20140404,11540,11649,11050,11540,79,0
20140407,11500,11930,11050,11180,120,0
20140408,11240,11620,11200,11430,140,0
20140409,11320,11330,10880,11130,98,0
20140410,11110,11110,10030,10420,117,0
20140411,10410,10410,9811,9940,69,0
20140414,10461,10461,9450,9570,93,0
20140415,9550,10040,9348.2,9910,93,0
20140416,10250,10440,9827,9970,47,0
20140417,9980,10248,9530,10030,48,0
20140421,10010,10050,9700,9820,69,0
20140422,9790,10247,9790,10090,86,0
20140423,10150,10150,9840,10020,39,0
20140424,10088,10168,9750,9780,59,0
20140425,9850,9980,9400,9420,74,0
20140428,9660,9660,9060,9110,91,0
20140429,9060,9610,9036,9500,65,0
20140430,9180,9890,9130,9730,66,0
20140501,9500,9820,9500,9750,67,0
20140502,9930,9930,9500,9580,46,0
20140505,9580,9820,9444.9,9630,45,0
20140506,9690,9800,9490,9540,82,0
20140507,9440,9440,9030,9100,110,0
20140508,8960,9000,8410,8520,208,0
20140509,8520,8750,8140,8310,97,0
20140512,8450,9270,8450,8650,137,0
20140513,8600,9179.9,8430,8500,53,0
20140514,8500,8790,8400,8500,75,0
20140515,8280,8539.9,8200,8260,49,0
20140516,8680,8695,8240,8450,30,0
20140519,8420,8975,8420,8870,120,0
20140520,8920,9050,8460,8570,79,0
20140521,8570,8810,8520,8530,51,0
20140522,8540,8760,8480.1,8560,51,0
20140523,8610,8920,8530,8900,56,0
20140527,8920,9422.5,8880,9340,99,0
20140528,9410,10250,9250.1,9960,152,0
20140529,10140,10360,9830,9940,75,0
20140530,9950,9950,9340,9460,99,0
20140602,9640,9640,9280,9500,81,0
20140603,9470,10000,9340,9890,155,0
20140604,10099,10930,9935,10700,158,0
20140605,10600,11120,10400,10470,54,0
20140606,10460,10720,10460,10660,39,0
20140609,10680,10870,10356,10390,33,0
20140610,10530,11000,10050,10700,107,0
20140611,10400,11000,10319,10600,76,0
20140612,10670,11190,10670,10980,101,0
20140613,10960,11240,10898,11100,42,0
20140616,11020,11460,11020,11300,30,0
20140617,11070,11590,11010,11060,79,0
20140618,11060,11360,11000,11230,24,0
20140619,11310,11319,11080,11130,15,0
20140620,11310,12589,11310,12420,275,0
20140623,12480,13770,12450,13110,250,0
20140624,13210,13720,13080,13360,122,0
20140625,13370,13720,12830,12940,113,0
20140626,12890,13300,12457,13180,70,0
20140627,13080,13800,13080,13700,164,0
20140630,13760,14430,13610,14350,140,0
20140701,14500,15040,13540,13980,166,0
20140702,13990,14480,13500,13800,161,0
20140703,13790,14410,13440,14090,65,0
20140707,14210,14260,13510,13640,99,0
20140708,13590,13674,12530,12830,200,0
20140709,12810,13600,12292,12370,115,0
20140710,12020,12730,11690,12520,58,0
20140711,11900,12000,11730,11900,230,0
20140714,11900,12180,11800,11910,71,0
20140715,11850,11850,11640,11790,35,0
20140716,11820,11820,11628,11710,45,0
20140717,11660,11735,11040,11150,102,0
20140718,11060,11500,11000,11300,49,0
20140721,11300,11340,11130,11310,57,0
20140722,11340,11705,11340,11600,36,0
20140723,11670,11670,11290,11500,38,0
20140724,11530,11730,11310,11380,37,0
20140725,11330,11390,11110,11300,50,0
20140728,11438,11438,11030,11040,41,0
20140729,11040,11200,10810,10990,86,0
20140730,11120,11790,11120,11610,66,0
20140731,11570,11570,11210,11510,28,0
20140801,11570,11690,11260,11590,27,0
20140804,11550,11950,11270,11830,81,0
20140805,11910,12290,11751,11910,147,0
20140806,11910,12100,11910,11950,51,0
20140807,11950,12260,11950,12100,157,0
20140808,12380,13380,12180,13230,142,0
20140811,13990,14610,13340,13600,258,0
20140812,13970,14000,13410,13850,121,0
20140813,13900,14150,13800,13910,65,0
20140814,14000,14750,13970,14170,111,0
20140815,14240,14500,13080,14090,164,0
20140818,14220,14340,13800,13960,67,0
20140819,13910,14240,13900,13990,41,0
20140820,13950,14150,13810,13820,85,0
20140821,13810,13950,13650,13860,45,0
20140822,13900,14180,13770,13830,78,0
20140825,13820,14730,13800,14550,203,0
20140826,14500,15209,14170,14250,191,0
20140827,14250,14940,14170,14460,81,0
20140828,14440,14605,14250,14410,93,0
20140829,14460,14630,14290,14430,53,0
20140902,14470,14576,14350,14430,44,0
20140903,14450,15120,14450,14760,160,0
20140904,14800,14950,14340,14410,63,0
20140905,14450,14760,14100,14440,96,0
20140908,14480,14567,14210,14270,84,0
20140909,14300,14485,13880,13930,91,0
20140910,13940,13950,12800,13470,182,0
20140911,13740,14110,13000,13090,163,0
20140912,13030,13579,13030,13270,68,0
20140915,13340,13700,13030,13300,87,0
20140916,13270,13600,13090,13550,64,0
20140917,13480,13900,13150,13190,91,0
20140918,13410,13580,12910,13070,178,0
20140919,13080,13160,12850,12950,123,0
20140922,12900,12943,11970,12150,180,0
20140923,12016,12394,11600,11630,164,0
20140924,11690,12450,11650,12390,110,0
20140925,12420,13340,12180,12370,118,0
20140926,12550,14350,12550,13960,303,0
20140929,6610,8370,5850,6950,2348,0
20140930,7100,7140,6580,6850,535,0
20141001,6780,6870,5962.9,6520,541,0
20141002,6260,6500,6250,6500,160,0
20141003,6550,6770,6500,6700,112,0
20141006,6730,6730,6310,6400,119,0
20141007,6300,6470,6300,6400,194,0
20141008,6370,6490,6270,6400,106,0
20141009,6350,6590,6350,6410,82,0
20141010,6420,6500,6306.1,6340,74,0
20141013,6350,6420,6030,6315,85,0
20141014,6260,6280,6060,6110,82,0
20141015,6010,6220,5700,5950,167,0
20141016,5830,5970,5710,5770,105,0
20141017,5780,5889.2,5530,5560,58,0
20141020,5480,5697.4,5330,5410,51,0
20141021,5580,5990,5580,5760,79,0
20141022,5820,6360,5710.1,6240,72,0
20141023,6270,7350,5900,6330,218,0
20141024,6360,6800,6350,6660,109,0
20141027,6690,6995.2,6530,6990,92,0
20141028,7040,7500,7000,7490,179,0
20141029,7410,7500,7100,7380,78,0
20141030,7290,8000,7280,8000,116,0
20141031,8140,8140,7500,7570,126,0
20141103,7540,7851.8,6900,7050,159,0
20141104,6950,7200,6700,6770,95,0
20141105,6810,7060,6010,6560,106,0
20141106,6569.5,6840,6381.8,6800,31,0
20141107,6870,7771,6750,7640,171,0
20141110,7630,7630,7120,7410,153,0
20141111,7050,7500,7050,7450,45,0
20141112,7350,7510,7201.1,7210,69,0
20141113,7080,7380,7060,7320,37,0
20141114,7290,7320,7050,7060,71,0
20141117,7060,7480,7000.1,7200,66,0
20141118,7220,7350,6810,7110,47,0
20141119,7020,7310,6950,7150,31,0
20141120,7150,7240,7020.1,7060,26,0
20141121,7140,7250,7020,7100,39,0
20141124,7020,7190,6860,7050,111,0
20141125,7010,7040,6940,7020,35,0
20141126,6990,7120,6870,7060,37,0
20141128,6906.1,7020,6887.5,7020,45,0
20141201,6840,7020,6712.5,6790,51,0
20141202,6790,7150,6500,6660,89,0
20141203,6660,6710,6390,6440,66,0
20141204,6400,6473.5,6250,6280,63,0
20141205,6250,6330,6140,6280,41,0
20141208,6320,6512.3,6250,6280,59,0
20141209,6190,6620,6190,6530,62,0
20141210,6480,6560,6190,6400,75,0
20141211,6370,6660,6290,6660,26,0
20141212,6560,6560,6040,6300,50,0
20141215,6310,6340,5910,6090,62,0
20141216,6020,6220,5900,6220,53,0
20141217,6180,6360,6000,6150,112,0
20141218,6230,6299.9,5830,6080,68,0
20141219,6020,6090,5870,5970,82,0
20141222,5950,6580,5950,6500,190,0
20141223,6500,6700,6040,6270,63,0
20141224,6270,6380,6120,6180,10,0
20141226,6100,6350,6050,6190,33,0
20141229,6140,6490,6060,6400,53,0
20141230,6210,6650,5850,6040,90,0
20141231,6000,6050,5750,5840,107,0
20150102,5840,5985,5750,5920,56,0
20150105,5910,6050,5850,5850,64,0
20150106,7570,7700,6850,7400,497,0
20150107,7500,7680,7100.1,7590,117,0
20150108,7640,8090,7530,8020,138,0
20150109,8000,8350,7700.1,8280,143,0
20150112,8310,8650,8051.3,8200,65,0
20150113,8170,8170,7493,7800,69,0
20150114,7630,7700,7220,7270,47,0
20150115,7270,7600,6700,6910,73,0
20150116,6620,6940,6600,6880,19,0
20150120,6980,6989.9,6540,6910,41,0
20150121,6755,6760,6600,6640,32,0
20150122,6540,6560,6260,6380,32,0
20150123,6380.1,6629.9,6120.1,6200,33,0
20150126,6250,6480,6190,6430,28,0
20150127,6440,6920.1,6280,6740,52,0
20150128,6750,6840,6260,6310,125,0
20150129,6340,6590,6190,6240,79,0
20150130,6200,6200,6030,6030,33,0
20150202,6000,6070,5820,5930,69,0
20150203,5900,6240,5880,6060,70,0
20150204,6150,6200,5840,5910,1618,0
20150205,5900,5950,5800,5810,258,0
20150206,5850,5920,5690,5760,103,0
20150209,5800,5850,5610,5730,183,0
20150210,5930,6050,5630,5790,326,0
20150211,5830,5890,5750,5780,89,0
20150212,5950,5950,5750,5800,129,0
20150213,5810,5860,5750,5780,85,0
20150217,5940,5980,5750,5850,140,0
20150218,6000,6230,5770,6110,295,0
20150219,6180,6300,6120,6270,150,0
20150220,6300,6390,6150.1,6250,112,0
20150223,6220,6300,6030,6290,70,0
20150224,6250,6250,6060,6100,52,0
20150225,6070,6280,6000,6240,47,0
20150226,6218.8,6218.8,6000,6000,90,0
20150227,6010.1,6106,5870,5950,65,0
20150302,5930,5990,5850,5920,52,0
20150303,5950,6100,5890,6050,92,0
20150304,6000,6580,6000,6390,165,0
20150305,6480,6650,6300,6310,125,0
20150306,6450,6860,6330,6410,153,0
20150309,6430,7020,6410,6950,227,0
20150310,6900,7080,6510,6990,179,0
20150311,7000,7250,6810,7160,147,0
20150312,7290,7450,7000,7120,106,0
20150313,7000,7210,7000,7100,60,0
20150316,7100,7180,6790,6880,124,0
20150317,6830,7010,6580,6740,48,0
20150318,6690,6840,6550,6680,27,0
20150319,6700,6810,6610,6670,44,0
20150320,6750,7020,6480,6540,80,0
20150323,6520,6750,6310,6670,51,0
20150324,6660,6800,6510,6660,28,0
20150325,6520,6540,6250,6270,101,0
20150326,6250,6270,6060,6060,56,0
20150327,6090,6220,6090,6120,24,0
20150330,6210,6290,6210,6270,38,0
20150331,6240,6490,6090,6320,59,0
20150401,6810,6810,5880,6150,131,0
20150402,6130,6130,5890,6070,75,0
20150406,6040,6150,6000,6040,53,0
20150407,6100,6250,6040,6100,70,0
20150408,6100,6200,6040,6040,31,0
20150409,6120,6190,6070,6130,31,0
20150410,6110,6230,6090,6190,46,0
20150413,6220,6470,6140,6150,80,0
20150414,6180,6290,6170,6210,28,0
20150415,6180,6400,6180,6250,31,0
20150416,6270,6300,6110.6,6230,70,0
20150417,6200,6270,6070,6200,64,0
20150420,6240,6410,6100,6160,64,0
20150421,6680,6750,6450,6520,372,0
20150422,6560,6800,6560,6730,113,0
20150423,6750,6900,6520,6670,92,0
20150424,6650,6840,6510,6520,107,0
20150427,6560,6560,6060,6170,84,0
20150428,6200,6410,6050,6320,46,0
20150429,6310,6460,6110,6200,73,0
20150430,6160,6430,6010,6150,125,0
20150501,6190,6200,5950,6100,60,0
20150504,6090,6200,6040,6040,22,0
20150505,6030,6280,5940,6030,131,0
20150506,6130,6130,5881,6000,47,0
20150507,6150,6210,5970.4,6090,74,0
20150508,6080,6180,6000,6060,35,0
20150511,6100,6400,6060,6300,68,0
20150512,6230,6380,6140,6170,60,0
20150513,6450,6450,6140,6190,55,0
20150514,6190,6470,6070,6340,43,0
20150515,6310,6448,6220,6350,27,0
20150518,6280,6400,6250,6260,40,0
20150519,6310,6400,6090,6210,47,0
20150520,6170,6400,6170,6320,66,0
20150521,6320,6740,6320,6450,157,0
20150522,6510,6800,6430,6640,160,0
20150526,6600,7200,6600,6950,443,0
20150527,7010,7330,6910,7180,159,0
20150528,7170,7330,7100,7200,134,0
20150529,7260,7280,6870,7250,163,0
20150601,7250,7320,6910,6990,152,0
20150602,7000,7270,6660,7100,95,0
20150603,7140,7460,6850,7330,150,0
20150604,7380,7830,7270,7800,285,0
20150605,7850,7950,7680,7760,209,0
20150608,7790,8200,7710,8150,249,0
20150609,8160,8600,8130.1,8400,428,0
20150610,8400,8750,8180,8440,415,0
20150611,8750,8750,7110,8150,732,0
20150612,8600,9330,8400,8820,1011,0
20150615,8900,9340,8680,9260,608,0
20150616,9190,9950,8990,9900,674,0
20150617,9970,10450,9670,10400,798,0
20150618,10360,10400,9920,10280,441,0
20150619,10170,10290,9650,10080,290,0
20150622,10240,10720,9880,10500,399,0
20150623,10540,10720,10100,10150,243,0
20150624,10160,10200,9900,10000,317,0
20150625,9900,10000,9320,9520,242,0
20150626,9380,9580,9170,9340,196,0
20150629,9180,9190,8460,8500,332,0
20150630,8500,8990,8390,8970,120,0
20150701,9050,9480,8730,8800,174,0
20150702,8750,9220,8750,9190,74,0
20150706,9250,9500,8910,9140,157,0
20150707,9100,9110,8860,8920,106,0
20150708,8930,9430,8470,8580,185,0
20150709,8700,8790,8380,8580,161,0
20150710,8650,8650,8110,8220,204,0
20150713,8150,8590,8150,8240,234,0
20150714,7600,7700,7440,7470,2502,0
20150715,7480,7840,7480,7810,738,0
20150716,7800,8050,7730,8000,331,0
20150717,8110,8730,7940,8660,511,0
20150720,8620,8880,8310,8700,369,0
20150721,8650,9500,8480,9380,786,0
20150722,9400,9890,9000,9040,532,0
20150723,9040,9280,8520,8620,227,0
20150724,8560,8700,8080,8140,223,0
20150727,8220,8220,7870,8020,293,0
20150728,8050,8950,7840,8080,160,0
20150729,8080,8330,7860,8080,212,0
20150730,8040,8280,7900,8150,178,0
20150731,8160,8560,8010,8430,145,0
20150803,8380,8678,8150,8310,182,0
20150804,8260,8480,8170,8210,119,0
20150805,8230,8480,8100,8130,207,0
20150806,8130,8260,7770,7810,296,0
20150807,7820,7850,7130,7550,530,0
20150810,7500,7540,7200,7270,301,0
20150811,7120,7740,7120,7580,246,0
20150812,7600,7650,7140,7360,169,0
20150813,7400,7630,7120,7180,158,0
20150814,7170,7240,6600,6950,302,0
20150817,6900,7060,6770,6970,161,0
20150818,7060,7600,7030,7330,175,0
20150819,7290,7600,6870,6910,138,0
20150820,6860,6960,6560,6660,121,0
20150821,6680,6940,6460,6560,167,0
20150824,6260,6400,5630,6200,229,0
20150825,6400,6550,6040,6120,150,0
20150826,6250,6300,5900,6240,122,0
20150827,6390,6570,6250,6570,93,0
20150828,6500,6760,6420,6660,167,0
20150831,6670,7340,6620,7210,100,0
20150901,7110,7450,6920,7190,137,0
20150902,7270,7300,7030,7190,159,0
20150903,7370,7520,7110,7150,163,0
20150904,7150,7250,7110,7150,57,0
20150908,7220,7500,7220,7360,77,0
20150909,7440,7720,7280,7310,81,0
20150910,7400,7590,7250,7480,124,0
20150911,7200,7570,7010,7200,151,0
20150914,7190,7490,7120,7350,77,0
20150915,7340,7380,7160,7270,74,0
20150916,7260,7360,7150,7290,82,0
20150917,7300,7480,7160,7390,103,0
20150918,7310,7750,7260,7670,455,0
20150921,7750,7750,7260,7380,73,0
20150922,7260,7420,6800,6900,246,0
20150923,6950,6950,6430,6500,120,0
20150924,6450,6690,6270,6470,101,0
20150925,6500,6560,6100,6190,111,0
20150928,6190,6190,5660,5790,243,0
20150929,5910,6020,5400,5440,142,0
20150930,5550,5700,5140,5290,267,0
20151001,5540,6030,5050,5350,337,0
20151002,5360,5990,5180,5940,166,0
20151005,5980,6420,5980,6410,162,0
20151006,6340,6770,6240,6620,164,0
20151007,6610,7040,6520,7040,119,0
20151008,7050,7140,6900,6980,105,0
20151009,7020,7080,6600,6990,105,0
20151012,6980,7150,6750,7110,83,0
20151013,7120,7120,6320,6370,110,0
20151014,6410,6790,6380,6760,85,0
20151015,6830,7470,6650,7360,157,0
20151016,7330,7490,7050,7080,59,0
20151019,7060,7380,6970,7160,44,0
20151020,7180,7340,6740,6900,98,0
20151021,6870,6870,6420,6570,135,0
20151022,6610,6610,6350,6460,48,0
20151023,6500,6600,6430,6550,48,0
20151026,6560,6620,6400,6510,24,0
20151027,6500,6710,6440,6510,327,0
20151028,6600,6900,6490,6560,130,0
20151029,6560,6670,6410,6490,35,0
20151030,6490,6840,6400,6600,44,0
20151102,6600,7350,6600,7140,173,0
20151103,7170,7270,7020,7090,194,0
20151104,7230,7450,7180,7220,78,0
20151105,7290,7290,6760,6840,76,0
20151106,6890,7180,6680,7060,60,0
20151109,7000,7080,6600,6730,91,0
20151110,6730,6760,6470,6620,61,0
20151111,6610,6610,6300,6400,66,0
20151112,6400,6550,6050,6130,92,0
20151113,6110,6850,6070,6660,136,0
20151116,6690,6690,6430,6480,61,0
20151117,6460,6570,6330,6470,90,0
20151118,6500,6670,6200,6580,55,0
20151119,6550,6730,6440,6450,79,0
20151120,6440,6590,6310,6560,66,0
20151123,6550,6800,6460,6590,74,0
20151124,6550,6730,6550,6710,32,0
20151125,6700,7120,6700,7070,52,0
20151127,7040,7270,6980,7260,39,0
20151130,7190,7380,7030,7250,110,0
20151201,7160,7380,7130,7230,37,0
20151202,7160,7290,7130,7240,47,0
20151203,7250,7290,6950,6970,46,0
20151204,6950,6970,6610,6810,58,0
20151207,6840,6990,6590,6950,98,0
20151208,6959.3,7169.9,6890,7030,82,0
20151209,6970,7150,6880,6980,85,0
20151210,6960,7030,6880,6970,37,0
20151211,6870,7110,6700,6710,98,0
20151214,6680,6820,6350,6640,118,0
20151215,7000,7340,6810,6960,185,0
20151216,6990,7110,6680,6750,102,0
20151217,6750,6920,6400,6470,182,0
20151218,6420,6790,6270,6510,171,0
20151221,6520,6870,6520,6590,100,0
20151222,6580,6790,6450,6580,124,0
20151223,6700,6980,6560,6930,131,0
20151224,6920,7291.5,6890,7200,52,0
20151228,7200,7350,6900,7130,143,0
20151229,7150,7840,7150,7790,184,0
20151230,7370,7830,7370,7670,164,0
20151231,7680,7699.5,7490,7670,58,0
20160104,7540,7780,7390,7620,94,0
20160105,7700,7954.1,7500,7640,84,0
20160106,7530,7570,7250,7400,151,0
20160107,7240,7240,6570,6720,146,0
20160108,6790,7030,6435,6650,124,0
20160111,6710,6806,5890,5990,339,0
20160112,6030,6250,5510,5970,306,0
20160113,6010,6030,5020,5040,343,0
20160114,5120,5390,4030,5100,576,0
20160115,4950,5080,4540,5000,183,0
20160119,5050,5230,4570,4640,199,0
20160120,4540,4910,4100,4880,299,0
20160121,4890,5181.8,4700,4940,138,0
20160122,5060,5200,4930,5110,71,0
20160125,5070,5370,4990,5170,71,0
20160126,5170,5399.9,4910,5260,64,0
20160127,5260,5280,4900,4930,55,0
20160128,5030,5159.9,4565,4680,145,0
20160129,4780,4880,4420,4850,103,0
20160201,4830,4980,4520.1,4940,81,0
20160202,4820,4820,4560,4690,64,0
20160203,4720,4720,4335,4440,70,0
20160204,4450,4629.9,4380,4500,48,0
20160205,4460,4535,4350,4420,48,0
20160208,4370,4375,3750,3940,286,0
20160209,3750,3980,3540,3810,140,0
20160210,3925,4051,3720,3770,74,0
20160211,3750,4030,3690,3800,90,0
20160212,3750,4090,3720,4040,98,0
20160216,2500,2860,2480,2570,1807,0
20160217,2590,2890,2590,2810,587,0
20160218,2850,2990,2600,2630,269,0
20160219,2600,2770,2600,2610,115,0
20160222,2650,2828.4,2620,2790,92,0
20160223,2770,2881,2730,2780,60,0
20160224,2740,2850,2640,2790,78,0
20160225,2800,2850,2690,2770,42,0
20160226,2650,2760,2610,2680,120,0
20160229,2680,2695,2450,2480,202,0
20160301,2450,2630,2270,2340,290,0
20160302,2360,2410,2281,2380,181,0
20160303,2410,2490,2360,2465,156,0
20160304,2480,2550,2360,2410,134,0
20160307,2410,2540,2410,2460,245,0
20160308,2460,2580,2230,2310,214,0
20160309,2320,2380,2200,2300,107,0
20160310,2310,2380,2255,2290,91,0
20160311,2320,2375,2260,2300,106,0
20160314,2340,2540,2340,2480,201,0
20160315,2470,2490,2200,2265,235,0
20160316,2260,2330,2200,2290,162,0
20160317,2400,2450,2220,2290,187,0
20160318,2310,2410,2280.1,2380,96,0
20160321,2360,2490,2330,2420,91,0
20160322,2430,2490,2370,2480,149,0
20160323,2460,2480,2270,2360,151,0
20160324,2340,2490,2300,2470,179,0
20160328,2470,2500,2370,2420,79,0
20160329,2400,2440,2200,2410,159,0
20160330,2440,2500,2350,2420,80,0
20160331,2410,2480,2400,2410,105,0
20160401,2400,2690,2330,2500,288,0
20160404,2510,2920,2510,2700,256,0
20160405,2800,2800,2460,2540,141,0
20160406,2520,2710,2320,2700,150,0
20160407,2700,2720,2450,2530,144,0
20160408,2570,2690,2510,2570,93,0
20160411,2570,2660,2500,2530,67,0
20160412,2540,2580,2410,2470,112,0
20160413,2490,2560,2450,2520,68,0
20160414,2520,2810,2490,2720,152,0
20160415,2720,2850,2670,2810,157,0
20160418,2770,2881,2760,2850,108,0
20160419,2890,2920,2760,2850,110,0
20160420,2850,2900,2770,2785,76,0
20160421,2810,2870,2790,2810,63,0
20160422,2820,2880,2800,2830,37,0
20160425,2880,2909.9,2780,2860,78,0
20160426,2900,2900,2660,2760,133,0
20160427,2750,2830,2640,2640,82,0
20160428,2650,2760,2520,2700,71,0
20160429,2680,2688.9,2450,2520,72,0
20160502,2660,2682.3,2430,2530,76,0
20160503,2530,2640,2510,2540,36,0
20160504,2500,2510,2340,2400,83,0
20160505,2380,2480,2280,2310,128,0
20160506,2310,2353.1,1850,1960,307,0
20160509,1950,2230,1950,2170,185,0
20160510,2180,2319.9,2150,2190,124,0
20160511,2220,2270,2170,2260,115,0
20160512,2310,2366.8,2270,2330,147,0
20160513,2350,2680,2330,2630,214,0
20160516,2650,2750,2550,2740,177,0
20160517,2780,2910,2660,2860,202,0
20160518,2860,3130,2860,2900,198,0
20160519,3630,3770,2400,2470,5230,0
20160520,2700,2750,2250,2330,1150,0
20160523,2340,2548,2340,2350.1,353,0
20160524,2400,2400,2210,2260,471,0
20160525,2290,2350,2220,2250,457,0
20160526,2340,2400,2220,2350,387,0
20160527,2350,2379.9,2250,2290,291,0
20160531,2340,2480,2290,2410,628,0
20160601,2430,2490,2340,2440,235,0
20160602,2600,2690,2480,2550,795,0
20160603,2530,2610,2400,2540,258,0
20160606,2610,2850,2540,2830,408,0
20160607,2920,2949.9,2700,2840,211,0
20160608,2739.8,2790,2650.1,2760,131,0
20160609,2750,2818.9,2440,2560,383,0
20160610,2530,2550,2355,2420,310,0
20160613,2430,2590,2405,2490,244,0
20160614,2490,2590,2380,2530,181,0
20160615,2550,2650,2420,2460,238,0
20160616,2000,2060,1940,1970,2248,0
20160617,2000,2000,1930,1960,445,0
20160620,1970,2030,1840,1940,487,0
20160621,1960,2180,1868.5,2050,1518,0
20160622,2060,2150,1960,2060,783,0
20160623,2120,2240,2020,2150,901,0
20160624,2080,2160,1970,2050.5,451,0
20160627,2060,2060,1900,1960,407,0
20160628,1990,2130,1990,2090,297,0
20160629,2120,2170,2020,2110,282,0
20160630,2130,2140,1960,1990,706,0
20160701,2010,2080,1990,2020,661,0
20160705,2070,2150,2030,2040,655,0
20160706,2050,2100,2039.9,2060,132,0
20160707,2070,2140,2070,2130,156,0
20160708,2150,2200,2117.9,2160,336,0
20160711,2190,2190,2120,2120,183,0
20160712,2140,2174.2,1950,2120,232,0
20160713,2120,2150,2000,2040,373,0
20160714,2050,2090,2000,2010,234,0
20160715,2020,2100,1980,2040,169,0
20160718,2050,2100,2010,2080,152,0
20160719,2090,2100,1960,1980,198,0
20160720,2000,2080,1960,2010,123,0
20160721,2030,2070,1960,1960,242,0
20160722,1960,2010,1920,2000,147,0
20160725,1970,2020,1920,1950,135,0
20160726,2000,2010,1920,1950,201,0
20160727,1980,2100,1970,2060,209,0
20160728,2050,2100,2020,2040,104,0
20160729,2020,2090,2000,2070,162,0
20160801,2100,2100,2020,2050,155,0
20160802,2070,2080,1950,2030,228,0
20160803,2020,2130,1990,2070,231,0
20160804,2100,2100,1983.2,2030,245,0
20160805,2020,2090,2011,2080,204,0
20160808,2100,2300,2081.4,2280,1194,0
20160809,2240,2290,2170.1,2270,361,0
20160810,2270,2300,2180,2260,380,0
20160811,2250,2260,2170,2250,165,0
20160812,2230,2579.9,2200,2560,916,0
20160815,2650,2750,2410,2500,616,0
20160816,2520,2540,2410,2510,289,0
20160817,2510,2580,2460,2560,234,0
20160818,2590,2641,2430,2500,347,0
20160819,2460,2500,2450,2460,162,0
20160822,2490,2750,2440,2720,980,0
20160823,2710,2800,2630,2690,453,0
20160824,2740,2750,2450,2510,492,0
20160825,2510,2600,2350,2450,467,0
20160826,2450,2510,2350,2440,279,0
20160829,2750,2750,2450,2490,1423,0
20160830,2510,2560,2380,2470,313,0
20160831,2450,2480,2230,2270,573,0
20160901,2300,2490,2250.4,2360,982,0
20160902,2380,2380,2060,2180,1077,0
20160906,1020,1080,900,906.7,9193,0
20160907,940,960,852,865.1,3477,0
20160908,871.5,880,792.9,800,2235,0
20160909,820,820,760.3,780,1166,0
20160912,794.8,794.8,750,780,793,0
20160913,800,862.8,752.8,787.8,4453,0
20160914,800,810,761,788,1295,0
20160915,808,814,750,753,1508,0
20160916,750,770,731.1,735.1,1246,0
20160919,747.6,747.6,700,701.5,1794,0
20160920,727.8,740,690.1,702.6,1802,0
20160921,710,734.9,705.1,720,1063,0
20160922,730,740,690.8,705,1302,0
20160923,710,719.9,697.5,702.3,942,0
20160926,700,719,693.6,700,707,0
20160927,710,718.8,693,700,775,0
20160928,700,715,694.2,696.7,756,0
20160929,695.5,709.8,695.5,700,489,0
20160930,697,707.2,695.5,697.5,523,0
20161003,700,705.9,690.1,697.6,438,0
20161004,702,849.6,697.1,767.8,3641,0
20161005,759,769.9,711,749,704,0
20161006,752,752,690,690,1695,0
20161007,694,699.9,650.2,659.8,1237,0
20161010,652.2,659.8,600,615.3,1531,0
20161011,614,649.6,600,639,548,0
20161012,644,650,621.6,628.3,443,0
20161013,613.5,685,610.1,640.3,956,0
20161014,647.6,658,620,646.5,331,0
20161017,649.7,649.7,610.1,629.1,441,0
20161018,614.7,659.9,614.7,645,448,0
20161019,640,659.1,638.4,641.4,237,0
20161020,640.2,710,640.2,690,1319,0
20161021,700,700,642.7,683.3,506,0
20161024,652.3,687,650,650,321,0
20161025,656.4,679.8,619.9,620.1,765,0
20161026,500,519.8,460,464.8,4236,0
20161027,460,490,451.8,451.8,906,0
20161028,470,470,420,447,1108,0
20161031,450,459.9,430,447,295,0
20161101,436,450,427.8,428,498,0
20161102,431.3,440,400.3,432.9,716,0
20161103,435,450,402,430,657,0
20161104,420,500,420,440,1357,0
20161107,441,469.9,440.1,454,333,0
20161108,450,487.5,430,440,911,0
20161109,430,450,410,435.1,334,0
20161110,459,464,440,463.7,750,0
20161111,468.5,480,435.9,440.7,525,0
20161114,429.7,469.9,429.7,438.9,322,0
20161115,440,449.5,413,417.9,457,0
20161116,418.5,430,401,424.8,352,0
20161117,420,429.9,405.8,418.7,329,0
20161118,410,439.8,405,419,895,0
20161121,420,440,400.1,401.4,695,0
20161122,405,420,370,380,742,0
20161123,410,419.8,372,380.3,1096,0
20161125,400,406,375,396,566,0
20161128,398,432.2,352,425,3845,0
20161129,440.2,480,372.2,400,2813,0
20161130,390,398,375,381,998,0
20161201,398.5,398.5,365,365,655,0
20161202,380,390,360,365.4,592,0
20161205,400,400,375,392.1,705,0
20161206,400,400,371,390,870,0
20161207,400,419.8,380.3,413.6,1214,0
20161208,480,560,423.5,460,7859,0
20161209,430,440,403.3,414,2042,0
20161212,449,449,404.8,411.3,889,0
20161213,430,474.8,420,454,2027,0
20161214,445,445,405,405,842,0
20161215,410,469,404.6,423.5,2783,0
20161216,429,467,411.2,460,1716,0
20161219,650,680,521,533.4,22066,0
20161220,538,544.9,469,503.6,4051,0
20161221,507,517.5,473,511,1127,0
20161222,525,525,475.2,496,1151,0
20161223,496,496,470,480,915,0
20161227,475,520,470,490.5,1265,0
20161228,518.7,570,500,528.9,3619,0
20161229,519.7,530,470.1,473.4,3113,0
20161230,470,489.9,451.1,470.1,1776,0
20170103,489,530,481.9,510,2502,0
20170104,510,599,500,582,4579,0
20170105,580,620,550.3,560,2502,0
20170106,562,596.1,550,570.7,1324,0
20170109,590,634,561.6,632.1,2585,0
20170110,640,660,560,576.5,3193,0
20170111,569,569,522,529,1790,0
20170112,526.9,526.9,482.1,515,1633,0
20170113,520,550,518,530,792,0
20170117,540,547,510,528.9,889,0
20170118,533.4,580,521.1,560,1626,0
20170119,580,580,530.1,535.4,905,0
20170120,540,540.1,500.1,529.2,1250,0
20170123,542,542,505.6,515.1,448,0
20170124,545,550,522.5,539,735,0
20170125,550,599.7,540,599.7,2092,0
20170126,600,600,550,555,903,0
20170127,562.7,585,547.5,567.5,1036,0
20170130,580,580,541,567,1006,0
20170131,550,584.8,520.1,540,2072,0
20170201,528,532.4,500,504,2049,0
20170202,500,539,500,530,969,0
20170203,529,548.7,520.1,541,623,0
20170206,541,541,520.1,529.3,643,0
20170207,530,559,523.7,546,931,0
20170208,549.4,560,525.1,556,941,0
20170209,580,594.8,540,575,1416,0
20170210,575,580,545,574,581,0
20170213,570,625,561.4,586,2677,0
20170214,580,587.8,560.1,580,425,0
20170215,580,587.8,550,570,928,0
20170216,560,570,532.2,544,796,0
20170217,550,550,525.6,548,520,0
20170221,551.9,560,530,545,432,0
20170222,540,540,512.5,520,796,0
20170223,520,530,510,512.6,788,0
20170224,521.6,525,508,510,830,0
20170227,501,527,501,517,470,0
20170228,512,538.7,490.1,500,749,0
20170301,525,525,503.3,507,284,0
20170302,569,574.7,500,509,3251,0
20170303,507.7,519.9,500.3,503,648,0
20170306,540,540,500.3,508,595,0
20170307,500,516,485,490.9,1168,0
20170308,495.3,495.3,465,483.6,1444,0
20170309,470,509.5,470,490,769,0
20170310,485.5,500,485.1,490,394,0
20170313,491.9,531.6,489.8,509.5,1278,0
20170314,540,540,493,494.8,1670,0
20170315,509.1,509.1,482.5,490,710,0
20170316,494.5,505.2,330.1,379.8,6920,0
20170317,400,439,380,412,3431,0
20170320,410,410,370.01,396,1910,0
20170321,390,400,370,371,951,0
20170322,365,368,343.35,349,2176,0
20170323,349,386.23,345,369,1106,0
20170324,363,399,363,399,909,0
20170327,383,415,370,408,1546,0
20170328,419,419,387.21,414,1465,0
20170329,775,940,545,557,296709,0
20170330,494,518,459,464,37828,0
20170331,460,478,445,467,11048,0
20170403,455,459,430,442,10922,0
20170404,431,454,406,412,10252,0
20170405,405,409.99,380,386,8685,0
20170406,382,419,381.49,409,7755,0
20170407,405,440,401,432,7035,0
20170410,430,444,412,430,4052,0
20170411,578,581,461,461,85506,0
20170412,461,489,453,475,7915,0
20170413,470,505,457,479,4747,0
20170417,476,482,413,435,6894,0
20170418,423,428,415,419,2638,0
20170419,416,444,413,423,2824,0
20170420,420,446,417,439,5308,0
20170421,433,439,418.1,427,1449,0
20170424,435,439,404,408,2479,0
20170425,400,413,399,405,1061,0
20170426,402,409,396,409,1414,0
20170427,408,419,403.71,411,444,0
20170428,408,423,407.38,418,1790,0
20170501,420,446,418,438,2280,0
20170502,457,465,412,417,4209,0
20170503,412,425,393,414,2163,0
20170504,410,417.99,399,408,1095,0
20170505,407,407,388,404,1846,0
20170508,402,406,391,396,1112,0
20170509,392,396,386,396,1036,0
20170510,390,422,389.81,420,1891,0
20170511,417,417,400,400,645,0
20170512,401,413,398.06,411,795,0
20170515,406,423,406,419,747,0
20170516,421,431,407,413,1099,0
20170517,410,423,395,407,1803,0
20170518,406,406,393.5,400,1039,0
20170519,430,500,423,431,38379,0
20170522,435,435.99,406,430,2917,0
20170523,430,430,417,427,843,0
20170524,427,435,417,432,938,0
20170525,435,435,425,435,827,0
20170526,434,446,425,446,866,0
20170530,439,439,415,427,997,0
20170531,430,435,420.63,431,1007,0
20170601,433,448,426,434,746,0
20170602,430,443,427,440,1642,0
20170605,435,441,420,427,1541,0
20170606,425,435,417.01,427,1077,0
20170607,425,437,418,423,717,0
20170608,425,433,410,421,1208,0
20170609,419,420,402,407,1978,0
20170612,405,420,405,415,552,0
20170613,415,432,415,417,1005,0
20170614,420,430,415,425,723,0
20170615,415,430,408,408,1065,0
20170616,409,423.1,402,413,1455,0
20170619,420,425,410,425,1034,0
20170620,425,425,415,418,476,0
20170621,432,446,422,426,2384,0
20170622,425,445,425,437,863,0
20170623,434,441,425,430,1199,0
20170626,448,453,430,433,3516,0
20170627,433,445,426,426,1305,0
20170628,432,442,430,436,1566,0
20170629,436,440,415,422,1111,0
20170630,422,435,420,433,1052,0
20170703,435,442.3,435,438,658,0
20170705,435,441.97,433.5,440,656,0
20170706,449,449,425,427,950,0
20170707,424,436,421.92,435,453,0
20170710,432,443,425,434,1151,0
20170711,435,438,430,432,320,0
20170712,435,436,426,434,141,0
20170713,431,439,429,432.5,506,0
20170714,433,436,430,435,233,0
20170717,432,439,431,434,351,0
20170718,433,433,428,431,622,0
20170719,432,436,429,432,507,0
20170720,433,434,425,426.5,960,0
20170721,427,431,426,429,390,0
20170724,429,429.99,412.32,418,933,0
20170725,419.67,421.48,413,418,324,0
20170726,418,419.9,396,397,1336,0
20170727,399,409.32,387,390,1064,0
20170728,386,400.5,386,393,272,0
20170731,394,401,390,392,385,0
20170801,397,400.5,388,391,468,0
20170802,381,382,350,360,2203,0
20170803,365,365,337.1,341,2094,0
20170804,341.82,374,338,369,1458,0
20170807,368,373,347,348,950,0
20170808,348,350,340,349,879,0
20170809,346,360,339,341.69,1238,0
20170810,340.1,346,315,329,1704,0
20170811,328,331.02,315,315,1185,0
20170814,318,325,302.1,313,1557,0
20170815,310,314,285,285,1923,0
20170816,290,301,286,301,947,0
20170817,297,309,291,297,876,0
20170818,320,326,291,295,2526,0
20170821,305,318,301,304,2289,0
20170822,304,325,298.9,321,3728,0
20170823,320,337,311.88,329,1396,0
20170824,331,372,328.68,367,2542,0
20170825,372,381,351.1,375,947,0
20170828,373,390,365.2,388,1096,0
20170829,390,390,373.1,379,537,0
20170830,378,381,352,376,1335,0
20170831,376,383,373,377,692,0
20170901,378,387,376,386,499,0
20170905,386,400,379,386.99,647,0
20170906,385,414,385,412,1022,0
20170907,415,420.26,391.1,407.39,510,0
20170908,403,420,401,420,1175,0
20170911,423,433.19,412.14,427.01,1815,0
20170912,419,435.5,419,425,711,0
20170913,428,432,415,418,598,0
20170914,415,419,395.08,406,646,0
20170915,430,430,413.46,419,1540,0
20170918,423,430,417,425,1008,0
20170919,425,440,419,430,618,0
20170920,425,429,423,423,761,0
20170921,426,429,421,425,235,0
20170922,427,435,412,415,518,0
20170925,409,421.5,400,410,1066,0
20170926,408,429,408,420,918,0
20170927,415,448.9,415,431,1466,0
20170928,430,441,430,440,749,0
20170929,431,477,431,456,2666,0
20171002,425,449,425,431,1762,0
20171003,436,445,433,438,551,0
20171004,438,474.99,438,469,1775,0
20171005,467,477.72,450,470,1242,0
20171006,465,499,465,483,1659,0
20171009,487,492.2,471,474,843,0
20171010,475,488.04,465,473,1028,0
20171011,476,482,466.03,471,592,0
20171012,471,476,456.1,462,767,0
20171013,460,469.5,445,458,621,0
20171016,459,465,445,446,430,0
20171017,460,461,410,414,1362,0
20171018,419,428.05,395,411,1219,0
20171019,410,415,401.01,412,399,0
20171020,412.9,415,406,408,616,0
20171023,409,410,391,397,773,0
20171024,395,402.93,362,364,1402,0
20171025,366,382,345,375,1443,0
20171026,378.91,389,353,378,912,0
20171027,374,394,372.16,389,569,0
20171030,394.68,399.9,370,384,1109,0
20171031,384,398,370,370.15,504,0
20171101,370,381.99,364,366,423,0
20171102,368,378,357,369,412,0
20171103,368.09,381,364,376.93,368,0
20171106,376,383,365,366,548,0
20171107,367,367,350,354,454,0
20171108,352.06,362,334,337,580,0
20171109,331,347,331,337.99,485,0
20171110,342.3,364.79,342.3,358,754,0
20171113,354.9,369.9,353,359,487,0
20171114,360,365,346,359,990,0
20171115,365,369,344.15,347,929,0
20171116,351,370,340,360,722,0
20171117,361,372,354,362,1135,0
20171120,363,379,354.1,368,658,0
20171121,384,384,370,370,544,0
20171122,366,415,366,410,854,0
20171124,410,450,406.1,446,854,0
20171127,446,446,392.5,408,848,0
20171128,412,420,395,413,671,0
20171129,414,422,408,412,200,0
20171130,412,422,406,412,370,0
20171201,409,415.73,382,405,493,0
20171204,401,419.53,387,409,665,0
20171205,410,410,391.89,402,367,0
20171206,389.04,400,372,384,1029,0
20171207,365.01,388,365.01,377,480,0
20171208,380,387,370,382,450,0
20171211,375,386,365,368,488,0
20171212,401,401,357,380,1182,0
20171213,376,377,357,362,528,0
20171214,362,365,352.79,360,504,0
20171215,360,370,350,350,489,0
20171218,360,367.99,350.01,360,397,0
20171219,355,357.14,345.84,347,820,0
20171220,351,352.5,340,343,469,0
20171221,343,350.79,341,345,412,0
20171222,341,360,341,352,601,0
20171226,357,367,345,352,1242,0
20171227,353,360,350,354,674,0
20171228,353,371,350.01,367,618,0
20171229,370,378,344,344,1222,0
20180102,359,371.99,354.81,370,688,0
20180103,372,386,361,361,463,0
20180104,365,383,352.86,378,624,0
20180105,364,382.92,358,359,344,0
20180108,360,372,337.5,353,756,0
20180109,367,367,344.29,351,465,0
20180110,352,383,352,381,674,0
20180111,381,392,377.86,381,1126,0
20180112,381,389.95,380,380,304,0
20180116,388,390.99,366.5,389,680,0
20180117,380,386,362,363,575,0
20180118,365,369.95,358,366,265,0
20180119,368,406,368,381,4123,0
20180122,390,410.99,386,404,1449,0
20180123,425,435,412.1,426,2982,0
20180124,432,435,390,394,1170,0
20180125,399,417,390,415,571,0
20180126,419,419,391.75,410,301,0
20180129,410,418,400,406,657,0
20180130,405,415,388,402,439,0
20180131,406,406,350,358,1738,0
20180201,365,371,359,363,609,0
20180202,367.1,367.8,350,352.99,696,0
20180205,352,355,333,351,1030,0
20180206,345,358,335,358,319,0
20180207,353,364,350.01,357,341,0
20180208,355,359.69,345,348,350,0
20180209,367,367,300,336,2235,0
20180212,335,350,313.1,337,317,0
20180213,335,345,335,340,188,0
20180214,335,355,333.76,346,191,0
20180215,349,357.97,331,342,343,0
20180216,340,348,331,331,175,0
20180220,335,335,326,327,411,0
20180221,329,343,308,328,302,0
20180222,323,346,323,338,383,0
20180223,330,343.34,330,340,181,0
20180226,343,354,338,353,150,0
20180227,355,358.9,341,347,451,0
20180228,344,353,344,352,42,0
20180301,354,357,338,343,235,0
20180302,332,344,323,339,423,0
20180305,339,354,339,349,243,0
20180306,347,357,343.2,351,442,0
20180307,350,360,350,359,277,0
20180308,357,364,351.01,364,199,0
20180309,359.35,364,350,358,434,0
20180312,340,361,320.31,341,961,0
20180313,338,350,335.12,341,264,0
20180314,343,352,336,338.5,533,0
20180315,340,354,335,346,675,0
20180316,348,354,339.12,354,502,0
20180319,343,353,333,335,708,0
20180320,334,340,327,328,406,0
20180321,327.75,348.99,327.01,342,380,0
20180322,342,349.99,330.37,333,247,0
20180323,340,340,306.01,310,1111,0
20180326,315,330,302.46,305,817,0
20180327,305,310,290,297,988,0
20180328,299,306.9,290,294,479,0
20180329,290,306.22,290,299.95,300,0
20180402,295,305,280,289,876,0
20180403,291,303,281.1,285,890,0
20180404,275,302,275,290,1052,0
20180405,300,302,290.92,296,535,0
20180406,294.12,299,287.1,292,286,0
20180409,297,303,290,292,933,0
20180410,290.1,316.38,290.1,307,1058,0
20180411,310,312,296,310,807,0
20180412,308.37,315.74,303,305,469,0
20180413,306,313,296.1,308.25,734,0
20180416,314,317,301.01,314,631,0
20180417,315,320,310.1,318,293,0
20180418,320,335.9,315.32,326,1165,0
20180419,329,331,310.01,322,748,0
20180420,327,330,316,319.66,366,0
20180423,318,321,312.67,317,473,0
20180424,320,324,305,313,223,0
20180425,315,320,299.01,307,583,0
20180426,305,316,301,308,989,0
20180427,310,320,307,320,261,0
20180430,320,323.5,305,312,413,0
20180501,324,349,310,315,3887,0
20180502,305,305,295.06,297,1546,0
20180503,290,296,282,283,946,0
20180504,285,303,282,301,945,0
20180507,300,309.54,295.1,296,530,0
20180508,300,300,281,290,647,0
20180509,291,295,281.9,285,511,0
20180510,286,289,282,284,351,0
20180511,287,287,270,276,1676,0
20180514,276,290,276,288.52,690,0
20180515,290,300,286,293,927,0
20180516,299,300,290,293,666,0
20180517,292.1,296,292,292,617,0
20180518,295,308,293,308,1228,0
20180521,310,327.88,303.1,320,807,0
20180522,314.29,335.42,314.29,326,407,0
20180523,333,333,305,310.5,405,0
20180524,320,324.98,300,310,288,0
20180525,317,317,302,309,499,0
20180529,305,324,305,320,555,0
20180530,323,336,323,324,316,0
20180531,326,343,323,343,854,0
20180601,339,339,324,335,724,0
20180604,335,345,328.5,336,457,0
20180605,339,352,335,346,495,0
20180606,358,422,358,401,4106,0
20180607,399,511,398,410,11562,0
20180608,449,449,416.01,447,1179,0
20180611,455,456.11,410,428,1272,0
20180612,429,443,420.01,425,776,0
20180613,421,424,402.38,410,880,0
20180614,410,422,390.5,394,1212,0
20180615,390,442,390,441,1533,0
20180618,441,472,435.1,460,4539,0
20180619,460,464,453,460,1536,0
20180620,468,477,461.1,477,2264,0
20180621,480,483,473,482,1844,0
20180622,485,489,458,461,1746,0
20180625,456,459.39,432,447,1106,0
20180626,450,466,432.1,461,1203,0
20180627,464,471.5,447.01,459,980,0
20180628,460,465.2,447.5,458,1892,0
20180629,460,475,432,445,1827,0
20180702,440,447.99,405,417,1330,0
20180703,415,420,407,412,1028,0
20180705,412,419,410,418,702,0
20180706,419,430.99,400,404.75,1122,0
20180709,405,407.58,360,372,5026,0
20180710,379,398,372.1,393,1332,0
20180711,393,407.5,385,396,901,0
20180712,393,404,373.96,399,752,0
20180713,400,417,393,395,1450,0
20180716,471,480.34,412,418,40215,0
20180717,420,434,402,428,4193,0
20180718,429,435,399,415,2304,0
20180719,418,434,404,419,2094,0
20180720,416,428,400,415,1257,0
20180723,411,421,402,412,1198,0
20180724,410,416,388,393,1212,0
20180725,395,406,388,401,778,0
20180726,405,405,390,394.56,663,0
20180727,89,159,89,135,62525,0
20180730,126,129.74,111.01,120,8745,0
20180731,126,126,106,118,4842,0
20180801,122,122,110,112,1965,0
20180802,110,115,106,113,2263,0
20180803,116,119,107,113,3028,0
20180806,115,115,109,110,1598,0
20180807,107,115,107,111,1838,0
20180808,114,115,108,114,2020,0
20180809,113,119,111,115,1849,0
20180810,115,115,100,105,3187,0
20180813,110,110,101,105,2156,0
20180814,105,107,100,102,1335,0
20180815,103,148,100,116,30911,0
20180816,117,126,112,119,5479,0
20180817,120,124.89,115,121,3158,0
20180820,120,142,118,125,25929,0
20180821,144,157,127.1,130,121553,0
20180822,127,128,115,119,18761,0
20180823,120,120,108.01,113,6691,0
20180824,110,111,100,104,7843,0
20180827,102,109.22,100,108,5478,0
20180828,110,110,101,106,2047,0
20180829,108,108,101,103,2175,0
20180830,101,103,100,101,3119,0
20180831,103,108,101.1,107,2939,0
20180904,107,107,102,104,1415,0
20180905,104,107,102,103.01,1476,0
20180906,105,105,97,102,1879,0
20180907,102,105,93,102.01,9604,0
20180910,89,91,80.5,82.01,5768,0
20180911,81.89,82,75,81.75,2726,0
20180912,81,87.99,80,83,1117,0
20180913,80,83.99,74.29,74.29,3134,0
20180914,75.29,78,71.23,71.23,2344,0
20180917,73,77.5,61.84,61.84,5329,0
20180918,73.57,76,66,68,4295,0
20180919,71.4,72,60.06,68.98,2195,0
20180920,69,69,64,66.37,2164,0
20180921,69,69,63.5,64.34,2202,0
20180924,61,68.25,61,65.05,1506,0
20180925,68,69,63,64.41,1494,0
20180926,64.41,66,61.1,64,2929,0
20180927,64,67.85,60,60,2484,0
20180928,63,64,58,59.1,2749,0
20181001,63,63,59,60,1896,0
20181002,61,66,59,59,6076,0
20181003,61.95,85,60,69.5,49181,0
20181004,73,93,62.3,68,68988,0
20181005,68,68.5,61,63.43,13999,0
20181008,65.4,67.9,58,61.5,7308,0
20181009,60,62.5,59,59.5,3567,0
20181010,60,60.99,52.5,58,5291,0
20181011,56,60.45,53.31,55,3176,0
20181012,55,59,52.51,55,3029,0
20181015,54,61.79,53,59.47,9539,0
20181016,62,64.3,56,59,9170,0
20181017,57.5,60.88,57,59.9,3596,0
20181018,59.5,72.91,59.5,71,31062,0
20181019,73,80,69.5,72,19860,0
20181022,72,77.88,65.39,67.4,5444,0
20181023,69.9,70.99,61.04,65.99,4722,0
20181024,63,67,58.01,62,6645,0
20181025,59,64.71,58.2,59,6660,0
20181026,61.9,61.9,59.11,60.473,1990,0
20181029,62,66,60.5,62.4,3961,0
20181030,65.76,67.69,60,64,3683,0
20181031,95,98.8,68,72,154938,0
20181101,72,72.99,64,68,12142,0
20181102,69.99,69.99,62,66.5,10787,0
20181105,67.21,67.769,61.3,65.5,5670,0
20181106,68,68,63,66.8,18135,0
20181107,78,79,64.01,64.9,29993,0
20181108,63,66.32,61,65,10703,0
20181109,65,65,58.3,58.31,7929,0
20181112,58.02,61,55,58.11,7846,0
20181113,59,59.281,52,54.23,8090,0
20181114,55,55.65,47.7,52.9,5310,0
20181115,50.65,53,48.01,51.01,7597,0
20181116,52,55,47,51.66,28022,0
20181119,53,54.9,48,50,10743,0
20181120,50,50,45,47.97,12881,0
20181121,47.16,48.3,45,46.1,9473,0
20181123,45,48,45,45.2,6747,0
20181126,45.87,46.99,44.5,45.416,6095,0
20181127,40,42.5,35.5,41.56,26396,0
20181128,43.9,49.6,34.005,38,162777,0
20181129,72.1,96,63.3,69.7,2173306,0
20181130,66.5,66.5,50.5,51.9,123178,0
20181203,42.5,43.7,37.157,40.4,91821,0
20181204,41.4,43,40,42.2,24866,0
20181206,39.4,39.4,30.3,31.5,78645,0
20181207,62.5,72.406,28.4,29.4,564029,0
20181210,29,29.3,26.4,27.2,46053,0
20181211,29,29,27.5,28.3,37536,0
20181212,27.7,29.2,27.3,29.2,51218,0
20181213,29,29.2,27.1,27.3,24682,0
20181214,27.4,28.6,26.733,28.1,24640,0
20181217,27.8,28.39,25,25.3,20998,0
20181218,25.3,26.2,23.5,24.1,10317,0
20181219,24.2,25,22.5,23.95,18871,0
20181220,23.7,23.7,21,21.5,18283,0
20181221,21,21.2,18.7,20.6,28246,0
20181224,20,20,17,18.3,8178,0
20181226,18.3,21.1,18.3,20.5,22951,0
20181227,19.7,20.4,18.4,20,11449,0
20181228,19.8,20.2,19.4,19.6,12743,0
20181231,19.6,22.5,19.5,22,17226,0
20190102,21.3,23.3,20.5,22.4,57565,0
20190103,21.8,22,20.45,20.7,71377,0
20190104,20.9,22.9,20.586,21.6,169378,0
20190107,22,22.3,19.9,20.7,78926,0
20190108,20.9,22,20.5,21.4,65899,0
20190109,21.4,23.2,20.7,22.3,55045,0
20190110,21.9,21.991,21,21.3,18351,0
20190111,21.4,22,21.1,21.3,11510,0
20190114,21.1,24,20.6,23.6,85324,0
20190115,23.7,25,21.6,22.2,95253,0
20190116,22,22.105,20.1,21.2,48822,0
20190117,20.9,21.7,20.5,20.6,14251,0
20190118,20.6,21.11,20.1,20.6,20061,0
20190122,20.9,20.9,19.2,19.3,22285,0
20190123,19.3,19.7,18.7,19,14718,0
20190124,19.4,19.4,18.81,19,6010,0
20190125,19,20.5,19,19.8,19466,0
20190128,19.8,21.7,19.2,20.3,67098,0
20190129,20.3,20.3,19.301,19.9,13577,0
20190130,19.7,20.7,19.6,20.1,11466,0
20190131,20.2,20.536,17,19.4,51328,0
20190201,19.3,20,18.2,19.7,13404,0
20190204,19.4,21,19.201,20.6,63954,0
20190205,20.8,21.2,20.2,20.7,30816,0
20190206,20.5,20.696,19.4,20.4,14055,0
20190207,20.204,20.5,19.5,20.2,18530,0
20190208,20,20.2,19.076,19.1,12858,0
20190211,19.1,19.3,18.61,18.8,12976,0
20190212,18.9,19.001,18.3,18.4,17751,0
20190213,18.5,19,18,18.7,11071,0
20190214,18.5,18.8,18.1,18.6,6627,0
20190215,18.6,19.8,18.6,19.4,29255,0
20190219,19.4,19.7,19.1,19.4,5523,0
20190220,19.2,19.7,19.1,19.6,13143,0
20190221,19.4,19.8,19.2,19.6,8656,0
20190222,19.9,19.9,19.1,19.2,12907,0
20190225,19.3,19.5,18.3,19,24651,0
20190226,18.8,19.2,18.4,18.9,8723,0
20190227,19.126,20.8,18.9,19.7,93894,0
20190228,19.5,19.9,18.42,18.7,22424,0
20190301,18.7,20.8,18.7,20,252265,0
20190304,19.3,20.7,17.4,18.5,118092,0
20190305,18.3,18.6,18,18,31180,0
20190306,18,18.5,17.3,17.9,55956,0
20190307,18.6,21.8,18.6,21.4,325531,0
20190308,35.2,42,25.3,28,3065071,0
20190311,39.1,41.2,29.3,33.7,1765766,0
20190312,32,32.8,29.1,29.7,245726,0
20190313,28.3,29.7,25.8,25.8,185801,0
20190314,26,32.4,25.994,31.7,256175,0
20190315,31.4,31.4,28.1,28.8,106469,0
20190318,26.1,29.3,26,28.1,80416,0
20190319,27.2,28.11,26.1,26.3,65517,0
20190320,26.1,26.9,24.5,24.5,69983,0
20190321,24.4,25.6,24,25.1,40429,0
20190322,25.331,25.699,23.2,23.2,59698,0
20190325,23,23.9,22.3,23.5,38296,0
20190326,23.5,24.6,22.978,24.2,24326,0
20190327,24.2,25.7,23.601,25.4,26211,0
20190328,26.1,26.2,24.5,24.8,32842,0
20190329,24.6,25.477,23.7,24.1,16386,0
20190401,24.9,25.781,24.246,25.1,31232,0
20190402,25.2,25.499,24,24,21022,0
20190403,24,24.899,23.2,23.3,25743,0
20190404,28,31.4,26.1,28.1,1665758,0
20190405,27.7,28.1,26.1,27.1,129808,0
20190408,26.6,27.1,25.8,26.9,53754,0
20190409,26.4,27.5,25.8,26.3,28690,0
20190410,26.6,26.799,25.8,26.5,21495,0
20190411,26.5,26.5,25.3,26,25408,0
20190412,26,26.2,24.5,25.1,22627,0
20190415,25.1,25.5,24.1,24.5,11072,0
20190416,24.9,24.9,23.8,24.3,16022,0
20190417,24.4,24.522,22.725,24.3,18799,0
20190418,25.5,25.5,23.192,23.8,38668,0
20190422,23.5,24,22.31,23.4,93790,0
20190423,23.2,25.4,21.001,23.1,73548,0
20190424,22.6,23.099,22.2,22.2,13922,0
20190425,22.1,22.7,21.649,21.9,8930,0
20190426,22,22.5,21.5,22.5,8467,0
20190429,22.3,22.3,21,22,18776,0
20190430,22,22,20.2,21.8,20045,0
20190501,21.4,21.794,20.6,20.8,11638,0
20190502,20.5,21.1,19.8,20.2,24904,0
20190503,20.3,21.7,20.3,21,14533,0
20190506,20.3,20.7,19.882,20.5,11272,0
20190507,20.2,20.71,19.5,20,24323,0
20190508,20.8,20.8,20,20.4,6886,0
20190509,20.2,20.47,19.7,19.8,8258,0
20190510,19.9,20.234,19,20,13611,0
20190513,19,19.5,18,18.1,18372,0
20190514,18.3,18.7,18,18.1,18102,0
20190515,18,18.1,17.5,18,9786,0
20190516,18.1,18.6,16.3,16.8,26064,0
20190517,16.8,17,16,16.4,10885,0
20190520,16,16.4,15.5,15.6,19896,0
20190521,15.8,17.2,15.5,17.101,68713,0
20190522,17.8,20.8,17,20.3,117224,0
20190523,22.5,24.9,18.2,19,770417,0
20190524,19.5,20.4,18.794,20.3,44753,0
20190528,20,20.255,18.1,18.5,42444,0
20190529,19,19.3,18.2,18.7,20048,0
20190530,18.5,18.9,17.2,18.2,29743,0
20190531,18.4,18.4,16.6,16.7,33705,0
20190603,16.6,17,16.2,16.6,19774,0
20190604,16.7,17.3,16.4,17,9457,0
20190605,16.9,17.2,16,16.1,17819,0
20190606,16.2,16.5,15.8,15.9,14688,0
20190607,16.2,16.2,15.6,15.9,5700,0
20190610,15.9,16.4,15.65,16,12681,0
20190611,16,16.3,15.3,16,11705,0
20190612,16,16,15.3,15.8,11457,0
20190613,16.3,16.9,16,16.5,26632,0
20190614,16.5,16.5,15.6,15.9,7037,0
20190617,15.9,16.5,15.578,15.9,12424,0
20190618,15.9,17.9,15.8,17.9,22639,0
20190619,15.5,16.302,15,15.8,26554,0
20190620,15.9,16,15.3,15.3,12760,0
20190621,15,15.1,14.1,14.2,22285,0
20190624,14.1,14.5,12.5,13.2,25326,0
20190625,13.1,13.832,12.8,13.6,18542,0
20190626,13.8,14.485,13.3,13.697,27909,0
20190627,13.7,14.2,12.6,13.7,17673,0
20190628,13.5,14.3,13.46,13.7,9084,0
20190701,13.9,15.501,13.5,14.7,32643,0
20190702,14.1,14.1,13.2,13.3,13909,0
20190703,13.3,13.4,12.768,12.8,11270,0
20190705,12.8,13,12.2,12.6,8726,0
20190708,12.2,12.65,12,12.1,26168,0
20190709,12.1,12.3,10.701,11.3,28597,0
20190710,11.4,12.1,11.222,11.5,20696,0
20190711,11.6,11.9,9.6,11.8,113094,0
20190712,12,12.201,10.353,11.3,43951,0
20190715,10.9,10.9,9.3,9.605,174329,0
20190716,5.8,5.89,5.7,5.7,506294,0
20190717,5.702,5.89,5.7,5.71,103087,0
20190718,5.7945,5.868,5.7,5.7945,71037,0
20190719,5.89,5.89,5.7,5.888,59541,0
20190722,5.8,5.89,5.7,5.72,64476,0
20190723,5.7,5.8,5.5,5.622,96657,0
20190724,5.666,5.666,5.404,5.666,63345,0
20190725,5.822,5.899,5.5,5.56,254895,0
20190726,5.52,5.6,5.34,5.4,50025,0
20190729,5.565,5.6307,5.112,5.112,45230,0
20190730,5.1,5.2,4.8,5.157,46758,0
20190731,5.098,5.7,5.053,5.329,42858,0
20190801,5.4,5.7,5.146,5.165,34419,0
20190802,5.29,5.44,5.039,5.091,10904,0
20190805,5.091,5.1,4.7,4.828,26974,0
20190806,5.045,5.065,4.5,4.6,31284,0
20190807,4.64,4.64,4.301,4.4,25252,0
20190808,4.32,4.7,4.32,4.636,14105,0
20190809,4.9,4.9,4.301,4.6,7125,0
20190812,4.6,4.6,4.35,4.53,14358,0
20190813,4.4,4.8,4.35,4.625,9598,0
20190814,4.468,4.707,4.35,4.416,16760,0
20190815,4.5,4.63,4.4,4.6,9091,0
20190816,4.634,4.634,4.4,4.58,3592,0
20190819,4.633,4.79,4.512,4.656,7053,0
20190820,5.8,5.89,4.9,5.07,871114,0
20190821,5.2,5.39,4.6,4.9,126406,0
20190822,4.811,4.9,4.41,4.5,60221,0
20190823,4.503,4.52,4.2,4.2,36180,0
20190826,4.152,4.341,3.65,4.341,50201,0
20190827,4.256,4.341,4,4.2,17066,0
20190828,4,4.3,4,4.142,16280,0
20190829,4.272,4.322,4,4.1,18342,0
20190830,4.2,4.32,4.001,4.32,18990,0
20190903,4.6,4.6,4.03,4.06,23716,0
20190904,4.249,4.39,4.05,4.201,19829,0
20190905,4.1,4.4,4.1,4.2176,10381,0
20190906,4.279,5.2,4.201,5.027,67025,0
20190909,5,5.2,4.6,5.2,27427,0
20190910,5.18,5.285,4.9,4.916,15985,0
20190911,4.65,5.09,4.65,4.8,15994,0
20190912,4.75,4.86,4.666,4.701,12391,0
20190913,4.701,4.86,4.6,4.714,11783,0
20190916,4.9,4.9,4.7,4.81,49485,0
20190917,5.38,5.38,4.7,5.072,118146,0
20190918,5,5,4.7,4.8,45813,0
20190919,5.1,5.1,4.55,4.649,34584,0
20190920,4.51,4.648,4.51,4.621,13136,0
20190923,4.5,4.7,4.3,4.599,13502,0
20190924,4.8,4.8,4.25,4.45,16675,0
20190925,4.448,4.6,4.1346,4.23,7719,0
20190926,4.299,4.299,4.013,4.147,10241,0
20190927,4.2,4.2928,4,4.126,10188,0
20190930,4.148,4.3,3.7,3.956,18865,0
20191001,4.001,4.0653,3.75,3.811,10669,0
20191002,4,4.5,3.811,4.301,28558,0
20191003,4.78,4.9,3.9,4.121,24891,0
20191004,4.213,4.4,4.111,4.322,6822,0
20191007,4.278,4.399,4.01,4.33,10206,0
20191008,4.3,4.65,4.12,4.478,17071,0
20191009,4.5,4.5,4.161,4.245,8456,0
20191010,4.6,4.6,4.2,4.232,10974,0
20191011,4.4,4.4,4.3,4.323,10043,0
20191014,4.5,4.553,4.4,4.499,15306,0
20191015,4.5,5,4.3,4.8098,29599,0
20191016,4.571,4.9,4.3,4.567,10051,0
20191017,4.3,4.69,4.3,4.5,8345,0
20191018,4.683,4.683,4.32,4.597,6978,0
20191021,4.12,4.306,3.85,3.901,69163,0
20191022,3.9,3.999,3.74,3.896,20177,0
20191023,3.961,4.2,3.698,4.119,102673,0
20191024,4.1,4.1,3.7,3.904,30229,0
20191025,3.8,3.999,3.8,3.985,22421,0
20191028,3.985,3.99,3.3,3.4,40113,0
20191029,3.555,3.725,3.45,3.495,31388,0
20191030,3.475,3.6,3.301,3.481,14826,0
20191031,3.5,3.5,2.76,2.937,100368,0
20191101,2.8484,3.87,2.69,3.61,221408,0
20191104,3.87,3.87,2.8,3.03,240279,0
20191105,3,3.25,2.91,2.9266,125785,0
20191106,2.97,3.4,2.5,3.27,599930,0
20191107,3,3,2.48,2.62,319372,0
20191108,2.5,2.88,2.3,2.7,186371,0
20191111,2.57,2.58,2.25,2.54,156784,0
20191112,2.47,3.08,2.33,2.96,342349,0
20191113,2.93,2.93,2.59,2.64,166755,0
20191114,2.21,2.4,2.09,2.21,366339,0
20191115,1.5,1.935,1.48,1.65,808404,0
20191118,1.72,1.87,1.44,1.53,446683,0
20191119,1.45,1.66,1.45,1.4767,140495,0
20191120,1.45,1.54,1.44,1.46,1871258,0
20191121,1.5,1.5,1.16,1.26,2448432,0
20191122,1.22,1.26,1.18,1.24,609974,0
20191125,1.2,1.31,1.19,1.25,849375,0
20191126,1.23,1.25,1.0403,1.05,2374431,0
20191127,1.2,1.32,1.09,1.165,2752523,0
20191129,1.13,1.1599,1.1,1.13,632789,0
20191202,1.16,1.37,1.13,1.21,2502962,0
20191203,1.2,1.207,1.08,1.13,1441777,0
20191204,1.21,1.3,1.14,1.16,1829224,0
20191205,1.15,1.2,1.06,1.06,1190006,0
20191206,1.06,1.1,1.03,1.06,619137,0
20191209,1.06,1.0799,0.96,0.97,1452880,0
20191210,0.95,0.97,0.88,0.90322,962900,0
20191211,0.8951,0.978,0.86,0.9741,2486756,0
20191212,1.36,1.72,1.16,1.19,34759235,0
20191213,1.14,1.18,1.04,1.15,2873099,0
20191216,1.16,1.34,1.07,1.24,2605870,0
20191217,1.22,1.22,1.05,1.13,1383207,0
20191218,1.08,1.12,1.06,1.09,581002,0
20191219,1.11,1.11,1.06,1.09,604863,0
20191220,1.07,1.11,1.01,1.08,701940,0
20191223,1.08,1.0849,1.02,1.06,522124,0
20191224,1.05,1.085,1.04,1.08,373592,0
20191226,1.08,1.13,1.04,1.1099,637270,0
20191227,1.1,1.12,1.07,1.1045,387885,0
20191230,1.1,1.18,1.07,1.14,800012,0
20191231,1.14,1.2,1.13,1.17,948105,0
20200102,1.19,1.3,1.16,1.27,1517300,0
20200103,1.2,1.31,1.2,1.26,641430,0
20200106,1.27,1.58,1.26,1.55,2066697,0
20200107,1.78,2.18,1.5399,1.63,13823429,0
20200108,1.6,1.66,1.51,1.65,1439411,0
20200109,1.6,1.645,1.5485,1.62,802215,0
20200110,1.69,1.7399,1.58,1.58,771521,0
20200113,1.59,1.6413,1.41,1.45,826075,0
20200114,1.61,1.61,1.42,1.49,666192,0
20200115,1.45,1.48,1.34,1.39,763163,0
20200116,1.39,1.59,1.39,1.58,613938,0
20200117,1.5,1.59,1.47,1.55,517810,0
20200121,1.35,1.4398,1.33,1.43,825046,0
20200122,1.39,1.41,1.31,1.31,647859,0
20200123,1.4,1.43,1.35,1.4,406357,0
