Date,Open,High,Low,Close,Volume,OpenInt
20140131,7.11,7.25,6.35,6.5,3135696,0
20140203,6.5,6.72,6.46,6.59,61119,0
20140204,6.66,7,6.5,6.58,48571,0
20140205,6.87,7.2,6.49,6.7,195383,0
20140206,6.83,6.9399,6.5,6.89,68473,0
20140207,7.1,7.11,6.73,7.02,68973,0
20140210,7.05,7.21,6.85,7.21,21741,0
20140211,7.15,7.55,7.15,7.55,35655,0
20140212,7.6,7.6,6.85,7.15,45526,0
20140213,7.24,7.27,7.03,7.17,33787,0
20140214,7.24,7.24,6.51,6.89,95346,0
20140218,6.8,7.11,6.75,6.95,30159,0
20140219,7.09,7.13,7,7.1,7983,0
20140220,7.38,7.54,7.21,7.4,101972,0
20140221,7.46,8.19,7.17,7.4,86610,0
20140224,8.86,8.9799,7.4101,8.23,372453,0
20140225,8,8,7.57,7.77,187441,0
20140226,8.13,8.43,7.61,7.97,415924,0
20140227,8.05,8.09,7.92,8,215240,0
20140228,8,8.08,7.75,7.98,81331,0
20140303,7.78,8.48,7.75,8.18,84235,0
20140304,8.49,9.57,8.24,9.27,148480,0
20140305,9.45,9.95,9,9.64,106069,0
20140306,9.76,9.94,9.06,9.25,58525,0
20140307,9.43,9.52,8.5301,9.14,107987,0
20140310,9.01,9.48,8.82,9.16,114284,0
20140311,9.3,9.64,8.795,9.29,210512,0
20140312,9.31,9.48,8.98,9.29,81829,0
20140313,9.41,9.62,9.0901,9.28,74210,0
20140314,9.25,9.46,8.96,9.07,120617,0
20140317,9.14,9.21,8.33,8.45,125492,0
20140318,8.56,8.81,8.295,8.71,142023,0
20140319,8.87,8.97,8.155,8.42,232886,0
20140320,8.54,8.64,8.08,8.38,75516,0
20140321,8.45,8.45,7.82,7.83,315472,0
20140324,7.87,7.89,7.22,7.25,123177,0
20140325,7.09,7.4799,6.8211,6.98,135195,0
20140326,7.04,7.39,6.69,7.12,85800,0
20140327,7.11,7.33,6.0825,6.69,198732,0
20140328,6.68,7.72,6.21,7.45,142412,0
20140331,7.49,7.94,7.32,7.86,923802,0
20140401,7.65,7.75,6.8098,7.57,94017,0
20140402,7.55,7.82,7.495,7.63,138721,0
20140403,7.63,7.64,7.21,7.25,57520,0
20140404,7.26,7.35,6.92,6.94,102987,0
20140407,6.89,6.92,6.25,6.41,147196,0
20140408,6.42,6.42,5.76,6.18,141181,0
20140409,6,6.18,6,6.04,80997,0
20140410,6,6.015,5.57,5.8,96656,0
20140411,5.74,6.02,5.58,5.71,148023,0
20140414,5.87,5.89,5.29,5.36,86251,0
20140415,5.38,5.45,4.81,4.97,84975,0
20140416,5.05,5.14,4.74,5.1,49168,0
20140417,5.1,5.51,5.1,5.39,53378,0
20140421,5.22,6.22,5.21,5.76,73748,0
20140422,5.61,6,5.61,5.85,80154,0
20140423,5.86,5.86,5.5,5.56,63150,0
20140424,5.62,5.75,5.42,5.49,103345,0
20140425,5.48,5.75,5.1,5.16,81160,0
20140428,5.2,5.2,4.79,4.94,51501,0
20140429,4.99,5.11,4.85,4.94,52242,0
20140430,4.92,5.78,4.92,5.01,80365,0
20140501,5.03,5.03,4.82,4.92,27857,0
20140502,4.95,5,4.76,4.94,40389,0
20140505,4.81,5.07,4.78,4.94,37234,0
20140506,4.94,5,4.86,4.96,118621,0
20140507,4.81,5,4.81,4.88,15545,0
20140508,4.75,4.93,4.75,4.75,27378,0
20140509,4.62,4.82,4.5,4.72,92904,0
20140512,4.77,4.82,4.58,4.67,24287,0
20140513,4.61,4.92,4.6,4.79,74554,0
20140514,4.75,4.9,4.66,4.78,97842,0
20140515,4.78,5.07,4.64,4.8,33184,0
20140516,4.78,4.78,4.41,4.46,39978,0
20140519,4.695,4.695,4.26,4.36,27497,0
20140520,4.27,4.45,4.25,4.41,61629,0
20140521,4.574,4.574,4.27,4.37,53949,0
20140522,4.29,4.57,4.27,4.46,31879,0
20140523,4.48,4.5198,4.4,4.46,21138,0
20140527,4.4201,4.58,4.4201,4.58,19664,0
20140528,4.61,4.61,4.5,4.55,28531,0
20140529,4.5,4.53,4.49,4.53,25106,0
20140530,4.53,4.53,4.31,4.39,40785,0
20140602,4.31,4.4997,4.25,4.34,22897,0
20140603,4.52,4.53,4.25,4.48,272557,0
20140604,4.45,4.48,4.31,4.4,42270,0
20140605,4.43,4.51,4.35,4.39,33258,0
20140606,4.33,4.44,4.285,4.44,40494,0
20140609,4.45,4.512,4.25,4.46,125505,0
20140610,4.44,4.44,4.25,4.39,276800,0
20140611,4.44,4.89,4.38,4.78,154092,0
20140612,4.89,5.11,4.6,4.65,85328,0
20140613,4.68,5.06,4.44,4.52,29628,0
20140616,4.332,4.49,4.26,4.335,43957,0
20140617,4.34,4.365,4.18,4.2,80664,0
20140618,4.3199,4.3199,4.07,4.15,69198,0
20140619,4.2,4.24,4.08,4.11,41312,0
20140620,4.14,4.5,4.07,4.34,138253,0
20140623,4.55,4.68,4.24,4.3,60675,0
20140624,4.62,4.62,4.3,4.31,61351,0
20140625,4.31,4.6,4.131,4.34,133033,0
20140626,4.44,4.6,4.36,4.48,138936,0
20140627,4.44,4.97,4.38,4.97,961623,0
20140630,4.9,6.113,4.9,5.65,258413,0
20140701,5.61,6.13,5.5,5.83,137310,0
20140702,6.17,6.17,5.6,5.6,96500,0
20140703,5.6,5.6956,5.55,5.61,19253,0
20140707,5.63,5.7399,5.31,5.55,86112,0
20140708,5.58,5.62,5.44,5.52,88757,0
20140709,5.52,6.12,5.27,5.97,83892,0
20140710,6.16,6.25,5.55,6.02,134776,0
20140711,6.01,6.46,5.9,6.3,51033,0
20140714,6.39,6.97,6.3,6.71,90602,0
20140715,6.66,6.87,6.37,6.47,53317,0
20140716,6.3201,6.72,6.156,6.5,89055,0
20140717,6.38,6.675,6.19,6.32,61407,0
20140718,6.36,6.47,5.735,6.29,49902,0
20140721,6.48,6.96,6.28,6.57,50343,0
20140722,6.58,6.58,5.96,6.09,44877,0
20140723,6.12,6.29,5.66,5.75,42419,0
20140724,5.75,5.9,5.65,5.86,13944,0
20140725,5.85,5.85,5.5,5.64,30350,0
20140728,5.58,5.58,5.2,5.44,46032,0
20140729,5.48,5.88,5.4,5.71,26804,0
20140730,5.72,6.68,5.63,6.42,97000,0
20140731,6.41,6.9,6.29,6.85,91775,0
20140801,6.44,6.77,6.35,6.39,40617,0
20140804,6.28,6.41,6.122,6.22,42648,0
20140805,6.47,6.63,5.98,6.06,44622,0
20140806,6,6.09,5.77,5.97,33866,0
20140807,5.92,6.05,5.62,5.99,97234,0
20140808,5.96,6.07,5.72,5.96,65553,0
20140811,6,6.261,5.9,6.01,98178,0
20140812,6,6.45,5.524,6.42,91573,0
20140813,6.14,6.38,5.9,6.04,68150,0
20140814,6.44,6.57,5.9,5.98,117456,0
20140815,6.28,6.56,5.99,6.52,42767,0
20140818,6.53,6.53,6.25,6.49,18630,0
20140819,6.49,6.5,6.02,6.11,15668,0
20140820,6.11,6.445,6.11,6.14,17422,0
20140821,6.17,6.43,6,6.08,22595,0
20140822,6.06,6.22,5.76,6,49271,0
20140825,6.01,6.1,5.8301,6.03,14364,0
20140826,6.04,6.22,5.95,6.09,27343,0
20140827,6.12,6.21,5.95,6.17,31561,0
20140828,6.18,6.27,5.88,6.14,27295,0
20140829,6.18,6.18,5.85,5.91,30569,0
20140902,6.02,6.21,6.01,6.07,19013,0
20140903,6.04,6.079,5.85,5.91,54144,0
20140904,5.94,5.94,5.54,5.71,54315,0
20140905,5.65,5.95,5.5,5.85,67397,0
20140908,5.73,6.01,5.66,5.95,71645,0
20140909,5.84,6.12,5.79,5.9,39724,0
20140910,5.86,6.1,5.86,5.99,25621,0
20140911,5.93,6.03,5.84,5.97,37674,0
20140912,5.87,6.06,5.87,5.92,33760,0
20140915,5.81,6,5.651,5.74,51535,0
20140916,5.82,5.85,5.56,5.67,49335,0
20140917,5.68,5.8599,5.56,5.655,39521,0
20140918,5.68,6.08,5.66,5.96,44314,0
20140919,6.04,6.06,5.84,5.94,48680,0
20140922,5.87,6.05,5.75,5.77,24844,0
20140923,5.75,6.05,5.61,5.91,30195,0
20140924,5.69,6.04,5.69,5.91,20641,0
20140925,5.95,6.04,5.889,5.91,26051,0
20140926,5.97,5.99,5.76,5.79,16924,0
20140929,5.8,7,5.62,6.57,131862,0
20140930,6.56,6.56,6.28,6.42,18734,0
20141001,6.31,6.44,5.85,5.91,1181675,0
20141002,5.92,6.04,5.62,5.94,37453,0
20141003,5.82,6.2,5.82,6.03,20063,0
20141006,6.01,6.01,5.84,5.87,46595,0
20141007,5.84,6.11,5.63,5.89,57723,0
20141008,6.07,6.31,5.67,5.68,55775,0
20141009,5.68,5.82,5.42,5.53,41410,0
20141010,5.4,5.4,5.01,5.01,18731,0
20141013,5.07,5.07,4.64,4.96,21574,0
20141014,4.88,5,4.66,4.91,14601,0
20141015,4.82,4.88,4.46,4.57,20354,0
20141016,4.01,5,4.01,4.82,23949,0
20141017,4.98,5.55,4.93,5.37,18777,0
20141020,5.29,5.29,4.93,5.16,28548,0
20141021,5,5.34,4.92,5.04,16970,0
20141022,4.94,5.25,4.94,5.25,17608,0
20141023,5.22,5.9,5.09,5.61,32177,0
20141024,5.99,5.99,5.67,5.67,15669,0
20141027,5.43,5.65,5.23,5.32,11014,0
20141028,5.2,5.41,5.2,5.32,8327,0
20141029,5.22,5.43,5.1,5.4,13535,0
20141030,5.22,5.52,5.21,5.41,8612,0
20141031,5.465,5.97,5.4536,5.81,18622,0
20141103,6.45,6.45,5.64,6.09,28174,0
20141104,6,6.73,6,6.32,96726,0
20141105,6.24,6.33,5.82,6.08,20772,0
20141106,6,6.122,5.52,5.89,24966,0
20141107,5.53,5.97,5.53,5.91,20025,0
20141110,5.61,5.88,5.42,5.85,21794,0
20141111,5.57,5.81,5.48,5.68,20965,0
20141112,5.71,5.88,5.595,5.68,24597,0
20141113,5.59,5.8075,5.59,5.63,15673,0
20141114,5.7,5.765,5.47,5.56,14626,0
20141117,5.64,5.97,5.47,5.66,13040,0
20141118,5.81,6.31,5.81,5.87,170057,0
20141119,6,6,5.52,5.59,59064,0
20141120,5.35,5.75,5.205,5.23,44462,0
20141121,5.23,5.496,5.2,5.46,16634,0
20141124,5.39,5.7,5.26,5.6,24269,0
20141125,5.62,5.78,5.451,5.64,23986,0
20141126,5.35,5.54,5.1,5.36,65015,0
20141128,5.36,5.36,5.1,5.22,8823,0
20141201,5.05,5.05,4.6,4.72,57275,0
20141202,4.7,4.821,4.36,4.44,100077,0
20141203,4.39,4.55,4.18,4.22,109032,0
20141204,4.25,4.39,4.01,4.07,177456,0
20141205,4.42,4.58,4,4.01,3367432,0
20141208,4.01,4.1,3.81,3.98,421226,0
20141209,3.97,4.09,3.8,4.03,260870,0
20141210,4.02,4.3,3.95,4.09,234505,0
20141211,4.21,4.34,4.05,4.24,378496,0
20141212,4.26,4.363,4,4.01,428225,0
20141215,4.1,4.364,4.1,4.31,328737,0
20141216,4.3,4.51,4.3,4.5,194830,0
20141217,4.57,4.77,4.5,4.75,200420,0
20141218,4.8,5.03,4.8,4.97,216750,0
20141219,5.1,5.3,4.9,5.3,188777,0
20141222,5.4,5.89,5.25,5.75,212261,0
20141223,5.8,5.8,5.4,5.75,161752,0
20141224,5.7,5.7201,5.26,5.38,73243,0
20141226,5.38,5.81,5.34,5.81,56534,0
20141229,5.78,6.13,5.68,6.09,76372,0
20141230,5.9631,6.083,5.81,5.97,92672,0
20141231,5.94,5.99,5.53,5.98,117917,0
20150102,6,6.08,5.5,5.65,225406,0
20150105,5.6099,5.9,5.544,5.73,141580,0
20150106,5.83,5.83,5.07,5.36,240711,0
20150107,5.34,5.75,5.308,5.48,119564,0
20150108,5.5,5.9,5.5,5.82,116089,0
20150109,5.82,5.99,5.71,5.88,184701,0
20150112,5.89,5.95,5.84,5.92,158280,0
20150113,5.99,6.1,5.84,5.99,238253,0
20150114,5.8201,6.17,5.8201,6,215255,0
20150115,5.95,6.02,5.8316,5.85,93097,0
20150116,5.83,6,5.8,5.94,91968,0
20150120,5.97,6,5.83,5.9,82134,0
20150121,5.86,5.88,5.52,5.65,111780,0
20150122,5.71,5.89,5.37,5.77,82220,0
20150123,5.47,5.9,5.47,5.7,68708,0
20150126,5.7,5.92,5.47,5.88,41914,0
20150127,5.76,5.85,5.68,5.73,15151,0
20150128,5.75,5.75,5.55,5.64,34919,0
20150129,5.67,5.84,5.5,5.71,59945,0
20150130,5.65,5.7925,5.37,5.45,96506,0
20150202,5.44,5.44,5.2,5.27,74484,0
20150203,5.3,5.4,5.09,5.15,56322,0
20150204,5.06,5.25,4.86,5.02,53881,0
20150205,4.99,5.11,4.77,4.83,28305,0
20150206,4.83,5.19,4.71,5.07,47201,0
20150209,5.22,5.68,5.135,5.35,92135,0
20150210,5.36,5.48,5.28,5.33,45483,0
20150211,5.3,5.35,5.21,5.29,34813,0
20150212,5.31,5.4,5.27,5.27,14567,0
20150213,5.3,5.469,5.3,5.42,57536,0
20150217,5.45,5.5,5.243,5.27,44590,0
20150218,5.34,5.55,5.23,5.55,52245,0
20150219,5.54,5.54,5.42,5.47,33484,0
20150220,5.46,5.49,5.3,5.44,30477,0
20150223,5.4,5.5,5.16,5.18,90256,0
20150224,5.18,5.31,5.05,5.28,52077,0
20150225,5.3,5.6,5.24,5.51,128076,0
20150226,5.51,5.6,5.4,5.6,66504,0
20150227,5.52,5.59,5.286,5.39,73868,0
20150302,5.33,5.44,5.26,5.31,86200,0
20150303,5.28,5.36,5.25,5.26,25800,0
20150304,5.29,5.39,5.16,5.26,38200,0
20150305,5.37,5.54,5.31,5.54,137400,0
20150306,5.59,5.7,5.5,5.57,201800,0
20150309,5.75,5.75,5.5,5.53,173000,0
20150310,5.5,5.8,5.45,5.65,230500,0
20150311,5.78,5.85,5.5,5.74,206800,0
20150312,5.81,6.65,5.81,6.25,516100,0
20150313,6.33,6.65,6.25,6.52,510700,0
20150316,6.52,7.2,6.45,7.1,554400,0
20150317,7.15,7.3,6.49,6.79,374600,0
20150318,6.8,7.68,6.8,7.44,498900,0
20150319,7.46,7.69,7.18,7.37,250000,0
20150320,7.45,7.7,7.2,7.5,376200,0
20150323,7.59,7.68,7.4,7.57,228900,0
20150324,7.68,8.16,7.52,7.75,292200,0
20150325,7.73,7.9,7.03,7.32,344500,0
20150326,7.21,7.21,6.41,6.69,389900,0
20150327,6.51,7.24,6.51,6.97,279400,0
20150330,7.45,7.45,6.55,6.64,230000,0
20150331,6.58,6.79,6.33,6.52,227300,0
20150401,6.88,7.8,6.76,7.3,719400,0
20150402,7.62,7.62,7,7.09,240300,0
20150406,7.1,7.25,6.88,7.12,169600,0
20150407,7.15,7.25,6.8,6.87,266736,0
20150408,6.89,7.02,6.65,6.76,200000,0
20150409,6.79,7.1,6.65,6.85,175329,0
20150410,6.85,7.01,6.71,6.8,186200,0
20150413,6.82,7.17,6.82,7.08,368700,0
20150414,7.04,7.09,6.88,6.95,135100,0
20150415,7.01,7.04,6.91,6.97,123010,0
20150416,6.9,6.97,6.7099,6.76,133273,0
20150417,6.73,6.96,6.56,6.93,162200,0
20150420,6.82,7.04,6.8101,6.95,124828,0
20150421,6.99,7.47,6.976,7.44,262874,0
20150422,7.54,7.58,6.88,6.91,619460,0
20150423,6.9,7.07,6.83,6.99,538600,0
20150424,6.96,7.15,6.64,6.69,131100,0
20150427,6.74,6.9,6.1,6.2,304300,0
20150428,6.2,6.52,6.08,6.33,199500,0
20150429,6.34,6.47,6.02,6.27,318400,0
20150430,6.26,6.34,6.08,6.17,131300,0
20150501,6.15,6.36,6.14,6.29,91400,0
20150504,6.3,7.09,6.24,6.94,2111500,0
20150505,6.89,7,6.42,6.49,159800,0
20150506,6.57,6.84,6.4263,6.6,98965,0
20150507,6.6665,6.6665,6.16,6.24,166726,0
20150508,6.3,6.64,6.2,6.6,2838000,0
20150511,6.72,7.05,6.56,6.92,137000,0
20150512,6.92,7.33,6.75,7.19,174991,0
20150513,7.26,7.39,6.75,6.75,148000,0
20150514,6.84,7.09,6.55,6.92,98000,0
20150515,6.97,7.21,6.458,6.87,108484,0
20150518,6.85,7.17,6.8,6.96,92879,0
20150519,6.98,7.19,6.8,6.84,170100,0
20150520,6.88,7.07,6.76,6.8,158500,0
20150521,6.7,6.86,6.37,6.47,189900,0
20150522,6.4,6.84,6.4,6.79,127700,0
20150526,6.7,6.96,6.59,6.77,167132,0
20150527,6.76,7.28,6.65,7.18,179200,0
20150528,7.14,7.3,6.74,7,164775,0
20150529,6.9,7.3,6.89,6.96,139900,0
20150601,7.1,7.1,6.7,6.91,190300,0
20150602,6.91,7.1,6.804,6.97,226700,0
20150603,6.94,7.19,6.91,7.09,229100,0
20150604,7.07,7.48,6.93,7.05,324100,0
20150605,7.01,7.01,6.56,6.71,318600,0
20150608,6.85,6.89,6.58,6.77,241900,0
20150609,6.73,6.75,6.43,6.55,183523,0
20150610,6.61,6.65,6.38,6.49,217732,0
20150611,6.64,6.72,6.51,6.65,122195,0
20150612,6.64,6.66,6.46,6.6,80900,0
20150615,6.58,7.01,6.36,6.93,310600,0
20150616,7.2,7.2,6.77,6.89,298300,0
20150617,6.9,6.95,6.5,6.84,226500,0
20150618,6.8,7,6.57,6.86,196600,0
20150619,6.85,7.05,6.69,6.95,328100,0
20150622,7.02,7.16,6.85,6.95,240500,0
20150623,6.94,7.09,6.59,6.68,217877,0
20150624,6.64,6.87,6.51,6.54,150800,0
20150625,6.57,6.71,6.22,6.32,273400,0
20150626,6.48,6.48,6.08,6.24,3312300,0
20150629,6.14,6.22,5.78,5.84,352100,0
20150630,5.94,6.3,5.81,6.26,398171,0
20150701,6.3,6.39,5.96,6.07,287400,0
20150702,6.09,6.18,5.85,6.01,178900,0
20150706,5.96,6.1,5.78,5.95,286900,0
20150707,6.01,6.16,5.87,6.12,1321200,0
20150708,6.05,6.17,5.92,5.95,154500,0
20150709,6.08,6.18,5.9,5.9,181600,0
20150710,5.87,6.55,5.87,6.51,259800,0
20150713,6.34,6.72,6.34,6.69,169400,0
20150714,6.69,6.8,6.59,6.76,174504,0
20150715,6.8,6.92,6.59,6.69,237571,0
20150716,6.6,6.84,6.53,6.74,205900,0
20150717,6.76,6.79,6.6,6.71,111500,0
20150720,6.77,6.82,6.68,6.81,112500,0
20150721,6.84,6.88,6.6,6.72,151300,0
20150722,6.55,6.97,6.52,6.84,278300,0
20150723,6.8,7,6.78,6.8,174500,0
20150724,6.78,6.88,6.49,6.49,157700,0
20150727,6.45,6.5,6.1,6.21,137200,0
20150728,6.28,6.29,6.11,6.23,128600,0
20150729,6.3,6.32,5.95,5.98,136000,0
20150730,5.99,6.01,5.71,5.85,162200,0
20150731,5.87,6.11,5.8,5.82,315000,0
20150803,5.96,6.36,5.95,6.16,437144,0
20150804,6.29,6.59,6.17,6.53,231000,0
20150805,6.53,6.65,6.37,6.46,217400,0
20150806,6.45,6.53,6.03,6.07,153645,0
20150807,6.01,6.02,5.74,5.86,181500,0
20150810,5.91,6.19,5.75,6.11,250500,0
20150811,6.04,6.21,5.82,5.9,233174,0
20150812,5.84,6.55,5.81,6.52,582900,0
20150813,6.55,7,6.55,6.8,576400,0
20150814,6.76,6.97,6.2,6.5,301900,0
20150817,6.6,6.88,6.42,6.62,224400,0
20150818,6.58,6.79,6.31,6.35,353100,0
20150819,6.33,6.45,6.15,6.28,182200,0
20150820,6.19,6.29,5.78,5.8,266000,0
20150821,5.69,6.22,5.53,6.14,309700,0
20150824,5.5,6.04,5.06,5.62,285124,0
20150825,5.8,5.89,5.54,5.6,265800,0
20150826,5.75,5.91,5.48,5.89,172000,0
20150827,5.95,6.1,5.81,5.98,149100,0
20150828,5.95,6.18,5.91,6.04,241700,0
20150831,5.97,6.16,5.76,6,1212700,0
20150901,8.13,10.64,7.82,9.09,31957700,0
20150902,9.51,11.47,9.21,11.44,11733700,0
20150903,11.64,11.94,9.65,9.89,5898300,0
20150904,9.75,11.07,9.63,10.76,3677900,0
20150908,10.67,11.16,10.21,10.78,2085700,0
20150909,10.65,10.97,10.37,10.43,823200,0
20150910,10.35,10.75,10.12,10.35,916611,0
20150911,10.19,10.65,9.74,10.25,3634800,0
20150914,10.29,11.9,10.23,11.84,4099100,0
20150915,11.85,12.35,11.47,12.12,2529200,0
20150916,12.21,12.45,11.22,11.99,1252500,0
20150917,11.91,12.35,11.68,12.05,1575700,0
20150918,11.81,13.57,11.81,13.3,3860200,0
20150921,13.13,13.37,11.8,12.05,1520000,0
20150922,11.84,12.69,11.69,12.53,1083700,0
20150923,12.66,12.87,12.13,12.71,630300,0
20150924,12.69,13.1,12.26,12.45,933771,0
20150925,12.55,12.65,10.9,11.34,1276000,0
20150928,11.25,11.46,10.5,10.56,1352494,0
20150929,10.6,10.8,9.96,10.17,993500,0
20150930,10.4,10.59,9.93,10.35,1599400,0
20151001,10.24,10.25,9,9.69,1306500,0
20151002,9.5,10.34,9.38,10.26,792800,0
20151005,10.29,10.65,9.46,10.13,733576,0
20151006,10,10.09,9.25,9.76,425400,0
20151007,9.93,10.45,9.49,10.1,607500,0
20151008,10.03,10.24,9.53,9.87,399300,0
20151009,9.68,10.24,9.64,10.13,278800,0
20151012,10.15,10.3,9.66,9.83,370192,0
20151013,9.7,10,9.57,9.62,447700,0
20151014,9.67,10.02,9.46,9.65,304600,0
20151015,9.5,10.57,9.5,10.47,623900,0
20151016,10.53,10.88,9.95,10.34,583400,0
20151019,10.3,11.08,10.12,10.73,632400,0
20151020,10.74,10.967,10.02,10.09,388930,0
20151021,10.1,10.34,9.45,9.72,388300,0
20151022,9.78,10.44,9.5,10.28,562300,0
20151023,10.41,10.82,10.29,10.69,393300,0
20151026,10.64,10.99,9.98,10.01,452500,0
20151027,9.98,10.23,9.78,10.14,292300,0
20151028,10.14,10.47,9.87,10.34,526500,0
20151029,10.37,10.88,9.75,9.89,572300,0
20151030,9.89,9.94,9.31,9.62,443500,0
20151102,9.65,10.17,9.58,9.93,394586,0
20151103,9.95,10.48,9.75,10.33,606000,0
20151104,10.31,11.06,10.03,11.03,539507,0
20151105,11.02,11.38,10.45,10.8,441300,0
20151106,10.77,11,10.4,10.74,386500,0
20151109,10.7,11.125,10.63,10.96,343568,0
20151110,10.8,10.96,9.85,10.87,571800,0
20151111,10.89,11.57,10.6,11.12,372700,0
20151112,11.01,11.02,10.41,10.51,458700,0
20151113,10.5,11.36,10.17,11.18,490700,0
20151116,11.24,11.25,10.66,10.94,405300,0
20151117,11,11.29,10.76,10.92,282000,0
20151118,10.95,11.71,10.73,11.58,755000,0
20151119,11.49,11.81,11.04,11.7,488600,0
20151120,11.77,12.19,11.57,12.1,501400,0
20151123,12.06,12.49,11.66,12.24,278100,0
20151124,12.14,12.65,11.96,12.64,300800,0
20151125,12.72,12.77,12.51,12.67,234100,0
20151127,12.64,12.94,12.63,12.92,134700,0
20151130,12.92,13.02,12.33,12.59,659600,0
20151201,12.63,12.63,11.3,12.08,491118,0
20151202,12.04,12.46,11.7,11.96,242237,0
20151203,12,12.2,11.26,11.48,351819,0
20151204,11.75,12.23,11.35,12,393000,0
20151207,12.01,12.1,11.1,11.33,315500,0
20151208,11.19,11.86,11.12,11.73,247082,0
20151209,11.64,11.79,11.07,11.23,269200,0
20151210,11,11.03,10.06,10.69,723800,0
20151211,10.61,10.97,10.37,10.47,485300,0
20151214,10.47,10.88,10.19,10.34,565583,0
20151215,10.24,10.68,10.07,10.62,397000,0
20151216,10.6,11.02,10.09,11,465200,0
20151217,11.08,11.08,10.3,10.32,336000,0
20151218,10.25,10.5,9.99,10.03,1579500,0
20151221,10.03,10.15,9.64,9.76,440100,0
20151222,9.84,10.22,9.76,10.07,562224,0
20151223,10.1,10.37,9.88,10.27,268000,0
20151224,10.35,10.455,10.04,10.23,442892,0
20151228,10.12,10.46,9.85,10.11,384094,0
20151229,10.09,10.37,9.91,10.33,250361,0
20151230,10.3,10.92,10.29,10.77,189094,0
20151231,10.74,10.87,10.37,10.5,411979,0
20160104,10.29,10.5097,9.53,9.78,533707,0
20160105,9.77,9.91,9.57,9.8,314524,0
20160106,9.67,9.93,9.5,9.88,353279,0
20160107,9.57,9.622,8.8,9.23,450093,0
20160108,9.24,9.48,8.88,8.91,225079,0
20160111,8.74,8.93,7.81,8.15,518515,0
20160112,8.08,8.55,7.92,8.33,303698,0
20160113,8.36,9.1999,7.648,7.7,234172,0
20160114,7.75,8.64,7.33,8.31,353862,0
20160115,8.05,8.17,7.62,7.98,386280,0
20160119,8.21,8.22,7.43,7.6,347700,0
20160120,7.48,7.85,7.21,7.62,405335,0
20160121,7.62,8.03,7.43,7.46,325973,0
20160122,7.61,7.78,7.36,7.67,235568,0
20160125,7.6,7.96,7.55,7.59,144720,0
20160126,7.65,7.66,7.04,7.44,202158,0
20160127,7.43,7.551,7.03,7.06,214650,0
20160128,7.16,7.38,6.67,6.69,247439,0
20160129,6.69,7.33,6.55,7.28,348274,0
20160201,7.22,7.39,6.9,7.31,235528,0
20160202,7.1,7.46,6.95,7.13,253486,0
20160203,7.21,7.39,6.61,7.01,273372,0
20160204,7.01,7.43,6.695,7.37,381814,0
20160205,7.32,7.65,7.25,7.53,405195,0
20160208,7.34,7.61,7.0756,7.46,566525,0
20160209,7.27,7.77,7.115,7.44,438174,0
20160210,7.56,7.69,7.21,7.39,323854,0
20160211,7.21,7.73,7.095,7.63,299901,0
20160212,7.7,8,7.53,7.84,253550,0
20160216,7.96,8.51,7.82,8.45,266000,0
20160217,8.52,8.98,8.39,8.52,278774,0
20160218,8.57,8.57,7.99,7.99,142931,0
20160219,7.94,8.08,7.67,8.06,219946,0
20160222,9.39,10,8.91,9.71,3633239,0
20160223,9.64,9.7,8.75,8.78,957806,0
20160224,8.65,9.03,8.3,8.91,353360,0
20160225,8.99,9.16,8.71,9.02,277270,0
20160226,9.1,9.42,8.9,9.18,246580,0
20160229,9.18,9.3611,8.35,8.37,291019,0
20160301,8.75,8.75,8.15,8.55,294470,0
20160302,8.78,9.06,8.58,8.87,244567,0
20160303,8.89,9.086,8.7,8.82,225724,0
20160304,8.82,9.24,8.71,9.03,222089,0
20160307,9.04,9.73,8.73,9.32,521888,0
20160308,9.2,9.6499,8.62,8.68,398471,0
20160309,8.55,8.654,7.3,7.71,670366,0
20160310,7.5,8.25,7.23,7.47,374453,0
20160311,7.59,7.86,7.39,7.75,450815,0
20160314,7.69,7.99,7.64,7.82,263154,0
20160315,7.68,7.75,7.24,7.4,406925,0
20160316,7.35,7.63,7.0201,7.28,424933,0
20160317,7.22,7.42,6.95,7.3,425300,0
20160318,7.34,7.34,7.02,7.23,626994,0
20160321,7.23,7.88,7.18,7.7,355379,0
20160322,7.64,8.28,7.64,7.95,334553,0
20160323,7.96,8.14,7.25,7.33,485057,0
20160324,7.2,7.77,7.1,7.42,301589,0
20160328,7.41,7.72,7.27,7.57,355750,0
20160329,7.7,8.51,7.665,8.39,583152,0
20160330,8.58,8.76,8.01,8.18,354394,0
20160331,8.15,8.37,8.05,8.27,410747,0
20160401,8.23,8.64,8.1,8.48,472725,0
20160404,8.51,8.9078,8.46,8.68,541090,0
20160405,8.57,8.8,8.5,8.61,225787,0
20160406,8.62,9.36,8.62,9.12,383042,0
20160407,9.06,9.29,8.82,9,241711,0
20160408,9.17,9.29,8.65,8.89,293758,0
20160411,8.97,9.1214,8.69,8.87,403322,0
20160412,8.88,9.2,8.75,9.13,208344,0
20160413,9.19,9.49,9.02,9.34,250094,0
20160414,9.33,9.45,9.07,9.13,412320,0
20160415,9.18,9.413,8.95,9.08,547162,0
20160418,9.05,9.275,8.94,9.15,423446,0
20160419,9.15,9.24,8.93,9,496785,0
20160420,9.02,9.1916,8.1601,8.27,811617,0
20160421,8.3,8.46,7.97,8.27,531258,0
20160422,8.24,8.36,8.01,8.33,275863,0
20160425,8.33,8.38,8.09,8.31,256649,0
20160426,8.33,8.35,7.82,8.07,662855,0
20160427,8.01,8.07,7.7,7.83,419684,0
20160428,7.73,8.23,7.67,7.96,358407,0
20160429,8.1,8.18,7.66,7.79,352273,0
20160502,7.82,7.84,7.0501,7.63,966944,0
20160503,7.88,8.09,7.33,7.8,520774,0
20160504,7.68,7.73,7.355,7.5,598811,0
20160505,7.29,7.72,7.105,7.53,603011,0
20160506,7.35,7.79,7.33,7.75,384332,0
20160509,7.7,8.22,7.56,8.03,578667,0
20160510,8.12,8.285,7.77,7.97,361419,0
20160511,7.93,8.05,7.47,7.495,413992,0
20160512,7.58,7.72,6.82,6.99,685219,0
20160513,7,7.19,6.73,6.82,641624,0
20160516,5.6,6.69,5.58,6.32,3630908,0
20160517,6.31,6.68,6.245,6.55,918629,0
20160518,6.51,7.05,6.4701,6.98,743328,0
20160519,6.84,7.0441,6.39,6.51,439256,0
20160520,6.59,6.91,6.55,6.86,466760,0
20160523,6.82,7.07,6.73,6.84,376829,0
20160524,6.94,7.005,6.83,6.96,398088,0
20160525,7.03,7.19,6.95,7.03,300488,0
20160526,7.02,7.225,6.91,7.1,385085,0
20160527,7.09,7.22,6.98,7.06,435245,0
20160531,7.12,7.41,7.1,7.32,1096892,0
20160601,7.7,8.03,7.58,7.96,872281,0
20160602,7.9,7.96,7.695,7.8,396109,0
20160603,7.79,7.8599,7.4,7.54,313401,0
20160606,7.48,7.81,7.35,7.7,344167,0
20160607,7.66,7.66,7.4,7.46,270683,0
20160608,7.46,7.64,7.28,7.44,192379,0
20160609,7.35,7.51,7.16,7.22,256810,0
20160610,7.12,7.18,6.82,6.84,304866,0
20160613,6.83,6.97,6.65,6.67,297794,0
20160614,6.62,6.645,6.32,6.45,555136,0
20160615,6.49,6.74,6.37,6.68,651571,0
20160616,6.63,6.85,6.43,6.82,341567,0
20160617,6.84,6.84,6.25,6.28,607201,0
20160620,6.44,6.57,6.21,6.23,332941,0
20160621,6.25,6.32,5.93,6.09,324584,0
20160622,6.09,6.335,5.94,5.96,316399,0
20160623,6.05,6.26,5.97,6.21,207722,0
20160624,6.79,6.79,6.21,6.39,1967633,0
20160627,6.61,6.69,5.8,5.87,806900,0
20160628,5.93,6.205,5.9,6.14,483891,0
20160629,6.45,6.45,6.15,6.3,381596,0
20160630,6.36,6.36,6.2,6.3,290933,0
20160701,6.3,6.49,6.26,6.47,317089,0
20160705,6.5,6.61,6.455,6.56,356434,0
20160706,6.55,6.9,6.52,6.86,390316,0
20160707,6.9,6.95,6.75,6.94,461647,0
20160708,6.99,7.17,6.85,7.13,524454,0
20160711,7.19,7.21,7.01,7.05,290673,0
20160712,7.1,7.24,7,7.11,299676,0
20160713,7.14,7.2399,6.74,6.75,333960,0
20160714,6.8,6.9726,6.49,6.5801,364614,0
20160715,6.61,6.7925,6.57,6.71,324056,0
20160718,6.72,6.87,6.62,6.68,155498,0
20160719,6.67,6.7,6.31,6.4,214639,0
20160720,6.4,6.653,6.36,6.59,162220,0
20160721,6.62,6.84,6.55,6.66,187815,0
20160722,6.65,6.7557,6.61,6.68,155920,0
20160725,6.68,6.685,6.31,6.51,390763,0
20160726,6.5,6.69,6.3933,6.49,244421,0
20160727,6.53,6.58,6.31,6.44,313462,0
20160728,6.45,6.53,6.22,6.28,277106,0
20160729,6.28,6.42,6.13,6.27,288047,0
20160801,6.28,6.55,6.265,6.39,339553,0
20160802,6.37,6.62,6.27,6.54,184646,0
20160803,6.5,6.795,6.46,6.76,344110,0
20160804,6.77,6.89,6.61,6.74,458215,0
20160805,6.73,6.85,6.6,6.77,295679,0
20160808,6.96,7.03,6.65,6.685,280377,0
20160809,6.68,7,6.6,6.93,276819,0
20160810,6.9,7.075,6.845,6.98,352893,0
20160811,7,7.09,6.85,6.9,405549,0
20160812,6.92,7.07,6.91,6.97,390294,0
20160815,7.02,7.3101,6.92,7.31,300484,0
20160816,7.31,7.4,7.22,7.28,264521,0
20160817,7.28,7.28,7.04,7.18,163444,0
20160818,7.2,7.27,7.13,7.22,131002,0
20160819,7.2,7.3,7.14,7.2,172441,0
20160822,7.24,7.46,7.125,7.42,227989,0
20160823,7.45,7.45,7.31,7.42,165335,0
20160824,7.42,7.63,7.03,7.08,310215,0
20160825,7.1,7.585,6.685,6.93,605677,0
20160826,6.94,7.272,6.94,7.04,265173,0
20160829,7.09,7.1,6.9,6.97,117167,0
20160830,7,7.09,6.93,6.95,98578,0
20160831,6.97,6.97,6.72,6.77,136559,0
20160901,6.77,6.88,6.66,6.77,104755,0
20160902,6.82,6.9679,6.74,6.75,149432,0
20160906,6.78,7.065,6.78,6.85,202240,0
20160907,6.89,6.95,6.71,6.81,117118,0
20160908,6.8,6.905,6.69,6.86,186167,0
20160909,6.95,7.15,6.87,6.89,447470,0
20160912,6.85,6.98,6.8,6.95,188950,0
20160913,6.92,6.92,6.57,6.81,264918,0
20160914,6.79,7.09,6.76,6.86,271101,0
20160915,6.89,7.0499,6.79,6.97,169802,0
20160916,7.02,7.1399,6.92,7.06,409685,0
20160919,7.07,7.13,6.9,7.03,254917,0
20160920,7.12,7.2,6.97,7.01,282648,0
20160921,7.02,7.1,6.77,7.04,208690,0
20160922,7.14,7.14,6.86,7.03,302241,0
20160923,7.03,7.1,6.93,7,183355,0
20160926,6.99,7.07,6.92,7,205259,0
20160927,7,7.06,6.91,7.05,272593,0
20160928,7.05,7.06,6.9,7.01,186292,0
20160929,7.02,7.07,6.615,6.64,284822,0
20160930,6.68,6.82,6.58,6.75,191740,0
20161003,6.73,6.82,6.62,6.75,214882,0
20161004,6.75,6.9,6.64,6.64,162604,0
20161005,6.67,6.8599,6.6,6.73,159904,0
20161006,6.69,6.69,6.41,6.44,256943,0
20161007,6.49,6.5,6.38,6.43,158317,0
20161010,6.49,6.636,6.45,6.55,218262,0
20161011,6.5,6.52,6.31,6.37,144610,0
20161012,6.36,6.5,6.2,6.21,214898,0
20161013,6.16,6.36,6.14,6.19,200108,0
20161014,6.25,6.36,6.06,6.1,240935,0
20161017,6.13,6.13,5.85,5.92,354592,0
20161018,5.99,6.38,5.99,6.03,155565,0
20161019,6.03,6.03,5.8,5.81,189971,0
20161020,5.82,5.96,5.77,5.9,115956,0
20161021,5.9,6.01,5.81,5.88,142674,0
20161024,5.96,5.99,5.74,5.75,184277,0
20161025,5.78,5.84,5.68,5.73,130894,0
20161026,5.74,5.8582,5.53,5.53,180823,0
20161027,5.57,5.6704,5.27,5.27,249483,0
20161028,5.2,5.2507,4.95,5.03,529500,0
20161031,5.06,5.06,4.86,4.88,264379,0
20161101,4.91,4.97,4.665,4.78,466446,0
20161102,4.8,4.8,4.42,4.44,375347,0
20161103,4.45,4.63,3.8,3.81,817934,0
20161104,3.78,4.26,3.76,4.07,714509,0
20161107,4.12,4.255,3.99,4.01,526242,0
20161108,3.99,4.1,3.945,4.05,382235,0
20161109,4.22,4.58,4.12,4.505,638588,0
20161110,4.89,5.55,4.72,5.5,1019695,0
20161111,5.54,6.1924,5.52,6.1,1006078,0
20161114,6.16,6.41,5.911,6.39,931185,0
20161115,6.41,6.68,6.07,6.52,733999,0
20161116,6.4,6.78,6.3,6.36,581875,0
20161117,6.25,6.47,6.21,6.33,346889,0
20161118,6.35,6.35,6,6.09,1665892,0
20161121,6.1,6.49,5.98,6.48,3200073,0
20161122,6.5,6.5904,6.01,6.15,587191,0
20161123,5.85,6.15,5.79,6.08,380658,0
20161125,6.1,6.19,6.03,6.14,118094,0
20161128,6.18,6.18,5.58,5.62,483812,0
20161129,5.61,5.76,5.43,5.55,316074,0
20161130,5.6,5.66,5.36,5.48,284565,0
20161201,5.48,5.55,5.221,5.32,446240,0
20161202,5.31,5.49,5.26,5.29,470462,0
20161205,5.34,5.57,5.26,5.395,585026,0
20161206,5.39,5.65,5.29,5.62,303123,0
20161207,5.53,5.55,5.27,5.49,462425,0
20161208,5.48,5.8,5.3,5.78,382803,0
20161209,5.79,6.08,5.7,5.76,364654,0
20161212,5.73,5.76,5.535,5.65,301121,0
20161213,5.69,5.97,5.6601,5.73,697736,0
20161214,5.7,5.79,5.5,5.58,283420,0
20161215,5.58,5.83,5.49,5.77,273026,0
20161216,5.81,6.07,5.81,5.925,419475,0
20161219,5.93,6.22,5.84,5.9,523619,0
20161220,5.93,6.06,5.815,5.82,270885,0
20161221,5.84,5.88,5.56,5.59,320316,0
20161222,5.64,5.84,5.5339,5.78,226525,0
20161223,5.77,5.985,5.77,5.97,356718,0
20161227,6.05,6.155,5.89,5.89,423334,0
20161228,5.88,5.8833,5.63,5.79,354877,0
20161229,5.8,5.93,5.79,5.86,196078,0
20161230,5.86,5.9,5.675,5.88,205937,0
20170103,5.95,6.1999,5.88,6.15,448394,0
20170104,6.02,6.38,6.02,6.28,582990,0
20170105,6.54,6.94,6.51,6.7,867077,0
20170106,6.8,6.8289,6.48,6.61,598713,0
20170109,6.84,6.875,6.42,6.51,514162,0
20170110,6.54,6.67,6.2,6.49,431259,0
20170111,6.46,6.6,6.34,6.49,340212,0
20170112,6.47,6.59,6.28,6.42,286574,0
20170113,6.42,6.67,6.34,6.38,349558,0
20170117,6.34,6.34,6.08,6.21,343840,0
20170118,6.26,6.29,6.04,6.19,231059,0
20170119,6.2,6.25,6.11,6.17,234487,0
20170120,6.18,6.25,6.121,6.19,304062,0
20170123,6.29,6.65,6.1601,6.57,385831,0
20170124,6.59,6.78,6.35,6.7,318334,0
20170125,6.85,6.92,6.5,6.59,376966,0
20170126,6.59,6.639,6.46,6.56,277910,0
20170127,6.55,6.68,6.54,6.59,229062,0
20170130,6.57,6.62,6.26,6.55,469639,0
20170131,6.55,7,6.4283,6.98,825660,0
20170201,7,7.33,6.92,7.1,726857,0
20170202,7.3,7.657,7.2,7.51,963275,0
20170203,7.63,7.8,7.4007,7.72,697581,0
20170206,7.78,7.95,7.7,7.94,585478,0
20170207,7.96,7.99,7.5801,7.85,488032,0
20170208,7.78,7.84,7.4,7.77,491111,0
20170209,7.78,7.96,7.6,7.88,410955,0
20170210,7.89,8,7.8088,7.86,395473,0
20170213,7.92,7.99,7.68,7.73,348765,0
20170214,7.7,7.71,7.41,7.45,589877,0
20170215,7.4,7.4,6.84,7.09,1443610,0
20170216,7.1,7.269,6.83,7.04,783332,0
20170217,7.02,7.16,6.79,7.13,543396,0
20170221,4.9,5.16,4.25,4.27,10368074,0
20170222,4.51,4.53,3.87,3.95,5381454,0
20170223,4.1,4.136,3.7,3.85,3791312,0
20170224,3.83,4.0665,3.75,3.99,2885570,0
20170227,4.04,4.24,3.96,4.11,2714320,0
20170228,4.15,4.2269,3.93,4.06,1828487,0
20170301,4.12,4.17,3.93,4.02,1205743,0
20170302,4,4.21,3.98,4.13,1933628,0
20170303,4.13,4.24,4.08,4.17,1333514,0
20170306,4.16,4.16,3.96,4.04,951659,0
20170307,4.03,4.0999,3.96,3.99,945755,0
20170308,3.93,4.0561,3.5,3.53,2993586,0
20170309,3.6,3.89,3.56,3.66,1656882,0
20170310,3.69,3.742,3.58,3.67,854359,0
20170313,3.68,3.87,3.6699,3.85,929034,0
20170314,3.86,3.89,3.59,3.62,925226,0
20170315,3.66,3.885,3.61,3.85,959696,0
20170316,3.84,3.865,3.7,3.75,754885,0
20170317,3.73,3.785,3.65,3.68,818874,0
20170320,3.65,3.6808,3.55,3.59,785149,0
20170321,3.56,3.64,3.35,3.39,1204426,0
20170322,3.4,3.43,3.26,3.33,851439,0
20170323,3.3,3.6011,3.3,3.59,998508,0
20170324,3.59,3.61,3.47,3.55,582539,0
20170327,3.44,3.8,3.43,3.72,846802,0
20170328,3.73,3.81,3.68,3.75,625404,0
20170329,3.75,3.9775,3.7166,3.8,927044,0
20170330,3.83,3.92,3.69,3.75,758855,0
20170331,3.75,3.765,3.6601,3.67,770209,0
20170403,3.7,3.8,3.55,3.55,581519,0
20170404,3.55,3.58,3.4,3.42,748919,0
20170405,3.42,3.45,3.23,3.25,1070037,0
20170406,3.41,3.461,3.24,3.4,1619467,0
20170407,3.42,3.42,3.28,3.31,732201,0
20170410,3.33,3.41,3.26,3.34,565010,0
20170411,3.3,3.325,3.24,3.28,451532,0
20170412,3.28,3.37,3.23,3.32,334688,0
20170413,3.3,3.43,3.3,3.32,508149,0
20170417,3.32,3.42,3.3,3.38,255373,0
20170418,3.36,3.3843,3.26,3.27,352249,0
20170419,3.3,3.39,3.25,3.26,457727,0
20170420,3.29,3.38,3.25,3.36,553136,0
20170421,3.35,3.4101,3.26,3.29,450647,0
20170424,3.32,3.3624,3.28,3.3,302457,0
20170425,3.32,3.39,3.27,3.34,720317,0
20170426,3.35,3.35,3.26,3.27,541002,0
20170427,3.3,3.3399,3.23,3.24,429706,0
20170428,3.25,3.315,3.23,3.27,342395,0
20170501,3.3,3.5811,3.29,3.56,858182,0
20170502,3.57,3.6385,3.32,3.44,847997,0
20170503,3.44,3.56,3.37,3.39,773715,0
20170504,3.5,3.63,3.26,3.29,661095,0
20170505,3.27,3.29,3.2399,3.25,449669,0
20170508,3.26,3.3,3.16,3.2,654756,0
20170509,3.2,3.2,3.07,3.18,694988,0
20170510,3.18,3.33,3.12,3.33,431107,0
20170511,3.32,3.34,3.18,3.19,399599,0
20170512,3.2,3.24,3.13,3.23,283833,0
20170515,3.26,3.34,3.22,3.24,375762,0
20170516,3.2,3.26,3.15,3.23,527634,0
20170517,3.19,3.22,3.08,3.09,487779,0
20170518,3.1,3.18,3.08,3.1,365066,0
20170519,3.1,3.1413,3.08,3.09,378285,0
20170522,3.09,3.12,2.97,2.98,642902,0
20170523,2.98,3.03,2.805,2.88,833595,0
20170524,2.89,2.99,2.7701,2.94,417835,0
20170525,2.95,2.9601,2.82,2.86,421782,0
20170526,2.84,2.88,2.755,2.77,413586,0
20170530,2.77,2.771,2.37,2.4,1656083,0
20170531,2.39,2.41,2.155,2.33,1114197,0
20170601,2.32,2.55,2.32,2.5,830493,0
20170602,2.5,2.6,2.49,2.55,552254,0
20170605,2.55,2.63,2.46,2.55,586562,0
20170606,2.53,2.595,2.4878,2.55,357879,0
20170607,2.56,2.56,2.37,2.38,511826,0
20170608,2.4,2.51,2.4,2.49,604461,0
20170609,2.49,2.54,2.42,2.44,410975,0
20170612,2.44,2.51,2.44,2.47,372363,0
20170613,2.5,2.5,2.43,2.48,368906,0
20170614,2.47,2.5,2.3946,2.49,358950,0
20170615,2.47,2.54,2.41,2.43,408452,0
20170616,2.41,2.5,2.39,2.45,559761,0
20170619,2.43,2.53,2.4,2.49,1031140,0
20170620,2.51,2.56,2.48,2.5,621486,0
20170621,2.53,2.575,2.42,2.45,807955,0
20170622,2.45,2.56,2.45,2.49,400981,0
20170623,2.51,2.58,2.4601,2.52,2514757,0
20170626,2.58,2.6,2.48,2.49,623292,0
20170627,2.51,2.51,2.39,2.4,468644,0
20170628,2.41,2.44,2.315,2.39,361581,0
20170629,2.38,2.4001,2.3,2.34,546342,0
20170630,2.33,2.36,2.27,2.3,210723,0
20170703,2.3,2.35,2.22,2.3,387800,0
20170705,2.3,2.44,2.26,2.38,691896,0
20170706,2.37,2.41,2.29,2.3,407440,0
20170707,2.31,2.38,2.25,2.26,427389,0
20170710,2.27,2.28,2.15,2.255,519264,0
20170711,2.25,2.395,2.18,2.385,496456,0
20170712,2.4,2.65,2.34,2.62,842524,0
20170713,2.65,2.91,2.5301,2.85,959887,0
20170714,2.97,2.99,2.63,2.78,995562,0
20170717,2.75,3.1,2.7208,2.89,841279,0
20170718,2.89,2.89,2.6816,2.88,467239,0
20170719,2.9,3.08,2.8676,2.98,542226,0
20170720,2.9,3,2.86,2.97,547147,0
20170721,3,3,2.56,2.755,1408521,0
20170724,2.74,2.97,2.72,2.96,619415,0
20170725,2.98,2.99,2.7727,2.82,377660,0
20170726,2.82,2.835,2.69,2.72,489857,0
20170727,2.75,2.76,2.6,2.65,485351,0
20170728,2.67,2.6983,2.52,2.57,556691,0
20170731,2.56,2.67,2.47,2.62,532981,0
20170801,2.63,2.63,2.52,2.57,303214,0
20170802,2.56,2.61,2.42,2.5,449798,0
20170803,2.5,2.58,2.26,2.32,661644,0
20170804,2.29,2.55,2.2876,2.43,413297,0
20170807,2.43,2.5,2.36,2.48,381957,0
20170808,2.48,2.535,2.4,2.45,363829,0
20170809,2.43,2.45,2.36,2.39,300248,0
20170810,2.38,2.44,2.31,2.34,457747,0
20170811,2.36,2.42,2.32,2.41,387479,0
20170814,2.42,2.51,2.38,2.48,424385,0
20170815,2.52,2.52,2.42,2.47,293444,0
20170816,2.48,2.49,2.36,2.39,323361,0
20170817,2.37,2.49,2.36,2.38,292515,0
20170818,2.36,2.405,2.31,2.34,335197,0
20170821,2.33,2.34,2.21,2.22,360434,0
20170822,2.25,2.34,2.19,2.33,259300,0
20170823,2.32,2.37,2.25,2.35,269218,0
20170824,2.35,2.46,2.3334,2.41,295804,0
20170825,2.42,2.44,2.35,2.41,253323,0
20170828,2.44,2.4623,2.28,2.37,384051,0
20170829,2.34,2.43,2.32,2.4,264197,0
20170830,2.4,2.49,2.39,2.44,364229,0
20170831,2.44,2.47,2.39,2.4,278281,0
20170901,2.4,2.48,2.38,2.4,283583,0
20170905,2.39,2.43,2.28,2.34,320966,0
20170906,2.36,2.37,2.3,2.34,227586,0
20170907,2.34,2.4,2.32,2.37,182477,0
20170908,2.37,2.56,2.3643,2.475,483929,0
20170911,2.53,2.63,2.47,2.6,414558,0
20170912,2.59,2.83,2.57,2.79,785636,0
20170913,2.78,2.8,2.6128,2.65,634984,0
20170914,2.65,2.65,2.47,2.52,325874,0
20170915,2.53,2.55,2.46,2.51,700523,0
20170918,2.57,2.58,2.48,2.51,276050,0
20170919,2.5,2.52,2.43,2.47,285866,0
20170920,2.5,2.5,2.46,2.49,300129,0
20170921,2.49,2.6085,2.47,2.5,289186,0
20170922,2.5,2.51,2.41,2.46,236916,0
20170925,2.48,2.72,2.46,2.62,1603507,0
20170926,2.68,2.68,2.55,2.6,538655,0
20170927,2.62,2.88,2.57,2.62,948472,0
20170928,2.64,2.64,2.5,2.54,337724,0
20170929,2.58,2.5999,2.47,2.55,687965,0
20171002,2.57,2.63,2.51,2.6,538618,0
20171003,2.62,2.63,2.46,2.5,760257,0
20171004,2.52,2.54,2.46,2.5,370314,0
20171005,2.5,2.55,2.45,2.54,359211,0
20171006,2.55,2.639,2.53,2.54,397594,0
20171009,2.57,2.6,2.45,2.47,489458,0
20171010,2.47,2.55,2.39,2.45,583181,0
20171011,2.46,2.47,2.35,2.37,1379038,0
20171012,2,2.15,1.84,1.97,3936648,0
20171013,2.02,2.195,1.98,2.19,870355,0
20171016,2.08,2.18,2.02,2.13,899613,0
20171017,2.1,2.1,1.83,1.84,1941436,0
20171018,1.86,1.9,1.75,1.83,757202,0
20171019,1.83,1.83,1.57,1.66,1788839,0
20171020,1.69,1.76,1.6,1.76,743437,0
20171023,1.76,1.76,1.58,1.6,977174,0
20171024,1.59,1.62,1.51,1.54,582494,0
20171025,1.52,1.55,1.45,1.47,532329,0
20171026,1.55,1.65,1.43,1.55,1499129,0
20171027,1.59,1.59,1.48,1.54,761697,0
20171030,1.549,1.58,1.45,1.45,551981,0
20171031,1.45,1.55,1.38,1.5,1089317,0
20171101,1.51,1.52,1.44,1.44,458848,0
20171102,1.48,1.54,1.42,1.47,418505,0
20171103,1.46,1.49,1.4,1.48,644082,0
20171106,1.5,1.54,1.44,1.5,884557,0
20171107,1.39,1.5,1.35,1.48,1551210,0
20171108,1.46,1.49,1.44,1.46,732330,0
20171109,1.43,1.72,1.43,1.7,1999836,0
20171110,1.73,1.84,1.65,1.775,1279343,0
20171113,1.78,1.79,1.55,1.57,1284705,0
20171114,1.55,1.59,1.48,1.53,395514,0
20171115,1.52,1.53,1.43,1.49,499779,0
20171116,1.5,1.7,1.5,1.65,576826,0
20171117,1.66,1.76,1.65,1.71,527224,0
20171120,1.73,1.78,1.68,1.74,573726,0
20171121,1.77,1.85,1.74,1.84,618628,0
20171122,1.87,1.87,1.66,1.68,604512,0
20171124,1.69,1.77,1.67,1.77,267930,0
20171127,1.74,1.74,1.6,1.63,965803,0
20171128,1.65,1.75,1.62,1.68,466228,0
20171129,1.7,1.77,1.64,1.66,520450,0
20171130,1.67,1.71,1.63,1.66,702766,0
20171201,1.65,1.69,1.6,1.65,559904,0
20171204,1.65,1.68,1.51,1.55,930141,0
20171205,1.57,1.59,1.45,1.46,1502117,0
20171206,1.46,1.48,1.39,1.4,1427215,0
20171207,1.4,1.55,1.38,1.43,1075259,0
20171208,1.45,1.58,1.45,1.52,501002,0
20171211,1.51,1.69,1.501,1.68,841523,0
20171212,1.68,1.68,1.5,1.56,803368,0
20171213,1.54,1.64,1.51,1.56,684565,0
20171214,1.56,1.63,1.54,1.56,639310,0
20171215,1.56,1.65,1.54,1.65,1849191,0
20171218,1.68,1.68,1.6,1.62,428869,0
20171219,1.61,1.64,1.56,1.57,310672,0
20171220,1.58,1.6488,1.55,1.57,449787,0
20171221,1.57,1.62,1.57,1.59,519447,0
20171222,1.56,1.63,1.56,1.61,520760,0
20171226,1.6,1.67,1.6,1.65,772036,0
20171227,1.66,1.76,1.65,1.73,779567,0
20171228,1.72,1.75,1.65,1.7,444228,0
20171229,1.7,1.72,1.5935,1.6,733806,0
20180102,1.64,1.9,1.57,1.8,1579092,0
20180103,2.15,2.17,1.87,2.01,7463069,0
20180104,1.99,2.07,1.83,2.02,2402125,0
20180105,1.99,2.06,1.96,2.02,1064961,0
20180108,2.01,2.023,1.7401,1.76,1967466,0
20180109,1.75,1.76,1.68,1.75,734203,0
20180110,1.73,1.83,1.6936,1.76,965018,0
20180111,1.78,1.81,1.73,1.79,590875,0
20180112,1.82,1.8245,1.75,1.75,599985,0
20180116,1.78,1.78,1.69,1.72,622090,0
20180117,1.73,1.76,1.7,1.73,514716,0
20180118,1.73,1.75,1.7,1.73,208207,0
20180119,1.7,1.75,1.7,1.75,445438,0
20180122,1.75,1.8,1.7,1.75,836500,0
20180123,1.75,1.78,1.72,1.77,547768,0
20180124,1.77,1.8,1.75,1.78,408391,0
20180125,1.8,1.8,1.72,1.73,528921,0
20180126,1.73,1.74,1.67,1.68,437099,0
20180129,1.69,1.77,1.68,1.74,480277,0
20180130,1.71,1.76,1.6898,1.73,308408,0
20180131,1.74,1.74,1.62,1.63,553189,0
20180201,1.64,1.66,1.6,1.61,268896,0
20180202,1.6,1.6098,1.53,1.56,602844,0
20180205,1.55,1.65,1.5102,1.52,666754,0
20180206,1.5,1.59,1.5,1.54,405127,0
20180207,1.55,1.62,1.52,1.585,310880,0
20180208,1.58,1.63,1.51,1.51,352044,0
20180209,1.51,1.64,1.34,1.63,1798098,0
20180212,1.69,1.76,1.68,1.74,1022168,0
20180213,1.74,1.75,1.69,1.7,398056,0
20180214,1.69,1.71,1.635,1.7,331991,0
20180215,1.71,1.76,1.65,1.69,509090,0
20180216,1.7,1.74,1.68,1.69,341684,0
20180220,1.7,1.71,1.63,1.64,527116,0
20180221,1.66,1.68,1.61,1.64,372083,0
20180222,1.67,1.68,1.6,1.63,370795,0
20180223,1.69,1.76,1.645,1.71,1190499,0
20180226,1.76,1.77,1.71,1.75,609342,0
20180227,1.76,1.9,1.75,1.79,1454293,0
20180228,1.86,1.86,1.78,1.79,829333,0
20180301,1.79,1.86,1.72,1.75,1519804,0
20180302,1.75,1.85,1.75,1.85,616467,0
20180305,1.98,2,1.91,1.93,1057574,0
20180306,1.99,2.06,1.945,2.02,1491120,0
20180307,2.06,2.06,1.72,1.88,1615492,0
20180308,1.92,2.11,1.9,2.06,1454760,0
20180309,2.05,2.09,1.88,1.98,1428061,0
20180312,1.97,2,1.91,1.92,840936,0
20180313,1.92,2,1.9,1.92,580296,0
20180314,1.93,1.99,1.83,1.85,798930,0
20180315,1.84,1.9,1.82,1.88,540872,0
20180316,1.87,1.9,1.8,1.84,531891,0
20180319,1.82,1.85,1.74,1.77,475810,0
20180320,1.76,1.84,1.72,1.74,341127,0
20180321,1.77,1.82,1.75,1.79,548320,0
20180322,1.79,1.84,1.76,1.77,692983,0
20180323,1.78,1.805,1.705,1.72,628788,0
20180326,1.74,1.8465,1.69,1.76,661161,0
20180327,1.78,1.7901,1.71,1.72,481804,0
20180328,1.75,1.78,1.67,1.71,557500,0
20180329,1.73,1.73,1.635,1.64,707219,0
20180402,1.63,1.66,1.52,1.54,965708,0
20180403,1.58,1.62,1.48,1.53,1276495,0
20180404,1.52,1.61,1.5,1.6,643234,0
20180405,1.63,1.7,1.58,1.66,760827,0
20180406,1.65,1.69,1.58,1.63,825168,0
20180409,1.66,1.75,1.63,1.67,554718,0
20180410,1.69,1.74,1.65,1.7,690064,0
20180411,1.73,1.75,1.67,1.73,414763,0
20180412,1.73,1.73,1.53,1.66,943492,0
20180413,1.66,1.69,1.61,1.61,438315,0
20180416,1.63,1.63,1.55,1.56,726674,0
20180417,1.59,1.71,1.55,1.67,1073534,0
20180418,1.73,1.77,1.71,1.75,930826,0
20180419,1.75,1.82,1.73,1.75,726189,0
20180420,1.75,1.75,1.71,1.73,333652,0
20180423,1.73,1.74,1.65,1.72,511562,0
20180424,1.72,1.73,1.67,1.69,301459,0
20180425,1.71,1.735,1.66,1.71,264597,0
20180426,1.72,1.75,1.7,1.73,293191,0
20180427,1.8,1.89,1.75,1.86,701350,0
20180430,1.91,1.96,1.85,1.86,987748,0
20180501,1.86,1.8638,1.75,1.81,325173,0
20180502,1.95,2.1099,1.94,2.07,2978366,0
20180503,2.13,2.3,2.08,2.12,2334427,0
20180504,2.1,2.28,2.081,2.24,1668586,0
20180507,2.3,2.3,2.09,2.12,1184483,0
20180508,2.1,2.11,1.97,2,946000,0
20180509,2,2.09,1.96,1.98,655006,0
20180510,1.98,1.99,1.86,1.9,653808,0
20180511,1.89,1.95,1.87,1.92,396673,0
20180514,1.93,2.03,1.89,2.02,947052,0
20180515,2.02,2.03,1.93,1.95,1267306,0
20180516,1.95,1.97,1.82,1.84,1000322,0
20180517,1.83,1.92,1.78,1.83,1045692,0
20180518,1.83,1.86,1.8,1.82,677876,0
20180521,1.84,1.85,1.76,1.78,352657,0
20180522,1.78,1.79,1.73,1.74,735607,0
20180523,1.75,1.77,1.72,1.75,552983,0
20180524,1.75,1.76,1.7,1.72,498176,0
20180525,1.73,1.76,1.72,1.74,407804,0
20180529,1.81,1.81,1.74,1.75,557450,0
20180530,1.74,1.88,1.74,1.81,868323,0
20180531,1.82,1.88,1.82,1.87,760734,0
20180601,1.89,1.93,1.79,1.8,1500735,0
20180604,1.82,1.82,1.75,1.79,645444,0
20180605,1.8,1.82,1.72,1.79,978868,0
20180606,1.81,1.9,1.78,1.87,1016968,0
20180607,1.88,1.92,1.76,1.8,715672,0
20180608,1.8,1.8174,1.75,1.77,1018404,0
20180611,1.78,1.81,1.76,1.79,545673,0
20180612,1.78,1.82,1.75,1.78,812742,0
20180613,1.78,1.82,1.77,1.8,753759,0
20180614,1.8,1.8098,1.74,1.74,956533,0
20180615,1.77,1.8099,1.73,1.75,1353084,0
20180618,1.74,1.74,1.65,1.69,1320566,0
20180619,1.69,1.7,1.62,1.69,974152,0
20180620,1.7,1.73,1.68,1.7,1102641,0
20180621,1.71,1.73,1.62,1.67,984245,0
20180622,1.67,1.6807,1.61,1.63,6834137,0
20180625,1.63,1.65,1.57,1.58,1178386,0
20180626,1.57,1.58,1.51,1.55,1044088,0
20180627,1.55,1.57,1.48,1.49,1113277,0
20180628,1.5,1.529,1.48,1.5,967070,0
20180629,1.55,1.55,1.41,1.44,1930322,0
20180702,1.44,1.53,1.37,1.5,1729628,0
20180703,1.5,1.6,1.46,1.54,1116153,0
20180705,1.54,1.55,1.49,1.5,634011,0
20180706,1.5,1.51,1.48,1.49,895116,0
20180709,1.5,1.5299,1.46,1.49,645687,0
20180710,1.5,1.51,1.49,1.49,1781548,0
20180711,1.5,1.61,1.48,1.5,2275122,0
20180712,1.5,1.54,1.48,1.49,1091607,0
20180713,1.48,1.504,1.48,1.5,938797,0
20180716,1.5,1.52,1.46,1.48,935943,0
20180717,1.48,1.5001,1.46,1.48,470953,0
20180718,1.48,1.485,1.39,1.43,1356625,0
20180719,1.43,1.45,1.42,1.42,733963,0
20180720,1.44,1.4401,1.39,1.41,837806,0
20180723,1.4,1.426,1.36,1.39,876303,0
20180724,1.4,1.4597,1.4,1.41,1294651,0
20180725,1.43,1.49,1.42,1.46,1510017,0
20180726,1.46,1.51,1.46,1.5,1455427,0
20180727,1.53,1.53,1.43,1.45,2052920,0
20180730,1.46,1.49,1.4259,1.46,807801,0
20180731,1.47,1.55,1.451,1.54,1405079,0
20180801,1.53,1.58,1.47,1.48,1323704,0
20180802,1.51,1.515,1.45,1.48,759749,0
20180803,1.48,1.65,1.48,1.63,2471612,0
20180806,1.64,1.65,1.58,1.59,848068,0
20180807,1.6,1.64,1.58,1.61,1047591,0
20180808,1.6,1.63,1.54,1.56,996052,0
20180809,1.56,1.63,1.55,1.61,677870,0
20180810,1.6,1.67,1.56,1.63,1416953,0
20180813,1.65,1.68,1.6,1.62,1493439,0
20180814,1.63,1.64,1.57,1.6,714426,0
20180815,1.61,1.619,1.56,1.57,988147,0
20180816,1.57,1.61,1.55,1.61,685601,0
20180817,1.61,1.6183,1.55,1.57,753765,0
20180820,1.59,1.59,1.51,1.55,821527,0
20180821,1.55,1.59,1.55,1.57,452425,0
20180822,1.55,1.6,1.55,1.57,649786,0
20180823,1.59,1.59,1.51,1.53,954228,0
20180824,1.54,1.57,1.52,1.57,600692,0
20180827,1.6,1.62,1.57,1.6,912673,0
20180828,1.6,1.61,1.57,1.58,837933,0
20180829,1.59,1.62,1.57,1.57,784202,0
20180830,1.6,1.72,1.58,1.71,2943528,0
20180831,1.73,1.84,1.72,1.8,2789815,0
20180904,1.86,1.88,1.75,1.79,2154095,0
20180905,1.79,1.83,1.75,1.77,1552957,0
20180906,1.77,1.77,1.7,1.71,1110396,0
20180907,1.71,1.73,1.62,1.69,1779599,0
20180910,1.75,1.78,1.69,1.71,1549338,0
20180911,1.74,1.74,1.63,1.64,1252776,0
20180912,1.64,1.69,1.595,1.67,1788391,0
20180913,1.68,1.7,1.6,1.6,1318780,0
20180914,1.62,1.63,1.59,1.6,805765,0
20180917,1.62,1.67,1.59,1.62,2095824,0
20180918,1.63,1.67,1.63,1.65,1238079,0
20180919,1.66,1.71,1.63,1.63,1653815,0
20180920,1.66,1.7,1.63,1.64,2105032,0
20180921,1.66,1.72,1.63,1.72,2549943,0
20180924,1.72,1.99,1.7001,1.95,5942065,0
20180925,2.04,2.18,2,2.12,6998172,0
20180926,2.15,2.26,2.12,2.22,6366244,0
20180927,2.23,2.285,2.16,2.25,4213916,0
20180928,2.22,2.22,2.1,2.12,4028019,0
20181001,2.16,2.38,2.1403,2.35,4637503,0
20181002,2.62,2.67,2.43,2.66,8759679,0
20181003,2.92,3.5783,2.9,3.47,15185449,0
20181004,3.2,3.3,2.65,3.06,13551575,0
20181005,3.13,3.44,2.95,3.11,7118505,0
20181008,3.12,3.15,2.88,2.98,5185105,0
20181009,1,1.45,0.97,1.07,40194757,0
20181010,1.16,1.17,0.88,0.947,19645171,0
20181012,0.8625,0.89,0.76,0.8801,12783701,0
20181015,0.89,0.91,0.825,0.848,5201648,0
20181016,0.85,1.09,0.83,1.07,12052721,0
20181017,1.01,1.02,0.88,0.9031,6268959,0
20181018,0.9029,0.9179,0.85,0.8625,2660599,0
20181019,0.87,0.889,0.79,0.8236,3470073,0
20181022,0.825,0.959,0.805,0.9281,4631688,0
20181023,0.8865,0.925,0.86,0.9122,2685280,0
20181024,0.8964,0.8988,0.82,0.82,3163855,0
20181025,0.8386,0.8901,0.81,0.8649,2110874,0
20181026,0.85,0.8797,0.825,0.848,1623127,0
20181029,0.84,0.868,0.775,0.785,2629871,0
20181030,0.79,0.84,0.79,0.8141,1554914,0
20181031,0.816,0.9461,0.81,0.914,4439634,0
20181101,0.9226,1.05,0.8187,1.05,6622732,0
20181102,1.05,1.5,0.55,0.7099,20901303,0
20181105,0.72,0.73,0.6,0.6651,6836939,0
20181106,0.64,0.65,0.59,0.62,4097082,0
20181107,0.6,0.63,0.591,0.6109,2241172,0
20181108,0.62,0.7115,0.603,0.6387,5595608,0
20181109,0.6283,0.665,0.6208,0.655,1966445,0
20181112,0.65,0.71,0.6448,0.6676,1797142,0
20181113,0.68,0.6834,0.65,0.672,1833533,0
20181114,0.66,0.6767,0.626,0.6347,2254982,0
20181115,0.6364,0.6555,0.625,0.6423,774079,0
20181116,0.64,0.66,0.63,0.64,652524,0
20181119,0.64,0.66,0.5915,0.6041,1123885,0
20181120,0.61,0.62,0.5899,0.61,710240,0
20181121,0.61,0.6395,0.6,0.6333,529481,0
20181123,0.6343,0.6485,0.625,0.64,441296,0
20181126,0.64,0.658,0.63,0.6322,665990,0
20181127,0.6328,0.6401,0.6,0.6008,809914,0
20181128,0.6169,0.6474,0.6,0.6237,640760,0
20181129,0.6201,0.64,0.6151,0.628,449843,0
20181130,0.625,0.64136,0.625,0.635,659596,0
20181203,0.625,0.699,0.625,0.675,2146299,0
20181204,0.6645,0.6749,0.65,0.6513,517753,0
20181206,0.646,0.6702,0.645,0.65,618859,0
20181207,0.65,0.669,0.625,0.6272,574913,0
20181210,0.64,0.67,0.62,0.6476,1118107,0
20181211,0.65,0.66,0.62,0.6269,481383,0
20181212,0.63,0.64,0.621,0.621,487847,0
20181213,0.62,0.63,0.6,0.6086,716586,0
20181214,0.62,0.6299,0.571,0.5807,1490202,0
20181217,0.58,0.6,0.55,0.5598,936777,0
20181218,0.5664,0.5845,0.5301,0.5375,954360,0
20181219,0.525,0.5487,0.51,0.525,588994,0
20181220,0.5128,0.5248,0.4915,0.5073,1178715,0
20181221,0.5015,0.53,0.385,0.3926,6070229,0
20181224,0.39,0.404,0.3823,0.3888,863517,0
20181226,0.395,0.4336,0.39,0.4011,1956304,0
20181227,0.4011,0.438,0.4011,0.41,777688,0
20181228,0.41,0.4379,0.4015,0.4125,1340523,0
20181231,0.45,0.483,0.42,0.43,1516170,0
20190102,0.4404,0.605,0.429,0.5455,2872995,0
20190103,0.5464,0.6,0.5,0.5218,1706378,0
20190104,0.5467,0.59,0.531,0.5671,1410500,0
20190107,0.59,0.6225,0.5,0.541,6849318,0
20190108,0.57,0.58,0.5398,0.5621,1161679,0
20190109,0.579,0.5874,0.561,0.575,875919,0
20190110,0.576,0.61,0.5654,0.5936,1213192,0
20190111,0.6,0.61,0.576,0.59,1233149,0
20190114,0.5889,0.59,0.5371,0.5389,990886,0
20190115,0.5438,0.562,0.4925,0.5098,1949437,0
20190116,0.52,0.56,0.5158,0.5491,721676,0
20190117,0.545,0.58,0.54,0.555,845959,0
20190118,0.5689,0.572,0.5457,0.5472,674915,0
20190122,0.5555,0.57,0.53,0.5314,538973,0
20190123,0.54,0.5474,0.509,0.52,759669,0
20190124,0.52,0.5398,0.505,0.533,649917,0
20190125,0.5304,0.555,0.5201,0.541,650024,0
20190128,0.688,1.2,0.66,1.19,36976162,0
20190129,1.18,1.45,1.07,1.27,27383979,0
20190130,1.11,1.2,1.08,1.12,15218355,0
20190131,1.11,1.13,1.05,1.07,4125364,0
20190201,1.05,1.06,0.961,1.01,4157983,0
20190204,1.03,1.14,1.0101,1.12,3590389,0
20190205,1.19,1.4,1.17,1.35,10541699,0
20190206,1.5,1.75,1.3,1.35,19691799,0
20190207,1.41,1.45,1.28,1.41,4606414,0
20190208,1.4,1.43,1.35,1.41,2637567,0
20190211,1.47,1.57,1.45,1.5,4354324,0
20190212,1.61,1.63,1.5,1.58,5329285,0
20190213,1.55,1.55,1.45,1.49,3583636,0
20190214,1.45,1.59,1.38,1.55,3371393,0
20190215,1.54,1.55,1.48,1.54,2519732,0
20190219,1.56,1.5613,1.45,1.49,2736819,0
20190220,1.48,1.49,1.39,1.42,2894552,0
20190221,1.4,1.41,1.35,1.39,2119223,0
20190222,1.39,1.47,1.35,1.47,2582713,0
20190225,1.49,1.53,1.42,1.43,1551969,0
20190226,1.43,1.48,1.41,1.42,1642199,0
20190227,1.41,1.43,1.37,1.42,1203082,0
20190228,1.41,1.41,1.27,1.32,3798678,0
20190301,1.34,1.36,1.3,1.36,1531772,0
20190304,1.4,1.5,1.38,1.5,2880208,0
20190305,1.52,1.54,1.47,1.53,1832774,0
20190306,1.53,1.53,1.45,1.48,1910486,0
20190307,1.48,1.5,1.43,1.49,2205025,0
20190308,1.3,1.444,1.3,1.41,2503321,0
20190311,1.44,1.49,1.4,1.45,1500339,0
20190312,1.48,1.48,1.38,1.47,1984332,0
20190313,1.4,1.445,1.33,1.43,2747946,0
20190314,1.4,1.46,1.37,1.46,1546017,0
20190315,1.44,1.55,1.41,1.55,3771608,0
20190318,1.55,1.69,1.55,1.67,2947562,0
20190319,1.69,1.94,1.68,1.88,6924036,0
20190320,1.9,2,1.79,1.85,4527660,0
20190321,1.85,1.8569,1.66,1.68,2903015,0
20190322,1.68,1.73,1.67,1.7,863319,0
20190325,1.7,1.73,1.56,1.6,1929379,0
20190326,1.61,1.65,1.54,1.58,1338386,0
20190327,1.59,1.64,1.54,1.55,1457165,0
20190328,1.56,1.57,1.5,1.56,1347038,0
20190329,1.56,1.59,1.54,1.56,1153011,0
20190401,1.56,1.72,1.55,1.6,1999305,0
20190402,1.6,1.66,1.59,1.6,1354840,0
20190403,1.61,1.6133,1.56,1.56,970804,0
20190404,1.57,1.5799,1.52,1.56,718056,0
20190405,1.57,1.58,1.55,1.55,696122,0
20190408,1.56,1.58,1.53,1.58,637338,0
20190409,1.56,1.63,1.54,1.56,1490023,0
20190410,1.56,1.61,1.52,1.6,998799,0
20190411,1.59,1.63,1.54,1.56,1252582,0
20190412,1.56,1.56,1.47,1.52,1384625,0
20190415,1.52,1.565,1.47,1.5,1528711,0
20190416,1.52,1.56,1.49,1.53,673884,0
20190417,1.51,1.54,1.49,1.5,721433,0
20190418,1.45,1.51,1.43,1.5,1180697,0
20190422,1.49,1.5,1.44,1.49,403563,0
20190423,1.48,1.505,1.45,1.46,900889,0
20190424,1.46,1.49,1.44,1.47,841763,0
20190425,1.45,1.49,1.45,1.475,509686,0
20190426,1.46,1.51,1.45,1.49,632489,0
20190429,1.51,1.53,1.48,1.51,872679,0
20190430,1.5,1.5225,1.45,1.47,913546,0
20190501,1.47,1.5,1.42,1.46,443046,0
20190502,1.47,1.47,1.39,1.41,967827,0
20190503,1.44,1.54,1.407,1.51,982842,0
20190506,1.48,1.56,1.4703,1.54,922493,0
20190507,1.54,1.56,1.46,1.49,795493,0
20190508,1.5,1.54,1.46,1.48,600136,0
20190509,1.46,1.55,1.42,1.55,1509053,0
20190510,1.57,1.65,1.5,1.58,1808321,0
20190513,1.49,1.51,1.37,1.41,2400359,0
20190514,1.4,1.43,1.35,1.38,1670868,0
20190515,1.36,1.37,1.25,1.34,1610998,0
20190516,1.33,1.38,1.32,1.34,905962,0
20190517,1.34,1.37,1.32,1.35,612894,0
20190520,1.33,1.36,1.3,1.31,833428,0
20190521,1.29,1.34,1.26,1.31,689639,0
20190522,1.29,1.32,1.26,1.27,632667,0
20190523,1.26,1.26,1.1,1.17,1757332,0
20190524,1.15,1.23,1.15,1.22,852903,0
20190528,1.24,1.29,1.19,1.19,835782,0
20190529,1.2,1.23,1.1677,1.21,808816,0
20190530,1.2,1.22,1.17,1.19,438827,0
20190531,1.23,1.26,1.16,1.16,964103,0
20190603,1.17,1.19,1.14,1.17,544368,0
20190604,1.19,1.19,1.06,1.11,2255689,0
20190605,1.13,1.15,1.06,1.1,842459,0
20190606,1.08,1.0854,1.01,1.04,1422160,0
20190607,1.06,1.09,1.01,1.05,1347286,0
20190610,1.04,1.1,1.01,1.07,1034707,0
20190611,1.08,1.08,1.05,1.06,361256,0
20190612,1.05,1.08,0.99,1.01,967668,0
20190613,1,1.1,1,1.08,900809,0
20190614,1.07,1.12,1.05,1.06,461982,0
20190617,1.06,1.13,1.06,1.11,531905,0
20190618,1.12,1.15,1.1,1.11,531887,0
20190619,1.1,1.15,1.09,1.13,563928,0
20190620,1.16,1.23,1.05,1.05,1888886,0
20190621,1.07,1.07,0.99,1.01,1337072,0
20190624,1.02,1.04,0.8879,0.94,2159122,0
20190625,0.945,0.9801,0.931,0.96,429793,0
20190626,0.9659,1.01,0.94,0.99,857756,0
20190627,0.99,1.03,0.98,1.02,405689,0
20190628,1.02,1.05,0.9992,1.03,554744,0
20190701,1.06,1.1,1.03,1.04,473614,0
20190702,1.05,1.063,1.01,1.02,498586,0
20190703,1.02,1.03,1,1.02,239179,0
20190705,1.02,1.03,1.01,1.03,313674,0
20190708,1.03,1.0455,1,1.01,293827,0
20190709,1.01,1.05,1.01,1.03,360535,0
20190710,1.02,1.06,1.02,1.02,450244,0
20190711,1.02,1.05,1,1.01,460953,0
20190712,1.02,1.07,1.005,1.05,940655,0
20190715,1.06,1.08,1.04,1.06,305366,0
20190716,1.06,1.061,1.03,1.05,227069,0
20190717,1.05,1.06,1.02,1.03,297063,0
20190718,1.02,1.04,1.01,1.02,327573,0
20190719,1.02,1.08,1.01,1.02,509826,0
20190722,1.02,1.03,0.93,0.95,1183184,0
20190723,0.96,0.9999,0.86,0.8931,996541,0
20190724,0.87,0.94,0.8544,0.9023,458031,0
20190725,0.9023,0.9354,0.89,0.909,250284,0
20190726,0.8762,0.92,0.8691,0.8918,391941,0
20190729,0.897,0.93,0.88,0.91,317698,0
20190730,0.91,0.96,0.8874,0.9471,605744,0
20190731,0.96,1.0299,0.94,0.95,588134,0
20190801,0.987,1,0.9101,0.92,405088,0
20190802,0.95,0.95,0.8691,0.9099,418167,0
20190805,0.87,0.94,0.85,0.9367,506742,0
20190806,0.9033,0.949,0.88,0.9099,440603,0
20190807,0.94,0.94,0.8662,0.9199,470976,0
20190808,0.9053,0.97,0.9039,0.9401,606871,0
20190809,0.94,0.97,0.9017,0.9309,560911,0
20190812,0.93,0.9574,0.8922,0.9149,268152,0
20190813,0.91,0.95,0.8917,0.9203,328210,0
20190814,0.905,0.905,0.88,0.9001,448273,0
20190815,0.8999,0.92,0.87,0.8971,337264,0
20190816,0.88,0.8958,0.8515,0.8826,366779,0
20190819,0.8819,0.935,0.8787,0.912,300871,0
20190820,0.9,0.92,0.8846,0.8982,176872,0
20190821,0.9024,0.9199,0.89,0.91,191759,0
20190822,0.91,0.9176,0.885,0.9,290011,0
20190823,0.9,0.92,0.863,0.8869,657917,0
20190826,0.893,0.893,0.8521,0.8701,446364,0
20190827,0.8715,0.87411,0.7905,0.8252,1110638,0
20190828,0.81,0.83,0.68,0.8093,1652831,0
20190829,0.84,0.8979,0.84,0.8529,498204,0
20190830,0.8616,0.8757,0.8109,0.82,384314,0
20190903,0.85,0.85,0.7711,0.8209,921578,0
20190904,0.8209,0.8375,0.79,0.8165,391867,0
20190905,0.81,0.84,0.8,0.8353,480290,0
20190906,0.843,0.92,0.835,0.9,651411,0
20190909,0.909,1.04,0.9,0.9881,1091369,0
20190910,1.01,1.015,0.9028,0.9257,779601,0
20190911,0.9,0.9605,0.9,0.9202,589720,0
20190912,0.9138,0.9555,0.89,0.9322,459403,0
20190913,0.9424,0.97,0.912,0.9465,455567,0
20190916,0.94,1.07,0.9112,0.996,1237877,0
20190917,1.01,1.04,0.987,0.9893,606172,0
20190918,1,1.05,0.9901,0.9994,537478,0
20190919,1,1.04,0.9901,0.9998,473066,0
20190920,1.02,1.02,0.972,0.975,499372,0
20190923,0.97,0.975,0.94,0.95,398163,0
20190924,0.96,0.9995,0.9315,0.9327,384703,0
20190925,0.92,0.9481,0.905,0.9195,405592,0
20190926,0.9308,0.95,0.9,0.901,503837,0
20190927,0.95,1,0.91,0.94,636759,0
20190930,0.92,0.9879,0.9106,0.9672,266202,0
20191001,0.97,0.999,0.9385,0.98,378757,0
20191002,0.95,1.02,0.95,0.9858,364810,0
20191003,0.988,1.08,0.9701,1.06,637422,0
20191004,1.05,1.06,0.93,0.986,744638,0
20191007,0.9718,1.01,0.9551,0.97,216882,0
20191008,0.9653,0.99,0.9308,0.9439,416490,0
20191009,0.95,0.985,0.89,0.9042,529683,0
20191010,0.9,0.94,0.9,0.9245,178598,0
20191011,0.93,0.99,0.9103,0.98,501206,0
20191014,0.95,0.9937,0.946,0.9801,156664,0
20191015,0.97,0.9989,0.95,0.9633,280143,0
20191016,0.965,0.999,0.96,0.9797,184200,0
20191017,0.98,1,0.96,0.96,156531,0
20191018,0.9669,0.9779,0.9206,0.93,214869,0
20191021,0.94,0.961,0.92,0.929,212034,0
20191022,0.94,0.98,0.9208,0.965,564685,0
20191023,0.9571,0.9853,0.95,0.964,168404,0
20191024,0.96,0.96,0.93,0.9473,196779,0
20191025,0.9392,0.98,0.93,0.9692,171479,0
20191028,0.9631,0.98,0.9428,0.9528,246680,0
20191029,0.97,1.03,0.9465,0.9976,569950,0
20191030,1,1.01,0.9731,0.985,176116,0
20191031,0.9835,1.01,0.96,0.96,502050,0
20191101,0.9689,1.01,0.9689,0.993,316266,0
20191104,0.95,0.95,0.78,0.82,2915467,0
20191105,0.82,0.8223,0.7201,0.79,1987657,0
20191106,0.8,0.8043,0.7501,0.7801,656664,0
20191107,0.8,0.8,0.76,0.7642,412972,0
20191108,0.77,0.8,0.75,0.7555,396418,0
20191111,0.75,0.7555,0.7,0.7302,582361,0
20191112,0.7344,0.8,0.73,0.7679,426045,0
20191113,0.74,0.7649,0.729,0.743,313294,0
20191114,0.75,0.7723,0.73,0.7417,254889,0
20191115,0.7355,0.74767,0.7071,0.72,291423,0
20191118,0.7081,0.7435,0.6706,0.68,723881,0
20191119,0.68,0.699,0.646,0.6799,1390894,0
20191120,0.7458,0.75,0.667,0.6678,1090134,0
20191121,0.6734,0.68891,0.6,0.6219,1404999,0
20191122,0.64,0.7298,0.64,0.6952,895593,0
20191125,0.72,0.7208,0.6626,0.69,507398,0
20191126,0.6884,0.7193,0.6749,0.7009,285837,0
20191127,0.717,0.7315,0.685,0.7114,435016,0
20191129,0.7163,0.7163,0.67,0.6855,272530,0
20191202,0.6965,0.7067,0.67,0.6889,219867,0
20191203,0.675,0.69,0.66,0.6775,319534,0
20191204,0.68,0.6838,0.6525,0.6744,327254,0
20191205,0.6693,0.75975,0.6511,0.715,1062287,0
20191206,0.73,0.7329,0.7,0.7073,401579,0
20191209,0.7,0.73,0.7,0.7138,253354,0
20191210,0.71,0.73,0.7,0.7177,512526,0
20191211,0.7128,0.7229,0.71,0.7156,274607,0
20191212,0.72,0.765,0.72,0.765,731267,0
20191213,0.768,0.78,0.7438,0.7438,666572,0
20191216,0.77,0.77,0.72,0.7392,610552,0
20191217,0.7388,0.74,0.7011,0.7206,515391,0
20191218,0.73,0.73247,0.715,0.725,250551,0
20191219,0.73,0.74,0.72,0.7355,283237,0
20191220,0.7351,0.76,0.72,0.74,340046,0
20191223,0.76,0.76,0.725,0.731,486838,0
20191224,0.74,0.79,0.7311,0.7745,549574,0
20191226,0.792,0.8188,0.7801,0.79,1162721,0
20191227,0.82,0.8399,0.79,0.7971,1005999,0
20191230,0.783,0.88,0.78,0.8651,1456983,0
20191231,0.8601,0.88,0.83,0.8409,984212,0
20200102,0.84,0.88,0.84,0.8582,482439,0
20200103,0.86,0.87,0.84,0.8587,582308,0
20200106,0.86,0.8641,0.85,0.8614,414986,0
20200107,0.8638,0.8839,0.86,0.8797,712847,0
20200108,0.88,0.88,0.84,0.8591,475991,0
20200109,0.86,0.88,0.85,0.87,308503,0
20200110,0.889,0.8946,0.86,0.8606,393907,0
20200113,0.86,0.87,0.8212,0.85,519310,0
20200114,0.85,0.87,0.85,0.858,366655,0
20200115,0.86,0.9,0.86,0.89,573936,0
20200116,0.9,0.9,0.825,0.88,1033470,0
20200117,0.8989,0.8989,0.8601,0.877,380719,0
20200121,0.88,0.9,0.8602,0.8816,570009,0
20200122,0.8845,0.899,0.86,0.895,444431,0
20200123,0.8944,0.91,0.87,0.9042,679029,0
