Date,Open,High,Low,Close,Volume,OpenInt
20130805,21.539,21.554,21.426,21.437,83416,0
20130806,21.37,21.37,21.099,21.178,23643,0
20130807,21.075,21.21,20.956,20.956,85464,0
20130808,21.192,21.429,21.107,21.327,24664,0
20130809,21.437,21.532,21.293,21.513,148198,0
20130812,21.462,21.554,21.437,21.462,36172,0
20130813,21.605,21.639,21.497,21.621,54810,0
20130814,21.822,21.85,21.706,21.73,10206,0
20130815,21.513,21.513,21.234,21.437,23193,0
20130816,21.429,21.429,21.107,21.126,35743,0
20130819,20.889,20.889,20.393,20.393,21826,0
20130820,20.359,20.495,20.359,20.401,10271,0
20130821,20.267,20.267,19.818,19.938,36739,0
20130822,20.182,20.182,20.071,20.071,9360,0
20130823,20.155,20.315,20.155,20.314,2610,0
20130826,20.277,20.277,19.98,19.98,18790,0
20130827,19.677,19.677,19.338,19.389,37454,0
20130828,19.437,19.556,19.306,19.547,7332,0
20130829,19.634,19.906,19.372,19.518,4998,0
20130830,19.832,19.842,19.613,19.663,24397,0
20130903,20.014,20.014,20.014,20.014,1109,0
20130904,19.818,19.987,19.794,19.835,8551,0
20130905,19.945,19.945,19.835,19.86,21768,0
20130906,20.314,20.468,20.296,20.425,3916,0
20130909,20.721,21.096,20.721,20.906,3976,0
20130910,21.091,21.397,21.091,21.222,9397,0
20130911,21.327,21.38,21.327,21.37,2235,0
20130912,21.429,21.429,21.107,21.107,8133,0
20130913,21.277,21.277,21.116,21.201,2712,0
20130916,21.668,21.768,21.625,21.712,3752,0
20130917,21.801,21.801,21.701,21.712,6366,0
20130918,21.676,22.65,21.462,22.582,56743,0
20130919,22.668,22.718,22.482,22.567,3235,0
20130920,22.582,22.582,22.129,22.163,5199,0
20130923,22.054,22.054,22.03,22.03,1918,0
20130924,22.022,22.022,21.606,21.912,7219,0
20130925,21.904,21.904,21.606,21.685,10179,0
20130926,21.833,21.842,21.548,21.669,6508,0
20130927,21.548,21.548,21.327,21.327,15682,0
20130930,21.067,21.108,20.965,20.975,19662,0
20131001,21.327,21.339,21.327,21.336,946,0
20131002,21.606,21.606,21.381,21.599,2366,0
20131004,21.661,21.778,21.633,21.677,13728,0
20131007,21.633,21.633,21.455,21.59,5679,0
20131008,21.548,21.581,21.54,21.581,1892,0
20131009,21.669,21.669,21.336,21.59,58697,0
20131010,21.752,22.055,21.752,21.994,25942,0
20131011,22.187,22.2,22.187,22.2,2901,0
20131014,22.308,22.382,22.308,22.382,4213,0
20131015,22.309,22.351,22.065,22.141,6561,0
20131016,22.132,22.375,22.132,22.375,8029,0
20131017,22.394,22.478,22.282,22.461,9939,0
20131018,22.614,22.614,22.351,22.512,13846,0
20131021,22.562,22.562,22.309,22.309,11953,0
20131022,22.597,22.672,22.562,22.624,2366,0
20131023,22.436,22.436,22.183,22.266,4141,0
20131024,22.274,22.274,22.114,22.232,10769,0
20131025,22.089,22.409,22.089,22.409,5444,0
20131028,22.183,22.536,22.183,22.461,3077,0
20131029,22.47,22.494,22.351,22.494,2132,0
20131030,22.224,22.345,22.165,22.208,2250,0
20131031,21.97,22.072,21.97,21.97,9690,0
20131101,21.714,21.818,21.714,21.818,3199,0
20131104,21.811,21.912,21.811,21.811,5208,0
20131105,21.623,21.632,21.435,21.435,9231,0
20131106,21.54,21.633,21.524,21.534,2839,0
20131107,21.694,21.694,21.218,21.218,5325,0
20131108,21.084,21.201,21.067,21.201,23432,0
20131111,21.117,21.135,21.051,21.051,5933,0
20131112,21.099,21.099,20.73,20.73,10534,0
20131113,20.73,21.023,20.73,21.011,4035,0
20131114,21.327,21.381,21.084,21.381,16094,0
20131115,21.43,21.615,21.43,21.515,2605,0
20131118,21.661,21.732,21.615,21.615,1657,0
20131119,21.714,21.824,21.472,21.656,1640,0
20131120,21.534,21.615,21.117,21.117,11476,0
20131121,21.234,21.371,21.234,21.284,2958,0
20131122,21.311,21.327,21.311,21.327,2250,0
20131125,21.293,21.293,21.117,21.127,22010,0
20131126,21.023,21.152,20.889,21.152,6746,0
20131127,21.108,21.201,21.023,21.075,3905,0
20131129,21.234,21.234,21.234,21.234,474,0
20131202,21.179,21.179,20.864,20.864,9822,0
20131203,20.956,20.956,20.663,20.779,11835,0
20131204,20.643,20.788,20.407,20.772,5801,0
20131205,20.687,20.796,20.568,20.69,9337,0
20131206,20.855,21.117,20.855,21.117,3550,0
20131209,21.099,21.226,20.949,20.965,18341,0
20131210,21.152,21.187,21.015,21.187,5679,0
20131211,20.889,20.889,20.6,20.6,5801,0
20131212,20.535,20.75,20.5,20.682,18169,0
20131213,20.617,20.643,20.553,20.617,5090,0
20131216,20.672,20.813,20.634,20.712,36803,0
20131217,20.805,20.836,20.517,20.779,43189,0
20131218,20.836,21.311,20.68,21.152,13609,0
20131219,20.836,20.855,20.836,20.845,1540,0
20131220,20.703,20.805,20.617,20.617,13137,0
20131223,20.746,20.933,20.746,20.873,9939,0
20131224,20.896,20.992,20.896,20.992,1059,0
20131226,20.812,20.812,20.642,20.662,10735,0
20131227,20.762,20.762,20.73,20.754,6960,0
20131230,20.873,21.127,20.873,21.075,28077,0
20131231,21.153,21.18,21.127,21.17,14158,0
20140102,20.787,20.787,20.483,20.483,7886,0
20140103,20.483,20.49,20.311,20.364,59153,0
20140106,20.28,20.287,20.262,20.262,10145,0
20140107,20.343,20.347,20.193,20.232,34701,0
20140108,20.32,20.32,20.074,20.074,5548,0
20140109,20.151,20.151,19.77,19.924,13799,0
20140110,20.116,20.372,20.116,20.347,1887,0
20140113,20.652,20.652,20.414,20.414,943,0
20140114,20.272,20.551,20.272,20.551,358,0
20140115,20.662,20.662,20.39,20.506,9080,0
20140116,20.59,20.59,20.355,20.475,4623,0
20140117,20.329,20.515,20.329,20.399,6606,0
20140121,20.515,20.515,20.169,20.212,4366,0
20140122,20.39,20.56,20.372,20.56,13799,0
20140123,20.475,20.475,19.974,20.202,6016,0
20140124,19.947,19.947,19.566,19.684,27012,0
20140127,19.6,19.6,19.346,19.509,4836,0
20140128,19.5,19.5,19.408,19.408,2173,0
20140129,19.085,19.247,19.085,19.209,5187,0
20140130,19.429,19.429,19.194,19.265,16278,0
20140131,19.084,19.293,18.881,19.158,23253,0
20140203,19.186,19.186,18.658,18.658,9061,0
20140204,19.058,19.265,19.058,19.265,7049,0
20140205,19.168,19.168,19.085,19.141,931,0
20140206,19.618,19.659,19.491,19.634,5438,0
20140207,19.575,19.677,19.554,19.677,1013,0
20140210,19.584,19.584,19.364,19.364,3046,0
20140211,19.406,19.796,19.406,19.76,6784,0
20140212,19.723,19.796,19.523,19.548,6591,0
20140213,19.796,19.803,19.5,19.803,1333,0
20140214,19.965,20.065,19.965,20.065,7135,0
20140218,20.059,20.059,20.006,20.006,3285,0
20140219,19.899,19.914,19.828,19.828,4660,0
20140220,19.804,19.94,19.796,19.933,6676,0
20140221,19.899,19.899,19.889,19.889,708,0
20140224,19.941,20.134,19.925,20.134,3113,0
20140225,19.88,19.88,19.88,19.88,710,0
20140226,19.787,19.787,19.751,19.766,2019,0
20140227,19.873,19.915,19.761,19.915,6348,0
20140228,20.272,20.272,19.804,19.828,4219,0
20140303,19.566,19.677,19.5,19.518,16509,0
20140304,19.965,20,19.965,19.974,2569,0
20140305,20.143,20.192,20.115,20.143,4643,0
20140306,20.458,20.583,20.458,20.555,10199,0
20140307,20.432,20.439,20.219,20.219,2345,0
20140310,20.06,20.116,20.06,20.116,4631,0
20140311,20.284,20.284,20.151,20.177,3106,0
20140312,19.94,19.94,19.754,19.754,1181,0
20140313,19.787,19.787,19.5,19.556,31602,0
20140314,19.752,20.008,19.752,20.008,2333,0
20140317,20.212,20.244,20.079,20.116,38161,0
20140318,20.278,20.543,20.278,20.543,3042,0
20140319,20.212,20.39,20.177,20.177,912,0
20140320,20.042,20.042,20.018,20.018,2535,0
20140321,20.295,20.295,20.227,20.227,1487,0
20140324,20.122,20.331,20.122,20.122,1204,0
20140325,20.536,20.627,20.477,20.627,1240,0
20140326,20.757,20.757,20.674,20.681,2352,0
20140327,20.723,20.782,20.714,20.782,2406,0
20140328,20.848,21.132,20.848,21.132,1483,0
20140331,21.239,21.268,21.172,21.192,4521,0
20140401,21.342,21.342,21.333,21.333,403,0
20140402,21.317,21.361,21.317,21.361,466,0
20140403,21.259,21.259,21.112,21.185,3438,0
20140404,21.504,21.58,21.308,21.308,1844,0
20140407,21.539,21.539,21.503,21.503,1436,0
20140408,21.761,21.862,21.641,21.714,2576,0
20140409,21.778,21.872,21.778,21.818,2459,0
20140410,21.732,21.732,21.732,21.732,1590,0
20140411,21.632,21.707,21.589,21.707,1921,0
20140414,21.707,21.707,21.533,21.616,3854,0
20140415,21.207,21.572,21.207,21.282,6106,0
20140416,21.395,21.632,21.395,21.632,3408,0
20140417,21.66,21.788,21.651,21.651,2795,0
20140421,21.752,21.788,21.632,21.653,3266,0
20140422,21.77,21.776,21.599,21.703,14510,0
20140423,21.632,21.632,21.504,21.539,1084,0
20140424,21.47,21.589,21.47,21.589,6058,0
20140425,21.29,21.352,21.29,21.333,1523,0
20140428,21.282,21.523,21.282,21.523,2922,0
20140429,21.599,21.606,21.599,21.599,1178,0
20140501,21.547,21.7,21.547,21.7,794,0
20140502,21.778,21.788,21.742,21.778,789,0
20140505,21.695,21.695,21.572,21.641,4399,0
20140506,21.539,21.707,21.539,21.685,1588,0
20140507,21.843,21.843,21.843,21.843,3881,0
20140508,22.067,22.107,22.002,22.014,7485,0
20140509,22.032,22.032,21.928,21.937,13647,0
20140512,22.107,22.143,22.016,22.117,50309,0
20140513,22.236,22.33,22.227,22.33,7286,0
20140514,22.389,22.432,22.363,22.431,21338,0
20140515,22.202,22.227,22.057,22.177,4459,0
20140516,22.295,22.473,22.295,22.473,3775,0
20140519,22.393,22.473,22.393,22.473,7695,0
20140520,22.202,22.226,22.039,22.134,1648,0
20140521,22.318,22.318,22.286,22.286,628,0
20140522,22.406,22.465,22.305,22.465,36243,0
20140523,22.414,22.457,22.37,22.406,1062,0
20140527,22.236,22.346,22.177,22.195,8506,0
20140528,21.998,22.286,21.955,22.271,3974,0
20140529,22.389,22.389,22.332,22.345,1924,0
20140530,22.202,22.202,21.98,21.998,3915,0
20140602,22.09,22.09,22.016,22.089,2727,0
20140603,22.09,22.211,22.09,22.209,2219,0
20140604,22.139,22.143,22.078,22.124,6732,0
20140605,22.245,22.326,22.219,22.301,12527,0
20140606,22.575,22.575,22.414,22.56,3179,0
20140609,22.588,22.678,22.55,22.669,5084,0
20140610,22.651,22.711,22.567,22.711,13525,0
20140611,22.596,22.619,22.553,22.575,3194,0
20140612,22.548,22.55,22.394,22.394,5531,0
20140613,22.567,22.567,22.346,22.417,3061,0
20140616,22.509,22.509,22.379,22.389,3991,0
20140617,22.277,22.346,22.211,22.339,11223,0
20140618,22.339,22.603,22.313,22.5,4388,0
20140619,22.669,22.678,22.524,22.524,2842,0
20140620,22.526,22.612,22.526,22.612,1649,0
20140623,22.641,22.641,22.513,22.62,27580,0
20140624,22.679,22.755,22.54,22.554,12368,0
20140625,22.593,22.636,22.583,22.636,9325,0
20140626,22.583,22.62,22.526,22.593,6716,0
20140627,22.636,22.703,22.552,22.703,5703,0
20140630,22.721,22.826,22.593,22.826,18361,0
20140701,22.901,22.901,22.781,22.833,268406,0
20140702,22.817,22.918,22.817,22.918,2680,0
20140703,22.859,22.981,22.859,22.955,81328,0
20140707,23.083,23.236,23.074,23.192,14356,0
20140708,23.271,23.349,23.159,23.159,8641,0
20140709,23.389,23.502,23.389,23.443,2834,0
20140710,23.22,23.279,23.197,23.279,6650,0
20140711,23.133,23.364,23.133,23.364,22539,0
20140714,23.296,23.452,23.296,23.452,4823,0
20140715,23.357,23.434,23.271,23.402,7312,0
20140716,23.452,23.458,23.287,23.458,30646,0
20140717,23.176,23.245,22.953,22.969,12881,0
20140718,23.114,23.315,23.056,23.279,12447,0
20140721,23.131,23.364,23.131,23.364,3691,0
20140722,23.463,23.597,23.463,23.545,16546,0
20140723,23.664,23.664,23.561,23.606,2069,0
20140724,23.681,23.726,23.674,23.7,8758,0
20140725,23.665,23.665,23.499,23.57,4947,0
20140728,23.452,23.621,23.357,23.621,3300,0
20140729,23.621,23.621,23.305,23.305,16960,0
20140730,23.398,23.398,23.085,23.107,15258,0
20140731,22.999,22.999,22.641,22.688,13529,0
20140801,22.731,22.841,22.62,22.764,2760,0
20140804,22.947,23.176,22.909,23.074,5649,0
20140805,22.918,22.918,22.767,22.771,1865,0
20140806,22.593,22.636,22.525,22.525,9315,0
20140807,22.669,22.669,22.525,22.549,5365,0
20140808,22.701,22.833,22.701,22.809,5722,0
20140811,23.083,23.202,23.074,23.083,4689,0
20140812,23.114,23.176,23.018,23.163,4040,0
20140813,23.371,23.371,23.236,23.245,983,0
20140814,23.324,23.324,23.271,23.271,3647,0
20140815,23.38,23.398,23.176,23.271,3339,0
20140818,23.398,23.46,23.315,23.46,1586,0
20140819,23.57,23.613,23.57,23.597,8885,0
20140820,23.587,23.63,23.587,23.63,5902,0
20140821,23.634,23.647,23.634,23.647,1671,0
20140822,23.587,23.587,23.513,23.521,3425,0
20140825,23.681,23.7,23.529,23.638,12608,0
20140826,23.732,23.826,23.722,23.826,2687,0
20140827,23.814,23.958,23.814,23.958,9537,0
20140828,23.726,23.751,23.646,23.742,7170,0
20140829,23.7,23.707,23.665,23.665,6822,0
20140902,23.665,23.718,23.638,23.673,6761,0
20140903,24.008,24.079,23.994,24.059,4160,0
20140904,24.143,24.154,23.879,23.961,5287,0
20140905,24.102,24.102,24.102,24.102,195,0
20140908,24.213,24.248,23.871,23.871,2612,0
20140909,23.794,23.794,23.495,23.495,16141,0
20140910,23.442,23.545,23.245,23.545,6105,0
20140911,23.357,23.357,23.296,23.315,5093,0
20140912,23.236,23.236,23,23.046,9106,0
20140915,22.968,23.073,22.853,23.073,5699,0
20140916,23.056,23.52,23.056,23.364,11520,0
20140917,23.357,23.357,23.074,23.074,5652,0
20140918,23.114,23.287,23.114,23.236,8747,0
20140919,23.287,23.324,22.999,23.016,10625,0
20140922,22.955,22.955,22.565,22.691,22333,0
20140923,22.762,22.762,22.538,22.668,23664,0
20140924,22.72,22.941,22.668,22.941,11859,0
20140925,22.746,22.746,22.471,22.529,4790,0
20140926,22.478,22.62,22.459,22.556,4964,0
20140929,22.246,22.246,22.041,22.151,13056,0
20140930,22.227,22.246,22.159,22.233,8421,0
20141001,22.081,22.081,21.856,21.882,6958,0
20141002,21.676,21.976,21.548,21.876,4804,0
20141003,21.854,21.976,21.771,21.932,6070,0
20141006,22.383,22.461,22.288,22.288,5756,0
20141007,22.332,22.4,22.246,22.246,35935,0
20141008,22.195,22.365,21.882,22.348,5797,0
20141009,22.393,22.393,22.099,22.131,841,0
20141010,21.985,22.195,21.771,21.771,11260,0
20141013,22.029,22.133,21.959,21.977,22127,0
20141014,21.95,22.105,21.899,22.037,3448,0
20141015,21.828,21.828,21.27,21.676,74865,0
20141016,21.198,21.771,21.198,21.694,2024,0
20141017,22.021,22.089,21.932,21.942,2193,0
20141020,22.081,22.081,21.781,21.828,2977,0
20141021,21.967,22.055,21.925,21.966,1311,0
20141022,21.865,21.865,21.796,21.832,2091,0
20141024,21.668,21.917,21.668,21.856,3111,0
20141027,21.7,21.7,21.685,21.685,4389,0
20141028,21.874,22.151,21.874,22.133,5921,0
20141029,22.374,22.399,22.089,22.175,8776,0
20141030,22.182,22.687,22.182,22.434,6109,0
20141031,22.219,22.512,22.219,22.443,10587,0
20141103,22.383,22.461,22.307,22.332,5854,0
20141105,22.185,22.185,21.932,22.072,1792,0
20141106,21.736,21.82,21.589,21.589,2769,0
20141107,21.64,21.805,21.64,21.725,3142,0
20141110,21.708,21.976,21.708,21.796,11765,0
20141111,21.78,21.856,21.715,21.813,2718,0
20141112,21.991,21.999,21.852,21.852,2352,0
20141113,21.994,21.994,21.826,21.826,4089,0
20141114,21.685,21.889,21.685,21.889,2647,0
20141117,21.874,21.874,21.762,21.762,540,0
20141118,21.836,21.908,21.771,21.846,166677,0
20141119,21.791,21.961,21.753,21.95,53928,0
20141120,22.064,22.064,21.856,21.961,12803,0
20141121,22.452,22.617,22.159,22.6,58648,0
20141124,22.513,22.513,22.393,22.43,2347,0
20141125,22.426,22.471,22.271,22.272,28797,0
20141126,22.409,22.409,22.409,22.409,624,0
20141128,22.262,22.409,22.177,22.177,2600,0
20141201,21.813,22.124,21.79,21.882,3591,0
20141202,21.79,21.79,21.621,21.78,13026,0
20141203,21.89,21.89,21.753,21.758,3661,0
20141204,21.79,21.79,21.667,21.725,5273,0
20141205,21.426,21.621,21.426,21.605,13130,0
20141208,21.484,21.484,21.094,21.26,12559,0
20141209,21.078,21.185,21.044,21.157,5536,0
20141210,20.985,21.057,20.975,21.001,16367,0
20141211,20.98,21.033,20.807,20.807,9361,0
20141212,20.895,20.895,20.498,20.586,40769,0
20141215,20.49,20.49,19.945,20.177,19066,0
20141216,19.867,20.17,19.73,19.953,30689,0
20141217,20.144,20.767,20.144,20.567,18800,0
20141218,20.975,21.069,20.783,21.069,62304,0
20141219,21.429,21.429,20.927,21.126,52033,0
20141222,21.316,21.324,21.09,21.274,16334,0
20141223,21.213,21.25,21.004,21.126,115457,0
20141224,21.142,21.188,21.023,21.188,13271,0
20141226,21.297,21.373,21.057,21.25,34443,0
20141229,21.098,21.224,20.979,21.152,21627,0
20141230,21.145,21.203,21.073,21.086,7572,0
20141231,21.05,21.279,21.012,21.193,28611,0
20150102,20.778,20.778,20.675,20.675,3573,0
20150105,20.699,20.699,20.223,20.258,33167,0
20150106,20.248,20.439,20.196,20.39,59142,0
20150107,20.594,20.816,20.578,20.669,18529,0
20150108,20.995,21.116,20.979,21.082,65409,0
20150109,20.968,21.049,20.827,20.979,39942,0
20150112,20.908,20.936,20.753,20.936,3830,0
20150113,20.908,21.136,20.792,20.959,69509,0
20150114,20.77,20.944,20.667,20.944,15651,0
20150115,21.126,21.498,20.805,20.805,8386,0
20150116,21.098,21.208,21.098,21.193,29932,0
20150120,21.152,21.219,21.019,21.213,12465,0
20150121,21.454,21.576,21.454,21.576,15266,0
20150122,21.682,22.08,21.682,22.08,30616,0
20150123,21.899,22.005,21.889,21.94,11402,0
20150126,21.759,21.99,21.759,21.923,6398,0
20150127,21.74,21.905,21.74,21.881,5719,0
20150128,21.913,21.934,21.712,21.75,31543,0
20150129,21.51,21.778,21.51,21.75,23490,0
20150130,21.404,21.404,21.09,21.213,6417,0
20150202,21.437,21.462,21.347,21.394,19285,0
20150203,21.778,21.915,21.674,21.865,17560,0
20150204,21.698,21.819,21.698,21.712,16351,0
20150205,21.706,21.948,21.706,21.94,14788,0
20150206,21.674,21.74,21.502,21.602,8738,0
20150209,21.682,21.691,21.628,21.682,20243,0
20150210,21.526,21.526,21.318,21.45,16999,0
20150211,21.324,21.324,21.18,21.227,9010,0
20150212,21.647,21.881,21.454,21.834,13221,0
20150213,22.011,22.072,21.983,21.995,7469,0
20150217,21.983,21.983,21.881,21.966,16335,0
20150218,21.826,21.94,21.814,21.94,7072,0
20150219,21.778,21.889,21.778,21.844,3650,0
20150220,21.834,22.028,21.834,22.02,14412,0
20150223,21.975,21.975,21.796,21.796,4918,0
20150224,21.915,22.166,21.915,22.166,4693,0
20150225,21.975,22.132,21.925,22.063,2586,0
20150226,21.957,21.957,21.807,21.898,23555,0
20150227,21.863,21.939,21.819,21.83,5001,0
20150302,21.834,21.834,21.74,21.778,4496,0
20150303,21.74,21.788,21.722,21.74,10950,0
20150304,21.404,21.526,21.316,21.462,14295,0
20150305,21.481,21.498,21.471,21.471,4959,0
20150306,21.332,21.332,21.057,21.136,3917,0
20150309,20.988,21.066,20.927,20.944,6800,0
20150310,20.578,20.639,20.475,20.475,39535,0
20150311,20.578,20.639,20.449,20.629,9452,0
20150312,20.875,20.875,20.569,20.658,5878,0
20150313,20.527,20.527,20.18,20.353,7491,0
20150316,20.37,20.569,20.37,20.537,22704,0
20150317,20.563,20.709,20.5,20.62,3573,0
20150318,20.69,21.265,20.586,21.265,5534,0
20150319,21.029,21.029,20.682,20.76,16023,0
20150320,20.979,21.245,20.979,21.203,9912,0
20150323,21.188,21.396,20.951,21.212,23928,0
20150324,21.387,21.396,21.226,21.332,2301,0
20150325,21.192,21.255,20.935,21.018,6098,0
20150326,20.743,20.743,20.726,20.726,5175,0
20150327,20.637,20.726,20.618,20.726,13000,0
20150330,20.943,21.065,20.865,21.065,5982,0
20150331,20.812,21.018,20.812,20.882,7477,0
20150401,21.135,21.289,21.097,21.161,16565,0
20150402,21.404,21.62,21.387,21.602,19440,0
20150406,21.941,21.966,21.813,21.864,15987,0
20150407,21.82,21.82,21.751,21.794,4362,0
20150408,21.907,21.949,21.789,21.82,6441,0
20150409,21.82,21.889,21.789,21.796,4747,0
20150410,21.889,21.924,21.827,21.907,5409,0
20150413,21.881,21.881,21.741,21.741,6903,0
20150414,21.76,21.82,21.741,21.82,2989,0
20150415,21.769,21.984,21.692,21.975,37610,0
20150416,21.975,22.141,21.975,22.125,9046,0
20150417,21.731,21.813,21.699,21.779,8395,0
20150420,21.779,21.779,21.708,21.742,5869,0
20150421,21.833,21.873,21.833,21.833,780,0
20150422,21.835,21.966,21.813,21.934,11624,0
20150423,22.081,22.254,22.037,22.254,7018,0
20150424,22.343,22.343,22.333,22.333,2414,0
20150427,22.237,22.333,22.196,22.29,11618,0
20150428,22.315,22.454,22.272,22.366,8283,0
20150429,22.168,22.168,22.037,22.124,2528,0
20150430,21.966,21.966,21.751,21.813,5866,0
20150501,21.76,21.881,21.76,21.76,803,0
20150504,21.916,21.924,21.864,21.864,4830,0
20150505,21.881,21.881,21.789,21.789,2761,0
20150506,21.855,21.863,21.692,21.751,2344,0
20150507,21.713,21.751,21.656,21.723,2835,0
20150508,21.931,22.046,21.916,22.037,4256,0
20150511,21.941,21.941,21.656,21.713,8971,0
20150512,21.685,21.804,21.656,21.727,1441,0
20150513,21.907,22.046,21.779,21.881,3106,0
20150514,22.037,22.097,21.949,22.097,7131,0
20150515,22.011,22.165,21.984,22.152,7666,0
20150518,22.152,22.333,21.943,22.011,11646,0
20150519,21.949,22.002,21.881,21.941,7246,0
20150520,21.835,22.064,21.835,21.984,5175,0
20150521,21.916,21.916,21.855,21.864,2878,0
20150522,21.835,21.916,21.675,21.675,5289,0
20150526,21.567,21.567,21.212,21.324,32149,0
20150527,21.202,21.316,21.192,21.316,3567,0
20150528,21.226,21.421,20.926,21.421,5185,0
20150529,21.125,21.152,21.011,21.011,9778,0
20150601,20.951,20.968,20.926,20.951,2301,0
20150602,21.003,21.135,20.992,21.122,9677,0
20150603,20.907,21.003,20.898,20.898,2528,0
20150604,20.768,20.768,20.525,20.545,5523,0
20150605,20.438,20.525,20.438,20.49,3909,0
20150608,20.482,20.562,20.473,20.562,6209,0
20150609,20.482,20.498,20.404,20.404,3572,0
20150610,20.785,20.836,20.646,20.76,8145,0
20150611,20.689,20.689,20.611,20.611,2193,0
20150612,20.646,20.656,20.602,20.602,3335,0
20150615,20.457,20.507,20.412,20.49,3106,0
20150616,20.592,20.602,20.592,20.602,1610,0
20150617,20.666,20.865,20.568,20.865,8053,0
20150618,20.865,21.018,20.865,21.018,3106,0
20150619,20.898,20.907,20.89,20.907,2648,0
20150622,21.08,21.096,21.017,21.017,2051,0
20150623,20.923,21.08,20.923,21.031,2410,0
20150624,21.096,21.096,20.975,21.001,2850,0
20150625,21.055,21.055,21.021,21.026,47810,0
20150626,21.001,21.026,20.985,21.001,6843,0
20150629,20.833,20.833,20.579,20.606,60100,0
20150630,20.895,21.071,20.833,20.965,19613,0
20150701,21.151,21.151,20.763,20.87,176310,0
20150702,20.941,21.071,20.904,20.913,16535,0
20150706,20.641,20.684,20.51,20.51,9465,0
20150707,20.432,20.432,20.078,20.414,3876,0
20150708,20.114,20.158,19.966,19.966,16879,0
20150709,20.325,20.325,20.114,20.124,32044,0
20150710,20.388,20.548,20.388,20.548,1595,0
20150713,20.467,20.564,20.449,20.538,9577,0
20150714,20.548,20.614,20.449,20.538,15106,0
20150715,20.528,20.528,20.361,20.361,19636,0
20150716,20.596,20.606,20.493,20.5,9809,0
20150717,20.65,20.65,20.475,20.538,9920,0
20150720,20.369,20.458,20.282,20.423,20299,0
20150721,20.388,20.555,20.388,20.475,8551,0
20150722,20.316,20.316,20.062,20.141,19842,0
20150723,20.038,20.038,19.869,19.887,7641,0
20150724,19.668,19.668,19.397,19.438,10037,0
20150727,19.291,19.291,19.124,19.124,8896,0
20150728,19.195,19.25,19.134,19.25,43907,0
20150729,19.275,19.521,19.275,19.482,7984,0
20150730,19.343,19.352,19.268,19.352,3991,0
20150731,19.529,19.651,19.465,19.598,9465,0
20150803,19.405,19.405,19.158,19.168,19134,0
20150804,19.25,19.352,19.168,19.24,13798,0
20150805,19.326,19.335,19.178,19.178,6500,0
20150806,19.158,19.158,19.011,19.107,11860,0
20150807,19.011,19.044,18.914,19.017,23836,0
20150810,19.054,19.291,19.054,19.291,8440,0
20150811,18.946,18.946,18.762,18.879,9817,0
20150812,18.6,18.6,18.44,18.582,14484,0
20150813,18.537,18.685,18.529,18.529,4675,0
20150814,18.65,18.65,18.5,18.5,4105,0
20150817,18.353,18.406,18.298,18.363,7413,0
20150818,18.238,18.327,18.194,18.275,7756,0
20150819,18.099,18.125,17.941,18.081,10380,0
20150820,17.923,18.064,17.906,17.923,10263,0
20150821,17.626,17.809,17.361,17.475,25544,0
20150824,16.24,17.406,15.803,16.573,140868,0
20150825,17.492,17.492,16.747,16.747,94541,0
20150826,17.081,17.352,17.003,17.352,15736,0
20150827,17.521,18.028,17.521,18.028,30675,0
20150828,17.941,17.949,17.766,17.889,11516,0
20150831,17.756,17.984,17.668,17.958,10494,0
20150901,17.466,17.53,17.187,17.248,90664,0
20150902,17.599,17.599,17.452,17.461,4790,0
20150903,17.676,17.793,17.59,17.599,5816,0
20150904,17.389,17.398,16.96,17.108,11747,0
20150908,17.379,17.379,17.187,17.352,6273,0
20150909,17.466,17.466,17.081,17.081,19957,0
20150910,17.424,17.512,17.319,17.319,25683,0
20150911,17.398,17.398,17.299,17.345,3535,0
20150914,17.406,17.564,17.406,17.564,2167,0
20150915,17.512,17.793,17.512,17.668,150422,0
20150916,17.87,18.116,17.87,18.116,3764,0
20150917,17.984,18.265,17.978,18.172,13409,0
20150918,17.941,17.941,17.72,17.784,4675,0
20150921,17.799,17.799,17.54,17.574,43985,0
20150922,17.297,17.434,17.199,17.37,48923,0
20150923,17.262,17.271,16.961,17.067,8526,0
20150924,16.771,17.094,16.639,16.988,13358,0
20150925,17.147,17.182,17.04,17.04,1794,0
20150928,16.86,16.86,16.531,16.603,25863,0
20150929,16.62,16.827,16.62,16.649,23003,0
20150930,17.075,17.307,17.075,17.307,6397,0
20151001,17.271,17.271,17.172,17.207,2020,0
20151002,17.005,17.68,17.005,17.68,15935,0
20151005,17.823,18.101,17.823,18.101,29473,0
20151006,18.01,18.174,17.984,18.174,6057,0
20151007,18.386,18.697,18.341,18.395,15039,0
20151008,18.509,18.752,18.395,18.618,52624,0
20151009,18.849,19.073,18.778,18.884,7407,0
20151012,18.937,18.937,18.661,18.716,18498,0
20151013,18.474,18.474,18.313,18.341,3815,0
20151014,18.404,18.465,18.35,18.376,10884,0
20151015,18.671,18.902,18.626,18.902,37365,0
20151016,18.769,18.884,18.591,18.884,17728,0
20151019,18.652,18.652,18.519,18.645,7296,0
20151020,18.652,18.652,18.652,18.652,140,0
20151021,18.563,18.563,18.288,18.35,33664,0
20151022,18.697,18.726,18.697,18.726,2582,0
20151023,18.726,19.044,18.726,18.849,6958,0
20151026,18.769,18.778,18.609,18.743,5722,0
20151027,18.609,18.661,18.492,18.661,2020,0
20151028,18.735,18.884,18.395,18.413,7068,0
20151029,18.36,18.386,18.341,18.36,1460,0
20151030,18.376,18.421,18.332,18.413,8641,0
20151103,18.706,19.044,18.706,18.937,11671,0
20151104,19.1,19.1,18.778,18.91,10941,0
20151105,18.893,18.902,18.806,18.877,4490,0
20151106,18.687,18.761,18.537,18.635,5272,0
20151109,18.626,18.626,18.198,18.341,69457,0
20151110,18.35,18.35,18.35,18.35,224,0
20151111,18.27,18.465,18.251,18.439,4937,0
20151112,18.216,18.216,18.091,18.109,3365,0
20151113,18.039,18.207,17.94,18.119,225424,0
20151116,18.174,18.261,18.156,18.261,1460,0
20151117,18.458,18.529,18.341,18.439,11333,0
20151118,18.492,18.661,18.368,18.661,3703,0
20151119,18.716,18.761,18.601,18.716,3480,0
20151120,19.011,19.011,18.752,18.983,4937,0
20151123,19.011,19.011,18.671,18.911,35457,0
20151124,18.743,18.83,18.547,18.726,16721,0
20151125,18.529,18.687,18.225,18.36,39833,0
20151127,18.082,18.242,18.082,18.242,560,0
20151130,18.136,19.197,17.932,18.27,6734,0
20151201,18.439,18.893,18.156,18.364,5448,0
20151202,18.251,18.296,18.174,18.288,2486,0
20151203,18.458,18.491,18.136,18.453,13190,0
20151204,18.156,18.376,18.156,18.165,5948,0
20151207,18.261,18.288,17.823,18.001,236198,0
20151208,17.813,17.877,17.664,17.842,54536,0
20151209,17.79,18.048,17.654,17.69,71700,0
20151210,17.68,17.842,17.333,17.443,190081,0
20151211,17.058,17.075,16.86,16.86,3594,0
20151214,17.156,17.39,16.98,17.39,70449,0
20151215,17.307,17.734,17.307,17.699,145534,0
20151216,17.61,17.948,17.467,17.601,28836,0
20151217,17.906,17.906,17.62,17.646,15822,0
20151218,17.68,17.896,17.415,17.415,38039,0
20151221,17.467,17.584,17.192,17.297,66428,0
20151222,17.317,17.556,17.192,17.317,115700,0
20151223,17.532,17.799,17.513,17.781,143960,0
20151224,17.565,17.823,17.317,17.734,84991,0
20151228,17.54,17.781,17.496,17.574,108615,0
20151229,17.646,17.781,17.484,17.556,43952,0
20151230,17.378,17.61,17.317,17.317,25715,0
20151231,17.406,17.46,17.246,17.256,14075,0
20160104,16.721,17.556,16.514,16.988,14017,0
20160105,16.887,17.003,16.843,16.93,6011,0
20160106,16.558,16.558,16.558,16.558,167,0
20160107,16.353,16.484,16.059,16.176,239480,0
20160108,16.211,16.311,16.051,16.059,37057,0
20160111,15.998,15.998,15.792,15.855,6600,0
20160112,16.176,16.381,15.961,16.275,5548,0
20160113,16.035,16.301,15.965,15.965,5563,0
20160114,15.881,16.231,15.881,16.007,5735,0
20160115,15.65,15.65,15.212,15.422,5722,0
20160119,15.907,16.085,15.739,15.942,168200,0
20160120,15.463,15.664,15.159,15.379,131214,0
20160121,15.375,15.587,15.232,15.292,39863,0
20160122,15.676,15.961,15.65,15.903,22670,0
20160125,15.879,15.879,15.542,15.542,8651,0
20160126,15.564,16.085,15.564,16.085,23829,0
20160127,15.9,16.177,15.811,15.9,6384,0
20160128,15.989,15.989,15.947,15.961,876,0
20160129,16.202,16.729,16.202,16.729,6940,0
20160201,16.398,16.486,16.389,16.486,33332,0
20160202,16.068,16.371,15.952,15.998,11109,0
20160203,16.22,16.478,16.194,16.478,1797,0
20160204,16.611,16.942,16.486,16.486,8608,0
20160205,16.843,16.843,16.471,16.508,2344,0
20160208,16.328,16.531,16.11,16.11,1794,0
20160209,16.085,16.361,15.975,15.975,4248,0
20160210,16.586,16.586,16.295,16.452,746,0
20160211,16.064,16.064,15.921,16.028,1696,0
20160212,16.041,16.075,15.97,16.075,3472,0
20160216,16.344,16.492,16.297,16.311,7029,0
20160217,16.442,16.852,16.442,16.666,32672,0
20160218,16.666,16.907,16.611,16.775,32008,0
20160219,16.558,16.753,16.558,16.702,7069,0
20160222,16.907,17.112,16.907,16.942,5805,0
20160223,16.792,16.897,16.745,16.745,2717,0
20160224,16.595,16.728,16.292,16.595,4421,0
20160225,16.639,16.887,16.639,16.789,16926,0
20160226,16.803,16.925,16.506,16.514,20430,0
20160229,16.712,16.738,16.712,16.738,3133,0
20160301,16.934,17.378,16.934,17.378,5971,0
20160302,17.471,17.513,17.343,17.36,1235,0
20160303,17.37,17.85,17.37,17.665,3701,0
20160304,17.887,18.181,17.887,17.958,3629,0
20160307,18.134,18.215,17.968,18.146,4069,0
20160308,17.845,17.948,17.623,17.811,9329,0
20160309,18.174,18.261,17.813,18.02,32196,0
20160310,18.225,18.225,18.225,18.225,133,0
20160311,18.462,18.509,18.066,18.474,7329,0
20160314,18.279,18.395,18.208,18.208,1773,0
20160315,17.86,17.885,17.61,17.646,29418,0
20160316,17.808,18.181,17.654,18.181,4628,0
20160317,18.645,18.645,18.613,18.613,943,0
20160318,18.725,18.725,18.613,18.652,6454,0
20160321,18.831,18.831,18.595,18.831,1425,0
20160322,18.376,18.806,18.36,18.749,7173,0
20160323,18.481,18.481,18.209,18.209,3032,0
20160324,18.344,18.344,18.344,18.344,1344,0
20160328,18.323,18.341,18.323,18.341,22481,0
20160329,18.439,18.718,18.425,18.718,5200,0
20160330,18.779,18.932,18.779,18.86,16415,0
20160331,18.937,18.975,18.742,18.742,83035,0
20160401,18.662,18.975,18.653,18.975,5718,0
20160404,18.841,18.86,18.678,18.678,2612,0
20160405,18.465,18.465,18.341,18.413,3947,0
20160406,18.242,18.483,18.242,18.482,11691,0
20160407,18.303,18.303,18.106,18.106,1823,0
20160408,18.483,18.653,18.407,18.563,3132,0
20160411,18.672,18.831,18.627,18.627,1690,0
20160412,18.662,19.026,18.662,19.005,4205,0
20160413,19.083,19.305,19.078,19.3,3763,0
20160414,19.216,19.264,19.125,19.136,6150,0
20160415,19.266,19.287,19.018,19.235,6890,0
20160418,19.026,19.29,19.026,19.235,5901,0
20160419,19.324,19.491,19.324,19.416,13190,0
20160420,19.378,19.492,19.324,19.416,3941,0
20160421,19.23,19.245,19.188,19.215,2088,0
20160422,19.235,19.235,19.083,19.162,2499,0
20160425,19.162,19.279,19.055,19.118,2222,0
20160426,19.279,19.279,19.139,19.196,6230,0
20160427,19.199,19.386,19.118,19.386,3948,0
20160428,19.255,19.333,19.054,19.263,15780,0
20160429,19.011,19.074,18.831,19.074,5903,0
20160503,18.744,18.744,18.492,18.519,80147,0
20160504,18.323,18.537,18.279,18.386,16129,0
20160505,18.439,18.483,18.226,18.226,9545,0
20160506,18.439,18.439,18.242,18.386,2027,0
20160509,18.27,18.27,18.108,18.108,2368,0
20160510,18.421,18.421,18.421,18.421,727,0
20160511,18.439,18.554,18.386,18.492,17477,0
20160512,18.563,18.573,18.288,18.394,13117,0
20160513,18.27,18.27,17.939,17.939,989,0
20160516,18.281,18.281,18.191,18.225,2688,0
20160517,18.01,18.166,18.01,18.166,739,0
20160518,18.118,18.173,17.995,18.09,11930,0
20160519,17.913,17.962,17.867,17.957,12656,0
20160520,18.155,18.155,18.105,18.133,772,0
20160523,18.073,18.073,17.947,17.947,2347,0
20160524,18.209,18.242,18.113,18.242,28566,0
20160525,18.386,18.421,18.189,18.242,4893,0
20160526,18.458,18.458,18.337,18.354,5089,0
20160527,18.5,18.519,18.368,18.412,1159,0
20160531,18.467,18.474,18.373,18.439,6593,0
20160601,18.439,18.529,18.395,18.483,2743,0
20160602,18.554,18.619,18.536,18.573,3694,0
20160603,18.788,19.011,18.77,18.965,3205,0
20160606,18.945,19.216,18.945,19.203,5384,0
20160607,19.314,19.314,19.207,19.275,5562,0
20160608,19.383,19.475,19.383,19.475,4634,0
20160609,19.235,19.36,19.128,19.199,7426,0
20160610,18.912,18.965,18.806,18.815,3601,0
20160613,18.644,18.644,18.519,18.537,6134,0
20160614,18.483,18.543,18.279,18.543,7412,0
20160615,18.672,18.672,18.672,18.672,1096,0
20160616,18.395,18.648,18.395,18.648,2971,0
20160617,18.679,18.736,18.61,18.652,39970,0
20160620,19.045,19.113,18.978,19.113,3782,0
20160621,19.113,19.216,19.031,19.216,4085,0
20160622,19.203,19.247,19.177,19.221,9492,0
20160623,19.393,19.582,19.384,19.563,10040,0
20160624,18.688,18.843,18.603,18.653,3213,0
20160627,18.554,18.633,18.303,18.472,4436,0
20160628,18.879,18.915,18.836,18.884,5827,0
20160629,19.283,19.411,19.283,19.411,8365,0
20160630,19.457,19.662,19.436,19.586,4282,0
20160701,19.74,19.74,19.701,19.701,2489,0
20160705,19.41,19.419,19.292,19.33,4530,0
20160706,19.159,19.212,19.057,19.212,1677,0
20160707,19.428,19.428,19.106,19.157,7258,0
20160708,19.555,19.672,19.555,19.646,5402,0
20160711,19.808,19.824,19.743,19.808,9928,0
20160712,20.006,20.033,19.944,19.944,7149,0
20160713,19.955,19.976,19.859,19.976,3551,0
20160714,20.104,20.285,20.033,20.131,10366,0
20160715,20.051,20.131,20.015,20.077,6601,0
20160718,20.059,20.194,20.059,20.184,7009,0
20160719,20.186,20.186,19.979,20.051,16644,0
20160720,20.14,20.285,20.14,20.186,20752,0
20160721,20.122,20.221,20.078,20.14,17435,0
20160722,20.187,20.218,20.187,20.218,1193,0
20160725,20.168,20.168,20.085,20.168,2180,0
20160726,20.246,20.253,20.148,20.194,14491,0
20160727,20.194,20.307,20.043,20.277,10251,0
20160728,20.23,20.324,20.186,20.267,7998,0
20160729,20.329,20.507,20.298,20.466,20891,0
20160801,20.587,20.587,20.447,20.5,3130,0
20160802,20.394,20.403,20.23,20.356,30733,0
20160803,20.285,20.483,20.267,20.475,11915,0
20160804,20.556,20.717,20.556,20.681,10148,0
20160805,20.862,20.959,20.745,20.943,9334,0
20160808,20.997,21.178,20.997,21.123,4208,0
20160809,21.248,21.32,21.133,21.256,22198,0
20160810,21.329,21.348,21.194,21.269,9051,0
20160811,21.268,21.511,21.268,21.501,24867,0
20160812,21.366,21.511,21.343,21.366,15024,0
20160815,21.538,21.538,21.429,21.455,7492,0
20160816,21.276,21.357,21.276,21.284,19446,0
20160817,21.133,21.274,21.006,21.169,6154,0
20160818,21.308,21.342,21.194,21.297,10768,0
20160819,21.068,21.169,20.951,21.168,5002,0
20160822,20.979,20.979,20.779,20.898,16357,0
20160823,21.068,21.094,20.682,20.682,37416,0
20160824,20.74,20.913,20.74,20.833,21539,0
20160825,20.708,20.889,20.708,20.88,13315,0
20160826,20.935,20.935,20.498,20.635,1929,0
20160829,20.745,20.862,20.639,20.809,8990,0
20160830,20.789,20.808,20.658,20.745,9182,0
20160831,20.644,20.644,20.471,20.471,665,0
20160901,20.429,20.556,20.429,20.556,2192,0
20160902,20.871,20.871,20.698,20.809,5424,0
20160906,20.989,21.276,20.989,21.258,6049,0
20160907,21.229,21.262,21.18,21.262,7057,0
20160908,21.213,21.238,21.082,21.15,10925,0
20160909,20.799,20.799,20.42,20.42,3110,0
20160912,20.311,20.749,20.311,20.749,3906,0
20160913,20.347,20.347,20.016,20.094,4377,0
20160914,20.272,20.42,20.272,20.379,3565,0
20160915,20.5,20.687,20.5,20.687,877,0
20160916,20.412,20.581,20.39,20.529,1613,0
20160919,20.698,20.889,20.698,20.727,2419,0
20160920,20.809,20.809,20.685,20.789,7227,0
20160921,20.862,21.201,20.789,21.201,4645,0
20160922,21.313,21.338,21.159,21.268,6521,0
20160923,21.169,21.169,20.979,21.051,2209,0
20160926,20.938,20.938,20.763,20.787,11557,0
20160927,21.001,21.185,20.893,21.091,25575,0
20160928,21.047,21.256,20.968,21.256,6650,0
20160929,21.218,21.275,20.882,20.973,17282,0
20160930,20.951,21.129,20.951,21.129,7720,0
20161003,21.027,21.236,20.981,21.192,12297,0
20161004,21.163,21.192,20.873,20.88,10031,0
20161005,21.1,21.227,21.072,21.227,3682,0
20161006,20.954,21.091,20.946,21.065,24354,0
20161007,21.091,21.109,20.919,21.047,16569,0
20161010,21.056,21.151,21.056,21.151,2203,0
20161011,20.753,20.753,20.526,20.643,5278,0
20161012,20.693,20.717,20.58,20.683,8062,0
20161013,20.343,20.661,20.25,20.588,10332,0
20161014,20.681,20.763,20.527,20.617,7451,0
20161017,20.671,20.671,20.641,20.641,655,0
20161018,20.891,20.973,20.873,20.948,3129,0
20161019,21.032,21.144,21.001,21.139,7244,0
20161020,20.932,21.08,20.932,21.067,1561,0
20161021,20.919,21.109,20.919,21.109,9908,0
20161024,21.129,21.129,21.037,21.065,6886,0
20161025,21.108,21.108,21.001,21.013,5124,0
20161026,20.915,20.915,20.822,20.844,1678,0
20161027,20.83,20.9,20.736,20.761,122544,0
20161028,20.749,20.81,20.546,20.571,12728,0
20161031,20.78,20.873,20.737,20.745,2605,0
20161101,20.745,20.745,20.36,20.558,5755,0
20161102,20.46,20.46,20.202,20.379,8942,0
20161103,20.406,20.406,20.141,20.141,10100,0
20161104,20.023,20.077,19.905,19.905,17401,0
20161107,20.453,20.736,20.453,20.708,41613,0
20161108,20.725,20.91,20.725,20.91,3279,0
20161109,20.306,20.423,20.153,20.178,15326,0
20161110,20.041,20.041,19.54,19.54,7845,0
20161111,19.173,19.191,18.885,19.054,99564,0
20161114,19.034,19.081,18.826,18.898,28774,0
20161115,19.073,19.428,19.044,19.428,17430,0
20161116,19.182,19.308,19.182,19.308,11075,0
20161117,19.454,19.454,19.275,19.275,15277,0
20161118,19.267,19.373,19.198,19.278,28701,0
20161121,19.356,19.356,19.281,19.281,10525,0
20161122,19.54,19.581,19.455,19.502,18736,0
20161123,19.292,19.374,19.281,19.366,4794,0
20161125,19.299,19.41,19.281,19.318,19796,0
20161128,19.401,19.511,19.401,19.474,8143,0
20161129,19.372,19.492,19.33,19.455,13635,0
20161130,19.482,19.547,19.43,19.521,15210,0
20161201,19.41,19.41,19.173,19.199,22478,0
20161202,19.248,19.318,19.173,19.191,21025,0
20161205,19.347,19.474,19.299,19.474,44897,0
20161206,19.474,19.565,19.368,19.419,32710,0
20161207,19.648,19.829,19.583,19.82,16840,0
20161208,19.793,19.887,19.695,19.873,10435,0
20161209,19.829,19.829,19.693,19.731,36077,0
20161212,19.71,19.731,19.574,19.584,29583,0
20161213,19.774,19.923,19.757,19.757,11289,0
20161214,19.713,19.713,19.275,19.308,9295,0
20161215,19.392,19.392,19.218,19.328,22028,0
20161216,19.299,19.372,19.143,19.173,30197,0
20161219,19.199,19.306,19.063,19.101,7117,0
20161220,19.119,19.184,19.063,19.074,8990,0
20161221,19.117,19.117,19.001,19.001,53722,0
20161222,19.001,19.001,18.821,18.872,20051,0
20161223,18.84,18.93,18.813,18.921,28604,0
20161227,19.099,19.114,18.988,18.988,13233,0
20161228,19.198,19.234,19.125,19.161,6519,0
20161229,19.307,19.622,19.307,19.511,41193,0
20161230,19.621,19.621,19.382,19.403,15060,0
20170103,19.502,19.694,19.461,19.534,11650,0
20170104,19.732,19.787,19.593,19.667,4964,0
20170105,19.831,19.872,19.749,19.828,25049,0
20170106,19.797,19.797,19.603,19.689,5896,0
20170109,19.684,19.75,19.622,19.75,2529,0
20170110,19.813,19.878,19.684,19.749,37706,0
20170111,19.704,19.831,19.584,19.831,4219,0
20170112,19.941,19.961,19.802,19.887,9638,0
20170113,19.897,19.961,19.732,19.813,12918,0
20170117,19.943,19.943,19.767,19.86,23608,0
20170118,19.85,19.85,19.681,19.744,10894,0
20170119,19.806,19.809,19.622,19.622,66171,0
20170120,19.741,19.749,19.593,19.667,97491,0
20170123,19.925,20.026,19.866,20.026,10932,0
20170124,20.142,20.21,20.037,20.136,24353,0
20170125,20.245,20.361,20.2,20.361,8585,0
20170126,20.301,20.31,20.241,20.283,4827,0
20170127,20.255,20.298,20.2,20.275,10629,0
20170130,20.172,20.2,20.121,20.194,10116,0
20170131,20.245,20.245,20.112,20.19,7055,0
20170201,20.31,20.31,20.118,20.255,10062,0
20170202,20.201,20.371,20.2,20.26,8280,0
20170203,20.424,20.484,20.419,20.438,5593,0
20170206,20.355,20.392,20.283,20.283,11069,0
20170207,20.277,20.309,20.248,20.295,2669,0
20170208,20.384,20.454,20.296,20.396,7756,0
20170209,20.477,20.55,20.464,20.503,18578,0
20170210,20.559,20.733,20.559,20.641,18292,0
20170213,20.788,20.852,20.678,20.824,10563,0
20170214,20.724,20.899,20.713,20.899,21042,0
20170215,20.937,21.125,20.937,21.099,5063,0
20170216,20.992,21.065,20.93,20.972,6884,0
20170217,20.871,20.962,20.769,20.862,90131,0
20170221,21.065,21.078,20.953,21.046,9584,0
20170222,21.156,21.156,21.055,21.119,8276,0
20170223,21.358,21.673,21.219,21.219,11507,0
20170224,21.065,21.065,20.975,21.036,7671,0
20170227,21.036,21.367,20.918,21.091,26674,0
20170228,21,21,20.759,20.769,9141,0
20170301,20.899,21.211,20.899,21.036,12670,0
20170302,20.871,20.96,20.641,20.641,36516,0
20170303,21.597,21.597,20.772,20.899,31091,0
20170306,21.507,21.507,20.937,20.937,6914,0
20170307,21.009,21.009,20.937,20.966,8072,0
20170308,20.852,20.953,20.763,20.782,13502,0
20170309,20.66,20.66,20.523,20.523,10955,0
20170310,20.918,20.918,20.73,20.852,37000,0
20170313,20.953,21.067,20.937,20.937,9262,0
20170314,20.953,20.975,20.852,20.852,7082,0
20170315,20.972,21.639,20.932,21.639,6186,0
20170316,21.551,21.618,21.495,21.524,7798,0
20170317,21.624,21.634,21.508,21.524,13982,0
20170320,21.624,21.799,21.624,21.754,7486,0
20170321,21.818,21.818,21.495,21.495,7103,0
20170322,21.597,21.771,21.516,21.697,7089,0
20170323,21.653,21.754,21.616,21.643,8273,0
20170324,21.753,21.792,21.697,21.792,2907,0
20170327,21.839,21.887,21.796,21.823,10768,0
20170328,21.805,21.979,21.805,21.883,6355,0
20170329,21.925,21.925,21.817,21.892,1307,0
20170330,21.909,21.934,21.821,21.872,9798,0
20170331,21.676,21.747,21.544,21.643,11744,0
20170403,21.651,21.775,21.627,21.68,5920,0
20170404,21.805,21.82,21.749,21.82,17188,0
20170405,21.729,21.776,21.676,21.676,5191,0
20170406,21.59,21.701,21.515,21.701,10492,0
20170407,21.599,21.604,21.537,21.57,7499,0
20170410,21.448,21.561,21.276,21.561,13317,0
20170411,21.337,21.516,21.319,21.449,8250,0
20170412,21.551,21.551,21.44,21.486,3506,0
20170413,21.608,21.637,21.496,21.496,11810,0
20170417,21.552,21.732,21.552,21.674,3446,0
20170418,21.666,21.666,21.486,21.593,9582,0
20170419,21.56,21.561,21.432,21.448,5811,0
20170420,21.565,21.646,21.545,21.616,8171,0
20170421,21.859,21.859,21.684,21.709,2764,0
20170424,21.951,21.979,21.951,21.961,6364,0
20170425,21.966,22.137,21.966,22.092,3950,0
20170426,21.97,22.092,21.88,21.97,12655,0
20170427,21.822,21.934,21.803,21.934,6546,0
20170428,21.952,22.167,21.898,22.066,17963,0
20170501,22.083,22.124,22.083,22.111,5247,0
20170502,22.186,22.232,22.141,22.223,16734,0
20170503,22.128,22.231,22.018,22.167,10692,0
20170504,21.979,21.979,21.932,21.932,4217,0
20170505,21.907,22.082,21.849,21.897,15433,0
20170508,21.907,22.082,21.849,21.952,15025,0
20170509,21.952,22.231,21.952,22.083,11027,0
20170510,22.105,22.27,22.083,22.233,6285,0
20170511,22.232,22.346,22.131,22.131,54433,0
20170512,22.214,22.353,22.214,22.353,12031,0
20170515,22.298,22.587,22.298,22.559,17859,0
20170516,22.534,22.587,22.484,22.587,3042,0
20170517,22.353,22.353,21.97,22.083,12838,0
20170518,21.515,21.97,21.426,21.788,17863,0
20170519,21.952,22.26,21.898,22.159,23925,0
20170522,22.317,22.317,22.185,22.186,4870,0
20170523,22.008,22.317,22.008,22.288,6465,0
20170524,22.406,22.549,22.167,22.512,20430,0
20170525,22.502,22.502,22.346,22.363,6490,0
20170526,22.177,22.521,22.177,22.521,17262,0
20170530,22.392,22.424,22.29,22.336,5035,0
20170531,22.205,22.27,22.126,22.27,6121,0
20170601,22.549,22.549,22.242,22.298,28540,0
20170602,22.438,22.512,22.326,22.346,15543,0
20170605,22.512,22.54,22.512,22.512,18108,0
20170606,22.483,22.54,22.46,22.474,16057,0
20170607,22.177,22.455,22.177,22.392,15389,0
20170608,22.363,22.488,22.363,22.47,3270,0
20170609,22.358,22.474,22.288,22.298,49387,0
20170612,22.279,22.279,22.189,22.246,2157,0
20170613,22.327,22.362,22.264,22.298,6481,0
20170614,22.372,22.501,22.321,22.321,12893,0
20170615,22.101,22.135,22.101,22.135,1296,0
20170616,22.392,22.409,22.12,22.177,9292,0
20170619,22.353,22.38,22.26,22.288,6905,0
20170620,22.215,22.215,22.161,22.177,1030,0
20170621,22.258,22.29,22.111,22.223,8137,0
20170622,22.333,22.392,22.326,22.326,10077,0
20170623,22.382,22.455,22.346,22.409,8636,0
20170626,22.667,22.677,22.631,22.661,7047,0
20170627,22.593,22.593,22.449,22.507,6855,0
20170628,22.47,22.57,22.448,22.57,3308,0
20170629,22.432,22.442,22.279,22.358,3212,0
20170630,22.508,22.561,22.432,22.547,10780,0
20170703,22.377,22.705,22.377,22.593,11273,0
20170705,22.236,22.434,22.236,22.433,3025,0
20170706,22.404,22.568,22.292,22.292,5514,0
20170707,22.227,22.346,22.227,22.308,4538,0
20170710,22.413,22.433,22.361,22.433,9838,0
20170711,22.515,22.705,22.515,22.574,10985,0
20170712,22.827,23.021,22.827,23.021,3879,0
20170713,22.944,23.043,22.866,22.994,9339,0
20170714,23.182,23.37,23.179,23.37,16716,0
20170717,23.269,23.326,23.146,23.181,68112,0
20170718,23.269,23.344,23.269,23.335,3094,0
20170719,23.524,23.533,23.475,23.53,3232,0
20170720,23.559,23.559,23.523,23.549,3188,0
20170721,23.444,23.485,23.431,23.485,6758,0
20170724,23.559,23.559,23.41,23.542,31796,0
20170725,23.465,23.485,23.39,23.39,5622,0
20170726,23.456,23.529,23.419,23.529,13669,0
20170727,23.672,23.672,23.431,23.533,5707,0
20170728,23.514,23.559,23.484,23.554,5356,0
20170731,23.587,23.587,23.4,23.504,9456,0
20170801,23.756,23.756,23.58,23.606,12548,0
20170802,23.606,23.831,23.606,23.746,10750,0
20170803,23.614,23.614,23.519,23.578,4360,0
20170804,23.635,23.642,23.57,23.642,7119,0
20170807,23.652,23.756,23.634,23.746,14584,0
20170808,23.798,23.869,23.686,23.728,11261,0
20170809,23.548,23.569,23.531,23.552,10212,0
20170810,23.514,23.514,23.241,23.241,29966,0
20170811,23.37,23.379,23.165,23.296,8816,0
20170814,23.532,23.532,23.507,23.507,1015,0
20170815,23.439,23.52,23.405,23.503,14886,0
20170816,23.569,23.719,23.569,23.707,5620,0
20170817,23.681,23.765,23.46,23.465,21941,0
20170818,23.549,23.766,23.549,23.719,7917,0
20170821,23.766,23.804,23.685,23.766,37464,0
20170822,23.981,23.981,23.917,23.917,13420,0
20170823,23.917,24.067,23.893,24,23415,0
20170824,24.199,24.199,24.098,24.122,12346,0
20170825,24.141,24.31,24.141,24.254,17462,0
20170828,24.244,24.244,24.151,24.18,7220,0
20170829,24.01,24.18,23.766,24.18,4612,0
20170830,24.103,24.19,24.103,24.18,21041,0
20170831,24.244,24.338,24.239,24.33,11863,0
20170901,24.443,24.479,24.359,24.408,8025,0
20170905,24.403,24.461,24.18,24.244,8819,0
20170906,24.32,24.452,24.276,24.403,23895,0
20170907,24.565,24.611,24.487,24.555,46463,0
20170908,24.516,24.516,24.369,24.433,6459,0
20170911,24.497,24.677,24.497,24.658,5478,0
20170912,24.751,24.751,24.601,24.63,25042,0
20170913,24.48,24.545,24.451,24.516,16281,0
20170914,24.484,24.649,24.484,24.649,2775,0
20170915,24.63,24.76,24.609,24.76,13833,0
20170918,24.873,24.873,24.79,24.816,10662,0
20170919,24.816,24.826,24.645,24.826,7163,0
20170920,24.826,25.118,24.724,24.724,14841,0
20170921,24.808,24.853,24.76,24.78,14696,0
20170922,24.687,24.687,24.608,24.649,14237,0
20170925,24.423,24.435,24.208,24.264,11618,0
20170926,24.224,24.273,24.077,24.17,16301,0
20170927,24.13,24.148,23.817,23.988,27387,0
20170928,23.864,24.026,23.864,24.016,19143,0
20170929,24.184,24.3,24.184,24.291,12708,0
20171002,24.453,24.49,24.216,24.282,31509,0
20171003,24.377,24.529,24.377,24.529,43386,0
20171004,24.453,24.633,24.453,24.567,6386,0
20171005,24.711,24.794,24.672,24.672,3770,0
20171006,24.48,24.558,24.42,24.539,12972,0
20171009,24.409,24.5,24.312,24.445,10548,0
20171010,24.653,24.766,24.653,24.682,14143,0
20171011,24.682,24.804,24.682,24.766,12268,0
20171012,24.756,24.832,24.747,24.747,7061,0
20171013,25.093,25.184,25.093,25.142,7748,0
20171016,25.06,25.176,25.003,25.003,10118,0
20171017,24.85,24.918,24.786,24.88,4367,0
20171018,24.899,24.994,24.879,24.899,24457,0
20171019,24.672,24.786,24.672,24.776,8747,0
20171020,24.899,24.899,24.72,24.756,11189,0
20171023,24.711,24.711,24.558,24.558,6951,0
20171024,24.51,24.599,24.49,24.49,7549,0
20171025,24.529,24.529,24.198,24.331,32814,0
20171026,24.207,24.333,24.198,24.207,72577,0
20171027,24.282,24.415,24.254,24.367,16181,0
20171030,24.245,24.357,24.207,24.224,29872,0
20171031,24.254,24.367,24.254,24.331,21289,0
20171101,24.539,24.652,24.425,24.453,19721,0
20171102,24.395,24.613,24.395,24.579,5589,0
20171103,24.425,24.543,24.321,24.435,16372,0
20171106,24.711,24.766,24.656,24.766,9493,0
20171107,24.689,24.689,24.48,24.481,84638,0
20171108,24.586,24.86,24.473,24.796,209167,0
20171109,24.621,24.621,24.311,24.425,64336,0
20171110,24.351,24.472,24.346,24.4,7674,0
20171113,24.426,24.453,24.405,24.425,7890,0
20171114,24.453,24.453,24.316,24.415,40602,0
20171115,24.198,24.31,24.17,24.17,5116,0
20171116,24.586,24.756,24.548,24.72,5425,0
20171117,24.682,24.984,24.682,24.984,13017,0
20171120,24.766,24.907,24.766,24.901,10282,0
20171121,25.013,25.231,25.013,25.108,13982,0
20171122,25.194,25.204,25.117,25.137,10795,0
20171124,25.24,25.24,25.075,25.118,1080,0
20171127,25.108,25.108,24.786,24.786,16968,0
20171128,24.975,25.156,24.975,25.127,23208,0
20171129,24.822,25.003,24.586,24.624,18603,0
20171130,24.624,24.624,24.472,24.5,9435,0
20171201,24.367,24.492,24.367,24.414,12104,0
20171204,24.51,24.679,24.51,24.586,19338,0
20171205,24.574,24.586,24.46,24.519,2715,0
20171206,24.273,24.358,24.198,24.348,31094,0
20171207,24.264,24.445,24.236,24.377,4954,0
20171208,24.612,24.643,24.519,24.587,2458,0
20171211,24.717,24.814,24.7,24.756,26227,0
20171212,24.605,24.643,24.527,24.643,65501,0
20171213,24.586,24.832,24.586,24.821,4291,0
20171214,24.841,24.965,24.786,24.832,16811,0
20171215,24.87,24.908,24.766,24.845,18616,0
20171218,24.918,25.127,24.918,25.022,27066,0
20171219,25.118,25.164,25.06,25.127,27730,0
20171220,25.221,25.26,25.184,25.211,5249,0
20171221,25.216,25.298,25.216,25.279,8407,0
20171222,25.384,25.467,25.326,25.44,9211,0
20171226,25.307,25.494,25.307,25.449,3758,0
20171227,25.47,25.515,25.374,25.449,5692,0
20171228,25.621,25.686,25.621,25.686,8636,0
20171229,25.706,26.027,25.706,25.916,38468,0
20180102,26.039,26.306,26.039,26.306,42058,0
20180103,26.229,26.447,26.201,26.4,27764,0
20180104,26.382,26.573,26.382,26.543,19216,0
20180105,26.477,26.715,26.477,26.573,7063,0
20180108,26.619,26.695,26.506,26.553,53983,0
20180109,26.538,26.563,26.473,26.553,15385,0
20180110,26.429,26.429,26.171,26.211,23311,0
20180111,26.248,26.429,26.248,26.429,19152,0
20180112,26.382,26.509,26.382,26.509,13619,0
20180116,26.534,26.544,26.286,26.286,17800,0
20180117,26.601,26.8,26.489,26.781,40483,0
20180118,26.715,26.8,26.636,26.746,9484,0
20180119,26.903,26.963,26.751,26.903,17987,0
20180122,26.99,27.067,26.904,27.067,11453,0
20180123,26.953,27.133,26.953,27.077,28994,0
20180124,27.304,27.388,27.219,27.219,23338,0
20180125,27.409,27.531,27.245,27.343,57633,0
20180126,27.288,27.492,27.288,27.483,10334,0
20180129,27.152,27.152,27.048,27.058,18482,0
20180130,26.913,27.009,26.686,26.686,50181,0
20180131,27.123,27.217,26.933,26.973,44837,0
20180201,26.923,26.99,26.715,26.867,61421,0
20180202,26.468,26.535,26.258,26.327,14204,0
20180205,26.248,26.398,25.506,25.571,13864,0
20180206,25.487,26.33,25.487,26.039,67353,0
20180207,25.859,26.081,25.488,25.563,19158,0
20180208,25.661,25.661,24.794,24.794,14148,0
20180209,25.449,25.469,25.449,25.449,10318,0
20180212,25.669,25.954,25.467,25.82,45371,0
20180213,25.764,25.974,25.744,25.898,495633,0
20180214,25.878,26.4,25.878,26.345,35828,0
20180215,26.79,26.859,26.39,26.646,82453,0
20180216,26.468,26.581,26.191,26.296,73020,0
20180220,26.211,26.211,26.099,26.172,33785,0
20180221,26.353,26.542,26.249,26.296,14038,0
20180222,26.229,26.471,26.229,26.353,16192,0
20180223,26.619,26.781,26.517,26.781,30710,0
20180226,26.819,26.922,26.671,26.901,10366,0
20180227,26.439,26.552,26.301,26.306,8236,0
20180228,26.105,26.206,26.105,26.115,11960,0
20180301,26.118,26.229,25.84,25.954,5521,0
20180302,25.65,26.068,25.65,26.029,26256,0
20180305,25.906,26.181,25.906,26.181,21449,0
20180306,26.348,26.4,26.152,26.152,8846,0
20180307,26.119,26.18,25.945,26.135,24809,0
20180308,26.178,26.178,25.992,26.048,65806,0
20180309,26.362,26.573,26.353,26.534,11588,0
20180312,26.61,26.669,26.549,26.636,11270,0
20180313,26.641,26.641,26.367,26.372,8537,0
20180314,26.553,26.553,26.266,26.353,10712,0
20180315,26.439,26.439,26.191,26.22,8904,0
20180316,26.224,26.238,26.212,26.238,5104,0
20180319,26.115,26.115,25.859,25.961,8829,0
20180320,26.115,26.286,26.115,26.232,8473,0
20180321,26.229,26.412,26.224,26.412,4736,0
20180322,25.963,25.995,25.678,25.696,15168,0
20180323,25.656,25.669,25.355,25.439,46800,0
20180326,25.854,25.854,25.611,25.82,5906,0
20180327,25.77,25.925,25.467,25.487,59100,0
20180328,25.487,25.487,25.269,25.401,15517,0
20180329,25.449,25.82,25.449,25.724,25966,0
20180402,25.84,25.84,25.311,25.345,6072,0
20180403,25.66,25.724,25.601,25.659,2339,0
20180404,25.269,25.782,25.269,25.782,19319,0
20180405,25.888,25.982,25.773,25.84,16536,0
20180406,25.583,25.718,25.279,25.384,25091,0
20180409,25.345,25.387,25.213,25.258,4346,0
20180410,25.389,25.526,25.365,25.511,5290,0
20180411,25.458,25.791,25.458,25.56,7233,0
20180412,25.573,25.724,25.573,25.724,7602,0
20180413,25.696,25.696,25.477,25.536,21805,0
20180416,25.467,25.632,25.467,25.584,17563,0
20180417,25.477,25.764,25.477,25.669,530987,0
20180418,25.678,25.916,25.678,25.906,18186,0
20180419,25.792,25.848,25.621,25.678,17871,0
20180420,25.514,25.514,25.344,25.44,19177,0
20180423,25.261,25.355,25.115,25.22,9514,0
20180424,25.315,25.315,25.012,25.012,38113,0
20180425,25.021,25.088,24.925,25.088,52371,0
20180426,25.183,25.345,25.153,25.307,16892,0
20180427,25.394,25.394,25.288,25.374,6321,0
20180430,25.536,25.536,25.155,25.165,35016,0
20180501,24.831,25.183,24.821,25.136,42275,0
20180502,25.136,25.138,25.088,25.138,2406,0
20180503,24.794,24.974,24.655,24.936,35865,0
20180504,24.849,25.021,24.849,24.965,15395,0
20180507,24.898,24.945,24.746,24.813,12208,0
20180508,24.813,24.907,24.727,24.879,18584,0
20180509,24.859,25.021,24.774,24.983,25425,0
20180510,25.156,25.355,25.137,25.288,31553,0
20180511,25.22,25.279,25.059,25.24,12971,0
20180514,25.199,25.199,25.117,25.117,18442,0
20180515,24.764,24.764,24.53,24.593,16880,0
20180516,24.879,25.25,24.879,25.25,17960,0
20180517,24.803,24.839,24.646,24.765,8867,0
20180518,24.47,24.508,24.423,24.47,19846,0
20180521,24.517,24.667,24.517,24.575,5272,0
20180522,24.67,24.909,24.67,24.849,16096,0
20180523,24.517,24.898,24.517,24.764,11879,0
20180524,24.869,24.869,24.566,24.756,7218,0
20180525,24.972,24.972,24.796,24.879,17522,0
20180529,24.685,24.688,24.403,24.428,23933,0
20180530,24.831,24.869,24.57,24.869,10677,0
20180531,24.849,24.897,24.567,24.764,5870,0
20180601,24.969,25.019,24.965,24.965,4823,0
20180604,25.167,25.22,25.166,25.213,17119,0
20180605,25.154,25.175,25.069,25.113,5887,0
20180606,25.203,25.331,25.107,25.331,18657,0
20180607,25.059,25.175,24.774,24.879,159477,0
20180608,24.718,24.898,24.718,24.888,9499,0
20180611,24.821,24.895,24.794,24.849,8430,0
20180612,24.709,24.877,24.709,24.821,8700,0
20180613,24.764,24.993,24.651,24.67,8882,0
20180614,24.624,24.669,24.508,24.556,31393,0
20180615,24.308,24.39,24.296,24.39,7809,0
20180618,24,24.089,23.909,24.023,8041,0
20180619,23.585,23.995,23.585,23.9,10243,0
20180620,24.23,24.23,24.098,24.137,3466,0
20180621,23.814,23.995,23.806,23.87,11094,0
20180622,24.097,24.103,23.995,24.013,31521,0
20180625,23.784,23.816,23.592,23.816,120219,0
20180626,23.985,23.985,23.717,23.726,14230,0
20180627,23.707,23.707,23.38,23.38,10318,0
20180628,23.487,23.506,23.208,23.38,56109,0
20180629,23.678,23.885,23.678,23.804,11949,0
20180702,23.457,23.662,23.457,23.648,4261,0
20180703,23.764,23.83,23.688,23.688,2727,0
20180705,23.813,23.821,23.707,23.784,22612,0
20180706,24.041,24.118,23.995,23.995,9237,0
20180709,24.281,24.521,24.281,24.502,11015,0
20180710,24.338,24.386,24.29,24.36,12033,0
20180711,24.143,24.143,24.018,24.052,5436,0
20180712,24.272,24.367,24.272,24.348,9847,0
20180713,24.33,24.377,24.281,24.29,18683,0
20180716,24.205,24.223,24.138,24.178,9769,0
20180717,24.09,24.31,24.09,24.253,14129,0
20180718,24.223,24.281,24.142,24.263,6519,0
20180719,23.918,23.966,23.814,23.927,8688,0
20180720,23.995,24.196,23.995,24.144,50313,0
20180723,24.138,24.138,23.998,24.013,3977,0
20180724,24.233,24.367,24.197,24.248,6286,0
20180725,24.463,24.472,24.343,24.472,2856,0
20180726,24.436,24.453,24.365,24.426,40998,0
20180727,24.473,24.608,24.454,24.521,7076,0
20180730,24.636,24.636,24.473,24.473,3885,0
20180731,24.492,24.531,24.427,24.488,23511,0
20180801,24.348,24.446,24.338,24.446,11000,0
20180802,24.033,24.138,24.033,24.138,17419,0
20180803,24.14,24.213,24.14,24.187,9462,0
20180806,23.966,24.052,23.966,24.023,9249,0
20180807,24.281,24.325,24.206,24.233,12216,0
20180808,24.131,24.263,24.131,24.253,13951,0
20180809,24.223,24.237,24.082,24.082,5103,0
20180810,23.698,23.698,23.564,23.666,4855,0
20180813,23.334,23.398,23.161,23.189,15822,0
20180814,23.315,23.443,23.315,23.43,4906,0
20180815,22.99,22.99,22.662,22.911,9578,0
20180816,23.016,23.127,22.951,22.951,12031,0
20180817,22.78,23.122,22.78,23.066,12351,0
20180820,23.007,23.111,23.007,23.016,26752,0
20180821,23.353,23.53,23.353,23.42,12415,0
20180822,23.573,23.63,23.526,23.578,9868,0
20180823,23.564,23.564,23.268,23.268,6749,0
20180824,23.44,23.648,23.44,23.648,9848,0
20180827,23.94,23.966,23.823,23.889,12076,0
20180828,23.972,23.995,23.943,23.985,25880,0
20180829,23.88,24.157,23.88,24.148,6396,0
20180830,23.84,23.84,23.549,23.549,9002,0
20180831,23.607,23.744,23.602,23.744,3756,0
20180904,23.18,23.18,22.99,22.99,11013,0
20180905,22.902,22.902,22.749,22.749,6304,0
20180906,22.768,22.893,22.768,22.893,3289,0
20180907,22.909,22.949,22.729,22.729,12700,0
20180910,22.652,22.652,22.442,22.51,19497,0
20180911,22.328,22.529,22.147,22.529,12033,0
20180912,22.376,22.652,22.376,22.596,8345,0
20180913,22.855,22.988,22.749,22.883,6770,0
20180914,22.921,23.015,22.808,22.911,4988,0
20180917,22.739,22.739,22.616,22.616,11270,0
20180918,22.701,22.902,22.701,22.798,8318,0
20180919,22.97,23.122,22.97,23.026,3090,0
20180920,23.208,23.343,23.2,23.267,6624,0
20180921,23.243,23.362,23.243,23.295,9106,0
20180924,23.141,23.161,23.069,23.131,2030,0
20180925,23.277,23.277,23.166,23.245,3725,0
20180926,23.131,23.248,23.084,23.2,29290,0
20180927,23.172,23.272,23.114,23.161,50932,0
20180928,23.161,23.209,23.065,23.171,10774,0
20181001,23.161,23.265,23.122,23.122,17925,0
20181002,22.909,22.963,22.867,22.958,5678,0
20181003,22.896,22.909,22.463,22.532,22313,0
20181004,22.232,22.279,21.874,21.98,65719,0
20181005,21.975,21.996,21.807,21.95,27933,0
20181008,21.788,22.096,21.788,22.096,4842,0
20181009,21.854,22.029,21.766,21.97,23545,0
20181010,21.581,21.603,21.321,21.321,24047,0
20181011,21.451,21.451,21.117,21.215,19769,0
20181012,21.662,21.78,21.564,21.709,28938,0
20181015,21.573,21.691,20.711,21.642,5600,0
20181016,21.807,22.106,21.807,22.077,9813,0
20181017,21.912,21.942,21.729,21.729,80270,0
20181018,21.546,21.633,21.264,21.313,30321,0
20181019,21.603,21.732,21.583,21.681,19030,0
20181022,21.894,21.894,21.699,21.709,117064,0
20181023,21.293,21.699,21.293,21.652,65015,0
20181024,21.458,21.458,20.895,20.895,16390,0
20181025,20.993,21.38,20.993,21.313,23478,0
20181026,20.926,21.042,20.722,20.945,38032,0
20181029,20.984,20.993,20.393,20.48,63235,0
20181030,20.587,20.828,20.55,20.8,15677,0
20181031,21.169,21.205,21.032,21.085,44322,0
20181101,21.41,21.844,21.41,21.844,28463,0
20181102,22.156,22.31,21.909,22.077,32383,0
20181105,22.125,22.172,22.029,22.172,10828,0
20181106,21.96,22.048,21.922,21.99,8707,0
20181107,22.29,22.551,22.242,22.503,62275,0
20181108,22.136,22.146,21.834,21.894,34621,0
20181109,21.633,21.633,21.455,21.583,8098,0
20181112,21.516,21.516,21.313,21.341,51719,0
20181113,21.593,21.814,21.543,21.681,13055,0
20181114,21.843,21.843,21.626,21.768,19509,0
20181115,21.768,22.284,21.768,22.136,18391,0
20181116,21.913,22.279,21.913,22.232,8751,0
20181119,22.043,22.077,21.894,21.97,9318,0
20181120,21.642,21.797,21.477,21.477,25956,0
20181121,22.048,22.096,21.96,21.965,6516,0
20181123,21.681,21.778,21.652,21.672,23585,0
20181126,21.985,22.038,21.854,21.949,16805,0
20181127,21.854,22.058,21.743,22,18037,0
20181128,22.202,22.621,22.096,22.59,18445,0
20181129,22.513,22.537,22.406,22.415,15915,0
20181130,22.329,22.379,22.29,22.352,13700,0
20181203,22.998,22.998,22.706,22.937,46801,0
20181204,22.909,22.909,22.415,22.43,17912,0
20181206,21.854,22.159,21.681,22.159,10245,0
20181207,22.059,22.059,21.733,21.733,91477,0
20181210,21.46,21.623,21.315,21.623,38274,0
20181211,21.807,21.854,21.637,21.8,26454,0
20181212,22.146,22.262,22.096,22.096,13908,0
20181213,22.096,22.252,22.079,22.087,54972,0
20181214,21.848,21.973,21.807,21.909,29936,0
20181217,21.788,21.823,21.546,21.627,46467,0
20181218,21.729,21.904,21.729,21.807,27038,0
20181219,21.797,21.983,21.313,21.431,41606,0
20181220,21.768,21.768,21.476,21.617,26588,0
20181221,21.583,21.778,21.341,21.38,42578,0
20181224,21.42,21.522,21.345,21.345,7159,0
20181226,21.37,21.555,21.233,21.555,44884,0
20181227,21.292,21.583,21.253,21.575,25021,0
20181228,21.722,21.81,21.575,21.722,55975,0
20181231,21.847,21.847,21.551,21.674,17015,0
20190102,21.41,21.741,21.41,21.741,5352,0
20190103,21.37,21.37,21.167,21.263,20604,0
20190104,21.439,21.945,21.439,21.81,20930,0
20190107,21.791,21.898,21.751,21.868,18837,0
20190108,21.81,21.895,21.766,21.828,6994,0
20190109,22.073,22.269,22.073,22.142,15725,0
20190110,22.271,22.423,22.229,22.376,13258,0
20190111,22.267,22.337,22.249,22.287,10830,0
20190114,22.122,22.249,22.073,22.17,22067,0
20190115,22.337,22.385,22.279,22.307,15290,0
20190116,22.423,22.687,22.423,22.6,16697,0
20190117,22.481,22.716,22.408,22.687,21180,0
20190118,22.638,22.824,22.638,22.746,6821,0
20190122,22.52,22.536,22.357,22.386,4695,0
20190123,22.58,22.785,22.541,22.785,228370,0
20190124,22.697,22.941,22.697,22.941,50134,0
20190125,23.194,23.272,23.184,23.253,9651,0
20190128,22.873,23.008,22.839,22.981,43329,0
20190129,23.018,23.124,22.951,23.106,14434,0
20190130,23.184,23.652,23.124,23.623,39144,0
20190131,23.623,23.739,23.537,23.712,24671,0
20190201,23.613,23.613,23.453,23.478,12787,0
20190204,23.468,23.692,23.468,23.566,5840,0
20190205,23.605,23.936,23.605,23.868,15653,0
20190206,23.78,23.78,23.595,23.613,13818,0
20190207,23.507,23.527,23.312,23.527,11698,0
20190208,23.253,23.389,23.224,23.389,5177,0
20190211,23.468,23.468,23.282,23.296,6254,0
20190212,23.449,23.575,23.449,23.566,10316,0
20190213,23.642,23.642,23.369,23.409,22577,0
20190214,23.292,23.556,23.234,23.449,23590,0
20190215,23.292,23.409,23.292,23.409,18294,0
20190219,23.341,23.682,23.341,23.682,29281,0
20190220,23.823,23.823,23.692,23.712,5853,0
20190221,23.605,23.702,23.605,23.667,7549,0
20190222,23.877,24.063,23.877,23.907,14683,0
20190225,24.228,24.384,24.214,24.258,6866,0
20190226,24.104,24.208,24.104,24.131,6600,0
20190227,23.887,23.918,23.867,23.867,5703,0
20190228,23.676,23.702,23.605,23.672,5476,0
20190301,23.772,23.772,23.702,23.718,2124,0
20190304,23.838,23.959,23.645,23.82,20526,0
20190305,23.926,24.169,23.926,24.068,12374,0
20190306,24.029,24.045,23.887,23.887,8019,0
20190307,23.635,23.681,23.444,23.456,8017,0
20190308,23.194,23.389,23.194,23.302,10319,0
20190311,23.537,23.809,23.537,23.766,5363,0
20190312,23.926,23.946,23.77,23.85,6409,0
20190313,23.956,23.985,23.857,23.966,3849,0
20190314,23.828,23.828,23.615,23.79,13537,0
20190315,23.916,24.171,23.916,24.091,6325,0
20190318,24.36,24.364,24.302,24.364,2482,0
20190319,24.452,24.521,24.444,24.444,5711,0
20190320,24.414,24.638,24.164,24.619,4352,0
20190321,24.404,24.505,24.269,24.505,11707,0
20190322,24.075,24.171,23.776,23.862,9989,0
20190325,23.78,23.908,23.78,23.905,5200,0
20190326,23.936,24.029,23.907,23.956,5054,0
20190327,23.985,23.985,23.642,23.74,11191,0
20190328,23.76,23.985,23.76,23.985,19842,0
20190329,24.269,24.369,24.172,24.18,10799,0
20190401,24.63,24.63,24.522,24.577,3126,0
20190402,24.488,24.571,24.473,24.483,3943,0
20190403,24.727,24.834,24.655,24.746,31904,0
20190404,24.824,24.933,24.796,24.894,10557,0
20190405,24.972,25.088,24.904,24.962,17818,0
20190408,24.796,25.01,24.796,24.913,3674,0
20190409,24.962,25.01,24.923,24.938,11062,0
20190410,25.04,25.157,25.04,25.088,22922,0
20190411,24.854,24.945,24.776,24.806,5232,0
20190412,25.071,25.146,25.03,25.075,3978,0
20190415,25.02,25.02,24.806,24.844,5705,0
20190416,24.948,25.04,24.943,25.02,10426,0
20190417,25.274,25.274,25.079,25.079,10978,0
20190418,25.04,25.138,24.962,25.06,4336,0
20190422,24.884,24.923,24.835,24.904,11866,0
20190423,24.831,24.932,24.831,24.889,7161,0
20190424,24.659,24.689,24.532,24.689,14942,0
20190425,24.493,24.493,24.405,24.446,3025,0
20190426,24.542,24.561,24.492,24.512,1995,0
20190429,24.522,24.58,24.501,24.532,13016,0
20190430,24.493,24.727,24.493,24.666,8552,0
20190501,24.669,24.77,24.669,24.669,4114,0
20190502,24.512,24.512,24.432,24.459,1376,0
20190503,24.6,24.776,24.6,24.759,14780,0
20190506,23.887,24.219,23.887,24.219,7616,0
20190507,23.966,23.966,23.682,23.682,4760,0
20190508,23.75,23.952,23.75,23.897,2861,0
20190509,23.301,23.438,23.216,23.364,8625,0
20190510,23.565,23.76,23.396,23.76,5184,0
20190513,23.067,23.067,22.734,22.862,12464,0
20190514,23.057,23.193,23.046,23.183,4441,0
20190515,23.183,23.233,23.174,23.233,6747,0
20190516,23.203,23.225,23.057,23.105,4530,0
20190517,22.76,22.76,22.645,22.645,1440,0
20190520,22.397,22.588,22.397,22.5,25363,0
20190521,22.574,22.803,22.574,22.803,5302,0
20190522,22.813,22.813,22.696,22.793,2665,0
20190523,22.405,22.451,22.294,22.406,32919,0
20190524,22.578,22.578,22.426,22.529,12216,0
20190528,22.725,22.725,22.521,22.521,23643,0
20190529,22.548,22.634,22.539,22.605,6357,0
20190530,22.742,22.778,22.719,22.744,8217,0
20190531,22.744,22.966,22.725,22.96,9596,0
20190603,23.077,23.184,23.077,23.134,3501,0
20190604,22.949,23.029,22.919,23.007,8410,0
20190605,22.999,22.999,22.871,22.871,7104,0
20190606,22.929,23.094,22.842,22.969,45101,0
20190607,22.949,23.264,22.949,23.096,14006,0
20190610,23.272,23.495,23.272,23.388,8355,0
20190611,23.646,23.73,23.565,23.565,9511,0
20190612,23.423,23.506,23.363,23.41,18485,0
20190613,23.516,23.516,23.272,23.272,11198,0
20190614,23.183,23.241,23.115,23.115,28599,0
20190617,23.105,23.243,23.105,23.144,8342,0
20190618,23.35,23.77,23.35,23.682,22183,0
20190619,23.682,24.003,23.682,23.838,36383,0
20190620,24.229,24.297,24.121,24.229,8335,0
20190621,24.141,24.2,24.044,24.151,10835,0
20190624,24.2,24.25,24.129,24.18,20148,0
20190625,24.063,24.199,23.905,23.905,7270,0
20190626,24.074,24.23,24.074,24.111,20965,0
20190627,24.18,24.397,24.18,24.338,6274,0
20190628,24.22,24.387,24.2,24.387,10843,0
20190701,24.761,24.86,24.468,24.604,18236,0
20190702,24.584,24.673,24.476,24.614,4511,0
20190703,24.437,24.486,24.417,24.462,11498,0
20190705,24.205,24.278,24.172,24.278,3643,0
20190708,24.04,24.19,23.994,24.052,13598,0
20190709,23.855,24.023,23.855,23.944,6658,0
20190710,24.27,24.288,24.131,24.23,8895,0
20190711,24.265,24.265,24.062,24.139,7028,0
20190712,24.042,24.131,24.003,24.097,60460,0
20190715,24.168,24.21,24.101,24.171,13437,0
20190716,24.206,24.317,24.19,24.25,2734,0
20190717,24.225,24.278,24.151,24.161,13985,0
20190718,24.161,24.308,24.082,24.289,5889,0
20190719,24.395,24.395,24.101,24.205,3008,0
20190722,24.216,24.377,24.161,24.18,12784,0
20190723,24.288,24.288,24.091,24.205,8213,0
20190724,24.111,24.278,24.111,24.225,5257,0
20190725,24.114,24.114,24.013,24.034,6882,0
20190726,24.023,24.16,24.023,24.16,1635,0
20190729,23.974,24.015,23.905,24.015,2433,0
20190730,23.952,23.964,23.797,23.855,7607,0
20190731,23.816,23.826,23.609,23.658,9915,0
20190801,23.718,23.781,23.149,23.186,7467,0
20190802,23.083,23.083,22.87,22.979,3981,0
20190805,22.526,22.526,22.003,22.003,9842,0
20190806,22.317,22.546,22.311,22.546,9286,0
20190807,22.181,22.625,22.181,22.625,13186,0
20190808,22.663,22.886,22.663,22.841,6040,0
20190809,22.582,22.713,22.536,22.595,5726,0
20190812,22.403,22.456,22.152,22.152,73895,0
20190813,22.595,22.664,22.447,22.447,20022,0
20190814,22.063,22.093,21.851,21.872,42274,0
20190815,21.96,22.063,21.944,21.974,5719,0
20190816,22.21,22.28,22.171,22.22,6995,0
20190819,22.496,22.496,22.329,22.349,3283,0
20190820,22.479,22.496,22.417,22.417,9714,0
20190821,22.615,22.703,22.615,22.658,11042,0
20190822,22.516,22.516,22.349,22.349,4636,0
20190823,22.319,22.401,22.003,22.033,5114,0
20190826,22.19,22.23,22.143,22.181,10988,0
20190827,22.349,22.359,22.265,22.302,9299,0
20190828,22.152,22.309,22.104,22.24,24357,0
20190829,22.476,22.555,22.422,22.526,3100,0
20190830,22.625,22.663,22.565,22.63,2127,0
20190903,22.456,22.57,22.456,22.57,4490,0
20190904,22.883,22.969,22.831,22.959,19182,0
20190905,23.126,23.284,23.126,23.246,5077,0
20190906,23.412,23.412,23.329,23.347,2172,0
20190909,23.451,23.452,23.294,23.382,40425,0
20190910,23.304,23.392,23.304,23.372,8019,0
20190911,23.392,23.57,23.392,23.511,7657,0
20190912,23.648,23.875,23.648,23.751,23732,0
20190913,23.895,23.931,23.82,23.875,9828,0
20190916,23.787,23.787,23.545,23.658,37720,0
20190917,23.64,23.654,23.599,23.635,4153,0
20190918,23.689,23.727,23.524,23.638,6786,0
20190919,23.648,23.663,23.609,23.609,8289,0
20190920,23.66,23.66,23.532,23.638,4726,0
20190923,23.599,23.688,23.541,23.589,3893,0
20190924,23.619,23.619,23.39,23.474,12085,0
20190925,23.42,23.42,23.201,23.356,6601,0
20190926,23.38,23.428,23.37,23.428,2233,0
20190927,23.54,23.54,23.191,23.191,1389,0
20190930,23.39,23.48,23.34,23.34,9347,0
20191001,23.231,23.301,23.141,23.141,120290,0
20191002,23.22,23.22,23.055,23.062,10472,0
20191003,23.181,23.379,23.181,23.311,44178,0
20191004,23.36,23.51,23.325,23.484,5825,0
20191007,23.336,23.45,23.181,23.181,2157,0
20191008,23.34,23.34,23.201,23.201,2061,0
20191009,23.392,23.46,23.35,23.35,11544,0
20191010,23.46,23.716,23.46,23.607,9541,0
20191011,23.905,24.023,23.905,24.013,6367,0
20191014,23.882,23.938,23.838,23.878,6322,0
20191015,23.998,24.047,23.993,24.047,4751,0
20191016,24.028,24.097,23.988,24.04,7856,0
20191017,24.237,24.237,24.097,24.177,3236,0
20191018,24.107,24.111,24.038,24.067,8910,0
20191021,23.958,24.107,23.958,24.088,3807,0
20191022,24.176,24.176,24.131,24.153,4193,0
20191023,24.177,24.213,24.157,24.182,4962,0
20191024,24.262,24.262,24.178,24.187,4159,0
20191025,24.247,24.355,24.247,24.297,6642,0
20191028,24.458,24.528,24.416,24.476,4576,0
20191029,24.386,24.406,24.316,24.352,4098,0
20191030,24.27,24.456,24.207,24.42,8453,0
20191031,24.227,24.227,24.097,24.137,14618,0
20191101,24.416,24.565,24.416,24.537,2600,0
20191104,24.774,24.883,24.774,24.86,5826,0
20191105,24.986,24.987,24.904,24.949,4566,0
20191106,24.894,24.894,24.824,24.824,3394,0
20191107,25.069,25.163,25.013,25.083,9843,0
20191108,24.894,24.894,24.813,24.834,5774,0
20191111,24.555,24.759,24.446,24.575,9916,0
20191112,24.655,24.655,24.446,24.506,5827,0
20191113,24.296,24.376,24.257,24.366,6499,0
20191114,24.288,24.288,24.204,24.284,4344,0
20191115,24.506,24.564,24.469,24.506,4913,0
20191118,24.386,24.525,24.386,24.484,7317,0
20191119,24.631,24.665,24.565,24.615,1328,0
20191120,24.506,24.667,24.496,24.496,6315,0
20191121,24.41,24.491,24.41,24.446,4624,0
20191122,24.476,24.476,24.381,24.381,13976,0
20191125,24.625,24.635,24.535,24.631,11152,0
20191126,24.565,24.565,24.376,24.51,9138,0
20191127,24.511,24.54,24.417,24.417,2015,0
20191129,24.217,24.217,24.132,24.132,591,0
20191202,24.207,24.237,24.167,24.199,6953,0
20191203,24.024,24.097,23.998,24.057,15119,0
20191204,24.257,24.381,24.257,24.346,1840,0
20191205,24.456,24.456,24.366,24.4,3926,0
20191206,24.555,24.654,24.555,24.575,10182,0
20191209,24.595,24.595,24.501,24.501,5790,0
20191210,24.515,24.645,24.515,24.645,4333,0
20191211,24.79,25.002,24.764,24.904,18509,0
20191212,25.111,25.362,25.111,25.242,17189,0
20191213,25.252,25.471,25.193,25.471,115838,0
20191216,25.551,25.689,25.551,25.616,5971,0
20191217,25.561,25.741,25.561,25.681,28232,0
20191218,25.82,25.84,25.75,25.79,15044,0
20191219,25.738,25.83,25.69,25.83,12820,0
20191220,25.77,25.828,25.741,25.8,7312,0
20191223,25.8016,25.8377,25.741,25.79,9751,0
20191224,25.86,25.89,25.7116,25.79,4085,0
20191226,25.86,26.03,25.86,25.965,14006,0
20191227,26.0979,26.14,26.04,26.075,9126,0
20191230,26.155,26.2257,25.94,25.94,13023,0
20191231,26.1,26.25,26.0506,26.25,8389,0
20200102,26.49,26.6328,26.4257,26.6,36609,0
20200103,26.27,26.2905,26.12,26.12,17896,0
20200106,25.9,26.13,25.9,26.09,9544,0
20200107,26.1059,26.11,26.0431,26.075,7627,0
20200108,26,26.31,26,26.24,9787,0
20200109,26.3942,26.3942,26.275,26.3,32245,0
20200110,26.51,26.57,26.45,26.4601,5397,0
20200113,26.55,26.91,26.55,26.85,17495,0
20200114,26.71,26.84,26.71,26.75,19702,0
20200115,26.76,26.76,26.6,26.6001,4903,0
20200116,26.81,26.85,26.77,26.77,9984,0
20200117,26.89,27.03,26.86,27.03,41931,0
20200121,26.53,26.5599,26.28,26.3492,7076,0
20200122,26.55,26.6809,26.5001,26.54,6611,0
20200123,26.21,26.3482,26.0527,26.315,9578,0
