Date,Open,High,Low,Close,Volume,OpenInt
20130729,21.689,21.771,21.547,21.618,26661,0
20130730,21.728,21.745,21.608,21.68,27832,0
20130731,21.918,22.134,21.918,22.03,57823,0
20130801,22.332,22.495,22.241,22.495,103914,0
20130802,22.415,22.415,22.299,22.374,16642,0
20130805,22.415,22.452,22.292,22.452,115066,0
20130806,22.382,22.382,22.124,22.224,21882,0
20130807,22.046,22.069,21.976,22.037,6125,0
20130808,22.263,22.272,22.108,22.241,6827,0
20130809,22.161,22.195,22.108,22.143,2449,0
20130812,22.021,22.257,22.021,22.256,9065,0
20130813,22.272,22.332,22.092,22.321,9040,0
20130814,22.292,22.292,22.219,22.224,7653,0
20130815,22.196,22.196,21.728,21.771,15774,0
20130816,21.745,21.771,21.689,21.755,5552,0
20130819,21.704,21.745,21.519,21.519,5684,0
20130820,21.529,21.836,21.529,21.832,4982,0
20130821,21.78,21.875,21.565,21.673,13465,0
20130822,21.68,27.73,21.654,21.942,5732,0
20130823,21.967,21.995,21.91,21.995,4493,0
20130826,22.027,22.147,21.931,21.931,6552,0
20130827,22.034,22.034,21.394,21.422,9598,0
20130828,21.432,21.524,21.432,21.483,6716,0
20130829,21.432,21.717,21.432,21.604,4999,0
20130830,21.712,21.712,21.283,21.283,9068,0
20130903,21.742,22.603,21.332,21.44,4291,0
20130904,21.44,21.692,21.44,21.649,20902,0
20130905,21.659,21.766,21.659,21.756,8151,0
20130906,21.485,21.817,21.466,21.684,10466,0
20130909,21.742,22.026,21.742,22,9272,0
20130910,22.165,22.238,22.088,22.229,19869,0
20130911,22.196,22.288,22.18,22.18,16483,0
20130912,22.278,22.278,22.103,22.104,9687,0
20130913,22.12,22.207,22.12,22.207,1724,0
20130916,22.476,22.476,22.298,22.298,18304,0
20130917,22.339,22.476,22.339,22.476,10487,0
20130918,22.352,22.746,22.298,22.686,9662,0
20130919,22.731,22.731,22.535,22.603,55475,0
20130920,22.552,22.584,22.508,22.508,6067,0
20130923,22.471,22.471,22.365,22.383,899,0
20130924,22.391,22.673,22.391,22.57,4711,0
20130925,22.462,22.65,22.452,22.48,15968,0
20130926,22.57,22.681,22.489,22.631,12294,0
20130927,22.631,22.631,22.57,22.606,13275,0
20130930,22.293,22.696,22.293,22.641,4820,0
20131001,22.878,22.878,22.85,22.877,574,0
20131002,22.83,22.859,22.785,22.785,4826,0
20131003,22.812,22.812,22.424,22.621,5742,0
20131004,22.548,22.75,22.548,22.64,5059,0
20131007,22.489,22.489,22.374,22.408,8735,0
20131008,22.263,22.263,22.055,22.134,4826,0
20131009,22.014,22.115,21.893,22.021,4597,0
20131010,22.391,22.621,22.391,22.614,1478,0
20131011,22.54,22.924,22.54,22.924,4474,0
20131014,22.928,23.102,22.928,23.065,6724,0
20131015,23.102,23.102,22.928,22.978,10880,0
20131016,23.171,23.29,23.152,23.29,23172,0
20131017,23.217,23.418,23.217,23.418,28143,0
20131018,23.6,23.723,23.557,23.723,14706,0
20131021,23.837,23.837,23.694,23.702,14801,0
20131022,23.856,23.916,23.727,23.761,21803,0
20131023,23.659,23.777,23.595,23.743,45337,0
20131024,23.743,23.889,23.719,23.811,23413,0
20131025,23.828,23.828,23.659,23.811,5855,0
20131028,23.871,24.067,23.734,23.881,5508,0
20131029,24.102,24.111,23.761,23.811,8728,0
20131030,23.761,23.761,23.483,23.579,34086,0
20131031,23.554,23.702,23.554,23.588,28448,0
20131101,23.56,23.685,23.257,23.492,7803,0
20131104,23.386,23.777,23.386,23.719,23184,0
20131105,23.573,23.77,23.492,23.748,2753,0
20131106,23.847,23.847,23.516,23.543,24441,0
20131107,23.595,23.677,23.184,23.184,9757,0
20131108,23.413,23.525,23.413,23.516,15723,0
20131111,23.377,23.614,23.377,23.614,2890,0
20131112,23.588,23.595,23.525,23.579,10674,0
20131113,23.516,23.824,23.516,23.824,2369,0
20131114,23.871,23.871,23.77,23.777,5054,0
20131115,23.871,23.959,23.734,23.907,8608,0
20131118,24.044,24.044,23.761,23.801,18476,0
20131119,23.958,23.958,23.677,23.847,857,0
20131120,23.861,23.926,23.651,23.752,16522,0
20131121,23.752,24.161,23.752,24.075,9067,0
20131122,24.054,24.243,24.054,24.243,9397,0
20131125,24.212,24.322,24.156,24.156,11695,0
20131126,24.286,24.469,24.243,24.469,3211,0
20131127,24.417,24.575,24.411,24.417,5162,0
20131129,24.67,24.67,24.566,24.575,24529,0
20131202,24.593,24.593,24.252,24.252,5273,0
20131203,24.295,24.295,24.011,24.04,9515,0
20131204,23.982,24.063,23.815,24.063,1266,0
20131205,23.992,24.054,23.964,24.004,1594,0
20131206,24.322,24.377,24.202,24.243,5731,0
20131209,24.331,24.331,24.193,24.233,29121,0
20131210,24.202,24.226,24.054,24.072,5162,0
20131211,24.03,24.03,23.664,23.69,8601,0
20131212,23.746,23.866,23.746,23.851,7751,0
20131213,23.806,23.894,23.739,23.851,10317,0
20131216,24.047,24.174,23.949,24.116,8719,0
20131217,24.072,24.193,23.912,24.084,11251,0
20131218,24.098,24.417,24.002,24.417,1608,0
20131219,24.426,24.426,24.358,24.377,1144,0
20131220,24.322,24.653,24.322,24.653,10037,0
20131223,24.75,24.895,24.75,24.895,7108,0
20131224,25.027,25.072,25.027,25.072,8756,0
20131226,25.113,25.113,25.079,25.079,1091,0
20131227,25.248,25.248,24.979,25.037,8470,0
20131230,25.02,25.063,24.971,25.027,17288,0
20131231,25.117,25.117,24.988,24.988,2746,0
20140102,24.864,24.864,24.567,24.632,16043,0
20140103,24.655,24.816,24.655,24.68,23390,0
20140106,24.797,24.797,24.54,24.54,2863,0
20140107,24.831,24.831,24.672,24.752,7441,0
20140108,24.706,24.732,24.576,24.594,6527,0
20140109,24.751,24.751,24.567,24.594,4122,0
20140110,24.594,24.706,24.586,24.698,4122,0
20140113,24.646,24.646,24.234,24.234,5042,0
20140114,24.403,24.632,24.227,24.632,2746,0
20140115,24.664,24.787,24.655,24.769,16144,0
20140116,24.664,24.775,24.664,24.767,4699,0
20140117,24.725,24.761,24.603,24.612,12254,0
20140121,24.68,24.761,24.664,24.69,8821,0
20140122,24.69,24.855,24.68,24.761,7675,0
20140123,24.603,24.655,24.523,24.622,3207,0
20140124,24.212,24.212,24.011,24.011,3748,0
20140127,24.12,24.222,23.751,24.025,17495,0
20140128,23.837,23.907,23.801,23.907,2048,0
20140129,23.769,23.889,23.578,23.631,6060,0
20140130,23.969,24.025,23.955,23.955,2405,0
20140131,23.56,23.889,23.56,23.751,9977,0
20140203,23.743,23.743,22.947,22.969,14581,0
20140204,23.041,23.149,22.961,23.008,5424,0
20140205,22.859,22.995,22.639,22.902,7158,0
20140206,23.004,23.191,23.004,23.096,6892,0
20140207,23.181,23.255,23.075,23.253,5103,0
20140210,23.153,23.21,23.065,23.21,15170,0
20140211,23.273,23.525,23.21,23.473,3741,0
20140212,23.525,23.594,23.522,23.522,2457,0
20140213,23.676,23.701,23.676,23.701,621,0
20140214,23.76,23.926,23.76,23.926,1942,0
20140218,23.955,24.067,23.847,24.067,2370,0
20140219,23.988,24.133,23.916,23.916,4167,0
20140220,23.804,24.084,23.804,24.052,6106,0
20140221,24.154,24.154,24.094,24.094,18161,0
20140224,24.165,24.333,24.165,24.324,2289,0
20140225,24.184,24.203,24.089,24.089,12387,0
20140226,24.175,24.471,24.175,24.471,3418,0
20140227,24.253,24.398,24.253,24.398,12733,0
20140228,24.429,24.605,24.421,24.421,5155,0
20140303,24.28,24.681,24.08,24.244,6433,0
20140304,24.932,25.021,24.932,24.957,18233,0
20140305,24.809,24.865,24.734,24.819,4454,0
20140306,24.915,24.915,24.896,24.896,1339,0
20140307,25.022,25.058,24.94,24.94,3116,0
20140310,24.94,24.957,24.89,24.932,3173,0
20140311,24.932,24.932,24.717,24.717,8480,0
20140312,24.656,24.656,24.647,24.648,2957,0
20140313,24.664,24.664,24.421,24.485,4574,0
20140314,24.462,24.614,24.462,24.614,927,0
20140317,24.734,24.906,24.708,24.734,6336,0
20140318,24.789,25.065,24.779,25.014,11978,0
20140319,25.014,25.022,24.779,24.804,2657,0
20140320,24.915,24.982,24.904,24.904,4129,0
20140321,25.17,25.17,24.99,24.991,7436,0
20140324,24.902,24.907,24.678,24.809,2943,0
20140325,24.862,24.891,24.694,24.862,2752,0
20140326,24.961,24.961,24.51,24.51,4564,0
20140327,24.518,24.518,24.355,24.44,12001,0
20140328,24.573,24.573,24.423,24.458,3795,0
20140331,24.565,24.949,24.565,24.927,1498,0
20140401,24.987,25.221,24.987,25.19,2827,0
20140402,25.238,25.352,25.238,25.299,2364,0
20140403,25.405,25.405,25.231,25.231,4739,0
20140404,25.248,25.248,24.794,24.812,17022,0
20140407,24.618,24.618,24.618,24.618,313,0
20140408,24.415,24.564,24.415,24.519,2742,0
20140409,24.618,24.706,24.529,24.706,3165,0
20140410,24.637,24.637,24.299,24.299,1423,0
20140411,24.066,24.238,24.024,24.024,4862,0
20140414,24.19,24.222,24.073,24.073,932,0
20140415,24.142,24.256,23.938,24.256,6017,0
20140416,24.466,24.519,24.44,24.443,10400,0
20140417,24.483,24.643,24.483,24.643,7615,0
20140421,24.419,24.717,24.419,24.656,15471,0
20140422,24.672,24.89,24.672,24.89,4230,0
20140423,24.699,24.819,24.699,24.771,1774,0
20140424,24.779,24.779,24.647,24.708,2074,0
20140425,24.487,24.506,24.229,24.358,8913,0
20140428,24.323,24.47,23.99,24.323,37449,0
20140429,24.358,24.358,24.332,24.35,2316,0
20140430,24.201,24.358,24.087,24.358,27815,0
20140501,24.163,24.313,24.128,24.313,13143,0
20140502,24.497,24.633,24.479,24.533,3259,0
20140505,24.378,24.396,24.268,24.388,2343,0
20140506,24.259,24.259,24.126,24.126,1019,0
20140507,23.99,24.121,23.822,24.121,1759,0
20140508,24.138,24.36,24.138,24.151,5033,0
20140509,23.918,24.192,23.918,24.163,3594,0
20140512,24.397,24.857,24.397,24.819,7969,0
20140513,24.587,24.594,24.561,24.561,3075,0
20140514,24.419,24.419,24.005,24.005,8704,0
20140515,23.703,24.01,23.608,23.9,81135,0
20140516,23.701,24.018,23.701,24.018,6054,0
20140519,23.956,24.172,23.956,24.128,4450,0
20140520,23.899,23.899,23.718,23.83,2376,0
20140521,23.891,23.891,23.798,23.798,529,0
20140522,23.962,24.138,23.962,24.131,3408,0
20140523,24.119,24.328,24.112,24.299,12459,0
20140527,24.458,24.653,24.415,24.61,3595,0
20140528,24.458,24.629,24.458,24.511,2317,0
20140529,24.507,24.523,24.423,24.523,2125,0
20140530,24.545,24.545,24.399,24.464,2202,0
20140602,24.52,24.52,24.222,24.308,10400,0
20140603,24.337,24.337,24.235,24.288,4424,0
20140604,24.305,24.307,24.214,24.301,2271,0
20140605,24.308,24.834,24.308,24.834,7111,0
20140609,25.072,25.262,25.072,25.188,2057,0
20140610,25.207,25.287,25.063,25.161,1137,0
20140611,24.875,24.952,24.855,24.952,4326,0
20140612,24.674,24.871,24.674,24.746,5272,0
20140613,24.834,24.839,24.834,24.839,1642,0
20140616,24.684,24.791,24.684,24.783,2777,0
20140617,24.844,25.063,24.844,25.02,2850,0
20140618,24.943,25.126,24.943,25.126,8458,0
20140619,25.198,25.198,25.02,25.108,2682,0
20140620,25.117,25.214,25.117,25.214,3745,0
20140623,25.207,25.233,25.207,25.233,732,0
20140624,25.089,25.377,25.089,25.161,3395,0
20140625,24.996,25.143,24.979,25.143,1297,0
20140626,24.942,25.012,24.942,25.012,2692,0
20140627,25.153,25.153,25.153,25.153,594,0
20140630,25.169,25.345,25.161,25.345,5675,0
20140701,25.463,25.788,25.463,25.788,3296,0
20140702,25.696,25.696,25.559,25.609,7383,0
20140707,25.656,25.656,25.426,25.436,4628,0
20140708,25.354,25.372,25.224,25.327,3295,0
20140709,25.269,25.278,25.25,25.265,2640,0
20140710,24.887,25.045,24.857,25.045,2671,0
20140711,24.902,24.938,24.902,24.938,894,0
20140714,25.003,25.055,24.979,25.047,3552,0
20140715,24.952,24.952,24.753,24.753,840,0
20140716,24.814,24.843,24.729,24.843,1578,0
20140717,24.686,24.686,24.438,24.438,6173,0
20140718,24.758,24.853,24.722,24.78,7911,0
20140721,24.618,24.636,24.545,24.631,807,0
20140722,24.794,24.922,24.794,24.86,2297,0
20140723,24.927,24.927,24.823,24.823,518,0
20140724,24.952,24.952,24.833,24.833,2415,0
20140725,24.482,24.554,24.482,24.527,887,0
20140728,24.231,24.405,24.212,24.354,4974,0
20140729,24.482,24.545,24.36,24.36,5167,0
20140730,24.393,24.394,24.334,24.394,1634,0
20140731,24.13,24.14,23.9,23.938,24081,0
20140801,23.833,23.849,23.8,23.822,1334,0
20140804,23.962,23.987,23.891,23.987,2409,0
20140805,23.882,24.147,23.882,24.001,25790,0
20140806,24.13,24.202,24.13,24.147,4103,0
20140807,24.183,24.183,24.115,24.115,783,0
20140808,24.248,24.365,24.248,24.361,738,0
20140811,24.643,24.712,24.573,24.573,2250,0
20140812,24.591,24.591,24.3,24.405,56399,0
20140813,24.473,24.599,24.473,24.599,3357,0
20140814,24.623,24.645,24.623,24.645,1270,0
20140815,24.758,24.758,24.39,24.39,419,0
20140818,24.88,24.952,24.88,24.944,3126,0
20140819,25.038,25.072,25.038,25.072,1159,0
20140820,24.952,24.952,24.758,24.826,1588,0
20140822,25.02,25.02,24.961,24.961,593,0
20140825,25.056,25.056,24.965,24.987,4347,0
20140826,25.072,25.17,25.072,25.151,6584,0
20140827,25.072,25.084,25.038,25.056,4845,0
20140828,24.927,25.028,24.904,24.952,1517,0
20140829,24.87,25.05,24.87,24.986,1473,0
20140902,25.09,25.09,25.073,25.073,1376,0
20140903,25.271,25.271,25.056,25.056,5394,0
20140904,25.199,25.199,25.136,25.183,7357,0
20140905,25.028,25.102,24.952,25.102,2080,0
20140908,25.02,25.02,24.985,24.985,988,0
20140909,24.813,24.813,24.732,24.749,1477,0
20140910,24.749,24.933,24.729,24.933,5485,0
20140911,25.012,25.012,25.012,25.012,146,0
20140912,24.72,24.72,24.72,24.72,444,0
20140915,24.545,24.688,24.545,24.688,2419,0
20140916,24.627,24.767,24.627,24.767,3420,0
20140917,24.814,24.814,24.814,24.814,700,0
20140918,24.87,24.887,24.823,24.887,10958,0
20140919,25.02,25.02,24.525,24.642,738,0
20140922,24.517,24.517,24.311,24.35,2153,0
20140923,24.286,24.296,24.026,24.026,3099,0
20140924,24.219,24.268,24.162,24.172,2157,0
20140925,24.122,24.122,23.897,23.924,3757,0
20140926,24.036,24.114,24.016,24.084,2604,0
20140929,24.096,24.105,24.016,24.016,2545,0
20140930,24.008,24.008,23.915,23.915,570,0
20141001,23.508,23.569,23.417,23.437,3688,0
20141002,23.536,23.713,23.35,23.698,15137,0
20141003,23.834,23.905,23.781,23.781,2931,0
20141006,23.788,23.845,23.698,23.783,4339,0
20141007,23.599,23.599,23.369,23.403,27002,0
20141008,23.237,23.237,23.209,23.237,7733,0
20141009,23.724,23.724,23.229,23.302,3500,0
20141010,23.162,23.385,23.021,23.021,2114,0
20141013,23.135,23.2,23.001,23.011,7101,0
20141014,23.18,23.431,23.18,23.282,6317,0
20141015,23.13,23.618,22.994,23.618,14952,0
20141016,23.343,23.827,23.343,23.74,5342,0
20141017,23.8,24.016,23.695,23.695,3303,0
20141020,23.582,23.856,23.582,23.856,3111,0
20141021,24.026,24.234,24.026,24.234,2343,0
20141022,24.368,24.375,24.059,24.059,3537,0
20141023,24.232,24.48,24.232,24.332,3081,0
20141024,24.269,24.378,24.212,24.378,3813,0
20141027,24.286,24.286,24.06,24.286,467,0
20141028,24.731,24.904,24.731,24.904,1980,0
20141029,25.111,25.172,24.895,24.895,1442,0
20141030,25.218,25.404,25.191,25.191,3260,0
20141031,25.209,25.527,25.209,25.51,3598,0
20141103,25.581,25.581,25.51,25.51,2359,0
20141104,25.51,25.51,25.404,25.492,6884,0
20141105,25.565,25.678,25.48,25.537,1612,0
20141106,25.528,25.574,25.528,25.574,1978,0
20141107,25.702,25.702,25.634,25.634,802,0
20141110,25.741,25.834,25.635,25.635,1582,0
20141111,25.781,25.805,25.669,25.718,4004,0
20141112,25.749,25.86,25.702,25.86,3150,0
20141113,25.964,25.964,25.667,25.667,4868,0
20141114,25.669,25.714,25.66,25.66,855,0
20141117,25.627,25.627,25.431,25.431,1467,0
20141118,25.432,25.597,25.432,25.597,636,0
20141119,25.254,25.289,25.235,25.252,24211,0
20141120,25.318,25.318,25.3,25.315,1577,0
20141121,25.669,25.678,25.531,25.531,2184,0
20141124,25.581,25.581,25.538,25.581,510,0
20141125,25.63,25.658,25.63,25.658,816,0
20141126,25.565,25.669,25.565,25.669,762,0
20141128,25.669,25.723,25.591,25.591,1477,0
20141201,25.263,25.396,25.201,25.224,2084,0
20141202,25.318,25.414,25.318,25.321,4861,0
20141203,25.652,25.654,25.541,25.654,46181,0
20141204,25.453,25.538,25.453,25.538,2145,0
20141205,25.662,25.703,25.598,25.616,5232,0
20141208,25.758,25.758,25.235,25.273,17861,0
20141209,25.029,25.694,25.029,25.694,4115,0
20141210,25.483,25.547,25.218,25.299,3203,0
20141211,25.51,25.51,25.346,25.346,3273,0
20141212,24.853,25.004,24.823,24.92,5748,0
20141215,24.938,24.943,24.665,24.747,3211,0
20141216,24.775,24.928,24.748,24.748,1424,0
20141218,25.475,25.591,25.475,25.518,2624,0
20141219,25.677,25.757,25.58,25.721,17868,0
20141222,25.776,25.802,25.669,25.8,1667,0
20141223,25.935,26.185,25.935,26.099,5765,0
20141224,26.071,26.089,26.071,26.089,269,0
20141226,26.204,26.254,26.204,26.231,7634,0
20141229,26.455,26.455,26.405,26.438,696,0
20141230,26.38,26.38,26.292,26.31,1505,0
20141231,26.381,26.409,26.113,26.113,3257,0
20150102,26.215,26.232,25.678,25.876,5849,0
20150105,25.635,25.669,25.314,25.376,3490,0
20150106,25.31,25.31,24.839,24.985,7713,0
20150107,25.071,25.162,24.949,25.126,12184,0
20150108,25.597,25.654,25.537,25.537,5881,0
20150109,25.475,25.475,25.301,25.331,6178,0
20150112,25.026,25.331,25.026,25.183,8859,0
20150113,25.501,25.723,25.062,25.117,3375,0
20150114,25.108,25.162,24.925,25.154,11323,0
20150115,25.226,25.226,24.771,24.916,7108,0
20150116,24.985,24.985,24.946,24.977,3309,0
20150120,25.061,25.179,24.908,25.072,5349,0
20150121,24.925,25.252,24.925,25.018,7293,0
20150122,25.376,25.662,25.368,25.662,26238,0
20150123,25.687,25.687,25.546,25.546,3042,0
20150126,25.446,25.689,25.436,25.656,18506,0
20150127,25.477,25.674,25.436,25.674,2965,0
20150128,25.621,25.621,25.204,25.204,6438,0
20150129,25.119,25.529,25.119,25.529,3826,0
20150130,25.354,25.354,25.021,25.021,936,0
20150202,24.928,25.042,24.775,24.953,2244,0
20150203,25.699,25.782,25.3,25.766,10553,0
20150204,25.674,25.699,25.631,25.631,3757,0
20150205,25.699,25.915,25.699,25.915,3468,0
20150206,26.061,26.069,25.972,26.069,2061,0
20150209,25.99,26.045,25.873,25.873,2979,0
20150210,25.99,25.99,25.782,25.782,804,0
20150211,25.81,26.007,25.801,25.989,10181,0
20150212,26.131,26.22,26.115,26.194,960,0
20150213,26.339,26.425,26.284,26.425,2948,0
20150217,26.358,26.415,26.323,26.323,1578,0
20150218,26.387,26.415,26.28,26.377,4082,0
20150219,26.415,26.497,26.377,26.481,2661,0
20150220,26.358,26.515,26.358,26.515,5594,0
20150223,26.363,26.388,26.274,26.335,2201,0
20150224,26.363,26.546,26.363,26.458,1603,0
20150225,26.501,26.527,26.429,26.429,6898,0
20150226,26.546,26.636,26.505,26.573,3441,0
20150227,26.617,26.617,26.51,26.51,2010,0
20150302,26.554,26.599,26.476,26.51,10851,0
20150303,26.579,26.579,26.41,26.458,5034,0
20150304,26.198,26.32,26.162,26.275,2461,0
20150305,26.206,26.258,26.179,26.24,2242,0
20150306,26.155,26.155,25.937,25.957,7157,0
20150309,26.074,26.119,26.04,26.119,1679,0
20150310,25.749,25.91,25.693,25.712,2684,0
20150311,25.678,25.749,25.678,25.749,3359,0
20150312,25.995,26.224,25.995,26.206,4251,0
20150313,26.189,26.189,26.022,26.022,557,0
20150316,26.233,26.32,26.155,26.283,5705,0
20150317,26.24,26.392,26.233,26.392,3581,0
20150318,26.501,26.661,26.189,26.661,5705,0
20150319,26.501,26.671,26.501,26.642,3359,0
20150320,26.801,26.987,26.791,26.96,7830,0
20150323,27.049,27.2,27.049,27.115,19067,0
20150324,27.096,27.151,27.058,27.106,4010,0
20150325,27.143,27.158,26.837,26.837,6917,0
20150326,26.598,26.67,26.544,26.641,5462,0
20150327,26.727,26.762,26.651,26.651,2454,0
20150330,26.987,27.176,26.977,27.143,6470,0
20150331,27.016,27.096,26.969,27.016,30331,0
20150401,27.245,27.245,26.837,26.969,5686,0
20150402,26.997,27.2,26.997,27.058,2902,0
20150406,27.049,27.209,27.041,27.2,4344,0
20150407,27.134,27.134,27.092,27.092,3231,0
20150408,27.086,27.086,26.898,27.086,1003,0
20150409,27.049,27.134,26.843,27.016,5484,0
20150410,27.058,27.096,26.997,27.076,4344,0
20150413,27.096,27.096,27.041,27.041,1003,0
20150414,26.845,26.855,26.845,26.855,444,0
20150415,27.143,27.37,27.101,27.254,17541,0
20150416,27.176,27.235,27.167,27.167,7138,0
20150417,26.906,27.307,26.67,26.67,8139,0
20150420,26.977,27.056,26.781,26.987,12631,0
20150421,26.987,26.987,26.897,26.897,7414,0
20150422,26.89,27.007,26.708,26.992,6795,0
20150423,27.007,27.152,26.942,27.116,20379,0
20150424,27.077,27.144,27.033,27.059,3563,0
20150427,27.271,27.271,26.827,26.872,9132,0
20150428,26.942,26.942,26.772,26.772,4121,0
20150429,26.924,26.933,26.8,26.827,2451,0
20150430,26.688,26.727,26.361,26.361,3342,0
20150501,26.437,26.553,26.272,26.553,4790,0
20150504,26.553,26.578,26.544,26.553,2232,0
20150505,26.418,26.553,26.151,26.151,6124,0
20150506,26.285,26.285,26.159,26.261,2655,0
20150507,26.245,26.245,26.245,26.245,603,0
20150508,26.517,26.526,26.491,26.491,1340,0
20150511,26.446,26.569,26.408,26.499,2115,0
20150512,26.408,26.408,26.079,26.352,2604,0
20150513,26.342,26.437,26.342,26.437,1115,0
20150514,26.588,26.66,26.588,26.635,1340,0
20150515,26.534,26.598,26.534,26.588,3775,0
20150518,26.545,26.765,26.545,26.762,3691,0
20150519,26.688,26.718,26.688,26.708,1672,0
20150520,26.781,26.8,26.781,26.8,1002,0
20150521,26.752,26.898,26.752,26.837,1002,0
20150522,26.708,26.736,26.606,26.736,3337,0
20150526,26.436,26.436,26.211,26.333,2950,0
20150527,26.333,26.606,26.288,26.606,3115,0
20150528,26.455,26.598,26.455,26.598,12327,0
20150529,26.436,26.463,26.341,26.379,2668,0
20150601,26.317,26.317,26.317,26.317,668,0
20150602,26.455,26.569,26.229,26.526,949,0
20150603,26.526,26.837,26.526,26.752,2448,0
20150604,26.744,26.781,26.544,26.606,4115,0
20150605,26.641,26.641,26.641,26.641,780,0
20150608,26.641,26.641,26.578,26.578,1114,0
20150609,26.526,26.651,26.526,26.578,2188,0
20150610,26.752,27.059,26.752,26.916,2625,0
20150611,27.034,27.034,26.924,26.972,14378,0
20150612,26.906,26.906,26.906,26.906,780,0
20150615,26.8,26.8,26.544,26.727,2112,0
20150616,26.845,26.933,26.845,26.933,4334,0
20150617,26.933,26.933,26.89,26.898,12347,0
20150618,26.977,27.177,26.977,27.134,1778,0
20150619,27.125,27.219,27.125,27.219,4673,0
20150622,27.256,27.272,27.186,27.194,4662,0
20150623,27.29,27.371,27.29,27.339,5904,0
20150624,27.299,27.299,27.168,27.202,4104,0
20150625,27.125,27.152,27.125,27.152,10233,0
20150626,27.194,27.194,27.059,27.159,5326,0
20150629,27.059,27.059,26.567,26.567,16755,0
20150630,27.059,27.059,26.542,26.556,8454,0
20150701,26.761,26.761,26.524,26.623,20080,0
20150702,26.633,26.659,26.471,26.497,11425,0
20150706,26.358,26.515,26.278,26.349,10984,0
20150707,25.996,26.26,25.977,26.226,4325,0
20150708,26.148,26.269,25.911,26.051,7877,0
20150709,26.296,26.296,26.059,26.059,6103,0
20150710,26.331,26.358,26.315,26.339,1884,0
20150713,26.586,26.669,26.586,26.65,9654,0
20150714,26.661,26.761,26.641,26.761,4911,0
20150715,26.789,26.789,26.471,26.471,8349,0
20150716,26.567,26.743,26.567,26.688,6438,0
20150717,26.743,26.743,26.424,26.461,12759,0
20150720,26.424,26.424,26.305,26.339,6438,0
20150721,26.358,26.358,26.076,26.156,5771,0
20150722,26.042,26.148,26.042,26.148,17974,0
20150723,26.156,26.242,25.813,25.868,14423,0
20150724,25.851,25.851,25.417,25.417,5326,0
20150727,25.37,25.37,25.256,25.283,2654,0
20150728,25.283,25.552,24.992,25.534,8086,0
20150729,25.462,25.74,25.462,25.711,3321,0
20150730,25.641,25.767,25.641,25.767,2769,0
20150731,25.749,25.903,25.74,25.74,1994,0
20150803,25.663,25.687,25.517,25.517,13039,0
20150804,25.805,25.805,25.497,25.515,2546,0
20150805,25.805,25.876,25.622,25.667,2992,0
20150806,25.631,25.692,25.488,25.595,5164,0
20150807,25.595,25.595,25.488,25.488,1880,0
20150810,25.786,25.912,25.767,25.876,5422,0
20150811,25.683,25.767,25.609,25.767,4250,0
20150812,25.308,25.685,25.308,25.685,5979,0
20150813,25.612,25.677,25.506,25.515,6757,0
20150814,25.515,25.631,25.515,25.631,1108,0
20150817,25.677,25.896,25.622,25.896,3874,0
20150818,25.912,25.912,25.692,25.777,4763,0
20150819,25.562,25.562,25.344,25.515,23482,0
20150820,25.283,25.283,24.957,25.017,9966,0
20150821,24.665,24.854,24.46,24.533,11736,0
20150824,23.205,24.514,22.436,23.893,132931,0
20150825,24.587,24.587,23.429,23.429,24342,0
20150826,23.816,23.971,23.501,23.971,11723,0
20150827,24.171,24.495,24.1,24.218,9624,0
20150828,24.647,24.665,24.441,24.623,17701,0
20150831,24.441,24.75,24.407,24.657,12502,0
20150901,24.423,24.432,23.962,24.072,19139,0
20150902,24.19,24.231,24.046,24.153,11285,0
20150903,24.314,24.533,24.314,24.352,5754,0
20150904,24.2,24.267,24.054,24.241,5864,0
20150908,24.505,24.633,24.468,24.633,6304,0
20150909,24.796,24.796,24.468,24.523,10071,0
20150910,24.39,24.541,24.285,24.286,4736,0
20150911,24.224,24.399,24.224,24.399,9624,0
20150914,24.441,24.441,24.258,24.267,7080,0
20150915,24.333,24.533,24.333,24.533,6643,0
20150916,24.549,24.777,24.549,24.777,2879,0
20150917,24.939,24.992,24.778,24.778,2949,0
20150918,24.495,24.568,24.241,24.296,9954,0
20150921,24.407,24.569,24.39,24.39,15334,0
20150922,24.143,24.143,24.09,24.09,661,0
20150923,24.153,24.153,24.017,24.099,4194,0
20150924,23.926,24.08,23.848,24.08,3882,0
20150925,24.267,24.267,23.926,23.979,5737,0
20150928,23.815,23.815,23.427,23.427,5898,0
20150929,23.492,23.573,23.285,23.285,12582,0
20150930,23.583,23.601,23.427,23.546,6626,0
20151001,23.762,23.762,23.427,23.527,661,0
20151002,23.427,23.815,23.329,23.815,2644,0
20151005,24.171,24.532,24.171,24.532,6290,0
20151006,24.639,24.639,24.46,24.515,10925,0
20151007,24.588,24.695,24.46,24.695,3309,0
20151008,24.741,24.741,24.741,24.741,1433,0
20151009,25.148,25.177,25.12,25.139,11694,0
20151012,25.167,25.167,25.072,25.117,1990,0
20151013,24.959,25.186,24.889,24.915,22730,0
20151014,24.959,24.959,24.704,24.704,7391,0
20151015,24.713,24.923,24.515,24.897,7940,0
20151016,24.906,24.995,24.847,24.995,2096,0
20151019,24.978,25.056,24.847,24.897,34097,0
20151020,25.002,25.169,24.922,25.094,7867,0
20151021,25.064,25.064,24.741,24.741,1103,0
20151022,25.048,25.186,24.995,25.064,6733,0
20151023,25.287,25.312,25.048,25.233,8607,0
20151026,25.186,25.214,25.072,25.082,5839,0
20151027,24.959,24.959,24.541,24.587,1872,0
20151028,24.882,25.26,24.882,25.26,5950,0
20151029,25.177,25.32,25.056,25.167,34154,0
20151030,25.102,25.347,25.102,25.12,4516,0
20151102,25.177,25.592,25.098,25.52,18245,0
20151103,25.52,25.783,25.501,25.764,4739,0
20151104,25.755,25.755,25.492,25.492,5944,0
20151105,25.491,25.656,25.491,25.656,7381,0
20151106,25.538,25.628,25.287,25.628,6617,0
20151109,25.558,25.558,25.167,25.244,16685,0
20151110,25.233,25.374,25.233,25.366,1210,0
20151111,25.402,25.402,25.233,25.241,67545,0
20151112,25.048,25.048,24.74,24.74,14106,0
20151113,24.623,24.674,24.414,24.414,9145,0
20151116,24.467,24.633,24.398,24.633,1102,0
20151117,24.855,24.968,24.647,24.684,4958,0
20151118,24.796,25.102,24.731,25.082,24354,0
20151119,25.148,25.148,24.995,25.011,5839,0
20151120,25.25,25.347,25.167,25.224,18510,0
20151123,25.21,25.398,25.21,25.255,1759,0
20151124,25.201,25.624,25.201,25.592,10345,0
20151125,25.579,25.78,25.579,25.78,3961,0
20151127,25.789,25.933,25.78,25.873,4951,0
20151130,25.906,25.915,25.687,25.687,7371,0
20151201,25.841,25.841,25.653,25.798,1986,0
20151202,25.826,25.826,25.515,25.525,6236,0
20151203,25.465,25.548,25.108,25.153,6908,0
20151204,25.229,25.388,25.229,25.352,2863,0
20151207,25.143,25.143,24.973,24.998,98714,0
20151208,24.762,24.941,24.744,24.85,8198,0
20151209,24.82,24.82,24.553,24.642,8030,0
20151210,24.545,24.706,24.545,24.59,2202,0
20151211,24.327,24.327,24.01,24.1,3301,0
20151214,24.145,24.145,23.888,23.946,7756,0
20151215,24.119,24.219,24,24.126,20026,0
20151216,24.363,24.553,24.269,24.553,4070,0
20151217,24.49,24.49,24.298,24.336,7150,0
20151218,24.119,24.119,23.907,23.962,3630,0
20151221,24.073,24.092,23.963,24.001,1641,0
20151222,24.102,24.421,24.047,24.376,16740,0
20151223,24.457,24.74,24.457,24.74,8535,0
20151224,24.664,24.836,24.664,24.711,1311,0
20151228,24.547,24.576,24.43,24.502,40404,0
20151229,24.702,24.815,24.574,24.73,58060,0
20151230,24.73,24.75,24.557,24.564,29402,0
20151231,24.38,24.489,24.245,24.245,6996,0
20160104,23.724,23.825,23.557,23.771,7422,0
20160105,23.745,23.791,23.641,23.768,1681,0
20160106,23.498,23.549,23.28,23.393,17805,0
20160107,23.01,23.123,22.828,22.877,7738,0
20160108,22.942,22.942,22.592,22.651,8090,0
20160111,22.582,22.582,22.234,22.258,12123,0
20160112,22.557,22.593,22.123,22.424,5378,0
20160113,22.489,22.513,22.142,22.142,7634,0
20160114,21.997,22.188,21.78,22.098,6132,0
20160115,21.568,21.779,21.287,21.779,4251,0
20160119,22.114,22.114,21.462,21.596,15756,0
20160120,21.33,21.814,20.896,21.681,26644,0
20160121,21.576,21.958,21.576,21.69,9713,0
20160122,21.95,22.144,21.927,22.093,8705,0
20160125,22.001,22.001,21.595,21.619,9218,0
20160126,21.856,22.281,21.856,22.145,6575,0
20160127,22.11,22.212,21.9,21.9,3858,0
20160128,22.097,22.173,21.983,22.109,3878,0
20160129,22.293,23.015,22.293,23.015,3606,0
20160201,22.888,22.959,22.802,22.914,9934,0
20160202,22.56,22.56,22.398,22.398,1173,0
20160203,22.595,22.62,22.313,22.586,17514,0
20160204,22.63,22.972,22.63,22.802,5598,0
20160205,22.613,22.657,22.499,22.513,3206,0
20160208,22.192,22.192,22.006,22.136,6341,0
20160209,22.046,22.453,22.046,22.303,10706,0
20160210,22.414,22.414,22.123,22.123,3774,0
20160211,21.828,21.961,21.723,21.961,15825,0
20160212,22.001,22.262,22.001,22.262,6922,0
20160216,22.56,22.745,22.414,22.745,7429,0
20160217,23.054,23.054,23.054,23.054,214,0
20160218,23.024,23.024,22.911,23.019,12728,0
20160219,23.348,23.348,22.783,22.915,7899,0
20160222,23.202,23.338,23.202,23.266,6948,0
20160223,23.08,23.196,23.08,23.112,5066,0
20160224,22.999,23.173,22.999,23.145,3072,0
20160225,23.42,23.531,23.366,23.531,4666,0
20160226,23.643,23.663,23.515,23.559,11668,0
20160229,23.637,23.85,23.637,23.682,9745,0
20160301,23.698,23.923,23.698,23.923,4906,0
20160302,24.037,24.153,23.978,24.136,17251,0
20160303,24.268,24.482,24.249,24.444,4368,0
20160304,24.491,24.839,24.491,24.647,6502,0
20160307,24.775,25.043,24.775,25.043,1910,0
20160308,24.897,24.897,24.618,24.619,2479,0
20160309,24.709,24.719,24.645,24.645,9506,0
20160310,24.635,24.635,24.362,24.475,2370,0
20160311,24.803,24.937,24.761,24.873,3243,0
20160314,24.854,24.863,24.766,24.844,1078,0
20160315,24.757,24.757,24.628,24.663,2966,0
20160316,24.629,24.968,24.629,24.854,3781,0
20160317,24.844,25.417,24.844,25.397,7950,0
20160318,25.288,25.552,25.288,25.552,20530,0
20160321,25.562,25.562,25.424,25.424,3096,0
20160322,25.28,25.477,25.28,25.395,8958,0
20160323,25.277,25.277,24.949,24.949,43179,0
20160324,24.904,25.014,24.728,25.003,10060,0
20160328,25.007,25.261,24.967,25.211,2083,0
20160329,25.296,25.82,25.296,25.82,27899,0
20160330,25.874,25.893,25.799,25.818,4781,0
20160331,25.827,25.883,25.753,25.883,4463,0
20160401,25.623,25.9,25.534,25.9,4353,0
20160404,25.917,25.917,25.514,25.514,3449,0
20160405,25.358,25.424,25.252,25.28,10450,0
20160406,25.215,25.368,25.206,25.368,5176,0
20160407,25.261,25.261,24.949,24.959,7184,0
20160408,25.215,25.271,25.019,25.019,4416,0
20160411,25.314,25.424,25.139,25.148,5305,0
20160412,25.148,25.477,25.148,25.414,17492,0
20160413,25.652,25.918,25.652,25.918,2360,0
20160414,26.059,26.059,25.932,25.96,12060,0
20160415,26.121,26.174,26.068,26.165,14305,0
20160418,26.121,26.282,26.121,26.237,9898,0
20160419,26.336,26.393,26.31,26.345,11221,0
20160420,26.336,26.506,26.312,26.373,4452,0
20160421,26.401,26.401,26.085,26.111,12737,0
20160422,26.393,26.42,26.237,26.355,7680,0
20160425,26.373,26.373,26.084,26.091,12619,0
20160426,26.273,26.485,26.193,26.475,20026,0
20160427,26.514,26.597,26.373,26.597,19543,0
20160428,26.355,26.551,26.23,26.23,22237,0
20160429,26.193,26.23,26.04,26.12,2380,0
20160502,26.23,26.401,26.094,26.383,72481,0
20160503,26.164,26.164,25.835,25.882,7221,0
20160504,25.816,26.156,25.807,25.897,5501,0
20160505,25.807,25.873,25.56,25.634,5704,0
20160506,25.602,25.685,25.457,25.685,5803,0
20160509,25.676,25.721,25.55,25.577,9655,0
20160510,25.666,25.835,25.55,25.795,6257,0
20160511,25.721,25.721,25.466,25.474,20035,0
20160512,25.53,25.577,25.18,25.382,27826,0
20160513,25.328,25.355,25.088,25.148,3272,0
20160516,25.294,25.447,25.286,25.39,15645,0
20160517,25.249,25.39,24.848,24.939,10370,0
20160518,24.848,25.173,24.808,24.892,13058,0
20160519,24.804,24.82,24.609,24.82,9216,0
20160520,24.902,25.126,24.902,25.126,5042,0
20160523,25.227,25.235,25.089,25.089,3461,0
20160524,25.273,25.608,25.273,25.546,15145,0
20160525,25.672,25.745,25.672,25.745,9091,0
20160526,25.784,25.784,25.691,25.707,5678,0
20160527,25.774,25.86,25.721,25.82,4995,0
20160531,25.928,26.046,25.816,25.87,5484,0
20160601,25.831,26.099,25.707,26.071,19943,0
20160602,26.089,26.243,26.027,26.243,8283,0
20160603,26.107,26.286,26.107,26.286,3724,0
20160606,26.37,26.577,26.37,26.538,10813,0
20160607,26.574,26.771,26.574,26.631,6499,0
20160608,26.743,26.901,26.678,26.889,51846,0
20160609,26.687,26.78,26.584,26.726,16385,0
20160610,26.594,26.599,26.474,26.474,1707,0
20160613,26.562,26.562,26.271,26.271,1942,0
20160614,26.246,26.279,26.108,26.227,12267,0
20160615,26.408,26.485,26.227,26.227,7407,0
20160616,26.179,26.179,25.987,26.144,2998,0
20160617,26.472,26.472,26.235,26.325,1735,0
20160620,26.613,26.812,26.613,26.714,4076,0
20160621,26.632,26.632,26.352,26.458,9974,0
20160622,26.474,26.613,26.398,26.446,6764,0
20160623,26.744,26.957,26.744,26.874,4046,0
20160624,26.179,26.279,25.887,25.905,19039,0
20160627,25.67,25.67,25.08,25.233,7941,0
20160628,25.371,25.432,25.27,25.372,6106,0
20160629,25.715,25.943,25.662,25.885,7008,0
20160630,25.931,26.437,25.931,26.437,4410,0
20160701,26.565,26.81,26.565,26.659,5800,0
20160705,26.427,26.427,26.189,26.309,915,0
20160706,26.253,26.521,26.227,26.474,33516,0
20160707,26.446,26.605,26.332,26.474,6137,0
20160708,26.839,27.145,26.81,27.126,11060,0
20160711,27.189,27.481,27.189,27.434,11400,0
20160712,27.674,27.981,27.647,27.859,13252,0
20160713,28.039,28.039,27.796,27.867,9398,0
20160714,28.061,28.09,27.897,27.906,11572,0
20160715,28.185,28.185,27.857,27.925,6050,0
20160718,28.006,28.056,27.916,28.008,7047,0
20160719,27.974,27.974,27.729,27.778,6189,0
20160720,27.622,27.955,27.622,27.906,3306,0
20160721,28.02,28.02,27.769,27.851,8073,0
20160722,27.695,28.08,27.695,28.047,7115,0
20160725,28.06,28.06,27.95,27.99,4060,0
20160726,28.035,28.19,27.972,28.133,10393,0
20160727,28.133,28.208,28.066,28.161,23964,0
20160728,27.95,27.979,27.886,27.952,3181,0
20160729,27.94,28.025,27.753,28.005,6388,0
20160801,27.914,28.025,27.845,27.874,4081,0
20160802,27.979,27.979,27.541,27.625,4814,0
20160803,27.511,27.678,27.511,27.584,4043,0
20160804,27.81,27.818,27.658,27.658,14501,0
20160805,27.901,28.208,27.892,28.151,20148,0
20160808,28.181,28.181,28.006,28.076,4000,0
20160809,28.171,28.171,28.01,28.01,4012,0
20160810,28.067,28.067,27.875,27.892,13518,0
20160811,28.025,28.113,27.969,28.056,62401,0
20160812,28.043,28.052,27.827,27.95,20461,0
20160815,28.035,28.227,28.035,28.19,26226,0
20160816,28.199,28.199,28.025,28.035,18892,0
20160817,27.996,28.067,27.93,27.996,7135,0
20160818,28.094,28.253,28.094,28.253,14317,0
20160819,28.339,28.365,28.161,28.329,43327,0
20160822,28.204,28.344,28.204,28.32,101466,0
20160823,28.522,28.668,28.522,28.636,37664,0
20160824,28.503,28.503,28.41,28.413,6034,0
20160825,28.458,28.561,28.436,28.552,12927,0
20160826,28.683,28.721,28.361,28.441,32521,0
20160829,28.552,28.653,28.422,28.551,27663,0
20160830,28.636,28.636,28.369,28.466,33868,0
20160831,28.404,28.466,28.258,28.466,7957,0
20160901,28.458,28.458,28.166,28.396,13617,0
20160902,28.571,28.673,28.499,28.673,18901,0
20160906,28.793,28.793,28.493,28.636,65096,0
20160907,28.636,28.837,28.636,28.837,13393,0
20160908,28.931,28.931,28.737,28.784,129632,0
20160909,28.599,28.599,27.955,27.955,8950,0
20160912,27.823,28.151,27.823,28.132,10101,0
20160913,28.03,28.03,27.568,27.692,6734,0
20160914,27.786,27.786,27.602,27.673,6517,0
20160915,27.692,27.965,27.692,27.956,10254,0
20160916,27.842,27.887,27.781,27.887,8774,0
20160919,27.906,28.212,27.906,28.099,8184,0
20160920,28.166,28.166,27.868,27.887,5918,0
20160921,28.08,28.257,27.945,28.257,118434,0
20160922,28.552,28.626,28.511,28.62,1760,0
20160923,28.693,28.693,28.522,28.532,8983,0
20160926,28.418,28.418,28.271,28.286,4554,0
20160927,28.261,28.383,28.212,28.338,12600,0
20160928,28.444,28.547,28.252,28.519,17809,0
20160929,28.547,28.581,28.235,28.235,5550,0
20160930,28.444,28.678,28.365,28.604,11431,0
20161003,28.557,28.557,28.391,28.456,29455,0
20161004,28.557,28.576,28.252,28.3,9047,0
20161005,28.498,28.548,28.387,28.432,5014,0
20161006,28.435,28.453,28.265,28.413,5769,0
20161007,28.527,28.527,28.112,28.251,3818,0
20161010,28.409,28.531,28.328,28.47,5445,0
20161011,28.461,28.461,27.895,27.999,57900,0
20161012,28.084,28.198,28.06,28.189,7211,0
20161013,27.83,28.014,27.779,27.861,4522,0
20161014,28.042,28.042,27.89,27.894,29663,0
20161017,27.808,27.971,27.808,27.836,8941,0
20161018,27.948,28.041,27.928,27.928,3982,0
20161019,28.034,28.189,27.881,28.09,9634,0
20161020,27.986,28.034,27.864,27.928,6746,0
20161021,27.761,27.909,27.681,27.888,12182,0
20161024,28.195,28.213,27.984,28.079,9018,0
20161025,28.093,28.093,27.816,27.831,5871,0
20161026,27.709,27.907,27.619,27.619,20892,0
20161027,27.741,27.741,27.34,27.367,6168,0
20161028,28.282,28.282,27.375,27.395,14230,0
20161031,27.499,27.629,27.388,27.62,7287,0
20161101,27.695,27.695,27.029,27.133,18632,0
20161102,27.142,27.203,26.981,27.056,4877,0
20161103,27.158,27.177,27.068,27.073,3203,0
20161104,27.276,27.367,27.071,27.071,12363,0
20161107,27.751,27.751,27.526,27.629,15445,0
20161108,27.563,27.754,27.49,27.647,7499,0
20161109,27.394,28.558,27.394,28.489,12155,0
20161110,28.679,29.179,28.625,29.082,20314,0
20161111,29.244,29.765,29.244,29.765,12211,0
20161114,29.962,30.393,29.962,30.278,49634,0
20161115,30.194,30.342,30.062,30.287,15151,0
20161116,30.259,30.381,30.198,30.362,16229,0
20161117,30.482,30.5,30.406,30.445,19204,0
20161118,30.464,30.563,30.425,30.556,24474,0
20161121,30.646,30.736,30.485,30.711,32383,0
20161122,30.881,31.193,30.815,31.193,29647,0
20161123,31.21,31.342,31.136,31.277,21198,0
20161125,31.369,31.424,31.319,31.403,3099,0
20161128,31.471,31.471,31.098,31.098,21862,0
20161129,31.118,31.239,31.023,31.108,23569,0
20161130,31.277,31.277,30.854,30.881,27547,0
20161201,31.015,31.06,30.777,30.881,16224,0
20161202,30.791,30.977,30.726,30.809,22394,0
20161205,30.958,31.333,30.958,31.333,40820,0
20161206,31.325,31.631,31.127,31.593,50621,0
20161207,31.631,31.997,31.498,31.954,35172,0
20161208,32.09,32.472,31.853,32.463,33228,0
20161209,32.596,32.596,32.377,32.489,13852,0
20161212,32.344,32.489,32.095,32.173,33769,0
20161213,32.242,32.42,32.006,32.148,23600,0
20161214,31.98,32.152,31.705,31.76,7366,0
20161215,31.962,32.271,31.829,32.053,31651,0
20161216,32.166,32.344,31.888,31.937,31283,0
20161219,32.072,32.173,31.906,32.139,23596,0
20161220,32.325,32.449,32.146,32.372,27909,0
20161221,32.455,32.455,32.302,32.306,11763,0
20161222,32.354,32.354,31.851,31.879,13114,0
20161223,31.955,31.963,31.825,31.941,22137,0
20161227,32.196,32.213,32.062,32.134,13731,0
20161228,32.207,32.207,31.715,31.778,24640,0
20161229,31.852,31.94,31.696,31.825,17559,0
20161230,31.907,31.907,31.641,31.715,99226,0
20170103,32.158,32.158,31.658,31.792,33191,0
20170104,32.027,32.337,32.027,32.318,62356,0
20170105,32.318,32.318,31.736,31.871,26788,0
20170106,31.989,31.989,31.668,31.707,40390,0
20170109,31.705,31.705,31.419,31.433,39315,0
20170110,31.508,31.816,31.351,31.742,27900,0
20170111,31.778,31.844,31.611,31.798,25547,0
20170112,31.778,31.816,31.143,31.429,43408,0
20170113,31.602,31.751,31.58,31.631,44246,0
20170117,31.564,31.626,31.304,31.355,52308,0
20170118,31.355,31.499,31.304,31.499,21895,0
20170119,31.433,31.463,31.041,31.133,31273,0
20170120,31.153,31.368,31.153,31.266,26187,0
20170123,31.285,31.33,31.068,31.208,44783,0
20170124,31.324,31.752,31.324,31.695,29049,0
20170125,31.844,32.047,31.844,31.987,24696,0
20170126,32.047,32.047,31.705,31.752,29664,0
20170127,31.862,31.889,31.514,31.634,16961,0
20170130,31.527,31.527,31.06,31.272,24685,0
20170131,31.163,31.469,31.056,31.402,21550,0
20170201,31.683,31.683,31.115,31.173,20307,0
20170202,31.341,31.341,30.935,30.998,31483,0
20170203,31.351,31.437,31.19,31.388,22458,0
20170206,31.368,31.368,31.059,31.135,18275,0
20170207,31.256,31.312,30.945,31.041,208326,0
20170208,30.879,31.013,30.741,30.935,18505,0
20170209,31.04,31.451,31.04,31.332,24811,0
20170210,31.537,31.611,31.36,31.611,20101,0
20170213,31.834,31.834,31.506,31.506,23515,0
20170214,31.574,31.631,31.435,31.597,61114,0
20170215,31.546,31.75,31.504,31.705,32856,0
20170216,31.778,31.778,31.451,31.589,22168,0
20170217,31.496,31.557,31.41,31.461,5926,0
20170221,31.551,31.811,31.447,31.774,69250,0
20170222,31.811,31.811,31.653,31.776,13015,0
20170223,31.92,31.92,31.3,31.475,12430,0
20170224,31.148,31.518,31.148,31.47,9749,0
20170227,31.503,31.72,31.42,31.673,15146,0
20170228,31.626,31.626,31.078,31.158,18139,0
20170301,31.494,31.69,31.494,31.636,21528,0
20170302,31.682,31.682,31.262,31.262,13829,0
20170303,31.373,31.373,31.056,31.203,22595,0
20170306,31.055,31.055,30.874,30.97,16479,0
20170307,30.82,30.874,30.719,30.719,17751,0
20170308,30.721,30.834,30.599,30.599,70774,0
20170309,30.514,30.659,30.355,30.355,9224,0
20170310,30.533,30.684,30.408,30.579,14984,0
20170313,30.622,30.637,30.522,30.561,21110,0
20170314,30.415,30.61,30.316,30.56,15308,0
20170315,30.727,31.017,30.727,31.017,6593,0
20170316,31.148,31.148,30.929,30.99,15222,0
20170317,31.168,31.242,30.95,31.203,17092,0
20170320,31.251,31.251,30.874,30.912,11768,0
20170321,30.94,30.94,30.235,30.261,61342,0
20170322,30.252,30.277,29.953,30.186,23759,0
20170323,30.119,30.56,30.119,30.409,9392,0
20170324,30.365,30.473,30.162,30.196,19377,0
20170327,29.947,30.207,29.854,30.191,13229,0
20170328,29.986,30.473,29.986,30.424,11653,0
20170329,30.444,30.583,30.424,30.553,20929,0
20170330,30.585,30.853,30.585,30.817,7460,0
20170331,30.871,31.043,30.815,30.957,5454,0
20170403,30.957,30.957,30.445,30.457,10478,0
20170404,30.37,30.519,30.294,30.337,11959,0
20170405,30.681,30.724,30.16,30.203,5189,0
20170406,30.132,30.471,30.132,30.379,13182,0
20170407,30.358,30.481,30.286,30.444,17089,0
20170410,30.51,30.604,30.345,30.585,14136,0
20170411,30.462,30.844,30.462,30.844,24456,0
20170412,30.817,30.817,30.415,30.462,12427,0
20170413,30.331,30.36,30.042,30.059,19101,0
20170417,30.229,30.387,30.123,30.387,9503,0
20170418,30.321,30.549,30.294,30.539,11032,0
20170419,30.748,30.804,30.613,30.632,18001,0
20170420,30.844,31.109,30.802,31.043,9565,0
20170421,30.947,31.136,30.919,31.07,14256,0
20170424,31.454,31.501,31.367,31.399,9377,0
20170425,31.735,31.792,31.644,31.709,10456,0
20170426,31.7,32.085,31.7,32.051,8937,0
20170427,32.023,32.042,31.756,31.886,24404,0
20170428,31.802,31.802,31.391,31.391,10784,0
20170501,31.605,31.605,31.347,31.457,7803,0
20170502,31.4,31.553,31.4,31.511,17843,0
20170503,31.501,31.501,31.298,31.316,17219,0
20170504,31.361,31.377,31.09,31.27,50924,0
20170505,31.263,31.418,31.165,31.418,20526,0
20170508,31.435,31.464,31.289,31.354,5880,0
20170509,31.361,31.573,31.361,31.483,65981,0
20170510,31.371,31.642,31.371,31.596,17786,0
20170511,31.409,31.567,31.136,31.361,49409,0
20170512,31.307,31.307,31.006,31.033,16922,0
20170515,31.279,31.348,31.162,31.191,10230,0
20170516,31.191,31.191,30.967,31.079,20023,0
20170517,30.69,30.69,30.387,30.558,17938,0
20170518,30.462,30.509,30.331,30.462,15565,0
20170519,30.539,30.709,30.539,30.615,11551,0
20170522,30.624,30.817,30.624,30.79,21600,0
20170523,30.827,30.836,30.637,30.733,10538,0
20170524,30.817,30.891,30.605,30.733,6200,0
20170525,30.89,30.89,30.683,30.78,5089,0
20170526,30.718,30.76,30.575,30.733,5556,0
20170530,30.633,30.643,30.5,30.605,3873,0
20170531,30.595,30.608,30.2,30.579,9312,0
20170601,30.699,31.07,30.699,31.054,8742,0
20170602,31.26,31.55,31.26,31.318,6693,0
20170605,31.327,31.327,31.114,31.114,10477,0
20170606,31.043,31.128,30.814,31.014,5987,0
20170607,30.97,31.098,30.89,30.899,8565,0
20170608,30.909,31.372,30.892,31.246,27480,0
20170609,31.299,31.704,31.27,31.568,24659,0
20170612,31.874,31.978,31.624,31.624,9530,0
20170613,31.72,31.865,31.69,31.753,7012,0
20170614,31.867,31.867,31.531,31.55,8859,0
20170615,31.327,31.606,31.327,31.493,11195,0
20170616,31.392,31.392,31.241,31.392,5474,0
20170619,31.577,31.577,31.392,31.473,8725,0
20170620,31.512,31.512,31.108,31.15,8402,0
20170621,31.146,31.168,30.89,30.89,6320,0
20170622,30.909,30.966,30.783,30.868,10394,0
20170623,30.977,31.061,30.919,31.025,8528,0
20170626,30.967,31.206,30.967,31.203,10988,0
20170627,31.251,31.293,31.093,31.132,8015,0
20170628,31.465,31.575,31.402,31.463,7628,0
20170629,31.514,31.514,31.076,31.29,59930,0
20170630,31.411,31.411,31.242,31.271,6489,0
20170703,31.428,31.627,31.428,31.514,5416,0
20170705,31.599,31.599,31.166,31.246,4967,0
20170706,31.09,31.267,31.07,31.07,22255,0
20170707,31.137,31.373,31.033,31.373,8772,0
20170710,31.232,31.42,31.108,31.213,24040,0
20170711,31.128,31.188,30.977,31.183,8564,0
20170712,31.42,31.592,31.3,31.355,11334,0
20170713,31.251,31.327,31.176,31.259,8111,0
20170714,31.346,31.485,31.309,31.397,14079,0
20170717,31.319,31.606,31.319,31.474,15052,0
20170718,31.504,31.504,31.236,31.355,126952,0
20170719,31.383,31.712,31.383,31.684,15233,0
20170720,31.749,31.855,31.716,31.767,22968,0
20170721,31.795,31.795,31.611,31.675,19021,0
20170724,31.628,31.655,31.535,31.655,14838,0
20170725,31.88,32.066,31.785,32.047,14522,0
20170726,31.971,31.971,31.721,31.721,147485,0
20170727,31.721,31.851,31.647,31.676,19544,0
20170728,31.703,31.761,31.504,31.603,4868,0
20170731,31.721,31.721,31.514,31.618,8459,0
20170801,31.655,31.684,31.493,31.628,15122,0
20170802,31.552,31.561,31.202,31.27,13814,0
20170803,31.27,31.27,31.149,31.165,4188,0
20170804,31.27,31.289,31.151,31.25,16117,0
20170807,31.202,31.308,31.117,31.241,16732,0
20170808,31.231,31.437,31.032,31.032,17234,0
20170809,30.859,30.898,30.696,30.834,18218,0
20170810,30.609,30.645,30.347,30.374,9715,0
20170811,30.347,30.379,30.233,30.289,10412,0
20170814,30.458,30.724,30.458,30.687,20463,0
20170815,30.815,30.815,30.375,30.375,10034,0
20170816,30.506,30.562,30.383,30.383,12023,0
20170817,30.375,30.376,29.874,29.874,23901,0
20170818,29.836,29.893,29.611,29.807,17879,0
20170821,29.714,29.855,29.714,29.749,8725,0
20170822,29.893,30.097,29.893,30.097,12171,0
20170823,29.929,30.032,29.919,29.955,7259,0
20170824,30.079,30.079,29.906,29.919,12311,0
20170825,30.015,30.094,29.874,30.015,6477,0
20170828,30.126,30.126,29.978,30.025,4914,0
20170829,29.888,30.014,29.802,29.988,6323,0
20170830,29.911,30.044,29.911,30.006,25811,0
20170831,30.149,30.39,30.149,30.252,6079,0
20170901,30.394,30.478,30.387,30.459,7460,0
20170905,30.497,30.497,30.006,30.071,8941,0
20170906,30.224,30.28,30.11,30.126,8808,0
20170907,30.233,30.233,29.919,29.939,22335,0
20170908,29.91,30.127,29.91,30.092,2960,0
20170911,30.402,30.546,30.394,30.441,6560,0
20170912,30.659,30.705,30.607,30.659,7226,0
20170913,30.75,30.937,30.721,30.852,6310,0
20170914,30.852,30.89,30.807,30.843,7119,0
20170915,30.937,31.128,30.919,31.128,6312,0
20170918,31.09,31.338,31.09,31.261,16674,0
20170919,31.365,31.365,31.176,31.223,16331,0
20170920,31.203,31.439,31.203,31.439,3477,0
20170921,31.477,31.518,31.423,31.437,8512,0
20170922,31.436,31.64,31.368,31.62,3540,0
20170925,31.497,31.844,31.497,31.801,7498,0
20170926,31.891,32.062,31.891,32.012,6477,0
20170927,32.125,32.646,32.002,32.581,20406,0
20170928,32.476,32.638,32.431,32.591,5919,0
20170929,32.656,32.705,32.623,32.623,13052,0
20171002,32.872,33.031,32.733,33.031,30842,0
20171003,33.093,33.18,32.979,33.168,12205,0
20171004,33.27,33.27,32.911,32.92,10978,0
20171005,33.093,33.178,33.019,33.093,28554,0
20171006,32.845,33.03,32.845,32.97,7720,0
20171009,33.009,33.009,32.762,32.762,16461,0
20171010,32.941,33.01,32.891,32.891,22519,0
20171011,32.97,32.97,32.849,32.872,7784,0
20171012,32.752,32.891,32.69,32.826,7051,0
20171013,32.955,32.955,32.835,32.863,4967,0
20171016,32.808,32.872,32.733,32.872,10094,0
20171017,32.825,32.91,32.639,32.752,10840,0
20171018,32.891,33.064,32.825,32.9,6949,0
20171019,32.825,32.871,32.815,32.835,1574,0
20171020,33.307,33.307,33.129,33.158,7210,0
20171023,33.158,33.178,32.882,32.882,12672,0
20171024,33.03,33.083,32.97,33.048,25421,0
20171025,32.881,32.95,32.654,32.872,15677,0
20171026,33.019,33.019,32.915,32.95,53048,0
20171027,32.796,33.048,32.787,33.014,3746,0
20171030,32.688,32.724,32.391,32.436,9081,0
20171031,32.474,32.832,32.474,32.832,7715,0
20171101,32.97,32.97,32.522,32.646,11022,0
20171102,32.715,32.825,32.676,32.798,8187,0
20171103,32.571,32.637,32.474,32.474,6929,0
20171106,32.474,32.542,32.466,32.542,6861,0
20171107,32.43,32.43,32.045,32.087,7939,0
20171108,31.945,32.154,31.834,32.154,8069,0
20171109,32.03,32.202,31.938,32.02,12096,0
20171110,32.04,32.143,32.04,32.068,5822,0
20171113,32.011,32.124,32.002,32.081,4323,0
20171114,31.991,32.105,31.955,32.105,4692,0
20171115,31.955,32.077,31.796,31.964,4480,0
20171116,32.193,32.547,32.068,32.466,11457,0
20171117,32.466,32.743,32.25,32.656,7754,0
20171120,32.6,32.825,32.6,32.808,2801,0
20171121,33.103,33.258,33.029,33.235,10321,0
20171122,33.216,33.288,33.168,33.168,5981,0
20171124,33.13,33.13,33.074,33.082,2004,0
20171127,33.113,33.265,33.113,33.196,9530,0
20171128,33.328,33.832,33.274,33.832,8324,0
20171129,34.035,34.303,34.035,34.214,10569,0
20171130,34.276,34.38,34.1,34.185,12781,0
20171201,34.267,34.267,33.148,33.838,3165,0
20171204,34.293,34.495,34.157,34.223,8581,0
20171205,34.09,34.09,33.811,33.842,15437,0
20171206,33.917,33.917,33.69,33.745,11255,0
20171207,33.634,33.927,33.634,33.765,7992,0
20171208,33.832,33.884,33.675,33.69,26963,0
20171211,33.774,33.774,33.479,33.479,10912,0
20171212,33.489,33.643,33.425,33.425,21767,0
20171213,33.519,33.774,33.509,33.509,22932,0
20171214,33.595,33.595,32.941,33.056,19647,0
20171215,33.242,33.755,33.242,33.519,13194,0
20171218,33.898,34.118,33.898,33.955,10272,0
20171219,34.062,34.062,33.796,33.804,9508,0
20171220,33.861,34.054,33.737,33.755,25591,0
20171221,33.985,34.09,33.861,33.945,14431,0
20171222,33.995,33.995,33.876,33.945,15185,0
20171226,33.945,34.149,33.945,33.995,6664,0
20171227,33.936,34.149,33.927,33.985,14616,0
20171228,34,34.081,33.918,34.015,5718,0
20171229,34.167,34.167,33.995,34,7584,0
20180102,34.109,34.213,34.015,34.055,18027,0
20180103,34.224,34.224,33.969,34.045,10296,0
20180104,34.224,34.224,33.954,34.115,10089,0
20180105,34.125,34.159,33.927,34.157,16689,0
20180108,34.035,34.295,34.025,34.286,6068,0
20180109,34.231,34.255,34.109,34.12,8311,0
20180110,34.091,34.195,33.869,34.072,17958,0
20180111,34.157,34.731,34.144,34.715,18875,0
20180112,34.833,34.916,34.691,34.752,6690,0
20180116,34.783,35.04,34.379,34.478,13456,0
20180117,34.541,34.704,34.501,34.661,8983,0
20180118,34.613,34.613,34.337,34.411,21474,0
20180119,34.525,34.888,34.382,34.888,8942,0
20180122,34.868,34.868,34.642,34.803,42058,0
20180123,34.691,34.936,34.651,34.936,6437,0
20180124,34.907,35.023,34.642,34.688,14587,0
20180125,34.724,34.753,34.566,34.707,9955,0
20180126,34.917,34.917,34.652,34.913,5749,0
20180129,34.945,34.992,34.859,34.859,5552,0
20180130,34.563,34.603,34.466,34.525,9849,0
20180131,34.613,34.613,34.204,34.278,6500,0
20180201,34.021,34.247,33.878,34.01,37019,0
20180202,33.747,33.813,33.431,33.516,10885,0
20180205,33.173,33.407,32.42,32.42,17420,0
20180206,31.942,32.687,31.582,32.523,45101,0
20180207,32.668,32.819,32.562,32.687,10825,0
20180208,32.61,32.61,31.999,31.999,22220,0
20180209,32.212,32.405,31.563,32.405,12905,0
20180212,32.391,32.592,31.961,32.543,11204,0
20180213,32.335,32.443,32.335,32.443,4234,0
20180214,32.572,33.126,32.572,33.126,8369,0
20180215,33.168,33.294,33.041,33.274,7978,0
20180216,33.411,33.544,33.314,33.354,10079,0
20180220,33.302,33.42,33.041,33.046,5543,0
20180221,33.191,33.511,33.098,33.098,8164,0
20180222,33.334,33.407,33.041,33.041,9220,0
20180223,33.23,33.401,33.184,33.401,13595,0
20180226,33.601,33.698,33.391,33.681,12253,0
20180227,33.678,33.678,33.23,33.248,5795,0
20180228,33.284,33.284,32.533,32.533,5519,0
20180301,32.513,32.726,32.279,32.475,13999,0
20180302,32.307,32.893,32.307,32.893,87302,0
20180305,32.726,33.153,32.726,33.031,8951,0
20180306,33.145,33.459,32.983,33.459,4604,0
20180307,33.354,33.711,33.32,33.678,5199,0
20180308,33.782,33.782,33.344,33.441,9377,0
20180309,33.611,34.034,33.592,34.034,10274,0
20180312,34.166,34.194,34.044,34.138,6997,0
20180313,34.185,34.352,34.014,34.034,12076,0
20180314,34.071,34.071,33.74,33.763,5569,0
20180315,33.763,33.772,33.496,33.549,9087,0
20180316,33.698,33.948,33.632,33.792,7367,0
20180319,33.647,33.647,33.257,33.553,7241,0
20180320,33.689,33.689,33.4,33.4,8073,0
20180321,33.398,33.704,33.398,33.541,22693,0
20180322,33.181,33.424,32.936,32.936,6004,0
20180323,32.703,32.703,32.206,32.206,5746,0
20180326,32.548,32.674,32.235,32.674,16876,0
20180327,32.613,32.779,32.302,32.315,6506,0
20180328,32.339,32.64,32.339,32.518,4174,0
20180329,32.636,32.962,32.636,32.874,4725,0
20180402,32.816,32.816,31.892,32.041,8787,0
20180403,32.309,32.567,32.309,32.567,4107,0
20180404,32.156,33.062,32.156,33.062,5729,0
20180405,33.247,33.335,33.025,33.293,9129,0
20180406,33.303,33.325,32.668,32.835,297728,0
20180409,32.82,33.029,32.674,32.674,6393,0
20180410,33.001,33.266,32.932,33.2,7872,0
20180411,33.067,33.136,33.062,33.106,4380,0
20180412,33.219,33.256,33.116,33.125,382246,0
20180413,33.17,33.171,33.077,33.106,10184,0
20180416,33.151,33.573,33.151,33.469,13117,0
20180417,33.709,33.734,33.601,33.661,4949,0
20180418,33.836,33.899,33.779,33.783,5378,0
20180419,33.615,33.641,33.45,33.562,5899,0
20180420,33.507,33.507,33.256,33.256,3803,0
20180423,33.323,33.486,33.256,33.371,10727,0
20180424,33.549,33.572,33.077,33.209,4194,0
20180425,33.323,33.478,33.297,33.459,7109,0
20180426,33.709,33.709,33.256,33.4,12337,0
20180427,33.45,33.486,33.373,33.4,6694,0
20180430,33.516,33.516,33.067,33.074,4199,0
20180501,32.834,33.151,32.674,33.151,4140,0
20180502,32.945,33.294,32.945,33.177,91636,0
20180503,32.796,33,32.766,32.94,28915,0
20180504,32.91,33.448,32.891,33.273,16677,0
20180507,33.353,33.598,33.353,33.598,3846,0
20180508,33.535,33.699,33.521,33.679,5131,0
20180509,33.709,33.869,33.562,33.836,6561,0
20180510,33.851,33.966,33.851,33.946,1647,0
20180511,34.073,34.118,33.966,34.112,2369,0
20180514,34.169,34.169,33.861,33.861,3557,0
20180515,33.783,33.99,33.783,33.955,8095,0
20180516,33.996,34.468,33.996,34.386,9769,0
20180517,34.396,34.608,34.396,34.558,5631,0
20180518,34.553,34.578,34.521,34.536,3481,0
20180521,34.673,34.865,34.637,34.865,15415,0
20180522,34.952,34.971,34.543,34.543,4246,0
20180523,34.455,34.54,34.435,34.465,3730,0
20180524,34.655,34.655,34.406,34.618,5760,0
20180525,34.673,34.673,34.501,34.588,10192,0
20180529,34.405,34.613,34.319,34.455,14024,0
20180530,34.683,35.116,34.683,35.04,7488,0
20180531,35.04,35.047,34.545,34.545,1700,0
20180601,34.683,34.791,34.655,34.721,15132,0
20180604,34.952,35.059,34.819,35.011,6784,0
20180605,35.162,35.171,34.962,35.171,17203,0
20180606,35.265,35.516,35.226,35.514,12307,0
20180607,35.641,35.641,35.365,35.432,45312,0
20180608,35.536,35.545,35.437,35.49,2777,0
20180611,35.49,35.644,35.49,35.644,4965,0
20180612,35.767,35.767,35.499,35.566,11918,0
20180613,35.787,35.787,35.354,35.385,11623,0
20180614,35.601,35.601,35.325,35.54,7189,0
20180615,35.428,35.728,35.403,35.728,3008,0
20180618,35.65,35.826,35.633,35.826,1738,0
20180619,35.874,35.874,35.527,35.865,3699,0
20180620,36.081,36.234,35.845,36.234,3495,0
20180621,35.826,36.053,35.826,35.835,50578,0
20180622,35.92,35.977,35.864,35.864,3464,0
20180625,35.91,35.91,35.354,35.512,6733,0
20180626,35.48,35.778,35.48,35.728,5377,0
20180627,35.59,35.777,35.114,35.114,8833,0
20180628,35.206,35.314,35.148,35.294,3752,0
20180629,35.47,35.513,35.234,35.234,5418,0
20180702,35.153,35.408,35.053,35.408,11693,0
20180703,35.674,35.674,35.6,35.6,6409,0
20180705,35.874,36.015,35.563,36.015,10405,0
20180706,35.939,36.208,35.939,36.118,3337,0
20180709,36.438,36.438,36.189,36.293,6805,0
20180710,36.226,36.265,36.017,36.139,13098,0
20180711,36.092,36.159,35.883,35.949,7244,0
20180712,35.864,36.015,35.728,35.891,51008,0
20180713,36.006,36.169,35.934,35.934,12709,0
20180716,36.102,36.102,35.59,35.64,21576,0
20180717,35.757,35.876,35.757,35.797,10510,0
20180718,35.756,35.874,35.678,35.797,8029,0
20180719,35.93,36.245,35.93,36.189,18533,0
20180720,36.312,36.312,36.088,36.088,3665,0
20180723,36.062,36.302,36.062,36.218,2679,0
20180724,36.235,36.235,35.894,35.986,8859,0
20180725,36.082,36.082,35.82,35.996,10171,0
20180726,35.977,36.351,35.977,36.169,9454,0
20180727,36.208,36.208,35.698,35.708,6369,0
20180730,35.834,35.946,35.825,35.828,3018,0
20180731,35.834,36.103,35.834,36.09,3363,0
20180801,35.938,35.977,35.533,35.721,82235,0
20180802,35.776,36.197,35.776,36.179,9311,0
20180803,36.298,36.35,35.961,36.043,6072,0
20180806,36.052,36.235,36.052,36.23,2284,0
20180807,36.342,36.407,36.23,36.255,11228,0
20180808,36.302,36.302,36.044,36.226,4510,0
20180809,36.275,36.352,36.213,36.275,7290,0
20180810,36.12,36.352,36.104,36.159,14585,0
20180813,36.159,36.159,35.806,35.986,10230,0
20180814,36.179,36.476,36.111,36.458,13078,0
20180815,36.245,36.338,35.966,35.981,4519,0
20180816,36.389,36.487,36.325,36.408,10990,0
20180817,36.458,36.641,36.375,36.641,1405,0
20180820,36.67,36.844,36.67,36.824,4803,0
20180821,36.765,37.325,36.765,37.256,3439,0
20180822,37.227,37.227,37.123,37.218,8916,0
20180823,37.093,37.142,36.996,36.997,8367,0
20180824,37.038,37.119,37.017,37.119,2675,0
20180827,37.285,37.285,36.979,36.979,7395,0
20180828,37.036,37.2,36.885,36.969,8042,0
20180829,36.775,37.007,36.706,36.964,8374,0
20180830,36.745,37.005,36.738,36.745,11949,0
20180831,36.89,36.89,36.826,36.826,5487,0
20180904,36.949,36.949,36.576,36.778,4273,0
20180905,36.794,37.056,36.775,36.92,10933,0
20180906,37.083,37.086,36.823,36.844,6895,0
20180907,36.745,36.844,36.59,36.663,5822,0
20180910,36.804,36.835,36.602,36.631,18151,0
20180911,36.519,36.701,36.468,36.545,6595,0
20180912,36.536,36.563,36.301,36.425,2417,0
20180913,36.697,36.697,36.517,36.631,9769,0
20180914,36.735,36.881,36.648,36.868,7198,0
20180917,36.755,36.818,36.641,36.641,9618,0
20180918,36.697,36.775,36.689,36.706,6198,0
20180919,36.784,36.819,36.468,36.503,12947,0
20180920,36.765,36.853,36.631,36.853,20401,0
20180921,36.94,37.079,36.784,36.784,12198,0
20180924,36.72,36.72,36.389,36.497,5395,0
20180925,36.611,36.665,36.535,36.646,9644,0
20180926,36.661,36.661,36.472,36.472,6346,0
20180927,36.398,36.487,36.234,36.234,3956,0
20180928,36.335,36.448,36.335,36.408,6522,0
20181001,36.631,36.631,35.944,35.944,7797,0
20181002,36.109,36.109,35.793,35.803,5603,0
20181003,35.786,36.021,35.786,35.966,7802,0
20181004,35.975,35.975,35.558,35.577,9092,0
20181005,35.577,35.577,35.238,35.374,2111,0
20181008,35.357,35.593,35.294,35.593,4780,0
20181009,35.616,35.656,35.33,35.419,11980,0
20181010,35.254,35.274,34.516,34.516,10556,0
20181011,34.488,34.609,33.976,34.056,10997,0
20181012,34.419,34.419,33.46,33.772,15598,0
20181015,33.677,34.142,33.677,34.064,8551,0
20181016,34.006,34.757,34.006,34.757,6860,0
20181017,34.209,34.634,34.112,34.624,9178,0
20181018,34.409,34.479,33.937,34.074,3821,0
20181019,34.132,34.132,33.8,33.909,7331,0
20181022,33.966,34.218,33.966,33.986,5758,0
20181023,33.666,33.82,33.239,33.597,9446,0
20181024,33.696,33.696,32.755,32.755,14458,0
20181025,32.783,33.356,32.783,33.162,23504,0
20181026,32.918,33.132,32.752,32.779,3268,0
20181029,33.319,33.526,32.783,32.918,4397,0
20181030,32.831,33.576,32.831,33.567,7054,0
20181031,33.719,33.83,33.471,33.472,8969,0
20181101,33.715,34.112,33.715,34.064,7262,0
20181102,34.311,34.4,34.016,34.343,6452,0
20181105,34.284,34.489,34.18,34.489,6222,0
20181106,34.333,34.692,34.333,34.692,3154,0
20181107,34.789,34.944,34.43,34.944,11810,0
20181108,34.819,34.983,34.769,34.886,14536,0
20181109,34.895,34.895,34.283,34.548,40367,0
20181112,34.343,34.479,34.22,34.275,9415,0
20181113,34.202,34.431,34.031,34.122,2922,0
20181114,34.37,34.37,33.733,33.984,10427,0
20181115,33.567,34.157,33.567,34.062,8717,0
20181116,33.86,34.074,33.771,34.071,7887,0
20181119,33.88,34.066,33.583,33.709,12077,0
20181120,33.207,33.475,33.053,33.053,9381,0
20181121,33.182,33.627,33.182,33.43,7418,0
20181123,33.346,33.393,33.346,33.393,664,0
20181126,33.676,33.781,33.501,33.726,12083,0
20181127,33.453,33.554,33.371,33.371,11512,0
20181128,33.453,34.066,33.177,34.066,13296,0
20181129,33.919,34.026,33.791,33.869,13115,0
20181130,33.937,34.099,33.781,34.099,11985,0
20181203,34.104,34.268,33.735,34.206,16388,0
20181204,34.026,34.026,32.745,32.754,7471,0
20181206,32.463,32.463,32.028,32.435,89779,0
20181207,32.579,32.82,32.099,32.195,16791,0
20181210,32.154,32.154,31.62,31.968,105932,0
20181211,32.491,32.491,31.801,31.939,43233,0
20181212,32.367,32.667,32.295,32.461,14553,0
20181213,32.444,32.444,31.786,31.806,43294,0
20181214,31.935,31.935,31.273,31.37,15090,0
20181217,31.436,31.534,30.711,30.815,13109,0
20181218,31.02,31.214,30.777,30.777,23822,0
20181219,30.757,31.107,30.138,30.313,18694,0
20181220,30.108,30.197,29.624,29.838,72525,0
20181221,29.924,30.303,29.235,29.255,264717,0
20181224,29.061,29.285,28.701,28.701,96614,0
20181226,28.868,29.942,28.647,29.88,126628,0
20181227,29.656,30.054,28.819,30.044,85046,0
20181228,30.153,30.558,29.919,30.181,47646,0
20181231,30.202,30.349,29.903,30.349,51833,0
20190102,29.958,30.69,29.958,30.453,6173,0
20190103,30.445,30.642,30.143,30.231,39071,0
20190104,30.612,31.327,30.612,31.278,15565,0
20190107,31.127,31.78,31.127,31.623,167920,0
20190108,31.906,32.052,31.633,32.027,7007,0
20190109,32.115,32.422,32.115,32.374,19100,0
20190110,32.061,32.402,32.032,32.364,17008,0
20190111,32.2,32.498,32.177,32.441,18091,0
20190114,32.326,32.548,32.222,32.316,12145,0
20190115,32.402,32.402,32.099,32.402,8456,0
20190116,32.451,32.725,32.451,32.628,5287,0
20190117,32.616,33.096,32.616,33.096,9808,0
20190118,33.182,33.661,33.182,33.483,3693,0
20190122,33.25,33.25,32.744,32.87,25819,0
20190123,32.907,32.907,32.744,32.773,8062,0
20190124,32.85,33.077,32.842,33.031,5586,0
20190125,33.456,33.504,33.332,33.397,6011,0
20190128,33.116,33.25,33.048,33.216,80615,0
20190129,33.231,33.298,33.139,33.25,6787,0
20190130,33.318,33.504,33.173,33.396,4291,0
20190131,33.426,33.71,33.387,33.71,12543,0
20190201,33.737,33.766,33.543,33.626,6789,0
20190204,33.68,33.894,33.641,33.894,12789,0
20190205,34.042,34.084,33.867,34.06,12610,0
20190206,34.109,34.109,33.952,34.06,15409,0
20190207,33.865,34.042,33.571,33.865,14068,0
20190208,33.804,33.804,33.448,33.673,9627,0
20190211,33.845,33.894,33.728,33.894,23524,0
20190212,34.341,34.479,34.317,34.364,11081,0
20190213,34.566,34.616,34.418,34.616,15030,0
20190214,34.517,34.763,34.398,34.576,20940,0
20190215,34.8,35.198,34.8,35.108,10659,0
20190219,35.123,35.494,35.094,35.434,5627,0
20190220,35.366,35.756,35.366,35.687,20156,0
20190221,35.709,35.726,35.429,35.445,9656,0
20190222,35.822,35.901,35.746,35.854,8095,0
20190225,36.134,36.134,35.888,35.888,18541,0
20190226,35.825,35.825,35.56,35.56,8077,0
20190227,35.492,35.56,35.366,35.522,15226,0
20190228,35.424,35.494,35.405,35.434,7341,0
20190301,35.618,35.834,35.415,35.646,17303,0
20190304,35.806,35.806,35.237,35.484,8148,0
20190305,35.503,35.503,35.208,35.284,10783,0
20190306,35.276,35.276,34.741,34.741,10621,0
20190307,34.645,34.653,34.33,34.369,12034,0
20190308,34.215,34.322,34.201,34.292,10609,0
20190311,34.527,34.827,34.527,34.827,19966,0
20190312,34.888,34.888,34.602,34.648,5249,0
20190313,34.83,34.877,34.713,34.76,5384,0
20190314,34.596,34.619,34.438,34.448,6137,0
20190315,34.626,34.698,34.512,34.512,6498,0
20190318,34.606,34.76,34.435,34.76,9874,0
20190319,34.907,34.907,34.35,34.35,6828,0
20190320,34.186,34.244,33.785,33.923,14303,0
20190321,33.689,34.428,33.689,34.227,6227,0
20190322,34.031,34.128,33.057,33.057,20355,0
20190325,32.917,33.307,32.819,33.307,17689,0
20190326,33.504,33.759,33.406,33.452,8221,0
20190327,33.721,33.922,33.51,33.827,5719,0
20190328,34.015,34.069,33.689,34.005,10204,0
20190329,34.24,34.24,33.97,34.014,3949,0
20190401,34.23,34.604,34.23,34.604,77652,0
20190402,34.634,34.634,34.259,34.335,52379,0
20190403,34.584,34.682,34.469,34.495,7992,0
20190404,34.578,34.936,34.578,34.803,6622,0
20190405,35.045,35.247,35.045,35.213,6489,0
20190408,35.085,35.209,35.085,35.108,3294,0
20190409,34.985,35.038,34.678,34.678,12247,0
20190410,34.799,35.248,34.788,35.228,6077,0
20190411,35.263,35.357,35.194,35.228,6012,0
20190412,35.348,35.516,35.348,35.465,5970,0
20190415,35.457,35.487,35.323,35.375,10070,0
20190416,35.571,35.702,35.408,35.702,5176,0
20190417,35.721,35.746,35.56,35.722,4730,0
20190418,35.656,35.733,35.508,35.607,3312,0
20190422,35.671,35.671,35.13,35.13,8135,0
20190423,35.228,35.826,35.228,35.662,13211,0
20190424,35.778,36.002,35.778,36.002,4808,0
20190425,35.595,35.615,35.238,35.468,5944,0
20190426,35.378,35.782,35.378,35.78,11045,0
20190429,35.987,36.128,35.821,36.062,7980,0
20190430,36.095,36.095,35.613,35.873,12203,0
20190501,35.712,35.73,35.537,35.546,5113,0
20190502,35.398,35.608,35.123,35.288,6046,0
20190503,35.584,36.066,35.584,36.066,7183,0
20190506,35.792,36.133,35.712,36.133,4670,0
20190507,35.908,35.908,35.161,35.233,6449,0
20190508,35.358,35.376,35.216,35.216,3063,0
20190509,34.917,35.166,34.671,35.154,6840,0
20190510,34.966,35.127,34.631,35.127,3723,0
20190513,34.533,34.533,34.001,34.121,9817,0
20190514,34.248,34.468,34.092,34.384,5890,0
20190515,34.062,34.488,34.018,34.464,7935,0
20190516,34.603,34.857,34.603,34.653,5230,0
20190517,34.394,34.585,34.227,34.227,5310,0
20190520,33.934,34.051,33.934,33.959,2416,0
20190521,34.151,34.424,34.151,34.373,4485,0
20190522,34.218,34.218,34.013,34.043,8620,0
20190523,33.423,33.549,33.156,33.237,4743,0
20190524,33.433,33.498,33.322,33.491,15969,0
20190528,33.491,33.559,33.263,33.263,20611,0
20190529,32.91,32.97,32.705,32.839,7690,0
20190530,32.95,33.128,32.685,32.79,5506,0
20190531,32.536,32.536,32.174,32.321,15620,0
20190603,32.273,32.704,32.273,32.526,7742,0
20190604,32.91,33.488,32.91,33.488,12426,0
20190605,33.559,33.559,33.314,33.405,9216,0
20190606,33.433,33.433,32.971,33.226,4541,0
20190607,33.521,33.588,33.443,33.481,6212,0
20190610,33.906,33.915,33.697,33.766,5638,0
20190611,34.063,34.191,33.783,33.856,11471,0
20190612,33.719,33.974,33.719,33.9,7214,0
20190613,34.044,34.226,34.044,34.093,19836,0
20190614,33.935,34.073,33.935,34.073,3685,0
20190617,33.999,34.062,33.938,33.938,3498,0
20190618,34.319,34.532,34.289,34.294,10174,0
20190619,34.25,34.322,34.2,34.322,11930,0
20190620,34.515,34.58,34.366,34.575,20304,0
20190621,34.446,34.515,34.25,34.328,12397,0
20190624,34.416,34.416,33.953,33.998,16697,0
20190625,34.111,34.111,33.872,33.955,12399,0
20190626,34.082,34.082,33.925,34.009,6771,0
20190627,34.102,34.516,34.102,34.516,10223,0
20190628,34.714,35.081,34.714,35.081,5104,0
20190701,35.523,35.523,34.887,35.01,10353,0
20190702,34.951,35.029,34.655,34.723,10451,0
20190703,35.05,35.107,34.946,35.107,3243,0
20190705,34.822,35.214,34.822,35.214,7338,0
20190708,35.275,35.275,34.892,34.961,2693,0
20190709,35.02,35.02,34.653,34.772,7514,0
20190710,34.892,34.939,34.745,34.792,3734,0
20190711,34.872,34.872,34.436,34.495,12268,0
20190712,34.704,35.1,34.57,35.085,7793,0
20190715,35.109,35.109,34.782,34.922,21347,0
20190716,35.025,35.237,35.025,35.147,6260,0
20190717,34.689,34.891,34.66,34.802,18069,0
20190718,34.762,34.922,34.664,34.835,3157,0
20190719,34.966,35.029,34.879,34.879,3292,0
20190722,34.858,34.858,34.536,34.536,9103,0
20190723,34.932,35.011,34.762,35.001,10301,0
20190724,34.862,35.652,34.862,35.652,19843,0
20190725,35.578,35.578,35.203,35.203,5179,0
20190726,35.336,35.595,35.326,35.565,8321,0
20190729,35.486,35.486,35.358,35.376,4031,0
20190730,35.096,35.593,35.096,35.593,9201,0
20190731,35.95,35.95,35.515,35.515,6384,0
20190801,35.436,35.515,34.482,34.674,28974,0
20190802,34.297,34.297,33.986,34.25,3784,0
20190805,33.606,33.606,33.044,33.246,4988,0
20190806,33.586,33.646,33.139,33.586,6348,0
20190807,33.074,33.58,32.946,33.436,14154,0
20190808,33.645,34.138,33.645,34.077,21730,0
20190809,34.002,34.002,33.528,33.528,5440,0
20190812,33.3,33.336,33.04,33.143,6691,0
20190813,33.746,33.746,33.449,33.493,3776,0
20190814,32.914,32.914,32.514,32.553,7546,0
20190815,32.503,32.503,32.115,32.31,9097,0
20190816,32.747,33.009,32.619,33.009,11175,0
20190819,33.34,33.516,33.34,33.419,10530,0
20190820,33.152,33.291,33.104,33.124,10763,0
20190821,33.31,33.34,33.228,33.253,9763,0
20190822,33.27,33.474,33.148,33.34,6237,0
20190823,33.054,33.221,32.179,32.179,6015,0
20190826,32.45,32.564,32.341,32.564,11783,0
20190827,32.851,32.851,32.183,32.183,13157,0
20190828,32.023,32.755,32.023,32.668,4941,0
20190829,33.005,33.401,33.005,33.292,7054,0
20190830,33.48,33.48,33.275,33.313,6252,0
20190903,33.075,33.075,32.688,32.836,11387,0
20190904,33.125,33.202,33.045,33.182,9005,0
20190905,33.644,34.143,33.555,33.955,8840,0
20190906,33.917,33.987,33.797,33.797,14117,0
20190909,33.85,34.39,33.85,34.39,15078,0
20190910,34.351,34.976,34.322,34.909,12588,0
20190911,35.223,35.659,35.193,35.659,11289,0
20190912,35.699,35.819,35.521,35.8,7801,0
20190913,35.902,36.058,35.858,35.961,72950,0
20190916,35.769,35.967,35.769,35.836,27799,0
20190917,35.569,35.709,35.464,35.699,5789,0
20190918,35.689,35.689,35.223,35.251,14941,0
20190919,35.462,35.749,35.276,35.276,7437,0
20190920,35.282,35.49,35.139,35.139,10098,0
20190923,35.056,35.452,35.056,35.302,3393,0
20190924,35.428,35.428,34.836,34.836,5181,0
20190925,34.965,35.487,34.926,35.442,6636,0
20190926,35.302,35.402,35.021,35.21,5820,0
20190927,35.253,35.449,35.016,35.016,12526,0
20190930,35.282,35.523,35.232,35.332,4716,0
20191001,35.472,35.502,34.563,34.662,7549,0
20191002,34.378,34.378,33.947,34.188,5670,0
20191003,34.043,34.101,33.639,34,20354,0
20191004,34.052,34.204,33.962,34.181,10758,0
20191007,34.181,34.458,34.181,34.231,6532,0
20191008,33.754,33.82,33.579,33.604,12400,0
20191009,33.952,33.952,33.714,33.863,8730,0
20191010,33.903,34.116,33.903,33.958,6522,0
20191011,34.727,35.077,34.727,34.896,9235,0
20191014,34.566,34.566,34.408,34.493,5099,0
20191015,34.538,34.981,34.428,34.81,21560,0
20191016,34.826,35.031,34.786,34.886,11149,0
20191017,35.203,35.223,35.115,35.214,6996,0
20191018,35.242,35.254,35.105,35.211,6987,0
20191021,35.72,35.755,35.583,35.605,7524,0
20191022,35.402,35.832,35.402,35.75,6538,0
20191023,35.73,35.869,35.64,35.844,4773,0
20191024,35.988,35.988,35.568,35.745,4688,0
20191025,35.63,36.156,35.63,36.033,4341,0
20191028,36.396,36.448,36.353,36.368,3432,0
20191029,36.247,36.675,36.247,36.625,6843,0
20191030,36.293,36.58,36.293,36.465,7572,0
20191031,36.127,36.127,35.93,35.988,5051,0
20191101,36.327,36.74,36.327,36.686,4303,0
20191104,36.903,37.097,36.883,37.097,6637,0
20191105,37.445,37.53,37.243,37.344,9700,0
20191106,37.152,37.272,37.007,37.229,6161,0
20191107,37.43,37.634,37.243,37.243,7071,0
20191108,37.242,37.33,37.152,37.216,4334,0
20191111,36.903,37.191,36.883,37.14,18468,0
20191112,37.112,37.3,37.052,37.086,9904,0
20191113,36.82,36.977,36.793,36.836,10404,0
20191114,36.883,37.082,36.825,36.933,12065,0
20191115,37.116,37.182,36.89,37.062,8595,0
20191118,37.032,37.032,36.813,36.93,7143,0
20191119,36.903,37.112,36.82,36.922,3389,0
20191120,36.823,36.939,36.658,36.658,5580,0
20191121,36.635,36.635,36.367,36.382,34637,0
20191122,36.445,36.635,36.445,36.58,7234,0
20191125,36.784,37.327,36.784,37.324,8074,0
20191126,37.422,37.502,37.333,37.333,2946,0
20191127,37.581,37.581,37.417,37.473,4246,0
20191129,37.243,37.372,37.196,37.372,1723,0
20191202,37.193,37.248,36.844,36.844,6098,0
20191203,36.445,36.576,36.306,36.575,4520,0
20191204,36.844,37.035,36.841,36.841,3315,0
20191205,36.874,37.043,36.874,37.043,8550,0
20191206,37.263,37.711,37.263,37.528,5749,0
20191209,37.472,37.552,37.372,37.401,10187,0
20191210,37.223,37.324,37.223,37.237,4653,0
20191211,37.364,37.472,37.249,37.395,25046,0
20191212,37.233,37.87,37.229,37.771,11716,0
20191213,37.811,37.811,37.294,37.334,9800,0
20191216,37.721,37.801,37.422,37.458,7760,0
20191217,37.482,37.674,37.459,37.652,28622,0
20191218,37.701,37.91,37.701,37.864,9385,0
20191219,37.746,37.87,37.728,37.84,7297,0
20191220,38.14,38.14,37.95,38.006,21837,0
20191223,38.23,38.23,37.8846,37.9052,13143,0
20191224,38.07,38.07,37.89,37.91,20348,0
20191226,38.13,38.13,37.85,37.9152,5559,0
20191227,37.9247,37.9247,37.7334,37.7334,6166,0
20191230,37.74,37.8715,37.62,37.66,8297,0
20191231,37.74,37.92,37.71,37.71,6995,0
20200102,38,38,37.4327,37.65,12768,0
20200103,37.26,37.44,37.1742,37.3954,6146,0
20200106,37.18,37.4178,37.145,37.3537,2956,0
20200107,37.36,37.3906,37.15,37.28,7351,0
20200108,37.3278,37.4426,37.3,37.35,117334,0
20200109,37.41,37.41,37.1501,37.1574,6689,0
20200110,37.1,37.19,36.87,36.9522,20378,0
20200113,36.97,37.3566,36.97,37.3566,38946,0
20200114,37.3,37.71,37.2122,37.5276,23523,0
20200115,37.71,37.7221,37.48,37.6229,5049,0
20200116,38.1785,38.1988,38.08,38.1503,19864,0
20200117,38.23,38.23,37.98,37.98,13590,0
20200121,37.7638,37.7638,37.5,37.5456,16044,0
20200122,37.62,37.7458,37.515,37.565,9230,0
20200123,37.33,37.69,37.33,37.67,4236,0
