Date,Open,High,Low,Close,Volume,OpenInt
20110502,20.493,20.493,20.493,20.493,261,0
20110504,20.247,20.247,19.987,19.987,832,0
20110505,20.13,20.13,20.13,20.13,275,0
20110506,19.968,19.968,19.968,19.968,511,0
20110509,19.995,20.247,19.995,20.219,1883,0
20110510,20.375,20.375,20.375,20.375,388,0
20110511,20.443,20.443,20.325,20.325,568,0
20110512,20.12,20.365,20.12,20.365,606,0
20110513,20.18,20.18,20.18,20.18,100,0
20110517,19.597,19.655,19.597,19.655,10882,0
20110518,19.733,19.84,19.733,19.84,899,0
20110519,20.1,20.16,20.061,20.061,693,0
20110520,19.821,20.013,19.821,19.948,1136,0
20110523,19.587,19.587,19.51,19.51,789,0
20110524,19.55,19.55,19.55,19.55,315,0
20110525,19.693,19.693,19.46,19.693,305,0
20110526,19.674,19.958,19.674,19.938,1344,0
20110527,20.022,20.061,20.022,20.061,822,0
20110531,20.219,20.219,20.061,20.091,10085,0
20110601,20.071,20.071,19.693,19.693,7769,0
20110602,19.665,19.802,19.665,19.802,455,0
20110603,19.393,19.625,19.383,19.567,8263,0
20110607,19.275,19.275,19.255,19.255,770,0
20110608,19.023,19.023,19.004,19.004,986,0
20110609,19.053,19.139,19.053,19.139,1865,0
20110615,18.868,18.868,18.868,18.868,616,0
20110616,18.849,18.859,18.644,18.644,2635,0
20110617,18.888,18.888,18.77,18.77,1543,0
20110620,18.936,18.965,18.936,18.965,1286,0
20110621,19.413,19.413,19.413,19.413,297,0
20110622,19.393,19.46,19.393,19.46,530,0
20110623,19.255,19.47,19.255,19.47,382,0
20110624,19.374,19.374,19.374,19.374,409,0
20110627,19.393,19.51,19.335,19.5,2006,0
20110628,19.587,19.802,19.587,19.802,816,0
20110629,19.811,20.022,19.811,20.013,2401,0
20110630,20.15,20.209,20.15,20.209,621,0
20110701,20.335,20.522,20.325,20.473,112063,0
20110705,20.591,20.591,20.591,20.591,331,0
20110706,20.679,20.756,20.679,20.756,2661,0
20110707,20.94,21.057,20.94,20.987,190901,0
20110708,20.708,20.852,20.708,20.852,12112,0
20110711,20.708,20.708,20.335,20.335,1007,0
20110712,20.365,20.395,20.257,20.257,7295,0
20110713,20.551,20.611,20.365,20.385,3804,0
20110714,20.522,20.561,20.013,20.17,16828,0
20110715,20.16,20.209,20.1,20.209,1457,0
20110718,20.209,20.209,19.86,19.977,20081,0
20110719,20.325,20.483,20.276,20.463,4867,0
20110720,20.276,20.355,20.219,20.306,4129,0
20110721,20.473,20.473,20.395,20.443,2392,0
20110722,20.463,20.611,20.385,20.541,8142,0
20110725,20.483,20.531,20.355,20.355,2214,0
20110726,20.229,20.239,20.229,20.239,675,0
20110727,19.655,19.655,19.655,19.655,116,0
20110728,19.674,19.684,19.587,19.587,1642,0
20110729,19.47,19.47,19.46,19.46,557,0
20110801,19.393,19.393,19.129,19.305,11677,0
20110802,19.285,19.344,18.878,18.878,616,0
20110803,18.79,18.859,18.624,18.859,13380,0
20110804,18.498,18.498,17.738,17.738,30725,0
20110805,17.776,17.786,17.017,17.426,298193,0
20110808,16.882,16.882,16.268,16.347,6864,0
20110809,16.61,16.63,16.082,16.511,26355,0
20110810,16.728,16.939,16.728,16.93,3320,0
20110811,16.864,17.407,16.63,17.407,2301,0
20110812,17.728,17.728,17.387,17.632,3684,0
20110815,17.923,17.923,17.632,17.903,50438,0
20110816,17.738,17.738,17.504,17.504,543,0
20110817,17.582,17.582,17.338,17.417,5517,0
20110818,16.57,16.57,16.491,16.491,6866,0
20110819,16.248,16.481,16.248,16.396,2253,0
20110822,16.209,16.209,16.209,16.209,1150,0
20110823,16.511,16.891,16.511,16.827,4758,0
20110824,16.93,16.939,16.93,16.939,2584,0
20110825,16.827,16.827,16.748,16.748,7105,0
20110826,17.243,17.243,17.243,17.243,1027,0
20110830,18.021,18.05,17.933,17.991,57647,0
20110831,18.246,18.246,17.854,18.011,2649,0
20110901,18.168,18.168,17.718,17.718,83744,0
20110902,17.301,17.301,17.195,17.272,15381,0
20110907,17.476,17.679,17.476,17.622,11567,0
20110908,17.552,17.796,17.456,17.476,13876,0
20110909,17.358,17.466,16.939,17.027,9682,0
20110912,16.969,16.969,16.969,16.969,1027,0
20110913,17.426,17.552,17.186,17.456,10690,0
20110914,17.367,18.05,17.367,17.815,17945,0
20110915,17.903,18.089,17.757,18.031,6749,0
20110916,18.119,18.119,17.991,17.991,1693,0
20110919,17.679,17.991,17.679,17.933,22197,0
20110920,18.138,18.138,18.138,18.138,1336,0
20110921,17.533,17.612,17.367,17.397,10192,0
20110922,16.443,16.453,16.328,16.406,23408,0
20110923,16.6,16.62,16.531,16.62,6594,0
20110926,16.901,16.901,16.901,16.901,187,0
20110928,16.873,16.901,16.855,16.901,3033,0
20110929,17.252,17.252,16.708,16.738,2981,0
20110930,16.462,16.462,16.462,16.462,760,0
20111003,16.268,16.268,15.597,15.597,6292,0
20111004,15.304,15.813,15.304,15.813,1106,0
20111006,16.797,16.797,16.797,16.797,822,0
20111007,16.864,16.969,16.718,16.969,12889,0
20111010,17.281,17.281,17.281,17.281,213,0
20111011,17.338,17.338,17.262,17.309,1348,0
20111012,17.708,17.708,17.632,17.632,1219,0
20111014,17.854,17.854,17.854,17.854,305,0
20111017,17.524,17.524,17.524,17.524,300,0
20111018,17.622,17.622,17.486,17.602,3288,0
20111019,17.708,17.796,17.514,17.562,113918,0
20111020,17.476,17.524,17.446,17.524,17575,0
20111021,17.894,17.923,17.854,17.854,13831,0
20111024,18.364,18.45,18.354,18.441,8542,0
20111025,18.237,18.364,18.05,18.05,40478,0
20111026,18.187,18.246,18.041,18.187,10007,0
20111027,18.654,19.063,18.624,18.927,9171,0
20111028,18.898,18.946,18.79,18.868,6558,0
20111031,18.576,18.809,18.548,18.548,24870,0
20111101,18.011,18.237,17.845,17.953,27148,0
20111102,18.197,18.344,18.05,18.295,3476,0
20111103,18.402,18.634,18.402,18.634,511,0
20111104,18.431,18.634,18.324,18.614,15194,0
20111107,18.295,18.566,18.295,18.566,74432,0
20111108,18.701,18.77,18.344,18.77,3910,0
20111109,18.148,18.518,18.05,18.069,4191,0
20111110,18.031,18.069,18.031,18.05,2759,0
20111111,18.479,18.479,18.479,18.479,2333,0
20111114,18.334,18.334,18.334,18.334,203,0
20111115,18.354,18.498,18.256,18.498,3956,0
20111116,18.548,18.548,18.246,18.246,6002,0
20111118,17.913,17.913,17.913,17.913,511,0
20111121,17.466,17.466,17.466,17.466,100,0
20111122,17.504,17.504,17.504,17.504,305,0
20111125,17.176,17.176,17.176,17.176,409,0
20111128,17.65,17.65,17.436,17.65,336,0
20111130,18.334,18.402,18.276,18.402,13451,0
20111201,18.431,18.45,18.412,18.412,2214,0
20111202,18.614,18.614,18.422,18.422,6077,0
20111205,18.664,18.692,18.664,18.674,6181,0
20111206,18.576,18.576,18.518,18.518,1580,0
20111207,18.285,18.488,18.285,18.488,2888,0
20111208,18.109,18.109,18.109,18.109,117,0
20111209,18.158,18.412,18.158,18.412,8260,0
20111212,18.079,18.207,18.079,18.207,2544,0
20111213,18.197,18.197,17.805,17.805,1123,0
20111214,17.533,17.65,17.533,17.65,22088,0
20111215,17.747,17.796,17.738,17.766,15416,0
20111216,18.089,18.119,17.913,17.943,15549,0
20111219,18.099,18.129,18.069,18.069,305,0
20111220,18.246,18.246,18.227,18.227,409,0
20111221,18.109,18.315,18.099,18.315,4030,0
20111222,18.295,18.422,18.295,18.392,822,0
20111227,18.595,18.605,18.595,18.595,9864,0
20111228,18.354,18.354,18.197,18.217,2361,0
20111229,18.315,18.315,18.315,18.315,100,0
20120103,18.402,18.459,18.334,18.402,3900,0
20120104,18.276,18.374,18.207,18.374,4170,0
20120105,18.498,18.548,18.207,18.488,12517,0
20120106,18.431,18.548,18.431,18.469,11291,0
20120109,18.498,18.557,18.498,18.557,58303,0
20120110,18.701,18.829,18.701,18.721,11090,0
20120111,18.77,18.859,18.731,18.859,76854,0
20120112,18.955,18.955,18.701,18.888,14853,0
20120113,18.75,18.819,18.674,18.8,206001,0
20120117,18.946,19.004,18.78,18.868,4362,0
20120118,18.908,19.113,18.829,19.113,7910,0
20120119,19.236,19.315,19.208,19.246,2589,0
20120120,19.208,19.208,19.121,19.121,2199,0
20120123,19.246,19.315,18.936,19.148,20367,0
20120124,19.063,19.208,18.985,19.198,7714,0
20120125,19.158,19.285,19.014,19.285,4448,0
20120126,19.344,19.46,19.053,19.217,21775,0
20120127,19.103,19.325,19.103,19.325,2033,0
20120130,19.265,19.364,19.148,19.364,22134,0
20120131,19.34,19.379,19.193,19.231,12957,0
20120201,19.46,19.597,19.46,19.597,54641,0
20120202,19.703,19.703,19.52,19.52,5111,0
20120203,19.821,19.899,19.782,19.899,4814,0
20120206,19.84,19.899,19.782,19.792,8732,0
20120207,19.802,19.919,19.773,19.899,6522,0
20120208,20.004,20.004,19.713,19.88,11305,0
20120209,19.899,19.909,19.831,19.909,2687,0
20120210,19.713,19.713,19.703,19.703,1132,0
20120213,19.87,19.938,19.87,19.88,7986,0
20120214,19.782,19.938,19.782,19.87,14794,0
20120215,19.977,19.977,19.821,19.821,6448,0
20120216,19.968,20.081,19.968,20.071,6192,0
20120217,20.13,20.13,20.022,20.042,4615,0
20120221,20.415,20.415,19.909,19.948,9578,0
20120223,20.042,20.12,20.042,20.12,1438,0
20120224,20.16,20.19,20.14,20.17,3043,0
20120227,20.19,20.19,20.19,20.19,102,0
20120228,20.071,20.18,20.013,20.061,15512,0
20120229,19.895,20,19.895,19.895,2837,0
20120301,20.042,20.1,20.013,20.013,3245,0
20120302,20.061,20.081,19.831,19.899,4622,0
20120305,19.802,19.802,19.802,19.802,305,0
20120306,19.51,19.53,19.48,19.52,4226,0
20120307,19.587,19.587,19.587,19.587,620,0
20120308,19.831,19.995,19.831,19.995,2194,0
20120309,20.15,20.15,20.15,20.15,131,0
20120312,20.061,20.061,20.061,20.061,100,0
20120313,20.081,20.325,20.081,20.315,7740,0
20120314,20.345,20.415,20.209,20.266,3987,0
20120315,20.296,20.415,20.286,20.415,18846,0
20120316,20.415,20.415,20.415,20.415,556,0
20120319,20.424,20.531,20.424,20.424,1245,0
20120320,20.229,20.286,20.2,20.286,5258,0
20120321,20.306,20.306,20.219,20.286,10649,0
20120322,19.948,20.081,19.948,20.081,10675,0
20120323,20.061,20.209,19.948,20.209,7088,0
20120326,20.434,20.531,20.424,20.503,38839,0
20120327,20.473,20.551,20.473,20.473,7257,0
20120328,20.483,20.483,20.2,20.315,16170,0
20120329,20.257,20.306,20.091,20.276,4989,0
20120330,20.331,20.439,20.235,20.331,12348,0
20120402,20.296,20.551,20.296,20.405,87669,0
20120403,20.503,20.503,20.335,20.424,11209,0
20120404,20.276,20.276,20.219,20.219,2939,0
20120405,20.17,20.257,20.17,20.239,6327,0
20120409,19.86,19.995,19.86,19.928,12627,0
20120410,19.889,19.889,19.335,19.393,12702,0
20120411,19.597,19.665,19.597,19.655,1536,0
20120412,19.607,20.042,19.607,19.987,9015,0
20120413,19.977,19.977,19.821,19.831,11126,0
20120416,19.958,19.958,19.811,19.821,4215,0
20120417,20.061,20.18,20.061,20.18,1218,0
20120418,20.15,20.276,20.14,20.257,15132,0
20120419,20.209,20.239,20.022,20.022,4277,0
20120420,20.229,20.286,20.209,20.209,2753,0
20120423,19.87,19.87,19.665,19.763,2369,0
20120424,19.995,19.995,19.811,19.85,5889,0
20120425,19.713,20.247,19.713,20.247,2106,0
20120426,20.365,20.493,20.355,20.424,18453,0
20120427,20.522,20.679,20.424,20.621,4177,0
20120430,20.617,20.617,20.371,20.42,64287,0
20120501,20.385,20.66,20.385,20.415,10196,0
20120502,20.345,20.513,20.239,20.395,4305,0
20120503,20.395,20.395,20.16,20.16,4490,0
20120504,19.909,20.061,19.773,19.86,13796,0
20120507,19.811,19.86,19.753,19.821,8674,0
20120508,19.48,19.51,19.275,19.51,7095,0
20120509,19.441,19.597,19.441,19.559,33050,0
20120510,19.733,19.733,19.587,19.587,2484,0
20120511,19.587,19.684,19.587,19.684,536,0
20120514,19.374,19.441,19.374,19.441,2430,0
20120515,19.374,19.45,19.246,19.265,9637,0
20120516,19.315,19.45,19.168,19.208,4042,0
20120517,19.148,19.148,18.576,18.576,5525,0
20120518,18.605,18.654,18.324,18.334,8286,0
20120521,18.324,18.809,18.227,18.809,53183,0
20120522,18.965,19.053,18.809,18.809,3173,0
20120523,18.77,19.053,18.731,19.053,17023,0
20120524,19.083,19.139,18.965,19.139,33625,0
20120525,19.139,19.139,19.043,19.043,14266,0
20120529,19.265,19.285,19.121,19.285,4034,0
20120530,19.178,19.178,19.014,19.023,2015,0
20120531,19.019,19.019,18.678,18.999,3686,0
20120601,18.374,18.557,18.217,18.217,3160,0
20120604,18.207,18.266,17.835,18.069,149281,0
20120605,17.986,18.301,17.986,18.301,10409,0
20120606,18.815,18.815,18.484,18.737,2555,0
20120607,18.981,18.981,18.707,18.707,7969,0
20120608,18.62,18.775,18.62,18.775,1022,0
20120611,18.927,18.927,18.548,18.548,1058,0
20120612,18.557,18.654,18.548,18.614,3796,0
20120613,18.605,18.711,18.374,18.374,2982,0
20120614,18.576,18.624,18.374,18.528,13492,0
20120615,18.64,18.805,18.64,18.795,14019,0
20120618,18.664,18.975,18.664,18.975,2203,0
20120619,19.023,19.285,19.023,19.217,2990,0
20120620,19.198,19.198,19.073,19.158,4651,0
20120621,19.154,19.154,18.591,18.6,2025,0
20120622,18.6,18.687,18.534,18.687,82930,0
20120625,18.369,18.388,18.222,18.319,4687,0
20120626,18.291,18.426,18.212,18.408,9570,0
20120627,18.418,18.464,18.388,18.388,4567,0
20120628,18.222,18.717,18.124,18.349,5369,0
20120629,18.942,19.029,18.913,19.009,4170,0
20120702,19.154,19.154,18.971,19.069,4347,0
20120703,19.291,19.399,19.291,19.399,3154,0
20120705,19.399,19.516,19.33,19.456,6631,0
20120706,19.271,19.281,18.989,18.989,1295,0
20120709,19.049,19.125,19.049,19.117,943,0
20120710,19.164,19.164,18.893,18.903,8337,0
20120711,18.942,18.942,18.464,18.746,10522,0
20120712,18.659,18.669,18.659,18.669,2059,0
20120713,19.088,19.117,19.088,19.117,688,0
20120716,19.117,19.117,19.069,19.069,923,0
20120717,19.088,19.088,19.019,19.019,1414,0
20120718,19.108,19.174,19.098,19.098,11118,0
20120719,19.251,19.261,19.164,19.164,1577,0
20120720,19.164,19.193,18.989,18.989,4060,0
20120723,18.669,18.755,18.61,18.755,1374,0
20120724,18.746,18.746,18.474,18.474,1659,0
20120725,18.649,18.649,18.581,18.6,2866,0
20120726,18.893,18.893,18.785,18.795,880,0
20120727,18.952,19.241,18.952,19.241,3142,0
20120730,19.222,19.222,19.222,19.222,511,0
20120731,15.186,19.135,15.186,19.069,2141,0
20120801,19.039,19.069,18.855,18.855,1502,0
20120802,18.571,18.678,18.571,18.678,1320,0
20120803,18.855,19.098,18.855,19.098,3680,0
20120806,19.135,19.154,19.125,19.135,7144,0
20120807,19.212,19.32,19.212,19.32,2466,0
20120808,19.311,19.311,19.184,19.184,11300,0
20120809,19.184,19.222,19.184,19.222,3039,0
20120810,19.125,19.212,19.125,19.212,2787,0
20120813,19.135,19.212,19.039,19.212,17501,0
20120814,19.261,19.281,19.212,19.261,1808,0
20120815,19.174,19.311,19.174,19.281,3711,0
20120816,19.34,19.526,19.301,19.526,30538,0
20120817,19.526,19.856,19.476,19.583,2763,0
20120820,19.603,19.603,19.456,19.516,9745,0
20120821,19.641,19.69,19.573,19.612,11765,0
20120822,19.555,19.603,19.506,19.603,13976,0
20120823,19.603,19.603,19.486,19.486,920,0
20120824,19.486,19.516,19.486,19.516,460,0
20120827,19.506,19.545,19.506,19.545,2019,0
20120828,19.573,19.66,19.516,19.66,4791,0
20120829,19.66,19.719,19.555,19.66,9278,0
20120830,19.66,19.66,19.466,19.466,2361,0
20120831,19.555,19.603,19.535,19.573,1391,0
20120904,19.573,19.739,19.418,19.739,1394,0
20120905,19.739,19.778,19.69,19.69,5058,0
20120906,20.086,20.086,20.086,20.086,203,0
20120907,20.215,20.215,20.086,20.086,3039,0
20120910,20.106,20.106,20.018,20.028,1770,0
20120911,20.018,20.028,20.018,20.028,563,0
20120912,20.028,20.086,19.982,19.982,1481,0
20120913,19.982,20.195,19.982,20.126,15421,0
20120914,20.292,20.331,20.215,20.311,4680,0
20120917,20.225,20.225,20.057,20.057,2158,0
20120918,20.057,20.067,20.057,20.067,813,0
20120919,20.126,20.136,20.057,20.106,21392,0
20120920,19.934,19.964,19.915,19.964,1458,0
20120921,20.086,20.086,19.982,19.982,2724,0
20120924,19.982,19.992,19.915,19.992,2703,0
20120925,19.954,19.964,19.68,19.68,18588,0
20120926,19.68,19.68,19.526,19.65,4660,0
20120927,19.699,19.885,19.66,19.837,11342,0
20120928,19.67,19.846,19.67,19.846,2033,0
20121001,19.924,19.924,19.603,19.69,4428,0
20121002,19.699,19.749,19.68,19.739,2990,0
20121003,19.895,19.895,19.788,19.788,4156,0
20121004,19.875,19.875,19.865,19.875,62571,0
20121005,20.106,20.106,19.944,19.954,1488,0
20121008,19.827,19.827,19.827,19.827,511,0
20121009,19.885,19.885,19.603,19.68,3597,0
20121010,19.621,19.621,19.456,19.456,3709,0
20121011,19.69,19.69,19.555,19.555,2245,0
20121012,19.555,19.555,19.555,19.555,100,0
20121015,19.555,19.555,19.476,19.476,453,0
20121016,19.69,19.865,19.66,19.865,6754,0
20121017,19.972,19.972,19.954,19.954,795,0
20121018,19.895,19.924,19.895,19.924,337,0
20121019,19.885,19.885,19.583,19.583,713,0
20121022,19.583,19.612,19.456,19.456,4095,0
20121023,19.251,19.476,19.251,19.476,4915,0
20121024,19.476,19.476,19.399,19.409,2386,0
20121025,19.466,19.466,19.281,19.37,2578,0
20121026,19.379,19.409,19.379,19.409,627,0
20121031,19.436,19.555,19.379,19.476,8195,0
20121101,19.506,19.924,19.476,19.885,4505,0
20121102,19.885,19.885,19.555,19.555,899,0
20121105,19.555,19.68,19.526,19.68,1920,0
20121106,19.808,19.817,19.808,19.817,842,0
20121107,19.612,19.612,19.612,19.612,905,0
20121108,19.535,19.612,19.291,19.291,1590,0
20121109,19.222,19.418,19.222,19.37,3691,0
20121112,19.291,19.35,19.291,19.33,9349,0
20121113,19.33,19.399,19.212,19.311,1820,0
20121114,19.311,19.311,18.913,18.913,1386,0
20121115,18.913,18.971,18.765,18.893,19343,0
20121116,18.903,19.029,18.873,18.971,44898,0
20121119,19.251,19.389,19.251,19.389,11036,0
20121120,19.311,19.476,19.271,19.476,6294,0
20121121,19.526,19.563,19.476,19.526,6169,0
20121123,19.65,19.699,19.631,19.699,984,0
20121126,19.729,19.758,19.67,19.719,3597,0
20121127,19.778,19.817,19.699,19.699,4671,0
20121128,19.699,19.817,19.563,19.817,1721,0
20121129,19.964,19.982,19.837,19.837,1981,0
20121130,19.934,20.009,19.875,19.875,1427,0
20121203,19.875,20.009,19.827,19.827,3725,0
20121204,20.391,20.391,19.749,19.856,2154,0
20121205,19.856,19.905,19.758,19.905,1877,0
20121206,19.788,19.846,19.788,19.837,608,0
20121207,19.846,19.895,19.827,19.846,6335,0
20121210,19.915,19.934,19.915,19.934,505,0
20121211,19.934,20.116,19.934,19.982,5393,0
20121212,20.086,20.086,20.048,20.048,952,0
20121213,20.028,20.057,19.817,19.856,4419,0
20121214,19.905,19.905,19.749,19.749,4963,0
20121217,19.788,19.944,19.778,19.944,7168,0
20121218,19.954,20.244,19.934,20.244,1602,0
20121219,20.301,20.391,20.215,20.253,2619,0
20121220,20.253,20.321,20.253,20.301,2650,0
20121221,20.094,20.094,19.922,20.074,29053,0
20121224,20.104,20.184,20.094,20.124,1470,0
20121226,20.124,20.124,19.931,19.961,12115,0
20121227,19.961,20.025,19.823,19.98,3192,0
20121228,19.872,19.99,19.852,19.941,12532,0
20121231,19.775,20.175,19.775,20.175,7046,0
20130102,20.647,20.657,20.518,20.657,17089,0
20130103,20.686,20.83,20.676,20.744,8121,0
20130104,20.81,20.879,20.81,20.879,14340,0
20130107,20.879,20.879,20.763,20.85,7538,0
20130108,20.85,20.85,20.792,20.8,10376,0
20130109,20.938,20.938,20.87,20.928,10172,0
20130110,20.928,20.928,20.83,20.928,5875,0
20130111,20.928,20.947,20.87,20.938,12442,0
20130114,21.035,21.035,21.035,21.035,919,0
20130115,20.908,21.035,20.908,20.985,6907,0
20130116,21.015,21.084,20.975,21.055,13666,0
20130117,21.065,21.292,21.065,21.282,6102,0
20130118,21.232,21.262,21.232,21.262,946,0
20130122,21.312,21.418,21.272,21.409,7396,0
20130123,21.701,21.701,21.477,21.517,1126,0
20130124,21.74,21.74,21.477,21.662,1918,0
20130125,21.691,21.886,21.691,21.857,10826,0
20130128,21.857,21.857,21.778,21.818,8157,0
20130129,21.857,21.857,21.758,21.808,5369,0
20130130,21.857,21.857,21.517,21.517,73053,0
20130131,21.517,21.711,21.517,21.681,5339,0
20130201,21.896,21.904,21.798,21.876,1626,0
20130204,21.778,21.788,21.653,21.721,2976,0
20130205,21.798,21.896,21.798,21.876,2027,0
20130206,21.876,21.924,21.798,21.924,2283,0
20130207,21.914,21.914,21.758,21.876,2487,0
20130208,22.297,22.297,21.904,21.982,2028,0
20130211,22.081,22.111,21.934,21.953,5277,0
20130212,21.982,22.111,21.982,22.072,7940,0
20130213,22.091,22.169,22.052,22.052,1898,0
20130214,22.032,22.217,22.032,22.217,4130,0
20130215,22.317,22.327,22.217,22.217,6919,0
20130219,22.317,22.366,22.267,22.346,5098,0
20130220,22.356,22.366,22.101,22.101,2190,0
20130221,21.527,21.867,21.467,21.556,4381,0
20130222,21.662,21.798,21.662,21.798,21653,0
20130225,21.828,21.828,21.418,21.418,4523,0
20130226,21.35,21.487,21.262,21.487,4245,0
20130227,21.788,21.828,21.788,21.828,1943,0
20130228,21.84,22.006,21.84,21.879,5493,0
20130301,21.721,21.837,21.537,21.768,15741,0
20130304,21.758,21.943,21.73,21.904,8905,0
20130305,22.217,22.267,22.052,22.237,989,0
20130306,22.307,22.346,22.227,22.277,2730,0
20130307,22.297,22.366,22.267,22.366,14426,0
20130308,22.542,22.572,22.356,22.512,12931,0
20130311,22.472,22.562,22.472,22.562,3683,0
20130312,22.522,22.522,22.413,22.502,5028,0
20130313,22.482,22.64,22.482,22.64,3476,0
20130314,22.65,22.729,22.65,22.729,1057,0
20130315,22.739,22.739,22.64,22.68,5486,0
20130318,22.502,22.67,22.452,22.64,3755,0
20130319,22.72,22.72,22.413,22.522,29466,0
20130320,22.72,22.865,22.68,22.865,1518,0
20130321,22.739,22.855,22.592,22.67,14997,0
20130322,22.739,22.739,22.64,22.68,25015,0
20130325,22.797,22.797,22.472,22.631,4948,0
20130326,22.65,22.72,22.612,22.71,6477,0
20130327,22.532,22.72,22.492,22.71,3933,0
20130328,22.964,22.964,22.788,22.865,1702,0
20130401,22.865,22.865,22.502,22.502,19627,0
20130402,22.66,22.66,22.356,22.395,31437,0
20130403,22.452,22.452,21.972,21.972,19292,0
20130404,21.992,22.13,21.992,22.12,12591,0
20130405,21.828,22.14,21.623,22.14,5975,0
20130408,22.169,22.307,22.169,22.297,4099,0
20130409,22.433,22.462,22.366,22.452,2276,0
20130410,22.502,22.71,22.462,22.7,2732,0
20130411,22.69,22.865,22.69,22.749,23101,0
20130412,22.69,22.69,22.612,22.622,1110,0
20130415,22.552,22.552,21.904,21.904,2526,0
20130416,22.022,22.257,21.943,22.257,4803,0
20130417,21.914,21.953,21.768,21.867,4272,0
20130418,21.904,21.924,21.672,21.711,26404,0
20130419,21.788,22.032,21.721,21.992,3523,0
20130422,21.982,22.188,21.904,22.169,3440,0
20130423,22.395,22.395,22.297,22.375,2331,0
20130424,22.492,22.492,22.385,22.452,6206,0
20130425,22.552,22.749,22.532,22.66,1796,0
20130426,22.502,22.552,22.482,22.522,10251,0
20130429,22.67,22.71,22.64,22.64,3418,0
20130430,22.685,22.715,22.616,22.715,6237,0
20130501,22.729,22.729,22.492,22.502,18762,0
20130502,22.472,22.69,22.472,22.66,22178,0
20130503,23.102,23.178,23.013,23.043,7681,0
20130506,23.112,23.245,23.112,23.216,11292,0
20130507,23.371,23.46,23.254,23.421,9171,0
20130508,23.391,23.431,23.361,23.411,5722,0
20130509,23.49,23.539,23.431,23.529,2113,0
20130510,23.441,23.617,23.441,23.617,4729,0
20130513,23.578,23.617,23.539,23.597,2359,0
20130514,23.617,23.92,23.617,23.92,5130,0
20130515,23.871,24.067,23.861,24.067,10766,0
20130516,24.048,24.105,23.833,23.833,3796,0
20130517,24.008,24.087,23.998,24.087,1361,0
20130520,24.165,24.165,24.077,24.087,934,0
20130521,24.077,24.155,24.067,24.105,3445,0
20130522,24.244,24.244,23.656,23.666,1406,0
20130523,23.341,23.48,23.341,23.46,7362,0
20130524,23.5,23.588,23.322,23.588,6551,0
20130528,23.93,23.93,23.775,23.824,3360,0
20130529,23.731,23.741,23.357,23.564,17041,0
20130530,23.597,23.695,23.597,23.646,4339,0
20130531,23.546,23.763,23.398,23.398,3878,0
20130603,23.49,23.49,23.063,23.302,4851,0
20130604,23.337,23.337,22.949,23.107,2477,0
20130605,23.008,23.008,22.685,22.764,7862,0
20130606,22.685,22.969,22.685,22.969,2583,0
20130607,23.337,23.337,23.028,23.287,1386,0
20130610,23.264,23.322,23.236,23.322,2211,0
20130611,23.077,23.347,22.989,23.087,47544,0
20130612,23.129,23.129,22.749,22.788,1911,0
20130613,22.778,23.216,22.778,23.216,2884,0
20130614,23.203,23.317,23.097,23.097,8735,0
20130617,23.254,23.391,23.236,23.292,3177,0
20130618,23.297,23.554,23.297,23.545,3436,0
20130619,23.506,23.564,23.222,23.222,8236,0
20130620,22.979,22.979,22.516,22.516,9726,0
20130621,22.546,22.576,22.182,22.369,8355,0
20130624,22.095,22.251,21.811,22.046,3870,0
20130625,22.321,22.399,22.143,22.341,5436,0
20130626,22.457,22.635,22.457,22.516,1774,0
20130627,22.645,22.899,22.645,22.831,4472,0
20130628,22.783,22.909,22.783,22.822,4019,0
20130701,22.86,23.126,22.86,23.117,2193,0
20130702,23.028,23.117,23.028,23.107,1992,0
20130703,22.939,23.038,22.87,23.008,1459,0
20130705,23.212,23.212,23.028,23.184,5344,0
20130708,23.387,23.437,23.317,23.337,2192,0
20130709,23.486,23.574,23.387,23.535,4297,0
20130710,23.476,23.535,23.397,23.456,4517,0
20130711,23.741,23.801,23.741,23.751,3518,0
20130712,23.898,23.898,23.82,23.839,7022,0
20130715,23.878,23.955,23.878,23.908,9949,0
20130716,24.024,24.024,23.731,23.731,6296,0
20130717,23.811,23.898,23.801,23.849,6303,0
20130718,24.024,24.103,24.024,24.054,11273,0
20130719,24.044,24.064,24.005,24.044,4992,0
20130722,24.094,24.182,24.074,24.172,2844,0
20130723,24.221,24.251,24.074,24.074,11693,0
20130724,24.172,24.172,23.888,23.917,3930,0
20130725,23.888,23.946,23.801,23.801,5838,0
20130726,23.868,23.927,23.839,23.927,7719,0
20130729,23.829,23.917,23.801,23.829,2003,0
20130730,23.908,23.955,23.466,23.908,4945,0
20130731,24.034,24.202,24.034,24.162,15148,0
20130801,24.787,24.787,24.663,24.702,4829,0
20130802,24.614,24.702,24.575,24.683,64254,0
20130805,24.634,24.663,24.614,24.614,3845,0
20130806,24.555,24.555,24.349,24.369,5151,0
20130807,24.281,24.281,24.132,24.202,6300,0
20130808,24.31,24.378,24.261,24.359,6017,0
20130809,24.359,24.388,24.271,24.271,7815,0
20130812,24.182,24.446,24.182,24.416,7953,0
20130813,24.466,24.466,24.231,24.466,6200,0
20130814,24.291,24.33,24.212,24.212,10949,0
20130815,23.975,23.975,23.701,23.721,11729,0
20130816,23.839,23.868,23.741,23.741,2686,0
20130819,23.761,23.811,23.574,23.574,4532,0
20130820,23.652,23.946,23.564,23.946,5408,0
20130821,23.791,23.955,23.781,23.898,5070,0
20130822,23.811,24.132,23.811,24.005,5526,0
20130823,23.995,24.005,23.917,23.985,4703,0
20130826,24.044,24.172,24.005,24.162,6231,0
20130827,23.771,23.771,23.397,23.427,8726,0
20130828,23.377,23.643,23.377,23.564,5609,0
20130829,23.447,23.791,23.447,23.761,1413,0
20130830,23.681,23.691,23.337,23.337,3435,0
20130903,23.595,23.595,23.154,23.154,4091,0
20130904,23.448,23.743,23.448,23.743,4240,0
20130905,23.753,23.87,23.753,23.822,4367,0
20130906,23.9,23.957,23.664,23.957,1595,0
20130909,23.955,24.231,23.955,24.231,4290,0
20130910,24.44,24.44,24.313,24.44,6420,0
20130911,24.466,24.466,24.406,24.456,2240,0
20130912,24.526,24.555,24.388,24.456,19538,0
20130913,24.49,24.667,24.42,24.53,54055,0
20130916,24.807,24.933,24.634,24.683,30898,0
20130917,24.657,24.957,24.657,24.948,5856,0
20130918,24.919,25.216,24.792,25.216,37436,0
20130919,25.246,25.305,25.137,25.137,4142,0
20130920,25.187,25.206,24.928,24.967,26870,0
20130923,24.9,25.037,24.648,24.841,7508,0
20130924,24.802,25.057,24.744,24.928,5180,0
20130925,24.871,25.027,24.871,24.89,4427,0
20130926,24.88,25.027,24.88,25.007,2145,0
20130927,24.9,25.027,24.871,25.017,10119,0
20130930,24.677,25.067,24.677,24.977,10205,0
20131001,25.007,25.434,25.007,25.434,107464,0
20131002,25.305,25.345,25.147,25.315,14669,0
20131003,25.275,25.275,24.928,25.137,9182,0
20131004,25.127,25.335,25.127,25.325,23153,0
20131007,25.097,25.157,24.967,24.967,38107,0
20131008,25.007,25.047,24.549,24.559,7456,0
20131009,24.569,24.569,24.313,24.43,12221,0
20131010,24.657,25.017,24.657,25.017,1623,0
20131011,25.007,25.266,24.957,25.216,30759,0
20131014,25.087,25.394,25.087,25.385,15166,0
20131015,25.355,25.355,25.057,25.147,5918,0
20131016,25.177,25.434,25.157,25.404,20421,0
20131017,25.365,25.588,25.345,25.538,8318,0
20131018,25.785,25.834,25.668,25.805,14617,0
20131021,25.824,25.923,25.824,25.864,10334,0
20131022,26.061,26.071,25.923,26.012,4346,0
20131023,25.864,25.864,25.658,25.755,10388,0
20131024,25.775,25.992,25.775,25.943,16556,0
20131025,25.903,25.933,25.795,25.873,5209,0
20131028,26.267,26.267,25.775,25.923,26160,0
20131029,25.992,26.002,25.854,25.982,7403,0
20131030,26.041,26.071,25.864,25.864,5797,0
20131031,25.864,26.111,25.864,25.982,3157,0
20131101,25.992,25.992,25.727,25.824,13602,0
20131104,25.923,26.121,25.923,26.101,9471,0
20131105,26.031,26.091,25.854,26.002,8775,0
20131106,26.2,26.2,25.834,25.883,14708,0
20131107,25.943,25.943,25.325,25.325,7735,0
20131108,25.266,25.805,25.266,25.775,6958,0
20131111,25.903,25.963,25.698,25.963,20034,0
20131112,25.953,26.051,25.883,26.051,16140,0
20131113,25.844,26.325,25.844,26.325,6332,0
20131114,26.267,26.443,26.267,26.423,3755,0
20131115,26.512,26.562,26.364,26.562,31959,0
20131118,26.581,26.581,26.433,26.433,991,0
20131119,26.277,26.315,25.953,25.982,6129,0
20131120,26.041,26.141,25.923,25.923,3271,0
20131121,26.061,26.364,26.061,26.325,4332,0
20131122,26.344,26.473,26.334,26.473,2955,0
20131125,26.532,26.532,26.305,26.423,2670,0
20131126,26.296,26.552,26.296,26.532,2989,0
20131127,26.572,26.668,26.453,26.542,2548,0
20131129,26.629,26.629,26.522,26.522,3999,0
20131202,26.572,26.572,26.443,26.443,476,0
20131203,26.394,26.394,26.19,26.325,11735,0
20131204,26.354,26.354,26.17,26.277,6762,0
20131205,26.23,26.287,26.22,26.24,1902,0
20131206,26.629,26.629,26.443,26.453,12528,0
20131209,26.659,26.659,26.482,26.512,8107,0
20131210,26.552,26.668,26.404,26.482,4343,0
20131211,26.532,26.542,25.982,26.031,10765,0
20131212,26.022,26.141,25.972,26.022,5338,0
20131213,26.19,26.248,26.002,26.2,10110,0
20131216,26.354,26.512,26.277,26.394,3779,0
20131217,26.502,26.502,26.287,26.482,4968,0
20131218,26.512,26.854,26.296,26.854,47749,0
20131219,26.815,26.845,26.639,26.639,20808,0
20131220,26.659,26.994,26.639,26.974,16570,0
20131223,27.238,27.258,27.061,27.258,11326,0
20131224,27.268,27.358,27.268,27.328,5564,0
20131226,27.467,27.467,27.318,27.398,12172,0
20131227,27.934,27.934,27.258,27.348,24689,0
20131230,27.278,27.437,27.258,27.407,16527,0
20131231,27.416,27.563,27.416,27.563,35339,0
20140102,27.457,27.457,27.071,27.129,124872,0
20140103,27.298,27.388,27.228,27.378,8049,0
20140106,27.427,27.427,27.004,27.004,16290,0
20140107,27.138,27.278,27.119,27.278,4996,0
20140108,27.248,27.328,27.071,27.228,31243,0
20140109,27.427,27.437,27.288,27.348,6156,0
20140110,27.506,27.663,27.447,27.663,5633,0
20140113,27.653,27.692,27.138,27.158,8353,0
20140114,27.328,27.594,27.328,27.584,6303,0
20140115,27.634,27.721,27.624,27.721,13589,0
20140116,27.624,27.653,27.604,27.653,2754,0
20140117,27.653,27.653,27.535,27.535,9066,0
20140121,27.682,27.682,27.496,27.584,4209,0
20140122,27.554,27.818,27.554,27.818,26516,0
20140123,27.828,27.828,27.447,27.544,18799,0
20140124,27.417,27.417,26.687,26.765,9302,0
20140127,26.765,26.765,26.19,26.492,8499,0
20140128,26.453,26.736,26.453,26.639,10579,0
20140129,26.562,26.687,26.305,26.423,22315,0
20140130,26.687,26.974,26.687,26.884,4164,0
20140131,26.609,26.924,26.609,26.726,15369,0
20140203,26.022,26.697,25.588,25.618,12935,0
20140204,25.648,26.012,25.628,25.963,54849,0
20140205,25.558,25.883,25.518,25.775,13002,0
20140206,26.031,26.19,25.873,26.131,4134,0
20140207,26.267,26.522,26.267,26.463,5890,0
20140210,26.364,26.492,26.334,26.492,5198,0
20140211,26.512,26.795,26.492,26.717,7573,0
20140212,26.815,26.964,26.785,26.854,11621,0
20140213,26.736,27.158,26.736,27.158,1443,0
20140214,27.218,27.248,27.09,27.248,8186,0
20140218,27.368,27.525,27.248,27.457,20054,0
20140219,27.268,27.447,27.218,27.218,12242,0
20140220,27.218,27.496,27.158,27.496,6608,0
20140221,27.544,27.634,27.496,27.564,3933,0
20140224,27.614,27.865,27.614,27.711,108825,0
20140225,27.614,27.692,27.614,27.624,7357,0
20140226,27.768,27.953,27.644,27.778,25694,0
20140227,27.865,27.972,27.768,27.962,4951,0
20140228,27.962,28.032,27.788,27.865,1806,0
20140303,27.74,27.788,27.584,27.682,2597,0
20140304,28.129,28.356,28.129,28.346,5027,0
20140305,28.395,28.395,28.209,28.287,101066,0
20140306,28.356,28.425,28.277,28.287,21023,0
20140307,28.513,28.513,28.237,28.247,19481,0
20140310,28.1,28.209,28.1,28.209,6366,0
20140311,28.219,28.219,27.944,28.012,1614,0
20140312,27.768,28.032,27.758,28.032,2358,0
20140313,27.972,28.012,27.554,27.614,8935,0
20140314,27.525,27.865,27.516,27.74,4335,0
20140317,28.042,28.042,27.953,28.022,888,0
20140318,28.081,28.337,28.072,28.317,7194,0
20140319,28.229,28.297,28.219,28.229,2202,0
20140320,28.11,28.247,27.962,28.119,6636,0
20140321,28.237,28.237,28.072,28.072,3686,0
20140324,27.496,27.768,27.496,27.653,35022,0
20140325,27.859,27.859,27.635,27.645,4611,0
20140326,27.674,27.693,27.249,27.249,12422,0
20140327,27.299,27.309,27.081,27.149,7835,0
20140328,27.289,27.487,27.229,27.299,6420,0
20140331,27.448,27.76,27.448,27.75,5045,0
20140401,27.936,28.083,27.877,28.064,33619,0
20140402,28.112,28.269,28.112,28.171,23206,0
20140403,28.211,28.211,27.907,27.936,4181,0
20140404,28.064,28.161,27.249,27.418,28521,0
20140407,27.11,27.139,26.553,26.766,5021,0
20140408,26.766,26.855,26.718,26.826,2100,0
20140409,26.846,27.219,26.826,27.189,9854,0
20140410,27.025,27.199,26.405,26.582,14276,0
20140411,26.424,26.424,26.102,26.102,2654,0
20140414,26.268,26.865,26.181,26.201,1824,0
20140415,26.335,26.395,25.865,26.385,22528,0
20140416,26.582,26.698,26.563,26.688,8016,0
20140417,26.669,26.895,26.66,26.885,5056,0
20140421,26.865,26.935,26.846,26.885,3469,0
20140422,26.935,27.179,26.935,27.159,4576,0
20140423,27.209,27.209,27.025,27.1,5424,0
20140424,26.885,27.139,26.865,27.033,4007,0
20140425,26.955,26.955,26.669,26.669,3702,0
20140428,26.708,26.708,26.161,26.563,4220,0
20140429,26.582,26.747,26.582,26.66,1668,0
20140430,26.718,26.826,26.563,26.816,5153,0
20140501,26.885,27.11,26.737,26.846,13088,0
20140502,26.975,27.149,26.905,26.965,4095,0
20140505,27.062,27.1,26.975,26.995,1910,0
20140506,26.945,26.995,26.708,26.747,6071,0
20140507,26.796,26.796,26.796,26.796,392,0
20140508,26.885,27.052,26.65,26.678,6471,0
20140509,26.493,26.688,26.493,26.66,10091,0
20140512,27.11,27.249,26.915,27.249,4034,0
20140513,27.149,27.239,27.033,27.033,1778,0
20140514,27.033,27.072,26.895,26.895,2176,0
20140515,26.375,26.796,26.231,26.582,4936,0
20140516,26.444,26.669,26.444,26.669,1578,0
20140519,26.543,26.955,26.493,26.816,19960,0
20140520,26.718,26.737,26.543,26.543,4825,0
20140521,26.708,26.776,26.533,26.766,2730,0
20140522,26.766,27.043,26.766,26.905,4339,0
20140523,26.985,27.072,26.895,27.072,1720,0
20140527,27.319,27.319,27.179,27.269,3294,0
20140528,27.189,27.319,27.129,27.199,3209,0
20140529,27.329,27.408,27.249,27.408,3421,0
20140530,27.299,27.428,27.259,27.259,3257,0
20140602,27.052,27.428,27.052,27.408,26160,0
20140603,27.259,27.379,27.259,27.379,4909,0
20140604,27.438,27.517,27.438,27.517,3333,0
20140605,27.75,27.8,27.408,27.8,2276,0
20140606,27.859,28.014,27.76,27.945,6133,0
20140609,28.054,28.181,28.044,28.064,2563,0
20140610,27.945,28.092,27.907,27.926,14971,0
20140611,27.926,27.955,27.78,27.936,3118,0
20140612,27.936,28.427,27.693,27.75,3940,0
20140613,27.712,27.78,27.683,27.741,899,0
20140616,27.741,27.839,27.722,27.8,2795,0
20140617,27.859,28.131,27.859,28.004,8528,0
20140618,28.004,28.181,27.936,28.181,10712,0
20140619,28.064,28.171,28.044,28.131,3604,0
20140620,28.141,28.299,28.141,28.259,3224,0
20140623,28.259,28.329,28.221,28.221,4257,0
20140624,28.214,28.361,27.977,27.977,2470,0
20140625,27.89,28.252,27.89,28.224,7316,0
20140626,28.252,28.252,27.997,28.174,4893,0
20140627,28.184,28.361,28.174,28.361,12221,0
20140630,28.342,28.48,28.342,28.48,2929,0
20140701,28.509,28.823,28.509,28.736,6014,0
20140702,28.559,28.579,28.48,28.529,3664,0
20140703,28.609,28.676,28.579,28.628,2121,0
20140707,28.647,28.696,28.302,28.37,8460,0
20140708,28.184,28.184,27.967,28.037,12839,0
20140709,27.909,28.194,27.909,28.174,6479,0
20140710,27.734,28.105,27.734,28.007,4424,0
20140711,28.037,28.037,27.842,27.987,3268,0
20140714,28.115,28.134,28.007,28.027,31441,0
20140715,28.047,28.047,27.862,27.919,7657,0
20140716,27.939,27.939,27.753,27.813,4056,0
20140717,27.813,27.909,27.734,27.743,1876,0
20140718,27.588,27.929,27.568,27.929,3227,0
20140721,27.725,27.862,27.725,27.852,4903,0
20140722,28.047,28.134,28.037,28.077,4376,0
20140723,28.007,28.124,28.007,28.017,1893,0
20140724,28.184,28.184,28.067,28.067,1519,0
20140725,27.87,27.939,27.833,27.862,4719,0
20140728,27.648,27.803,27.638,27.773,4286,0
20140729,27.783,27.948,27.725,27.725,5287,0
20140730,27.783,27.9,27.686,27.763,1869,0
20140731,27.686,27.686,27.113,27.202,25787,0
20140801,27.113,27.113,26.819,26.998,6124,0
20140804,27.075,27.252,26.878,27.222,6712,0
20140805,27.222,27.242,26.958,27.046,6608,0
20140806,27.055,27.212,27.055,27.084,42041,0
20140807,27.113,27.212,26.878,26.928,5341,0
20140808,26.988,27.252,26.928,27.232,3632,0
20140811,27.352,27.52,27.342,27.421,3441,0
20140812,27.411,27.411,27.192,27.192,2623,0
20140813,27.352,27.568,27.322,27.568,1517,0
20140814,27.51,27.628,27.51,27.558,38913,0
20140815,27.734,27.734,27.49,27.628,4149,0
20140818,27.743,27.957,27.743,27.929,7594,0
20140819,28.047,28.174,28.047,28.174,7031,0
20140820,28.124,28.262,28.095,28.252,10433,0
20140821,28.262,28.262,28.134,28.224,4542,0
20140822,28.105,28.272,28.105,28.242,5736,0
20140825,28.282,28.302,28.233,28.302,2783,0
20140826,28.342,28.44,28.342,28.38,12938,0
20140827,28.332,28.361,28.282,28.302,5196,0
20140828,28.124,28.351,28.124,28.242,15276,0
20140829,28.282,28.46,28.282,28.44,5109,0
20140902,28.657,28.667,28.49,28.529,3104,0
20140903,28.686,28.686,28.43,28.43,14813,0
20140904,28.579,28.618,28.361,28.361,5543,0
20140905,28.46,28.549,28.351,28.549,16159,0
20140908,28.549,28.549,28.46,28.46,3272,0
20140909,28.45,28.45,28.242,28.242,743,0
20140910,28.351,28.351,28.134,28.332,8577,0
20140911,28.332,28.47,28.262,28.47,22768,0
20140912,28.282,28.361,28.134,28.214,6320,0
20140915,27.987,28.057,27.987,28.007,892,0
20140916,27.987,28.332,27.987,28.242,8813,0
20140917,28.233,28.37,28.233,28.342,3897,0
20140918,28.272,28.42,28.272,28.39,10750,0
20140919,28.4,28.45,28.105,28.242,149712,0
20140922,27.957,28.047,27.734,27.743,23841,0
20140923,27.733,27.782,27.596,27.606,17190,0
20140924,27.636,27.802,27.498,27.742,10482,0
20140925,27.527,27.527,27.34,27.34,1160,0
20140926,27.459,27.459,27.35,27.409,10027,0
20140929,27.3,27.508,27.25,27.478,10689,0
20140930,27.4,27.488,27.19,27.24,12802,0
20141001,27.063,27.063,26.564,26.728,138843,0
20141002,26.986,26.986,26.376,26.738,28337,0
20141003,27.053,27.101,26.866,26.986,4902,0
20141006,27.053,27.121,26.817,26.837,6244,0
20141007,26.748,26.787,26.396,26.396,25470,0
20141008,26.366,26.641,26.17,26.641,19958,0
20141009,26.554,26.631,26.031,26.101,32670,0
20141010,26.022,26.022,25.481,25.481,8897,0
20141013,25.335,25.508,25.027,25.037,46652,0
20141014,25.285,25.588,25.197,25.246,39807,0
20141015,25.057,25.528,24.753,25.285,46617,0
20141016,25.454,25.628,25.127,25.598,15351,0
20141017,25.953,26.002,25.834,25.873,17925,0
20141020,25.737,26.141,25.737,26.131,10346,0
20141021,26.494,26.777,26.386,26.777,224514,0
20141022,26.956,26.956,26.534,26.534,114968,0
20141023,26.767,27.044,26.719,26.916,16856,0
20141024,26.916,27.091,26.847,27.091,13484,0
20141027,26.946,27.121,26.946,27.121,4183,0
20141028,27.18,27.546,27.16,27.546,13800,0
20141029,27.527,27.616,27.33,27.537,40168,0
20141030,27.518,27.694,27.32,27.626,14729,0
20141031,27.899,27.947,27.752,27.938,20454,0
20141103,28.046,28.085,27.899,27.899,9910,0
20141104,28.006,28.056,27.869,27.938,4501,0
20141105,28.429,28.429,27.947,28.026,11542,0
20141106,28.094,28.241,27.996,28.241,12691,0
20141107,28.104,28.193,28.066,28.163,3607,0
20141110,28.203,28.341,28.173,28.321,19655,0
20141111,28.203,28.331,28.203,28.251,59801,0
20141112,28.241,28.429,28.213,28.429,52244,0
20141113,28.429,28.499,28.271,28.311,6661,0
20141114,28.311,28.479,28.291,28.291,9688,0
20141117,28.291,28.35,28.203,28.213,13235,0
20141118,28.469,28.528,28.419,28.449,13830,0
20141119,28.291,28.399,28.183,28.36,27638,0
20141120,28.37,28.508,28.37,28.449,7615,0
20141121,28.735,28.852,28.528,28.578,5274,0
20141124,28.627,28.802,28.598,28.802,7233,0
20141125,28.931,28.931,28.695,28.822,10453,0
20141126,28.911,28.911,28.793,28.862,6855,0
20141128,28.862,28.961,28.775,28.775,1690,0
20141201,28.528,29.218,28.36,28.36,26886,0
20141202,28.399,28.518,28.389,28.499,12599,0
20141203,28.578,28.745,28.528,28.725,57650,0
20141204,28.705,28.725,28.548,28.617,11573,0
20141205,28.715,28.784,28.646,28.735,10250,0
20141208,28.695,28.862,28.37,28.528,10734,0
20141209,28.153,28.608,28.114,28.578,7951,0
20141210,28.608,28.617,28.076,28.153,52331,0
20141211,28.321,28.568,28.163,28.419,10608,0
20141212,28.173,28.251,28.046,28.104,34235,0
20141215,28.006,28.085,27.802,27.938,4469,0
20141216,27.646,28.026,27.626,27.684,14988,0
20141217,27.733,28.321,27.703,28.321,5166,0
20141218,28.784,28.802,28.528,28.765,43174,0
20141219,28.891,28.941,28.755,28.891,13753,0
20141222,28.891,29.059,28.891,29.059,3032,0
20141223,29.148,29.158,29.05,29.119,35037,0
20141224,29.139,29.276,29.109,29.256,17260,0
20141226,29.326,29.395,29.256,29.276,33800,0
20141229,29.326,29.404,29.326,29.345,21903,0
20141230,29.276,29.286,29.188,29.198,4784,0
20141231,29.226,29.621,28.921,28.921,32665,0
20150102,29.109,29.109,28.607,28.715,86255,0
20150105,28.626,28.626,28.3,28.388,16989,0
20150106,28.458,28.458,27.888,28.035,47633,0
20150107,28.222,28.369,28.192,28.359,10830,0
20150108,28.725,28.911,28.527,28.812,19052,0
20150109,28.871,28.871,28.646,28.665,26798,0
20150112,28.646,28.725,28.468,28.626,16476,0
20150113,28.911,29.05,28.28,28.517,58123,0
20150114,28.349,28.488,28.3,28.468,8328,0
20150115,28.527,28.527,28.142,28.25,20726,0
20150116,28.162,28.448,28.132,28.448,24557,0
20150120,28.775,28.775,28.369,28.547,34907,0
20150121,28.557,28.715,28.517,28.655,10841,0
20150122,28.755,29.286,28.725,29.286,288395,0
20150123,28.941,29.355,28.931,29.236,23069,0
20150126,29.218,29.543,29.208,29.543,118878,0
20150127,29.246,29.453,29.119,29.316,10007,0
20150128,29.788,29.788,28.991,29.011,30222,0
20150129,29.119,29.316,28.881,29.306,38688,0
20150130,29.109,29.109,28.725,28.725,80000,0
20150202,28.951,28.951,28.388,28.802,42245,0
20150203,29.021,29.236,28.911,29.236,18714,0
20150204,29.178,29.326,29.158,29.178,119822,0
20150205,29.345,29.463,29.345,29.463,20120,0
20150206,29.306,29.523,29.198,29.286,55594,0
20150209,29.148,29.148,28.981,29.021,24142,0
20150210,29.178,29.345,29.021,29.345,14824,0
20150211,29.404,29.414,29.178,29.345,37282,0
20150212,29.365,29.592,29.365,29.533,21480,0
20150213,29.533,29.669,29.533,29.669,31248,0
20150217,29.66,29.778,29.611,29.651,44331,0
20150218,29.651,29.868,29.611,29.868,114994,0
20150219,29.878,29.947,29.748,29.788,26324,0
20150220,29.818,30.056,29.669,30.006,26467,0
20150223,30.056,30.104,29.967,30.104,22508,0
20150224,30.026,30.172,29.997,30.065,27825,0
20150225,30.065,30.182,29.987,30.016,27931,0
20150226,30.123,30.123,29.937,29.977,11348,0
20150227,30.036,30.056,29.927,29.927,18447,0
20150302,30.016,30.288,30.006,30.288,112696,0
20150303,30.133,30.278,29.957,30.075,19613,0
20150304,30.006,30.026,29.828,29.947,13008,0
20150305,30.026,30.104,29.967,30.026,7418,0
20150306,29.483,29.798,29.483,29.483,17581,0
20150309,29.698,29.808,29.66,29.748,19817,0
20150310,29.592,29.592,29.355,29.483,114528,0
20150311,29.543,29.688,29.473,29.688,15545,0
20150312,29.977,30.104,29.828,30.104,12704,0
20150313,29.917,30.113,29.748,29.937,28862,0
20150316,30.182,30.396,30.182,30.396,18798,0
20150317,30.367,30.514,30.308,30.504,22257,0
20150318,30.327,30.791,30.327,30.721,13617,0
20150319,30.771,30.811,30.652,30.761,28351,0
20150320,30.821,31.116,30.821,31.066,10367,0
20150323,31.066,31.195,31.066,31.145,42274,0
20150324,31.026,31.106,30.881,30.891,43695,0
20150325,30.843,30.982,30.211,30.249,94391,0
20150326,30.016,30.259,29.977,30.124,16728,0
20150327,30.22,30.446,30.134,30.446,42582,0
20150330,30.664,30.883,30.644,30.873,20683,0
20150331,30.803,30.893,30.634,30.713,26294,0
20150401,30.664,30.753,30.338,30.536,336805,0
20150402,30.594,30.723,30.545,30.654,25346,0
20150406,30.516,30.803,30.486,30.743,250017,0
20150407,30.823,30.873,30.526,30.526,40223,0
20150408,30.733,30.753,30.545,30.743,77863,0
20150409,30.803,30.803,30.594,30.704,7752,0
20150410,30.773,30.883,30.743,30.853,33557,0
20150413,30.903,30.953,30.684,30.684,123995,0
20150414,30.674,30.733,30.466,30.644,14498,0
20150415,30.803,30.833,30.694,30.694,152903,0
20150416,30.704,30.723,30.574,30.684,56745,0
20150417,30.506,31,30.202,30.328,20683,0
20150420,30.516,30.604,30.397,30.604,19390,0
20150421,30.684,30.783,30.684,30.713,10657,0
20150422,30.704,30.833,30.574,30.793,33468,0
20150423,30.803,30.953,30.763,30.933,24737,0
20150424,30.923,30.923,30.753,30.813,17235,0
20150427,30.803,30.843,30.358,30.387,106962,0
20150428,30.289,30.516,30.056,30.387,29705,0
20150429,30.134,30.299,29.868,30.006,35386,0
20150430,29.997,30.006,29.462,29.512,16424,0
20150501,29.679,29.897,29.532,29.858,103820,0
20150504,30.104,30.114,29.967,30.006,13993,0
20150505,29.997,30.056,29.512,29.562,90841,0
20150506,29.591,29.728,29.364,29.432,16652,0
20150507,29.502,29.818,29.502,29.818,30820,0
20150508,30.114,30.328,30.026,30.085,13586,0
20150511,30.095,30.154,30.026,30.026,9429,0
20150512,29.718,29.907,29.63,29.848,17722,0
20150513,30.006,30.006,29.848,29.957,12573,0
20150514,29.967,30.269,29.947,30.249,14904,0
20150515,30.269,30.309,30.192,30.269,32425,0
20150518,30.279,30.584,30.269,30.584,10730,0
20150519,30.634,30.664,30.506,30.526,42177,0
20150520,30.654,30.654,30.526,30.574,16424,0
20150521,30.634,30.634,30.506,30.564,15613,0
20150522,30.564,30.624,30.486,30.594,10747,0
20150526,30.446,30.486,30.183,30.259,43414,0
20150527,30.279,30.574,30.249,30.574,14803,0
20150528,30.574,30.634,30.456,30.526,16836,0
20150529,30.387,30.536,30.289,30.427,9531,0
20150601,30.427,30.594,30.309,30.496,79075,0
20150602,30.446,30.574,30.427,30.476,10762,0
20150603,30.536,30.743,30.466,30.644,12776,0
20150604,30.476,30.506,30.318,30.348,7908,0
20150605,30.183,30.466,30.124,30.466,21394,0
20150608,30.407,30.427,30.23,30.249,11456,0
20150609,30.065,30.279,29.947,30.104,25247,0
20150610,30.249,30.496,30.202,30.417,14176,0
20150611,30.456,30.594,30.456,30.555,21801,0
20150612,30.486,30.594,30.446,30.564,7604,0
20150615,30.192,30.417,30.192,30.407,8212,0
20150616,30.436,30.664,30.436,30.634,17337,0
20150617,30.684,30.773,30.564,30.684,17134,0
20150618,30.833,31.069,30.833,31.049,10545,0
20150619,31.099,31.119,30.99,31.059,14295,0
20150622,31.138,31.267,31.129,31.148,12063,0
20150623,31.267,31.267,31.099,31.208,36557,0
20150624,31.094,31.104,30.788,30.818,65363,0
20150625,30.986,30.986,30.748,30.838,26954,0
20150626,30.818,30.918,30.728,30.848,11451,0
20150629,30.609,30.649,30.207,30.207,27462,0
20150630,30.353,30.481,30.274,30.343,59645,0
20150701,30.659,30.659,30.353,30.511,167612,0
20150702,30.629,30.629,30.294,30.432,21787,0
20150706,30.254,30.521,30.187,30.254,134068,0
20150707,30.323,30.471,30.001,30.471,14188,0
20150708,30.274,30.333,29.922,30.06,24018,0
20150709,30.353,30.412,30.139,30.168,15606,0
20150710,30.402,30.569,30.402,30.569,49149,0
20150713,30.818,31.034,30.728,30.858,49046,0
20150714,30.858,31.064,30.858,31.044,36742,0
20150715,31.034,31.044,30.868,30.928,20741,0
20150716,30.958,31.163,30.958,31.074,32327,0
20150717,31.094,31.094,30.798,30.888,19355,0
20150720,31.014,31.044,30.938,30.986,27766,0
20150721,31.004,31.074,30.709,30.778,32327,0
20150722,30.718,30.986,30.649,30.958,43169,0
20150723,31.133,31.153,30.709,30.738,27057,0
20150724,30.609,30.798,30.323,30.481,21280,0
20150727,30.353,30.353,30.109,30.178,20166,0
20150728,30.333,30.491,30.07,30.481,40434,0
20150729,30.649,30.748,30.441,30.748,35470,0
20150730,30.649,30.888,30.609,30.798,24018,0
20150731,30.878,31.064,30.868,30.908,25031,0
20150803,30.888,30.908,30.639,30.808,53056,0
20150804,30.848,30.977,30.728,30.828,20773,0
20150805,31.104,31.213,30.938,31.004,16416,0
20150806,30.968,30.968,30.304,30.372,23118,0
20150807,30.294,30.422,30.159,30.314,27967,0
20150810,30.639,30.848,30.579,30.758,33946,0
20150811,30.559,30.659,30.294,30.392,22830,0
20150812,30.129,30.294,29.773,30.216,53609,0
20150813,30.323,30.501,30.149,30.304,23306,0
20150814,30.274,30.579,30.225,30.579,34557,0
20150817,30.541,30.878,30.363,30.878,39723,0
20150818,30.918,30.918,30.589,30.659,15810,0
20150819,30.343,30.579,30.254,30.412,22599,0
20150820,30.041,30.041,29.466,29.466,57559,0
20150821,29.111,29.329,28.676,28.676,47932,0
20150824,25.954,29.338,20.764,27.662,69842,0
20150825,28.617,28.617,27.563,27.593,70023,0
20150826,27.995,28.25,27.434,28.232,33441,0
20150827,28.568,28.933,28.419,28.666,52697,0
20150828,28.736,28.953,28.736,28.923,42663,0
20150831,28.766,28.953,28.627,28.646,22902,0
20150901,28.045,28.222,27.76,27.83,168015,0
20150902,28.192,28.26,27.965,28.26,44385,0
20150903,28.369,28.776,28.369,28.518,42258,0
20150904,28.429,28.439,28.113,28.222,19558,0
20150908,28.736,29.033,28.578,29.033,23510,0
20150909,29.358,29.358,28.696,28.746,18846,0
20150910,28.766,29.003,28.666,28.766,31146,0
20150911,28.656,28.993,28.656,28.963,23410,0
20150914,29.003,29.043,28.824,28.883,12870,0
20150915,28.943,29.269,28.933,29.229,24421,0
20150916,29.17,29.427,29.17,29.427,15810,0
20150917,29.398,29.853,29.368,29.476,21184,0
20150918,29.131,29.398,29.013,29.023,15401,0
20150921,29.259,29.526,29.121,29.239,7600,0
20150922,28.814,28.963,28.666,28.814,22295,0
20150923,28.963,28.963,28.696,28.804,126324,0
20150924,28.479,28.646,28.31,28.558,13171,0
20150925,28.766,28.834,28.33,28.459,13069,0
20150928,28.349,28.349,27.384,27.492,35742,0
20150929,27.542,27.562,27.134,27.264,53183,0
20150930,27.612,27.76,27.463,27.76,31403,0
20151001,27.632,27.79,27.443,27.662,169682,0
20151002,27.562,28.025,27.314,28.025,11345,0
20151005,28.3,28.528,28.3,28.508,76167,0
20151006,28.489,28.538,28.025,28.192,80333,0
20151007,28.32,28.538,28.202,28.538,32215,0
20151008,28.459,28.804,28.419,28.756,47308,0
20151009,28.766,28.903,28.706,28.864,41433,0
20151012,28.873,29.003,28.844,28.993,40355,0
20151013,28.943,29.071,28.656,28.656,25832,0
20151014,28.686,28.686,28.32,28.32,10840,0
20151015,28.449,28.746,28.389,28.746,18134,0
20151016,28.785,28.883,28.676,28.844,11244,0
20151019,28.844,29.121,28.844,29.043,31000,0
20151020,29.013,29.141,28.893,28.993,15712,0
20151021,29.033,29.052,28.598,28.706,57945,0
20151022,28.804,28.873,28.666,28.804,172618,0
20151023,28.834,28.854,28.598,28.834,49133,0
20151026,28.794,28.923,28.756,28.903,32821,0
20151027,28.824,28.883,28.646,28.776,14994,0
20151028,28.814,29.239,28.746,29.2,40319,0
20151029,29.15,29.15,29.003,29.081,49941,0
20151030,29.141,29.141,29.023,29.052,18840,0
20151102,29.061,29.378,29.052,29.338,36641,0
20151103,29.249,29.358,29.17,29.269,48218,0
20151104,29.338,29.338,29.141,29.18,19345,0
20151105,29.319,29.319,29.071,29.289,21478,0
20151106,29.309,29.319,29.033,29.229,23298,0
20151109,29.121,29.15,28.776,28.953,56476,0
20151110,29.013,29.131,28.854,29.131,16005,0
20151111,29.289,29.289,28.983,29.091,8408,0
20151112,28.933,28.933,28.508,28.518,27555,0
20151113,28.222,28.429,28.202,28.202,24820,0
20151116,28.222,28.558,28.152,28.538,57135,0
20151117,28.518,28.814,28.489,28.548,38292,0
20151118,28.598,28.943,28.518,28.903,17932,0
20151119,28.963,29.052,28.834,28.963,15094,0
20151120,29.131,29.229,29.052,29.101,30491,0
20151123,29.071,29.368,29.061,29.249,34139,0
20151124,29.17,29.378,28.983,29.348,47308,0
20151125,29.436,29.486,29.388,29.446,14183,0
20151127,29.516,29.625,29.516,29.576,3444,0
20151130,29.635,29.635,29.338,29.348,9422,0
20151201,29.546,29.635,29.398,29.635,17142,0
20151202,29.596,29.645,29.407,29.456,12242,0
20151203,29.378,29.427,28.726,28.785,21885,0
20151204,29.061,29.249,29.013,29.229,22893,0
20151207,29.319,29.319,29.052,29.101,7495,0
20151208,28.933,29.131,28.933,29.071,24168,0
20151209,29.071,29.18,28.578,28.627,45889,0
20151210,28.637,28.824,28.637,28.656,46599,0
20151211,28.359,28.558,28.24,28.28,20867,0
20151214,28.3,28.32,28.055,28.26,28969,0
20151215,28.479,28.608,28.429,28.528,15094,0
20151216,28.627,28.883,28.489,28.844,37889,0
20151217,28.933,28.933,28.518,28.518,11042,0
20151218,28.489,28.489,28.182,28.212,14283,0
20151221,28.359,28.429,28.172,28.3,29479,0
20151222,28.369,28.627,28.27,28.538,13189,0
20151223,28.634,28.773,28.634,28.773,11331,0
20151224,28.681,28.841,28.681,28.773,9632,0
20151228,28.728,28.88,28.594,28.861,30932,0
20151229,29.065,29.167,28.93,29.058,43729,0
20151230,29.088,29.118,28.821,28.821,11569,0
20151231,28.663,28.865,28.505,28.505,50751,0
20160104,28.08,28.08,27.805,27.991,139583,0
20160105,28.089,28.148,27.981,28.051,72573,0
20160106,27.855,27.96,27.657,27.805,30152,0
20160107,27.399,27.611,27.159,27.189,195494,0
20160108,27.339,27.389,26.834,26.834,18015,0
20160111,26.923,27.051,26.519,26.715,134234,0
20160112,26.993,27.061,26.666,27.061,74230,0
20160113,27.029,27.029,26.153,26.224,61847,0
20160114,26.321,26.652,26.054,26.539,33659,0
20160115,25.956,26.153,25.748,26.144,218867,0
20160119,26.45,26.47,25.975,26.064,20740,0
20160120,25.807,26.321,25.204,26.034,115297,0
20160121,26.025,26.371,25.946,26.095,33505,0
20160122,26.331,26.597,26.331,26.529,11054,0
20160125,26.519,26.568,26.134,26.134,18439,0
20160126,26.243,26.588,26.183,26.559,70692,0
20160127,26.43,26.616,26.175,26.175,19176,0
20160128,26.489,26.489,26.084,26.114,11001,0
20160129,26.193,26.943,26.193,26.943,6750,0
20160201,26.735,27.072,26.735,26.982,16866,0
20160202,26.519,26.646,26.346,26.371,18748,0
20160203,25.956,26.36,25.926,26.292,39558,0
20160204,26.223,26.429,26.163,26.311,62436,0
20160205,26.243,26.243,25.576,25.599,28251,0
20160208,25.323,25.323,24.759,25.001,26151,0
20160209,24.838,25.323,24.749,25.145,68054,0
20160210,25.413,25.742,25.313,25.313,45750,0
20160211,25.199,25.201,24.838,25.201,49784,0
20160212,25.313,25.443,25.155,25.443,375509,0
20160216,25.753,25.966,25.659,25.966,23455,0
20160217,26.163,26.304,26.163,26.223,52359,0
20160218,26.302,26.302,26.005,26.018,69342,0
20160219,25.944,26.172,25.886,26.124,14177,0
20160222,26.509,26.509,26.411,26.44,21211,0
20160223,26.361,26.446,26.263,26.292,24569,0
20160224,26.088,26.597,26.034,26.499,12537,0
20160225,26.774,26.855,26.605,26.834,15814,0
20160226,26.873,26.956,26.834,26.863,10558,0
20160229,26.873,26.957,26.745,26.745,9844,0
20160301,27.051,27.279,27.051,27.279,3453,0
20160302,27.239,27.399,27.179,27.389,37962,0
20160303,27.289,27.637,27.279,27.627,11006,0
20160304,27.537,27.749,27.497,27.677,27009,0
20160307,27.617,27.726,27.577,27.653,4822,0
20160308,27.508,27.508,27.359,27.418,10795,0
20160309,27.399,27.487,27.279,27.448,8705,0
20160310,27.557,27.567,27.031,27.269,5887,0
20160311,27.507,27.755,27.507,27.735,20764,0
20160314,27.597,27.716,27.597,27.696,7054,0
20160315,27.577,27.619,27.487,27.547,10222,0
20160316,27.577,27.797,27.537,27.755,8881,0
20160317,27.607,27.952,27.587,27.912,16307,0
20160318,27.873,28.208,27.873,28.109,25564,0
20160321,28.086,28.089,27.971,28.011,14310,0
20160322,28.029,28.178,28.012,28.08,4565,0
20160323,28.061,28.097,27.88,27.89,57146,0
20160324,27.792,27.88,27.634,27.88,32389,0
20160328,27.863,28.068,27.792,27.968,8475,0
20160329,27.974,28.592,27.974,28.592,10747,0
20160330,28.623,28.661,28.511,28.522,16915,0
20160331,28.522,28.661,28.503,28.552,6485,0
20160401,28.549,28.829,28.542,28.771,5561,0
20160404,28.741,28.741,28.533,28.562,52200,0
20160405,28.345,28.462,28.284,28.284,8783,0
20160406,28.294,28.68,28.294,28.68,6101,0
20160407,28.622,28.622,28.284,28.363,8735,0
20160408,28.567,28.622,28.385,28.503,42032,0
20160411,28.651,28.699,28.334,28.334,6105,0
20160412,28.354,28.568,28.317,28.532,8261,0
20160413,28.656,28.888,28.656,28.888,9974,0
20160414,28.898,28.928,28.781,28.839,20602,0
20160415,28.859,28.94,28.847,28.918,7028,0
20160418,28.761,29.121,28.761,29.076,42951,0
20160419,29.178,29.178,29.028,29.086,8529,0
20160420,29.048,29.176,28.967,29.048,18457,0
20160421,28.978,29.003,28.661,28.671,39835,0
20160422,28.741,28.888,28.661,28.859,6940,0
20160425,28.781,28.788,28.721,28.731,11387,0
20160426,28.859,29.038,28.789,28.988,9513,0
20160427,29.155,29.195,28.898,29.116,7209,0
20160428,28.829,29.181,28.819,28.819,16691,0
20160429,28.562,28.681,28.383,28.562,10498,0
20160502,28.542,28.878,28.542,28.878,7004,0
20160503,28.671,28.671,28.446,28.522,3048,0
20160504,28.314,28.547,28.314,28.443,17769,0
20160505,28.495,28.562,28.423,28.479,5856,0
20160506,28.532,28.622,28.274,28.582,16887,0
20160509,28.532,28.878,28.532,28.781,9816,0
20160510,28.799,28.982,28.799,28.968,10586,0
20160511,28.948,28.958,28.681,28.681,3929,0
20160512,28.731,28.809,28.532,28.671,9495,0
20160513,28.671,28.703,28.479,28.493,4146,0
20160516,28.562,28.868,28.562,28.741,23602,0
20160517,28.642,28.809,28.226,28.334,13803,0
20160518,28.186,28.499,28.186,28.274,7943,0
20160519,28.088,28.264,27.958,28.136,5320,0
20160520,28.196,28.46,28.196,28.423,15548,0
20160523,28.527,28.527,28.393,28.393,5211,0
20160524,28.602,28.964,28.463,28.938,26909,0
20160525,28.998,29.018,28.958,29.018,8451,0
20160526,29.076,29.125,29.018,29.083,4585,0
20160527,29.175,29.294,29.175,29.254,8944,0
20160531,29.234,29.383,29.175,29.264,18562,0
20160601,29.116,29.427,29.116,29.413,27127,0
20160602,29.334,29.582,29.334,29.582,3664,0
20160603,29.502,29.572,29.353,29.472,8634,0
20160606,29.531,29.651,29.462,29.572,7043,0
20160607,29.602,29.74,29.602,29.671,4085,0
20160608,29.7,29.85,29.631,29.79,6327,0
20160609,29.704,29.848,29.704,29.79,3853,0
20160610,29.452,29.631,29.373,29.403,6008,0
20160613,29.395,29.395,29.106,29.106,4377,0
20160614,29.102,29.126,28.958,29.076,8008,0
20160615,29.136,29.294,29.136,29.146,4381,0
20160616,28.935,29.126,28.875,29.126,8250,0
20160617,29.018,29.023,28.888,29.008,3648,0
20160620,29.294,29.444,29.254,29.254,11112,0
20160621,29.225,29.353,29.195,29.254,9151,0
20160622,29.292,29.46,29.232,29.242,6735,0
20160623,29.391,29.659,29.391,29.659,41469,0
20160624,28.678,29.131,28.678,28.846,19270,0
20160627,28.35,28.507,27.994,28.203,17636,0
20160628,28.509,28.705,28.46,28.678,25460,0
20160629,28.915,29.262,28.915,29.203,80534,0
20160630,29.252,29.718,29.252,29.718,71255,0
20160701,29.55,29.838,29.55,29.668,69725,0
20160705,29.53,29.53,29.345,29.48,7199,0
20160706,29.376,29.648,29.376,29.619,5406,0
20160707,29.758,29.778,29.566,29.649,24085,0
20160708,29.718,30.173,29.718,30.138,104538,0
20160711,30.261,30.36,30.256,30.306,103446,0
20160712,30.438,30.547,30.34,30.458,29916,0
20160713,30.498,30.498,30.33,30.369,21005,0
20160714,30.429,30.557,30.298,30.33,16658,0
20160715,30.557,30.557,30.256,30.277,7536,0
20160718,30.379,30.399,30.266,30.369,24179,0
20160719,30.28,30.378,30.258,30.32,6982,0
20160720,30.35,30.567,30.35,30.508,25264,0
20160721,30.547,30.567,30.283,30.369,18600,0
20160722,30.434,30.662,30.419,30.617,4662,0
20160725,30.518,30.518,30.478,30.478,847,0
20160726,30.458,30.677,30.458,30.617,4686,0
20160727,30.716,30.716,30.452,30.567,6076,0
20160728,30.458,30.814,30.458,30.766,5498,0
20160729,30.707,30.971,30.707,30.906,7826,0
20160801,31.083,31.083,30.846,30.896,24990,0
20160802,30.766,30.766,30.508,30.557,6515,0
20160803,30.486,30.597,30.486,30.571,17654,0
20160804,30.687,30.806,30.675,30.707,8754,0
20160805,30.836,30.936,30.827,30.934,4498,0
20160808,30.946,30.946,30.854,30.866,6408,0
20160809,30.816,30.896,30.816,30.876,3983,0
20160810,30.826,30.886,30.766,30.842,5839,0
20160811,30.936,30.936,30.776,30.866,24650,0
20160812,30.869,30.985,30.806,30.866,42796,0
20160815,30.796,31.073,30.796,31.032,9130,0
20160816,30.868,30.868,30.657,30.657,23910,0
20160817,30.697,30.697,30.429,30.652,38337,0
20160818,30.796,30.826,30.736,30.816,16874,0
20160819,30.687,30.816,30.687,30.802,19764,0
20160822,30.776,30.906,30.736,30.906,22936,0
20160823,31.073,31.091,31.033,31.063,24016,0
20160824,31.018,31.023,30.766,30.786,15414,0
20160825,30.836,30.946,30.786,30.866,17457,0
20160826,30.976,30.976,30.66,30.774,4582,0
20160829,30.886,31.082,30.885,31.033,23964,0
20160830,31.083,31.083,30.856,30.901,6546,0
20160831,30.976,30.976,30.775,30.916,4231,0
20160901,30.916,30.954,30.736,30.954,7626,0
20160902,31.301,31.301,31.133,31.233,13909,0
20160906,31.242,31.281,31.172,31.281,116682,0
20160907,31.351,31.391,31.202,31.391,260434,0
20160908,31.183,31.252,31.162,31.199,3153,0
20160909,30.766,30.766,30.251,30.251,57188,0
20160912,30.232,30.607,29.997,30.587,20233,0
20160913,30.454,30.454,30.006,30.056,10847,0
20160914,30.173,30.213,30.047,30.065,44017,0
20160915,30.193,30.389,30.046,30.389,26090,0
20160916,30.34,30.389,30.271,30.35,6121,0
20160919,30.585,30.587,30.438,30.518,6512,0
20160920,30.587,30.587,30.436,30.448,5980,0
20160921,30.549,30.733,30.343,30.723,47917,0
20160922,30.893,31.08,30.893,31.07,11189,0
20160923,30.963,30.963,30.857,30.913,4845,0
20160926,30.664,30.803,30.664,30.773,6190,0
20160927,30.644,30.773,30.634,30.666,4970,0
20160928,30.733,30.843,30.544,30.843,27282,0
20160929,30.704,30.763,30.465,30.574,69456,0
20160930,30.525,30.713,30.515,30.713,4616,0
20161003,30.367,30.501,30.318,30.376,92942,0
20161004,30.386,30.395,30.104,30.19,31640,0
20161005,30.337,30.337,30.17,30.19,77102,0
20161006,30.2,30.219,30.035,30.21,15408,0
20161007,30.194,30.194,29.963,30.092,26517,0
20161010,30.288,30.485,30.288,30.364,3911,0
20161011,30.121,30.121,29.635,29.764,4737,0
20161012,29.681,29.882,29.681,29.785,44974,0
20161013,29.506,29.724,29.506,29.714,5999,0
20161014,29.913,29.929,29.558,29.596,56077,0
20161017,29.546,29.597,29.518,29.518,1716,0
20161018,29.784,29.824,29.674,29.694,43421,0
20161019,29.694,29.893,29.645,29.873,9917,0
20161020,29.784,29.784,29.606,29.754,15060,0
20161021,29.546,29.749,29.546,29.744,14475,0
20161024,29.933,30.013,29.854,29.884,10550,0
20161025,29.801,29.801,29.596,29.617,47159,0
20161026,29.456,29.456,29.099,29.199,13292,0
20161027,29.238,29.238,28.836,28.851,7506,0
20161028,29.126,29.126,28.831,28.851,5359,0
20161031,28.881,29.05,28.835,29.011,12536,0
20161101,28.991,29.05,28.604,28.753,4764,0
20161102,28.475,28.597,28.326,28.326,19134,0
20161103,28.465,28.465,28.286,28.286,6708,0
20161104,28.296,28.552,28.266,28.346,12353,0
20161107,28.713,29.001,28.713,29.001,9858,0
20161108,28.881,29.189,28.881,29.069,8624,0
20161109,28.713,29.526,28.713,29.486,9421,0
20161110,29.737,29.792,29.248,29.347,75055,0
20161111,29.468,29.704,29.337,29.645,38648,0
20161114,29.9,30.003,29.844,30.003,10320,0
20161115,30.033,30.347,30.033,30.323,13060,0
20161116,30.102,30.36,30.102,30.347,13502,0
20161117,30.515,30.624,30.5,30.584,11751,0
20161118,30.564,30.644,30.505,30.604,167106,0
20161121,30.833,30.885,30.753,30.862,70112,0
20161122,30.903,31.06,30.804,31.06,17966,0
20161123,31.03,31.23,30.967,31.2,8086,0
20161125,31.258,31.329,31.25,31.329,2816,0
20161128,31.369,31.369,31.11,31.12,6019,0
20161129,31.08,31.22,31.08,31.08,6038,0
20161130,31.319,31.319,31,31.01,68355,0
20161201,31.02,31.02,30.491,30.491,15851,0
20161202,30.674,30.784,30.584,30.684,7097,0
20161205,31.077,31.08,31.001,31.03,27638,0
20161206,31.24,31.379,31.061,31.349,4839,0
20161207,31.437,31.716,31.319,31.646,162604,0
20161208,31.586,32.052,31.586,31.989,57389,0
20161209,32.101,32.101,31.795,31.834,158568,0
20161212,31.902,31.902,31.527,31.59,14620,0
20161213,31.795,31.824,31.551,31.716,15224,0
20161214,31.686,31.686,31.319,31.339,11527,0
20161215,31.374,31.586,31.374,31.396,9460,0
20161216,31.17,31.646,31.17,31.366,14559,0
20161219,31.507,31.587,31.477,31.569,3068,0
20161220,31.71,31.71,31.606,31.703,8804,0
20161221,31.712,31.713,31.624,31.624,80019,0
20161222,31.541,31.608,31.339,31.349,9851,0
20161223,31.413,31.511,31.413,31.511,9192,0
20161227,31.431,31.701,31.431,31.651,8148,0
20161228,31.759,31.759,31.263,31.303,6833,0
20161229,31.383,31.441,31.303,31.383,17592,0
20161230,31.521,31.521,31.203,31.213,25975,0
20170103,31.441,31.522,31.191,31.403,7201,0
20170104,31.581,31.902,31.563,31.878,26088,0
20170105,31.86,31.862,31.576,31.741,10879,0
20170106,31.79,31.83,31.692,31.711,14893,0
20170109,31.651,31.758,31.539,31.611,44061,0
20170110,31.691,31.898,31.661,31.85,11991,0
20170111,31.83,31.908,31.788,31.861,13357,0
20170112,31.79,31.847,31.492,31.771,12948,0
20170113,32.038,32.068,31.975,32.038,11422,0
20170117,31.81,31.81,31.596,31.641,4354,0
20170118,31.641,31.8,31.641,31.8,10793,0
20170119,31.661,31.741,31.512,31.589,10550,0
20170120,31.781,31.8,31.671,31.681,9211,0
20170123,31.751,31.751,31.555,31.681,13341,0
20170124,31.85,32.208,31.831,32.158,11939,0
20170125,32.34,32.407,32.288,32.387,17018,0
20170126,32.477,32.477,32.308,32.367,15797,0
20170127,32.367,32.367,32.148,32.208,7101,0
20170130,32.178,32.178,31.709,31.968,13886,0
20170131,32.008,32.068,31.82,32.068,13619,0
20170201,32.138,32.144,31.908,32.088,15866,0
20170202,31.983,32.184,31.983,32.068,9823,0
20170203,32.276,32.527,32.276,32.52,5793,0
20170206,32.487,32.487,32.27,32.307,39148,0
20170207,32.467,32.467,32.238,32.278,7390,0
20170208,32.211,32.407,32.124,32.377,11623,0
20170209,32.536,32.763,32.536,32.743,24783,0
20170210,32.743,32.907,32.724,32.893,17487,0
20170213,33.163,33.163,32.883,32.883,18820,0
20170214,32.933,33.023,32.744,33.013,37554,0
20170215,33.013,33.272,33.013,33.232,10135,0
20170216,33.222,33.252,33.063,33.202,8535,0
20170217,33.163,33.272,33.113,33.272,6135,0
20170221,33.451,33.561,33.421,33.552,11856,0
20170222,33.49,33.491,33.365,33.396,8378,0
20170223,33.351,33.352,33.073,33.212,11132,0
20170224,33.093,33.232,33.093,33.163,6118,0
20170227,33.262,33.451,33.232,33.451,26162,0
20170228,33.471,33.471,33.023,33.053,30510,0
20170301,33.212,33.67,33.212,33.66,23776,0
20170302,33.591,33.591,33.272,33.281,12945,0
20170303,33.222,33.322,33.177,33.322,8329,0
20170306,33.123,33.202,32.983,33.202,9637,0
20170307,33.083,33.133,32.993,32.993,7644,0
20170308,33.192,33.192,32.783,32.783,18639,0
20170309,32.883,32.883,32.589,32.644,7218,0
20170310,32.824,32.843,32.671,32.843,5360,0
20170313,32.923,33.003,32.884,33.003,3587,0
20170314,32.774,32.843,32.687,32.843,8085,0
20170315,33.003,33.342,32.991,33.342,22498,0
20170316,33.352,33.352,33.212,33.311,7598,0
20170317,33.317,33.421,33.262,33.401,10526,0
20170320,33.312,33.352,33.192,33.237,7804,0
20170321,33.491,33.491,32.658,32.714,14484,0
20170322,32.664,32.674,32.437,32.606,15510,0
20170323,32.684,32.879,32.654,32.674,17046,0
20170324,32.813,32.893,32.628,32.743,16467,0
20170327,32.437,32.808,32.327,32.803,23992,0
20170328,32.823,33.003,32.684,32.973,19757,0
20170329,32.863,33.081,32.843,33.073,44453,0
20170330,33.112,33.178,33.088,33.149,15658,0
20170331,33.232,33.361,33.153,33.295,10127,0
20170403,33.282,33.361,32.903,33.063,14877,0
20170404,32.913,33.063,32.903,32.903,11954,0
20170405,33.202,33.233,32.684,32.694,7213,0
20170406,32.674,32.923,32.606,32.823,10810,0
20170407,32.773,32.958,32.773,32.913,7580,0
20170410,33.033,33.099,32.758,32.871,7573,0
20170411,32.843,32.963,32.634,32.953,23403,0
20170412,32.933,32.933,32.557,32.557,18399,0
20170413,32.567,32.664,32.288,32.288,6974,0
20170417,32.457,32.644,32.327,32.644,7888,0
20170418,32.654,32.684,32.437,32.684,7745,0
20170419,32.953,33.043,32.823,32.874,9329,0
20170420,33.073,33.381,33.028,33.342,9104,0
20170421,33.285,33.339,33.163,33.232,9274,0
20170424,33.769,33.798,33.611,33.748,13823,0
20170425,33.987,34.057,33.937,33.937,16794,0
20170426,33.73,34.076,33.73,33.977,37471,0
20170427,34.086,34.109,33.995,34.047,11797,0
20170428,34.03,34.03,33.749,33.749,14226,0
20170501,33.977,34.086,33.724,34.027,22041,0
20170502,34.027,34.027,33.828,33.897,8108,0
20170503,33.818,33.868,33.62,33.749,7798,0
20170504,33.907,33.907,33.558,33.769,7437,0
20170505,33.769,33.987,33.69,33.987,8049,0
20170508,34.047,34.047,33.68,33.729,7803,0
20170509,33.858,33.887,33.698,33.769,10179,0
20170510,33.749,33.947,33.738,33.947,332877,0
20170511,33.739,33.836,33.62,33.759,8227,0
20170512,33.759,33.759,33.551,33.65,13977,0
20170515,33.67,34.066,33.67,33.997,6411,0
20170516,33.897,34.086,33.846,34.076,5403,0
20170517,33.68,33.68,33.232,33.232,109818,0
20170518,32.963,33.342,32.963,33.232,27396,0
20170519,33.415,33.613,33.415,33.42,4907,0
20170522,33.603,33.678,33.603,33.65,1246,0
20170523,33.699,33.897,33.699,33.838,5903,0
20170524,33.826,33.868,33.719,33.868,3306,0
20170525,33.917,34.106,33.917,33.997,13494,0
20170526,33.894,33.997,33.848,33.937,21295,0
20170530,33.808,33.838,33.729,33.789,11009,0
20170531,33.63,33.808,33.413,33.808,11578,0
20170601,33.779,34.285,33.779,34.265,23965,0
20170602,34.327,34.584,34.285,34.455,7980,0
20170605,34.504,34.555,34.425,34.465,7284,0
20170606,34.325,34.425,34.305,34.345,10096,0
20170607,34.417,34.485,34.328,34.485,2997,0
20170608,34.584,34.913,34.584,34.893,8575,0
20170609,35.005,35.29,34.544,34.644,22024,0
20170612,34.644,34.644,34.34,34.434,7666,0
20170613,34.604,34.758,34.604,34.734,19195,0
20170614,34.873,34.873,34.435,34.544,12511,0
20170615,34.391,34.405,34.175,34.375,10953,0
20170616,34.465,34.485,34.365,34.385,2228,0
20170619,34.654,34.94,34.654,34.94,11333,0
20170620,34.787,34.823,34.475,34.475,13220,0
20170621,34.664,34.696,34.385,34.385,5682,0
20170622,34.354,34.503,34.294,34.384,16507,0
20170623,34.404,34.647,34.394,34.568,5517,0
20170626,34.793,34.793,34.387,34.585,8620,0
20170627,34.465,34.556,34.174,34.174,10825,0
20170628,34.404,34.679,34.394,34.679,2602,0
20170629,34.773,34.773,34.103,34.324,17959,0
20170630,34.523,34.553,34.354,34.454,9317,0
20170703,34.573,34.573,34.414,34.494,29388,0
20170705,34.454,34.603,34.374,34.573,85222,0
20170706,34.344,34.434,34.125,34.125,14723,0
20170707,34.205,34.52,34.205,34.508,11498,0
20170710,34.444,34.583,34.374,34.484,23503,0
20170711,34.439,34.633,34.264,34.633,24146,0
20170712,34.98,34.99,34.89,34.984,19245,0
20170713,34.945,34.945,34.773,34.928,18931,0
20170714,35.016,35.14,34.99,35.1,15262,0
20170717,34.96,35.081,34.96,35.035,81300,0
20170718,34.974,35.019,34.89,34.99,9850,0
20170719,35.176,35.31,35.137,35.298,8544,0
20170720,35.409,35.409,35.18,35.316,11784,0
20170721,35.26,35.26,35.11,35.143,31507,0
20170724,35.144,35.429,35.113,35.429,37036,0
20170725,35.484,35.668,35.484,35.58,12415,0
20170726,35.538,35.578,35.439,35.456,45382,0
20170727,35.375,35.537,34.931,35.063,12005,0
20170728,34.94,35.05,34.911,34.99,7855,0
20170731,35.04,35.04,34.863,34.867,5970,0
20170801,35.07,35.09,35,35.085,29175,0
20170802,35.04,35.04,34.529,34.711,6459,0
20170803,34.703,34.704,34.621,34.643,3436,0
20170804,34.797,34.833,34.749,34.749,5649,0
20170807,34.812,34.99,34.812,34.948,12810,0
20170808,34.841,35.15,34.832,34.843,7811,0
20170809,34.732,34.732,34.496,34.523,155632,0
20170810,34.344,34.348,33.817,33.827,16553,0
20170811,33.737,34.065,33.737,34.065,1168,0
20170814,34.304,34.623,34.304,34.623,3625,0
20170815,34.583,34.603,34.51,34.574,31300,0
20170816,34.597,34.733,34.583,34.583,32973,0
20170817,34.292,34.523,33.996,34.016,10603,0
20170818,33.767,34.125,33.767,34.046,11954,0
20170821,33.985,33.99,33.847,33.983,9964,0
20170822,34.224,34.494,34.224,34.474,9560,0
20170823,34.394,34.494,34.354,34.434,13172,0
20170824,34.374,34.494,34.314,34.393,8638,0
20170825,34.583,34.583,34.304,34.374,4005,0
20170828,34.434,34.474,34.379,34.444,7596,0
20170829,34.095,34.461,34.095,34.454,7620,0
20170830,34.543,34.869,34.543,34.843,7282,0
20170831,34.918,35.236,34.918,35.236,3437,0
20170901,35.264,35.419,35.264,35.419,4275,0
20170905,35.24,35.24,34.853,34.989,3374,0
20170906,34.994,34.994,34.853,34.97,16859,0
20170907,34.753,34.783,34.69,34.746,3875,0
20170908,34.743,34.863,34.743,34.766,3808,0
20170911,35.538,35.538,35.129,35.245,95675,0
20170912,35.32,35.459,35.28,35.419,4865,0
20170913,35.34,35.407,35.28,35.354,22024,0
20170914,35.3,35.33,35.166,35.21,34350,0
20170915,35.193,35.37,35.13,35.3,10762,0
20170918,35.517,35.649,35.517,35.535,3988,0
20170919,35.568,35.765,35.565,35.677,7104,0
20170920,35.693,35.757,35.658,35.668,7820,0
20170921,35.8,35.819,35.658,35.737,7780,0
20170922,35.777,35.836,35.629,35.814,5759,0
20170925,35.7,35.7,35.452,35.529,3634,0
20170926,35.716,35.717,35.568,35.647,5285,0
20170927,35.976,36.285,35.846,36.196,29000,0
20170928,36.166,36.315,36.027,36.265,24700,0
20170929,36.314,36.457,36.314,36.385,2657,0
20171002,36.425,36.654,36.425,36.654,166203,0
20171003,36.644,36.743,36.618,36.743,6589,0
20171004,36.703,36.846,36.703,36.846,8565,0
20171005,36.843,37.003,36.843,37.003,6193,0
20171006,37.023,37.093,37.021,37.073,2085,0
20171009,37.083,37.088,36.963,37.053,5832,0
20171010,37.083,37.112,37.003,37.083,3653,0
20171011,37.102,37.131,37.053,37.083,4193,0
20171012,37.132,37.261,37.12,37.191,5983,0
20171013,37.191,37.261,37.132,37.197,37194,0
20171016,37.379,37.379,37.191,37.231,5388,0
20171017,37.29,37.326,37.116,37.135,5860,0
20171018,37.243,37.387,37.243,37.32,12851,0
20171019,37.191,37.271,36.942,37.26,10878,0
20171020,37.554,37.604,37.519,37.519,4649,0
20171023,37.509,37.539,37.422,37.422,2736,0
20171024,37.439,37.598,37.427,37.549,8529,0
20171025,37.307,37.307,36.983,37.241,6147,0
20171026,37.271,37.549,37.271,37.499,8228,0
20171027,37.59,37.868,37.549,37.838,6753,0
20171030,37.618,37.648,37.488,37.559,5058,0
20171031,37.827,37.988,37.736,37.928,4972,0
20171101,37.988,37.988,37.419,37.578,9804,0
20171102,37.489,37.851,37.489,37.718,15174,0
20171103,37.948,38.096,37.948,38.096,14249,0
20171106,38.106,38.215,38.05,38.166,7594,0
20171107,38.236,38.236,37.778,37.878,18816,0
20171108,37.828,38.066,37.828,38.006,7371,0
20171109,37.658,37.688,37.376,37.569,7763,0
20171110,37.449,37.808,37.449,37.778,78655,0
20171113,37.598,37.858,37.595,37.858,30505,0
20171114,37.728,37.788,37.628,37.758,6561,0
20171115,37.499,37.668,37.499,37.559,7389,0
20171116,37.588,38.146,37.588,38.086,7522,0
20171117,38.008,38.275,38.008,38.209,9747,0
20171120,38.416,38.575,38.321,38.575,6862,0
20171121,38.79,38.963,38.79,38.963,8116,0
20171122,38.885,38.939,38.815,38.874,8083,0
20171124,38.959,38.959,38.874,38.874,5075,0
20171127,38.923,38.983,38.725,38.725,15743,0
20171128,38.761,39.172,38.665,39.172,10396,0
20171129,39.232,39.232,38.7,38.815,5242,0
20171130,38.864,39.222,38.864,39.043,65394,0
20171201,38.789,38.789,37.928,38.75,2443,0
20171204,39.324,39.324,38.426,38.451,4894,0
20171205,38.556,38.735,38.296,38.296,14422,0
20171206,38.216,38.365,38.216,38.336,4042,0
20171207,38.525,38.874,38.485,38.815,11400,0
20171208,38.939,38.939,38.815,38.83,4467,0
20171211,38.849,38.849,38.703,38.745,3060,0
20171212,38.874,38.874,38.575,38.615,8568,0
20171213,38.495,38.854,38.495,38.615,20210,0
20171214,38.735,38.735,38.351,38.446,10458,0
20171215,38.635,39.013,38.396,38.898,5957,0
20171218,39.39,39.39,39.172,39.232,30327,0
20171219,39.56,39.56,39.124,39.165,19151,0
20171220,39.242,39.288,39.167,39.242,6340,0
20171221,39.51,39.51,39.202,39.202,8740,0
20171222,39.282,39.282,39.082,39.212,14884,0
20171226,39.074,39.217,39.074,39.147,1727,0
20171227,39.167,39.312,39.163,39.262,4616,0
20171228,39.171,39.292,39.171,39.292,7783,0
20171229,39.47,39.47,39.063,39.063,21921,0
20180102,39.361,39.361,39.212,39.267,257407,0
20180103,39.47,39.74,39.47,39.714,20245,0
20180104,39.874,39.889,39.78,39.82,85135,0
20180105,39.999,40.099,39.909,40.099,18468,0
20180108,40.079,40.298,39.88,40.288,19588,0
20180109,40.388,40.388,40.149,40.278,50583,0
20180110,40.199,40.218,39.959,40.218,13277,0
20180111,40.248,40.677,40.248,40.638,12958,0
20180112,40.756,40.877,40.732,40.837,7106,0
20180116,41.026,41.073,40.308,40.495,27496,0
20180117,40.697,40.967,40.677,40.942,30889,0
20180118,40.867,41.036,40.835,40.887,12598,0
20180119,41.021,41.365,41.021,41.365,90682,0
20180122,41.564,41.773,41.445,41.773,13538,0
20180123,41.773,41.943,41.683,41.943,18913,0
20180124,42.172,42.192,41.595,41.806,8179,0
20180125,41.824,41.846,41.693,41.753,11330,0
20180126,41.943,42.091,41.838,42.072,6771,0
20180129,42.077,42.122,41.823,41.937,53286,0
20180130,41.385,41.613,41.385,41.488,6523,0
20180131,41.554,41.594,41.175,41.265,10400,0
20180201,41.209,41.613,41.185,41.424,49419,0
20180202,41.345,41.355,40.677,40.677,14673,0
20180205,39.282,40.707,39.282,39.282,58422,0
20180206,38.345,39.764,37.846,39.73,58732,0
20180207,39.949,40.05,39.949,39.949,13072,0
20180208,39.849,39.849,38.185,38.275,68043,0
20180209,38.734,38.913,37.378,38.754,163014,0
20180212,38.824,39.38,38.626,39.133,31179,0
20180213,39.133,39.312,39.021,39.232,12597,0
20180214,40.258,40.268,40.258,40.258,37251,0
20180215,40.468,40.757,40.169,40.618,79977,0
20180216,40.747,40.877,40.628,40.707,14127,0
20180220,40.707,40.908,40.428,40.448,16538,0
20180221,40.787,41.076,40.408,40.428,15352,0
20180222,40.727,40.727,40.278,40.278,10650,0
20180223,40.588,40.817,40.259,40.817,19762,0
20180226,40.927,41.075,40.822,41.066,6711,0
20180227,41.225,41.225,40.578,40.578,10675,0
20180228,40.827,40.865,40.169,40.169,10316,0
20180301,40.089,40.343,39.62,40.041,17653,0
20180302,39.77,40.398,39.599,40.389,73676,0
20180305,40.809,40.967,40.792,40.947,5948,0
20180306,40.977,41.283,40.866,41.278,8750,0
20180307,41.315,41.631,41.315,41.613,9946,0
20180308,41.843,41.851,41.549,41.743,12316,0
20180309,42.064,42.451,42.042,42.451,4439,0
20180312,42.601,42.601,42.451,42.521,14053,0
20180313,42.645,42.712,42.182,42.182,12129,0
20180314,42.233,42.322,42.102,42.176,30890,0
20180315,42.173,42.237,42.032,42.063,3950,0
20180316,42.168,42.298,42.132,42.192,30197,0
20180319,41.814,42.012,41.295,41.743,10822,0
20180320,41.643,42.002,41.643,41.992,6578,0
20180321,41.939,42.262,41.913,42.162,7502,0
20180322,41.683,41.867,41.026,41.026,10923,0
20180323,40.897,41.051,40.293,40.293,24133,0
20180326,40.867,40.986,40.523,40.982,30547,0
20180327,41.435,41.435,40.218,40.218,7777,0
20180328,40.344,40.344,39.76,40.009,9587,0
20180329,40.209,40.857,40.12,40.608,42552,0
20180402,40.298,40.508,39.238,39.51,138071,0
20180403,39.71,39.899,39.563,39.815,29697,0
20180404,39.133,40.497,39.133,40.478,299170,0
20180405,40.667,40.756,40.42,40.628,51147,0
20180406,40.418,40.418,39.528,39.629,39609,0
20180409,40.228,40.29,39.76,39.76,25197,0
20180410,40.328,40.533,40.109,40.518,4307,0
20180411,40.457,40.666,40.457,40.457,13593,0
20180412,40.638,40.927,40.638,40.927,11190,0
20180413,40.788,40.788,40.458,40.564,10448,0
20180416,40.697,41.046,40.682,40.968,4227,0
20180417,41.225,41.673,41.215,41.613,92491,0
20180418,41.883,41.883,41.564,41.733,135337,0
20180419,41.554,41.594,41.285,41.335,68036,0
20180420,41.195,41.38,41.028,41.105,19063,0
20180423,41.191,41.285,40.837,41.026,27451,0
20180424,41.355,41.355,40.228,40.388,117618,0
20180425,40.129,40.388,40.029,40.318,9448,0
20180426,40.489,40.777,40.409,40.747,10016,0
20180427,40.767,40.767,40.327,40.552,26561,0
20180430,40.668,40.668,40.149,40.228,6560,0
20180501,39.909,40.382,39.869,40.382,10176,0
20180502,40.418,40.687,40.418,40.578,45303,0
20180503,40.447,40.513,39.879,40.388,98053,0
20180504,40.218,41.175,40.218,41.016,29167,0
20180507,41.335,41.594,41.291,41.455,6771,0
20180508,41.518,41.743,41.518,41.663,24614,0
20180509,41.831,42.192,41.764,42.052,13329,0
20180510,42.296,42.66,42.283,42.561,26597,0
20180511,42.554,42.696,42.471,42.601,5749,0
20180514,42.766,42.859,42.412,42.451,9426,0
20180515,42.142,42.372,42.032,42.372,123833,0
20180516,42.581,42.835,42.421,42.681,40195,0
20180517,42.889,42.989,42.683,42.919,21575,0
20180518,42.899,43.069,42.899,42.959,6241,0
20180521,43.338,43.338,43.093,43.132,8304,0
20180522,43.338,43.338,42.625,42.651,54431,0
20180523,42.681,42.781,42.491,42.781,139124,0
20180524,42.64,42.849,42.45,42.791,40658,0
20180525,42.781,42.781,42.701,42.731,28482,0
20180529,42.651,42.71,42.358,42.621,11794,0
20180530,42.711,43.338,42.711,43.199,160298,0
20180531,43.317,43.317,42.82,42.849,12630,0
20180601,43.269,43.408,43.079,43.348,76204,0
20180604,43.628,43.678,43.333,43.678,15426,0
20180605,43.916,43.946,43.693,43.946,19556,0
20180606,43.936,44.315,43.936,44.315,25591,0
20180607,44.515,44.515,43.716,43.986,55899,0
20180608,44.086,44.275,43.993,44.275,5687,0
20180611,44.305,44.395,44.211,44.315,10670,0
20180612,44.565,44.773,44.395,44.643,15243,0
20180613,44.863,44.863,44.466,44.575,44382,0
20180614,44.803,44.803,44.53,44.763,10610,0
20180615,44.793,44.793,44.485,44.733,11837,0
20180618,44.643,44.913,44.465,44.883,29880,0
20180619,44.545,44.853,44.156,44.853,41357,0
20180620,45.043,45.173,44.888,45.102,19280,0
20180621,45.182,45.192,44.505,44.585,18379,0
20180622,44.903,44.903,44.225,44.235,19180,0
20180625,43.966,43.986,42.94,43.139,24676,0
20180626,43.16,43.537,43.149,43.478,35390,0
20180627,43.348,43.577,42.671,42.681,13963,0
20180628,42.566,43.119,42.431,43.079,23930,0
20180629,43.247,43.408,43.115,43.189,13013,0
20180702,42.621,43.288,42.621,43.288,159911,0
20180703,43.558,43.558,43.199,43.209,104710,0
20180705,43.308,43.638,43.229,43.638,13853,0
20180706,43.728,44.136,43.54,44.135,75097,0
20180709,44.565,44.565,44.166,44.535,12265,0
20180710,44.683,44.683,44.325,44.395,16435,0
20180711,44.294,44.449,44.138,44.245,41157,0
20180712,44.285,44.683,44.285,44.683,33275,0
20180713,44.873,44.873,44.595,44.683,48161,0
20180716,44.873,44.873,44.328,44.465,12287,0
20180717,44.475,44.912,44.475,44.853,61930,0
20180718,44.953,45.052,44.694,45.023,98131,0
20180719,45.092,45.172,44.936,45.112,57062,0
20180720,45.162,45.162,44.993,45.013,50652,0
20180723,44.643,45.082,44.643,44.973,9090,0
20180724,44.893,44.933,44.14,44.305,36661,0
20180725,44.515,44.733,44.165,44.723,53533,0
20180726,44.713,44.973,44.593,44.813,33281,0
20180727,44.963,44.963,43.688,43.946,137521,0
20180730,43.847,44.024,43.099,43.179,87295,0
20180731,43.139,43.847,43.139,43.662,22614,0
20180801,43.837,44.036,43.588,43.866,191190,0
20180802,43.608,44.594,43.608,44.535,87265,0
20180803,44.614,44.614,44.226,44.445,53063,0
20180806,44.595,44.773,44.525,44.723,15785,0
20180807,44.813,44.983,44.813,44.883,34285,0
20180808,44.943,44.943,44.624,44.813,81698,0
20180809,44.933,45.131,44.653,44.893,27689,0
20180810,44.823,45.023,44.724,44.803,14831,0
20180813,44.953,44.993,44.415,44.495,28093,0
20180814,44.581,45.003,44.572,44.973,47747,0
20180815,44.793,44.833,44.185,44.451,31081,0
20180816,44.775,44.903,44.686,44.703,13349,0
20180817,44.883,44.913,44.551,44.896,14518,0
20180820,45.082,45.212,44.743,45.122,23605,0
20180821,45.272,45.621,45.166,45.491,29313,0
20180822,45.661,45.851,45.454,45.779,24995,0
20180823,45.97,46.155,45.652,45.841,37200,0
20180824,45.881,46.149,45.849,46.06,54429,0
20180827,46.08,46.467,46.08,46.299,112481,0
20180828,46.259,46.48,46.172,46.467,16437,0
20180829,46.557,46.727,46.384,46.667,36369,0
20180830,46.697,46.697,46.408,46.507,16810,0
20180831,46.279,46.727,46.279,46.727,10199,0
20180904,46.926,46.926,46.504,46.826,29403,0
20180905,46.647,46.647,45.906,46.309,83006,0
20180906,46.09,46.292,45.951,46.081,39901,0
20180907,45.932,46.497,45.932,46.169,12805,0
20180910,46.408,46.516,46.259,46.428,29648,0
20180911,46.457,46.806,46.337,46.707,33038,0
20180912,46.747,46.767,46.179,46.767,19643,0
20180913,46.936,47.046,46.667,46.787,69998,0
20180914,46.896,47.041,46.687,46.962,12879,0
20180917,46.787,46.787,46.045,46.045,15927,0
20180918,46.229,46.477,46.196,46.329,30164,0
20180919,46.368,46.368,45.711,45.881,17641,0
20180920,46.05,46.264,45.907,46.166,17964,0
20180921,46.349,46.349,46,46.01,18391,0
20180924,45.831,46.06,45.721,46.04,33699,0
20180925,46.149,46.249,46.051,46.156,110228,0
20180926,46.199,46.319,45.801,45.901,28095,0
20180927,46.078,46.078,45.921,45.969,62329,0
20180928,45.821,46.279,45.821,46.129,63908,0
20181001,46.467,46.467,45.591,45.701,62209,0
20181002,45.571,45.618,45.082,45.162,53567,0
20181003,45.472,45.571,45.182,45.392,107226,0
20181004,45.142,45.142,44.345,44.555,33917,0
20181005,44.773,44.773,43.648,44.136,76396,0
20181008,44.056,44.056,43.099,43.568,44583,0
20181009,43.388,43.866,43.348,43.373,36584,0
20181010,43.269,43.269,41.663,41.683,180196,0
20181011,41.425,41.963,40.897,40.927,84872,0
20181012,41.803,42.022,41.105,41.743,29020,0
20181015,41.554,41.913,41.225,41.723,36306,0
20181016,41.923,42.978,41.857,42.869,137317,0
20181017,42.82,42.939,42.292,42.771,42146,0
20181018,42.541,42.601,41.723,42.032,26475,0
20181019,42.152,42.212,41.225,41.425,40926,0
20181022,41.534,41.584,41.123,41.495,23154,0
20181023,40.717,41.166,40.074,40.937,43459,0
20181024,40.827,41.046,39.172,39.172,33975,0
20181025,39.61,40.409,39.61,40.029,31032,0
20181026,39.39,39.889,38.585,39.45,68807,0
20181029,39.919,40.189,38.41,38.804,60887,0
20181030,38.864,39.879,38.864,39.879,28171,0
20181031,40.298,40.888,40.298,40.358,36756,0
20181101,40.598,41.215,40.388,41.215,98518,0
20181102,41.315,41.673,40.578,40.996,154897,0
20181105,41.056,41.076,40.478,40.817,47490,0
20181106,40.697,41.016,40.697,41.016,64239,0
20181107,41.395,42.352,41.395,42.352,116777,0
20181108,42.152,42.262,41.769,41.913,136188,0
20181109,41.633,41.633,40.737,41.295,83332,0
20181112,41.275,41.275,40.029,40.109,36659,0
20181113,40.238,40.498,39.66,39.939,24361,0
20181114,40.238,40.348,39.325,39.56,29989,0
20181115,39.222,40.308,39.192,40.099,45182,0
20181116,39.829,40.398,39.829,40.159,16984,0
20181119,40.099,40.099,38.785,38.864,28768,0
20181120,37.936,38.576,37.735,38.035,46218,0
20181121,38.335,38.933,38.335,38.614,32473,0
20181123,38.155,38.943,38.155,38.724,6669,0
20181126,39.113,39.444,38.844,39.341,70491,0
20181127,39.123,39.332,39.023,39.136,28225,0
20181128,39.6,40.508,39.243,40.508,47132,0
20181129,40.388,40.897,40.079,40.548,35659,0
20181130,40.438,40.967,40.438,40.967,35430,0
20181203,41.813,41.813,40.867,41.544,11103,0
20181204,41.455,41.46,39.692,39.75,32309,0
20181206,39.192,39.59,38.484,39.58,174297,0
20181207,39.6,39.969,38.385,38.564,39194,0
20181210,38.724,38.724,38.035,38.604,43849,0
20181211,39.351,39.351,38.165,38.584,71130,0
20181212,39.093,39.41,38.749,38.884,38876,0
20181213,39.013,39.013,38.286,38.365,31712,0
20181214,38.165,38.376,37.576,37.666,37966,0
20181217,37.457,37.537,36.381,36.431,186229,0
20181218,36.651,37.059,36.418,36.611,169751,0
20181219,36.501,37.295,35.583,36.122,82773,0
20181220,35.942,35.942,34.716,35.144,55328,0
20181221,35.244,35.311,33.938,33.978,95657,0
20181224,33.768,34.008,33.269,33.331,155841,0
20181226,33.529,35.443,33.509,35.443,48802,0
20181227,35.027,35.663,34.297,35.663,81601,0
20181228,35.753,36.077,35.198,35.563,73717,0
20181231,35.992,36.122,35.593,36.122,85914,0
20190102,35.423,36.084,35.334,36.032,56499,0
20190103,35.673,35.721,34.954,35.014,25018,0
20190104,35.593,36.734,35.593,36.631,28028,0
20190107,36.661,37.587,36.661,37.468,12089,0
20190108,37.927,38.146,37.358,38.146,20514,0
20190109,38.359,38.605,38.168,38.475,21516,0
20190110,38.186,38.584,38.097,38.524,19991,0
20190111,38.465,38.745,38.436,38.745,19628,0
20190114,38.306,38.565,38.216,38.455,57966,0
20190115,38.625,38.924,38.477,38.914,88827,0
20190116,39.15,39.203,38.95,39.134,41931,0
20190117,38.855,39.702,38.855,39.552,64214,0
20190118,39.712,40.25,39.702,39.971,34181,0
20190122,39.901,39.901,39.263,39.402,15488,0
20190123,39.562,39.921,39.102,39.492,38538,0
20190124,39.452,39.831,39.452,39.831,15960,0
20190125,40.071,40.42,40.071,40.26,39778,0
20190128,39.851,40.22,39.831,40.151,10220,0
20190129,40.23,40.23,39.911,40.071,21417,0
20190130,40.27,40.545,39.871,40.35,85749,0
20190131,40.735,40.929,40.6,40.899,31202,0
20190201,41.079,41.188,40.709,41.188,47087,0
20190204,41.206,41.493,41.07,41.418,17101,0
20190205,41.508,41.886,41.508,41.766,91748,0
20190206,41.716,41.746,41.418,41.726,45529,0
20190207,41.448,41.497,40.899,41.299,36102,0
20190208,41.216,41.587,41.098,41.587,36239,0
20190211,41.816,41.906,41.613,41.786,29670,0
20190212,42.245,42.37,42.133,42.315,15924,0
20190213,42.405,42.724,42.235,42.514,88408,0
20190214,42.325,42.674,42.29,42.634,21253,0
20190215,42.725,42.933,42.658,42.886,33190,0
20190219,42.804,42.973,42.774,42.953,13089,0
20190220,42.913,42.943,42.639,42.734,25140,0
20190221,42.684,42.784,42.484,42.574,24180,0
20190222,42.873,43.292,42.873,43.228,19168,0
20190225,43.322,43.651,43.193,43.279,161771,0
20190226,43.342,43.408,43.043,43.083,12267,0
20190227,43.103,43.362,42.923,43.352,18531,0
20190228,43.213,43.452,43.123,43.278,27251,0
20190301,43.622,43.622,43.196,43.597,9207,0
20190304,43.592,43.592,42.607,43.073,21563,0
20190305,43.213,43.213,42.875,42.893,31899,0
20190306,42.814,42.814,42.235,42.285,27286,0
20190307,42.434,42.434,41.916,41.916,22391,0
20190308,41.786,41.975,41.468,41.876,19219,0
20190311,42.045,42.754,42.045,42.754,17566,0
20190312,42.744,42.983,42.614,42.774,24272,0
20190313,42.993,43.312,42.98,43.023,39216,0
20190314,43.123,43.273,42.893,43.273,21880,0
20190315,43.213,43.472,43.155,43.158,16678,0
20190318,43.213,43.552,43.023,43.289,82094,0
20190319,43.412,43.608,43.173,43.173,65673,0
20190320,43.402,43.492,42.764,43.073,17852,0
20190321,42.794,43.89,42.794,43.791,21854,0
20190322,43.375,43.452,42.345,42.365,17751,0
20190325,42.205,42.639,41.989,42.494,18543,0
20190326,42.853,42.973,42.504,42.744,57290,0
20190327,42.814,42.882,42.045,42.345,61652,0
20190328,42.434,42.933,42.421,42.933,8758,0
20190329,43.163,43.213,42.916,43.083,18981,0
20190401,43.352,43.592,43.302,43.48,23177,0
20190402,43.482,43.6,43.253,43.582,30583,0
20190403,43.771,44.08,43.743,43.831,10100,0
20190404,43.617,43.712,43.352,43.712,26693,0
20190405,43.861,44.07,43.856,43.931,18930,0
20190408,43.821,44.04,43.607,44.04,23426,0
20190409,43.913,43.935,43.602,43.602,21539,0
20190410,43.682,44.289,43.682,44.217,21701,0
20190411,44.129,44.333,44.09,44.18,52173,0
20190412,44.409,44.433,44.199,44.302,215043,0
20190415,44.289,44.452,44.179,44.329,22606,0
20190416,44.559,44.559,44.07,44.07,18018,0
20190417,43.969,43.969,43.342,43.552,18763,0
20190418,43.532,43.641,43.102,43.602,36691,0
20190422,43.532,43.722,43.502,43.682,43456,0
20190423,43.851,44.539,43.781,44.449,10707,0
20190424,44.434,44.728,44.409,44.409,16031,0
20190425,44.419,44.419,43.949,44.399,15054,0
20190426,44.299,44.758,44.289,44.748,28344,0
20190429,44.708,44.878,44.678,44.828,16060,0
20190430,44.738,44.868,44.473,44.768,18791,0
20190501,45.008,45.008,44.199,44.199,10914,0
20190502,44.15,44.469,43.865,44.399,45869,0
20190503,44.648,45.167,44.597,45.167,34111,0
20190506,44.229,45.158,44.229,45.158,13298,0
20190507,44.604,44.604,43.821,43.99,20357,0
20190508,43.92,44.459,43.878,44.199,13292,0
20190509,43.781,44.209,43.382,44.115,39313,0
20190510,44.07,44.15,43.226,44.1,14674,0
20190513,43.283,43.322,42.574,42.764,18610,0
20190514,42.893,43.462,42.893,43.412,13656,0
20190515,43.081,43.652,43.081,43.542,15487,0
20190516,43.642,44.41,43.642,44.15,12464,0
20190517,43.861,44.329,43.672,43.702,14560,0
20190520,43.372,43.582,43.228,43.273,12301,0
20190521,43.552,43.996,43.552,43.909,24643,0
20190522,43.741,44.01,43.712,43.731,28167,0
20190523,43.273,43.273,42.793,42.863,11746,0
20190524,43.532,43.532,43.302,43.502,6764,0
20190528,43.482,43.702,43.063,43.063,12906,0
20190529,42.924,42.924,42.524,42.614,54823,0
20190530,42.644,43.052,42.644,42.824,10324,0
20190531,42.345,42.863,42.279,42.554,51318,0
20190603,42.405,42.651,42.065,42.185,32594,0
20190604,42.534,43.402,42.474,43.402,46853,0
20190605,43.442,43.831,43.332,43.821,140292,0
20190606,43.93,44.099,43.652,44.09,12413,0
20190607,44.329,44.629,44.329,44.409,27360,0
20190610,44.898,45.167,44.659,44.688,152058,0
20190611,44.888,45.067,44.259,44.539,16455,0
20190612,44.534,44.768,44.439,44.741,20710,0
20190613,44.893,45.047,44.79,44.918,57935,0
20190614,44.918,44.978,44.579,44.579,15824,0
20190617,44.678,45.227,44.678,45.077,27567,0
20190618,45.506,45.754,45.397,45.486,22844,0
20190619,45.417,45.886,45.327,45.806,44114,0
20190620,46.383,46.383,45.776,46.055,60022,0
20190621,45.886,45.886,45.576,45.646,16198,0
20190624,45.766,45.766,45.047,45.047,17535,0
20190625,45.117,45.137,44.499,44.549,16245,0
20190626,44.469,44.559,44.209,44.209,14809,0
20190627,44.439,44.958,44.439,44.958,13311,0
20190628,45.127,45.453,44.868,45.107,190212,0
20190701,45.876,46.124,45.327,45.576,146529,0
20190702,45.586,45.666,45.457,45.585,126020,0
20190703,45.846,46.154,45.846,46.095,65804,0
20190705,46.075,46.224,45.646,46.224,60416,0
20190708,46.114,46.194,45.846,45.925,38343,0
20190709,46.144,46.144,45.756,46.114,149598,0
20190710,46.493,46.521,46.075,46.226,86395,0
20190711,46.373,46.373,46.025,46.284,35656,0
20190712,46.503,46.713,46.194,46.613,45137,0
20190715,46.613,46.812,46.413,46.543,73437,0
20190716,46.563,46.693,46.325,46.443,89745,0
20190717,46.523,46.743,46.224,46.224,62240,0
20190718,46.433,46.623,46.174,46.527,43197,0
20190719,46.862,46.862,46.204,46.204,48493,0
20190722,46.324,46.513,46.224,46.284,51556,0
20190723,46.309,46.683,46.045,46.386,36189,0
20190724,46.456,47.092,46.456,47.092,40770,0
20190725,47.162,47.162,46.632,46.721,44771,0
20190726,47.012,47.248,46.844,47.152,68561,0
20190729,47.251,47.251,46.503,46.52,72483,0
20190730,46.453,46.882,46.393,46.882,42412,0
20190731,46.793,47.142,46.179,46.403,27301,0
20190801,46.473,47.162,46.105,46.143,24914,0
20190802,45.906,45.906,45.339,45.696,17937,0
20190805,44.998,44.998,43.831,44.262,70405,0
20190806,44.698,44.973,44.409,44.936,160473,0
20190807,44.419,45.317,44.414,45.307,47954,0
20190808,45.706,46.413,45.527,46.324,27019,0
20190809,46.194,46.197,45.726,45.925,14755,0
20190812,45.736,45.736,45.114,45.197,18897,0
20190813,44.998,46.123,44.998,45.898,24670,0
20190814,45.207,45.207,44.489,44.538,88850,0
20190815,44.599,44.654,44.338,44.558,39117,0
20190816,44.898,45.407,44.898,45.352,18418,0
20190819,45.766,45.8,45.516,45.626,14523,0
20190820,45.586,45.596,45.387,45.387,44932,0
20190821,45.886,46.055,45.839,45.951,17976,0
20190822,46.134,46.134,45.576,45.985,13873,0
20190823,45.77,45.947,44.599,44.618,22828,0
20190826,45.227,45.267,44.778,45.267,43228,0
20190827,45.606,45.606,44.753,44.958,16483,0
20190828,44.798,45.337,44.798,45.294,44037,0
20190829,45.666,45.846,45.472,45.846,11759,0
20190830,46.045,46.045,45.486,45.656,17259,0
20190903,45.427,45.427,44.84,45.117,117743,0
20190904,45.666,45.786,45.476,45.652,15132,0
20190905,46.124,46.314,45.847,46.314,28324,0
20190906,46.274,46.354,45.995,45.995,8758,0
20190909,46.025,46.041,45.297,45.495,23579,0
20190910,45.277,45.277,44.697,45.057,31487,0
20190911,45.227,45.616,45.04,45.606,14883,0
20190912,45.916,45.946,45.668,45.726,36578,0
20190913,45.826,46.194,45.589,45.676,12770,0
20190916,45.457,45.906,45.377,45.866,8176,0
20190917,45.786,46.154,45.786,46.138,24957,0
20190918,45.985,46.022,45.457,45.906,47147,0
20190919,46.075,46.258,45.89,45.925,69379,0
20190920,46.075,46.075,45.477,45.726,19778,0
20190923,45.586,45.876,45.586,45.788,53934,0
20190924,45.955,45.956,44.878,44.988,23990,0
20190925,45.018,45.368,44.778,45.353,17220,0
20190926,45.129,45.147,44.818,44.968,26100,0
20190927,45.197,45.197,44.09,44.379,79892,0
20190930,44.429,44.794,44.331,44.648,53099,0
20191001,44.668,44.988,43.96,43.967,38654,0
20191002,43.691,43.691,43.192,43.411,52827,0
20191003,43.301,44.024,42.982,43.92,36019,0
20191004,44.03,44.518,43.98,44.484,37862,0
20191007,44.479,44.797,44.469,44.682,20604,0
20191008,44.13,44.279,43.825,43.867,93006,0
20191009,44.199,44.406,44.09,44.329,10496,0
20191010,44.249,44.688,44.249,44.49,22575,0
20191011,44.938,45.437,44.938,45.156,199244,0
20191014,45.018,45.08,44.882,45.028,23799,0
20191015,45.157,45.435,45.079,45.293,70883,0
20191016,45.157,45.287,44.906,45.157,55333,0
20191017,45.397,45.649,45.302,45.616,72814,0
20191018,45.457,45.596,45.109,45.397,53692,0
20191021,45.626,45.796,45.536,45.682,14013,0
20191022,45.726,45.743,45.337,45.361,22718,0
20191023,45.337,45.475,45.038,45.207,61957,0
20191024,45.486,45.486,45.211,45.417,25106,0
20191025,45.387,45.606,45.197,45.498,9299,0
20191028,45.606,45.965,45.606,45.877,36482,0
20191029,45.726,46.168,45.726,45.83,12852,0
20191030,45.906,45.906,45.478,45.776,19739,0
20191031,45.876,45.876,45.377,45.495,33025,0
20191101,45.786,46.167,45.786,46.09,257074,0
20191104,46.404,46.559,45.869,45.985,29439,0
20191105,45.965,45.975,45.676,45.724,120333,0
20191106,45.836,45.836,45.496,45.706,131073,0
20191107,45.836,45.876,45.237,45.387,128350,0
20191108,45.377,45.786,45.377,45.576,24264,0
20191111,45.596,45.886,45.596,45.866,29165,0
20191112,45.916,46.155,45.797,45.915,32034,0
20191113,45.836,46.155,45.626,46.015,24435,0
20191114,46.045,46.275,46.045,46.185,26083,0
20191115,46.514,46.524,46.256,46.524,59493,0
20191118,46.444,46.654,46.394,46.529,14642,0
20191119,46.963,47.013,46.609,46.918,22460,0
20191120,46.774,47.227,46.547,46.905,12538,0
20191121,47.083,47.083,46.474,46.584,12466,0
20191122,46.624,46.701,46.355,46.594,24089,0
20191125,46.903,47.472,46.903,47.42,17015,0
20191126,47.442,47.951,47.442,47.951,34155,0
20191127,47.971,48.16,47.885,48.103,14771,0
20191129,48.091,48.135,47.771,47.791,14081,0
20191202,47.662,47.662,47.023,47.113,111321,0
20191203,46.854,47.15,46.756,47.073,163577,0
20191204,47.262,47.432,47.093,47.292,25879,0
20191205,47.472,47.502,47.173,47.271,13590,0
20191206,47.735,47.82,47.57,47.696,15924,0
20191209,47.602,47.602,47.292,47.387,7525,0
20191210,47.382,47.382,47.035,47.243,13988,0
20191211,47.272,47.272,47.038,47.213,20397,0
20191212,47.262,47.536,47.065,47.2,21570,0
20191213,47.12,47.5299,47,47.1589,20825,0
20191216,47.5252,47.6283,47.3361,47.5007,18202,0
20191217,47.58,47.58,47.3667,47.5057,13705,0
20191218,47.55,47.5665,47.3376,47.495,10814,0
20191219,47.54,47.7799,47.4486,47.6935,80260,0
20191220,47.87,48.1273,47.87,48.0644,20050,0
20191223,48.22,48.22,47.7869,47.88,24320,0
20191224,47.96,48.06,47.8,48.06,9438,0
20191226,48.05,48.1364,47.8917,48.09,10255,0
20191227,48.23,48.23,47.85,48.06,17719,0
20191230,48.07,48.07,47.6126,47.815,37533,0
20191231,47.76,48.0254,47.76,47.87,20008,0
20200102,48.18,48.18,47.6107,48.12,144213,0
20200103,47.51,48.1578,47.51,48.03,35879,0
20200106,47.84,48.2072,47.6981,48.1194,43434,0
20200107,48.16,48.2299,47.86,48.1296,33140,0
20200108,47.9,48.439,47.9,48.2697,30240,0
20200109,48.56,48.6773,48.3616,48.49,18983,0
20200110,48.63,48.65,48.24,48.2922,32281,0
20200113,48.44,48.7973,48.334,48.7513,30789,0
20200114,48.36,49.11,48.36,48.82,30928,0
20200115,48.77,49.2456,48.77,48.98,37331,0
20200116,49.08,49.63,49.08,49.561,45792,0
20200117,49.76,49.76,49.37,49.4715,20288,0
20200121,49.28,49.64,49.252,49.415,23656,0
20200122,49.89,49.89,49.42,49.5877,12067,0
20200123,49.33,49.5699,49.0435,49.44,24982,0
