Date,Open,High,Low,Close,Volume,OpenInt
20140220,20.794,20.801,20.794,20.801,3909,0
20140221,20.895,20.895,20.895,20.895,415,0
20140314,19.544,19.577,19.519,19.577,2251,0
20140317,19.781,19.857,19.781,19.857,4737,0
20140321,20.125,20.125,20.008,20.016,4367,0
20140324,19.949,19.949,19.949,19.949,1776,0
20140328,20.643,20.684,20.625,20.634,3370,0
20140331,20.684,20.759,20.608,20.608,1066,0
20140401,20.769,20.769,20.769,20.769,830,0
20140411,20.016,20.016,20.016,20.016,474,0
20140422,20.7,20.718,20.7,20.718,2370,0
20140425,20.262,20.271,20.262,20.271,2132,0
20140508,20.668,20.668,20.668,20.668,119,0
20140522,20.895,20.945,20.895,20.921,2230603,0
20140523,20.996,21.065,20.987,21.056,52544,0
20140527,21.418,21.418,21.367,21.367,47690,0
20140528,21.358,21.375,21.35,21.35,2439,0
20140529,21.341,21.436,21.341,21.418,2704,0
20140530,21.333,21.393,21.333,21.393,2228,0
20140602,21.358,21.501,21.358,21.393,1245,0
20140603,21.341,21.341,21.283,21.283,9213,0
20140604,21.29,21.325,21.265,21.325,2678,0
20140605,21.427,21.436,21.393,21.436,4570,0
20140606,21.501,21.501,21.486,21.494,1119,0
20140609,21.4,21.543,21.4,21.543,9344,0
20140610,21.536,21.57,21.536,21.543,1421,0
20140611,21.409,21.418,21.409,21.418,419,0
20140612,21.367,21.409,21.299,21.299,3134,0
20140613,21.265,21.358,21.265,21.265,49023,0
20140616,21.325,21.325,21.299,21.316,1355,0
20140617,21.265,21.358,21.265,21.358,1075,0
20140618,21.358,21.501,21.358,21.501,419,0
20140619,21.501,21.518,21.494,21.494,1172,0
20140620,21.477,21.477,21.451,21.46,5355,0
20140623,21.367,21.367,21.341,21.35,1136,0
20140624,21.35,21.4,21.341,21.341,1540,0
20140625,21.24,21.24,21.189,21.24,1818,0
20140626,21.065,21.157,21.065,21.157,3402,0
20140630,21.181,21.181,21.139,21.147,1737,0
20140701,21.265,21.333,21.265,21.29,1074,0
20140702,21.321,21.321,21.295,21.304,1160,0
20140703,21.511,21.562,21.511,21.554,2240,0
20140707,21.398,21.398,21.201,21.201,1626,0
20140708,21.158,21.158,20.996,21.013,4972,0
20140709,21.004,21.065,21.004,21.065,1900,0
20140710,20.669,20.814,20.669,20.745,3974,0
20140711,20.736,20.754,20.736,20.745,1517,0
20140714,20.97,21.013,20.97,21.013,6101,0
20140715,20.96,20.96,20.876,20.876,1939,0
20140716,21.175,21.175,21.141,21.141,13454,0
20140717,21.065,21.065,20.891,20.901,6845,0
20140718,20.909,20.918,20.909,20.918,1394,0
20140721,20.669,20.72,20.669,20.72,2293,0
20140722,20.909,20.926,20.891,20.901,1532,0
20140723,20.97,20.97,20.96,20.96,3194,0
20140724,20.953,21.037,20.953,20.996,3401,0
20140725,20.736,20.736,20.736,20.736,1494,0
20140728,20.598,20.617,20.573,20.617,2755,0
20140729,20.745,20.779,20.72,20.72,1623,0
20140730,20.65,20.685,20.565,20.685,1898,0
20140731,20.308,20.308,20.151,20.185,13454,0
20140801,19.969,19.969,19.762,19.814,7686,0
20140804,19.806,19.806,19.668,19.806,4085,0
20140805,19.737,19.789,19.573,19.608,1792,0
20140806,19.548,19.634,19.548,19.582,2654,0
20140807,19.625,19.625,19.35,19.35,3760,0
20140808,19.529,19.539,19.514,19.514,7039,0
20140811,19.771,19.798,19.737,19.762,3062,0
20140812,19.556,19.6,19.539,19.565,2574,0
20140813,19.806,19.814,19.771,19.771,2141,0
20140814,19.901,19.911,19.901,19.911,911,0
20140815,19.875,19.875,19.573,19.677,2550,0
20140818,19.901,19.961,19.901,19.953,3138,0
20140819,20.09,20.151,20.09,20.133,3006,0
20140820,19.987,20.133,19.961,20.124,41151,0
20140821,20.185,20.246,20.185,20.22,8338,0
20140822,20.133,20.16,20.133,20.142,1764,0
20140825,20.331,20.487,20.331,20.453,93637,0
20140826,20.573,20.617,20.556,20.591,4643,0
20140827,20.573,20.573,20.556,20.556,2456,0
20140828,20.365,20.418,20.34,20.384,3091,0
20140829,20.272,20.426,20.264,20.349,3199,0
20140902,20.453,20.477,20.374,20.436,13201,0
20140903,20.745,20.745,20.643,20.65,53677,0
20140904,20.831,20.926,20.831,20.848,131340,0
20140905,20.953,20.996,20.926,20.96,2490,0
20140908,20.934,20.96,20.876,20.909,14385,0
20140909,20.857,20.857,20.805,20.805,3028,0
20140910,20.805,20.909,20.805,20.891,36059,0
20140911,20.779,20.824,20.685,20.796,345427,0
20140912,20.677,20.728,20.66,20.702,180814,0
20140915,20.711,20.762,20.711,20.754,32341,0
20140916,20.625,20.772,20.625,20.772,20225,0
20140917,20.788,20.839,20.736,20.788,450308,0
20140918,20.96,21.004,20.926,20.986,29821,0
20140919,21.082,21.082,20.979,20.996,6582,0
20140922,20.986,21.031,20.848,20.901,11725,0
20140923,20.66,20.685,20.548,20.591,9713,0
20140924,20.556,20.788,20.556,20.745,79736,0
20140925,20.711,20.711,20.322,20.374,130576,0
20140926,20.358,20.477,20.358,20.453,23996,0
20140929,20.16,20.272,20.142,20.254,44502,0
20140930,20.236,20.349,20.236,20.315,13198,0
20141001,20.124,20.142,20.073,20.099,6971,0
20141002,19.978,19.978,19.711,19.841,11652,0
20141003,20.004,20.099,19.806,20.013,63521,0
20141006,19.901,19.901,19.685,19.771,11290,0
20141007,19.652,19.652,19.427,19.427,40489,0
20141008,19.298,19.522,19.298,19.522,4407,0
20141009,19.548,19.548,19.117,19.177,86091,0
20141010,19.023,19.023,18.85,18.867,16143,0
20141013,19.057,19.057,18.798,18.798,6036,0
20141014,19.005,19.04,18.894,18.928,155019,0
20141015,18.496,18.635,18.248,18.505,26793,0
20141016,18.335,18.48,18.335,18.386,19811,0
20141017,18.858,19.032,18.824,18.988,9789,0
20141020,18.798,18.858,18.722,18.858,34877,0
20141021,19.135,19.237,19.065,19.237,113241,0
20141022,19.246,19.272,19.065,19.083,60237,0
20141023,19.298,19.497,19.298,19.435,11453,0
20141024,19.323,19.401,19.306,19.401,43155,0
20141027,19.057,19.211,19.057,19.168,10813,0
20141028,19.435,19.6,19.435,19.591,29694,0
20141029,19.608,19.625,19.522,19.522,3539,0
20141030,19.478,19.789,19.376,19.685,28439,0
20141031,20.013,20.099,20.013,20.099,30212,0
20141103,20.038,20.038,19.917,19.936,14577,0
20141104,19.911,19.911,19.781,19.798,7206,0
20141105,20.066,20.073,20.021,20.047,17486,0
20141106,23.036,23.036,20.142,20.185,9561,0
20141107,20.09,20.09,19.901,19.943,15646,0
20141110,20.021,20.124,19.969,20.108,114829,0
20141111,20.073,20.151,20.073,20.124,50191,0
20141112,19.901,19.926,19.789,19.926,54714,0
20141113,19.987,19.987,19.859,19.961,30871,0
20141114,19.884,19.943,19.884,19.884,39753,0
20141117,20.056,20.09,20.021,20.09,2716,0
20141118,20.358,20.453,20.322,20.418,12533,0
20141119,20.401,20.426,20.322,20.426,19406,0
20141120,20.298,20.47,20.298,20.426,857202,0
20141121,20.857,20.953,20.839,20.891,120661,0
20141124,21.124,21.124,21.021,21.108,37376,0
20141125,21.209,21.287,21.184,21.237,57366,0
20141126,21.295,21.417,21.27,21.391,1438929,0
20141128,21.426,21.469,21.339,21.435,40418,0
20141201,21.373,21.46,21.347,21.407,56561,0
20141202,21.417,21.426,21.295,21.398,114930,0
20141203,21.435,21.494,21.391,21.486,67013,0
20141204,21.295,21.383,21.158,21.279,50612,0
20141205,21.494,21.675,21.494,21.657,157252,0
20141208,21.614,21.657,21.407,21.469,188818,0
20141209,21.149,21.227,21.047,21.218,34120,0
20141210,21.184,21.243,20.926,20.926,38054,0
20141211,21.184,21.279,21.073,21.073,30558,0
20141212,20.943,20.96,20.539,20.539,35406,0
20141215,20.625,20.677,20.038,20.142,15921,0
20141216,20.151,20.53,20.151,20.308,34403,0
20141217,20.72,20.805,20.477,20.728,20070,0
20141218,21.065,21.192,20.943,21.192,42126,0
20141219,20.943,21.158,20.943,21.073,35263,0
20141222,21.192,21.314,21.175,21.314,19883,0
20141223,21.331,21.373,21.27,21.314,168971,0
20141224,21.27,21.442,21.261,21.435,61316,0
20141226,21.352,21.53,21.352,21.44,71548,0
20141229,21.253,21.36,21.253,21.334,19823,0
20141230,21.076,21.13,20.996,21.059,13495,0
20141231,21.191,21.191,20.933,20.96,29970,0
20150102,21.094,21.12,20.933,21.033,145581,0
20150105,20.764,20.764,20.336,20.435,29323,0
20150106,20.64,20.711,20.292,20.381,71395,0
20150107,20.631,20.667,20.417,20.631,308631,0
20150108,20.872,21.164,20.863,21.12,32947,0
20150109,21.253,21.253,20.756,20.88,104943,0
20150112,20.907,21.068,20.872,20.96,98750,0
20150113,21.414,21.459,21.085,21.218,665952,0
20150114,21.2,21.289,21.103,21.244,369648,0
20150115,21.53,21.681,21.449,21.52,93086,0
20150116,21.717,22.145,21.61,22.1,206710,0
20150120,22.074,22.117,21.949,22.082,70727,0
20150121,21.877,22.181,21.86,22.162,259983,0
20150122,22.243,22.617,22.092,22.537,289558,0
20150123,22.831,22.84,22.732,22.777,536664,0
20150126,22.991,23.196,22.912,23.187,677939,0
20150127,22.876,22.902,22.714,22.831,507815,0
20150128,22.929,23.018,22.661,22.661,116389,0
20150129,22.902,23.16,22.831,23.117,265090,0
20150130,22.938,22.991,22.777,22.777,191731,0
20150202,22.983,23.267,22.848,23.222,237219,0
20150203,23.303,23.41,23.222,23.383,585956,0
20150204,23.267,23.348,23.17,23.196,430184,0
20150205,23.259,23.348,23.177,23.348,310069,0
20150206,23.222,23.25,23,23.064,438778,0
20150209,22.742,22.857,22.697,22.813,323353,0
20150210,23.009,23.142,22.866,23.079,452322,0
20150211,23.054,23.098,22.919,23.036,293021,0
20150212,23.446,23.517,23.348,23.517,41217914,0
20150213,25.119,28.442,23.438,23.525,426535,0
20150217,23.383,23.446,23.187,23.383,723727,0
20150218,23.464,23.544,23.41,23.464,382580,0
20150219,23.534,23.57,23.428,23.525,548843,0
20150220,23.525,23.919,23.473,23.838,633324,0
20150223,23.856,23.856,23.749,23.838,275958,0
20150224,23.838,24.06,23.83,24.034,354891,0
20150225,24.024,24.024,23.919,23.988,628396,0
20150226,24.095,24.264,24.085,24.247,420395,0
20150227,24.256,24.398,24.185,24.371,569887,0
20150302,24.39,24.479,24.327,24.479,484970,0
20150303,24.39,24.406,24.085,24.23,535149,0
20150304,24.158,24.406,24.041,24.398,504728,0
20150305,24.541,24.622,24.487,24.567,915715,0
20150306,24.656,24.746,24.541,24.559,1180988,0
20150309,24.639,24.772,24.622,24.754,1216689,0
20150310,24.523,24.656,24.416,24.594,2574601,0
20150311,24.96,25.254,24.924,25.227,2073690,0
20150312,25.102,25.254,25.084,25.244,2376348,0
20150313,25.111,25.494,25.056,25.485,1744205,0
20150316,25.725,25.967,25.681,25.877,3129620,0
20150317,25.512,25.628,25.387,25.583,1799323,0
20150318,25.387,25.558,25.28,25.334,1611622,0
20150319,25.289,25.414,25.147,25.36,1217137,0
20150320,25.7,25.753,25.564,25.655,1702668,0
20150323,25.378,25.406,25.254,25.28,1101844,0
20150324,25.459,25.637,25.406,25.503,1108692,0
20150325,25.512,25.529,25.236,25.236,939739,0
20150326,24.96,25.325,24.853,25.28,1521701,0
20150327,25.325,25.387,25.208,25.325,653585,0
20150330,25.637,25.78,25.593,25.735,1423586,0
20150331,25.476,25.593,25.397,25.423,2182695,0
20150401,25.573,25.717,25.485,25.637,5484861,0
20150402,25.512,25.593,25.432,25.529,2983905,0
20150406,25.406,25.709,25.343,25.628,735087,0
20150407,25.78,25.859,25.717,25.735,1202693,0
20150408,25.745,25.753,25.593,25.7,1009901,0
20150409,25.798,26.046,25.798,26.002,955343,0
20150410,26.331,26.376,26.261,26.376,1500485,0
20150413,26.331,26.359,26.135,26.171,1293473,0
20150414,26.11,26.126,25.958,26.119,917512,0
20150415,26.163,26.19,25.984,26.029,1174957,0
20150416,25.725,25.725,25.494,25.558,2482011,0
20150417,25.076,25.163,24.816,24.879,2698425,0
20150420,25.316,25.37,25.244,25.289,864491,0
20150421,25.593,25.645,25.414,25.494,1013032,0
20150422,25.397,25.397,25.163,25.378,1053501,0
20150423,25.076,25.138,24.898,25.084,1180988,0
20150424,25.003,25.183,24.968,25.111,1343095,0
20150427,25.503,25.61,25.467,25.476,1334674,0
20150428,25.263,25.28,24.96,25.138,1142932,0
20150429,24.692,24.754,24.131,24.38,2770496,0
20150430,24.487,24.567,24.06,24.121,1721526,0
20150501,24.158,24.479,24.158,24.479,584208,0
20150504,24.567,24.682,24.541,24.586,1718609,0
20150505,24.398,24.425,23.962,24.015,1732977,0
20150506,24.121,24.121,23.793,23.979,1703899,0
20150507,24.078,24.202,24.015,24.095,803812,0
20150508,24.47,24.826,24.46,24.79,1185928,0
20150511,24.666,24.727,24.559,24.603,1889694,0
20150512,24.318,24.398,24.131,24.327,1092307,0
20150513,24.238,24.362,23.926,23.997,1219384,0
20150514,24.291,24.515,24.247,24.495,751140,0
20150515,24.406,24.442,24.121,24.299,647254,0
20150518,24.416,24.656,24.362,24.63,1012558,0
20150519,24.942,25.183,24.924,25.04,1192439,0
20150520,25.076,25.147,24.977,25.119,1127215,0
20150521,25.04,25.183,25.032,25.163,1222414,0
20150522,25.076,25.093,24.997,25.084,3197986,0
20150526,24.853,24.853,24.55,24.692,1340366,0
20150527,24.692,24.968,24.656,24.942,1141136,0
20150528,24.816,24.879,24.594,24.772,999678,0
20150529,24.47,24.523,24.185,24.264,974876,0
20150601,24.291,24.344,24.121,24.299,1417298,0
20150602,23.979,24.095,23.899,24.006,1194662,0
20150603,24.256,24.299,24.034,24.113,881924,0
20150604,23.934,24.23,23.713,23.838,953435,0
20150605,23.758,23.89,23.641,23.686,1104315,0
20150608,23.473,23.534,23.231,23.267,866770,0
20150609,23.17,23.303,23.079,23.17,1837985,0
20150610,23.525,23.909,23.499,23.83,1466381,0
20150611,24.185,24.256,23.864,23.954,2803259,0
20150612,23.65,23.739,23.419,23.695,1132716,0
20150615,23.24,23.339,23.17,23.303,1074229,0
20150616,23.231,23.419,23.196,23.401,844429,0
20150617,23.294,23.41,22.973,23.054,1287750,0
20150618,23.079,23.811,23.036,23.499,1690991,0
20150619,23.428,23.446,23.24,23.285,841398,0
20150622,24.05,24.23,23.962,24.14,1098477,0
20150623,24.567,24.594,24.38,24.487,4577506,0
20150624,24.273,24.336,24.095,24.149,6336812,0
20150625,24.238,24.282,24.024,24.176,3221113,0
20150626,24.353,24.451,24.256,24.406,804464,0
20150629,23.739,23.89,23.177,23.222,3380187,0
20150630,23.534,23.534,23.124,23.24,1312331,0
20150701,23.749,23.864,23.525,23.641,1182895,0
20150702,23.638,23.638,23.41,23.501,1434723,0
20150706,23.03,23.238,22.856,22.975,2333409,0
20150707,22.939,23.138,22.595,23.119,1929177,0
20150708,22.802,22.876,22.621,22.676,1307109,0
20150709,23.128,23.374,23.128,23.22,1132182,0
20150710,23.935,24.135,23.828,24.099,3149042,0
20150713,24.226,24.352,24.171,24.316,1136372,0
20150714,24.154,24.416,24.154,24.38,587046,0
20150715,24.416,24.452,24.279,24.389,600892,0
20150716,24.833,24.842,24.723,24.752,975121,0
20150717,24.716,24.723,24.626,24.716,638610,0
20150720,24.897,24.897,24.76,24.852,449344,0
20150721,24.67,24.678,24.471,24.525,704677,0
20150722,24.343,24.452,24.297,24.416,908061,0
20150723,24.343,24.425,24.199,24.235,536697,0
20150724,24.27,24.279,23.881,23.899,1412333,0
20150727,23.563,23.583,23.347,23.401,878832,0
20150728,23.664,23.791,23.51,23.746,694200,0
20150729,23.746,23.919,23.71,23.881,1727005,0
20150730,23.783,23.881,23.609,23.863,523792,0
20150731,23.8,24.008,23.728,23.98,502285,0
20150803,24.244,24.279,24.099,24.19,686673,0
20150804,24.27,24.343,24.226,24.343,507691,0
20150805,24.561,24.697,24.561,24.58,648758,0
20150806,24.678,24.678,24.443,24.543,517457,0
20150807,24.416,24.48,24.306,24.389,483094,0
20150810,24.452,24.598,24.452,24.598,816626,0
20150811,23.97,24.063,23.873,23.955,2958084,0
20150812,23.364,23.438,23.075,23.429,2520800,0
20150813,23.401,23.491,23.311,23.347,873430,0
20150814,23.338,23.491,23.274,23.465,415261,0
20150817,23.075,23.319,23.011,23.311,493571,0
20150818,23.266,23.266,23.119,23.156,330334,0
20150819,22.839,22.893,22.676,22.703,909164,0
20150820,22.439,22.476,21.86,21.869,4345968,0
20150821,21.76,21.977,21.125,21.179,3306103,0
20150824,20.065,20.981,14.026,20.336,2393809,0
20150825,21.451,21.596,20.654,20.726,1326191,0
20150826,21.515,21.641,20.998,21.641,1596084,0
20150827,21.905,22.04,21.687,21.958,1520531,0
20150828,21.76,21.931,21.687,21.887,2844186,0
20150831,21.687,21.887,21.651,21.787,1787337,0
20150901,21.27,21.333,21.018,21.099,899127,0
20150902,21.496,21.541,21.288,21.541,489049,0
20150903,21.869,22.059,21.732,21.768,761700,0
20150904,21.36,21.487,21.188,21.306,617103,0
20150908,21.958,21.996,21.777,21.95,1615056,0
20150909,22.187,22.213,21.605,21.614,841333,0
20150910,21.723,21.86,21.66,21.768,2498303,0
20150911,21.569,21.677,21.515,21.66,716147,0
20150914,21.587,21.705,21.487,21.578,537910,0
20150915,21.596,21.815,21.551,21.797,509564,0
20150916,21.777,21.851,21.641,21.833,618316,0
20150917,21.787,21.941,21.596,21.687,999165,0
20150918,21.125,21.252,21.018,21.16,732141,0
20150921,21.16,21.297,21.054,21.197,1250418,0
20150922,20.591,20.627,20.363,20.517,1213028,0
20150923,20.582,20.627,20.363,20.427,1055748,0
20150924,20.065,20.363,19.918,20.291,2116147,0
20150925,20.591,20.699,20.372,20.463,1137917,0
20150928,20.355,20.355,20.074,20.101,995760,0
20150929,20.174,20.236,19.955,20.146,1268066,0
20150930,20.608,20.673,20.382,20.572,1066886,0
20151001,20.391,20.5,20.119,20.336,8876241,0
20151002,20.065,20.572,19.992,20.572,3133933,0
20151005,20.844,21.018,20.808,20.998,466581,0
20151006,21.018,21.16,20.954,20.99,2038589,0
20151007,21.306,21.425,21.125,21.316,1193287,0
20151008,21.234,21.47,21.197,21.451,1352771,0
20151009,21.47,21.505,21.369,21.487,673242,0
20151012,21.425,21.523,21.405,21.461,292463,0
20151013,21.099,21.379,21.099,21.215,379746,0
20151014,21.179,21.324,21.044,21.071,553793,0
20151015,21.389,21.541,21.279,21.523,605632,0
20151016,21.389,21.479,21.333,21.461,344121,0
20151019,21.505,21.578,21.487,21.541,392100,0
20151020,21.479,21.587,21.461,21.496,312494,0
20151021,21.723,21.768,21.578,21.587,584345,0
20151022,21.986,22.395,21.986,22.33,792031,0
20151023,22.748,22.939,22.739,22.876,1692040,0
20151026,22.893,22.93,22.739,22.794,475815,0
20151027,22.658,22.739,22.566,22.585,663868,0
20151028,22.703,23.021,22.693,22.993,917878,0
20151029,22.83,22.856,22.703,22.83,860635,0
20151030,22.775,22.948,22.739,22.83,1248984,0
20151102,23.082,23.174,23.066,23.156,1321132,0
20151103,22.993,23.174,22.993,23.082,1718732,0
20151104,23.011,23.047,22.811,22.884,1270446,0
20151105,23.002,23.047,22.856,22.93,640705,0
20151106,23.183,23.266,23.03,23.22,1697556,0
20151109,23.066,23.082,22.711,22.802,640103,0
20151110,22.802,22.884,22.72,22.856,4811855,0
20151111,22.985,23.021,22.839,22.866,2734333,0
20151112,22.703,22.847,22.558,22.566,961667,0
20151113,22.53,22.621,22.358,22.458,608168,0
20151116,22.53,22.794,22.513,22.794,762472,0
20151117,22.966,23.119,22.893,22.948,889533,0
20151118,23.102,23.256,23.021,23.22,976885,0
20151119,23.292,23.383,23.256,23.274,1229462,0
20151120,23.401,23.482,23.347,23.374,696956,0
20151123,23.357,23.41,23.211,23.292,1184021,0
20151124,23.011,23.128,22.93,23.111,1340971,0
20151125,23.419,23.537,23.401,23.474,1009533,0
20151127,23.7,23.783,23.7,23.755,502616,0
20151130,23.89,23.963,23.828,23.881,1263433,0
20151201,23.846,23.873,23.638,23.728,2916484,0
20151202,23.401,23.482,23.119,23.192,1495935,0
20151203,22.884,22.884,22.213,22.303,2244511,0
20151204,22.278,22.748,22.278,22.72,1643180,0
20151207,22.847,22.939,22.684,22.802,504491,0
20151208,22.321,22.439,22.158,22.313,878385,0
20151209,22.122,22.339,21.805,21.922,1486230,0
20151210,22.141,22.259,22.059,22.104,753868,0
20151211,21.66,21.705,21.425,21.461,1021445,0
20151214,21.505,21.559,21.108,21.451,1344052,0
20151215,21.751,21.895,21.741,21.805,1110233,0
20151216,22.04,22.278,21.86,22.24,1909103,0
20151217,22.595,22.595,22.349,22.376,2001640,0
20151218,22.232,22.24,21.977,21.977,1033247,0
20151221,22.403,22.403,21.877,22.04,1534539,0
20151222,21.967,22.086,21.841,22.077,910590,0
20151223,22.313,22.484,22.268,22.484,684272,0
20151224,22.313,22.504,22.313,22.422,575108,0
20151228,22.294,22.367,22.207,22.313,633150,0
20151229,22.595,22.711,22.558,22.676,604514,0
20151230,22.476,22.476,22.321,22.321,1460440,0
20151231,22.321,22.376,22.096,22.096,990755,0
20160104,21.687,21.687,21.451,21.669,1368548,0
20160105,21.605,21.669,21.451,21.605,1515624,0
20160106,21.197,21.405,21.134,21.306,915631,0
20160107,20.744,20.983,20.527,20.536,1606345,0
20160108,20.917,20.998,20.363,20.418,2896728,0
20160111,20.798,20.863,20.446,20.699,2800105,0
20160112,21.054,21.099,20.798,21.018,2282946,0
20160113,21.054,21.063,20.382,20.445,1391270,0
20160114,20.436,20.808,20.263,20.69,1795808,0
20160115,19.865,20.029,19.683,19.829,1045689,0
20160119,20.236,20.291,19.918,20.11,1858146,0
20160120,19.793,19.893,19.339,19.801,2294498,0
20160121,19.918,20.2,19.719,19.992,1990993,0
20160122,20.481,20.599,20.408,20.591,873065,0
20160125,20.4,20.491,20.273,20.273,1402366,0
20160126,20.427,20.663,20.427,20.654,959334,0
20160127,20.527,20.772,20.336,20.427,1466948,0
20160128,20.463,20.491,20.087,20.246,743436,0
20160129,20.336,20.636,20.326,20.618,961518,0
20160201,20.346,20.536,20.246,20.473,1005564,0
20160202,20.2,20.2,19.893,19.946,2968680,0
20160203,20.091,20.091,19.629,19.983,1286356,0
20160204,19.565,19.897,19.493,19.702,11376524,0
20160205,19.738,19.793,19.366,19.421,1079494,0
20160208,18.967,18.976,18.695,18.858,1629140,0
20160209,18.358,18.74,18.358,18.604,4913439,0
20160210,18.976,19.13,18.669,18.676,985610,0
20160211,18.468,18.568,18.279,18.486,2591170,0
20160212,18.686,18.831,18.541,18.821,1266768,0
20160216,19.202,19.312,19.058,19.312,509957,0
20160217,19.547,19.793,19.547,19.765,2438509,0
20160218,19.983,20,19.81,19.846,1079467,0
20160219,19.702,19.765,19.583,19.719,794051,0
20160222,20.036,20.156,20.036,20.137,867183,0
20160223,19.983,20.036,19.755,19.755,1288670,0
20160224,19.339,19.547,19.175,19.53,795237,0
20160225,19.665,19.719,19.493,19.711,959969,0
20160226,19.974,20.029,19.865,19.883,995098,0
20160229,19.865,19.974,19.729,19.765,768733,0
20160301,20.219,20.53,20.219,20.491,1700865,0
20160302,20.4,20.527,20.355,20.509,1124543,0
20160303,20.463,20.527,20.363,20.509,576784,0
20160304,20.582,20.673,20.436,20.536,1222969,0
20160307,20.382,20.561,20.363,20.463,784628,0
20160308,20.4,20.408,20.219,20.265,1798843,0
20160309,20.5,20.527,20.287,20.346,1597167,0
20160310,20.554,20.717,19.702,19.964,2140490,0
20160311,20.563,20.754,20.481,20.754,1057854,0
20160314,20.863,21.005,20.844,20.954,564909,0
20160315,20.781,20.844,20.726,20.827,620514,0
20160316,20.835,20.99,20.835,20.935,1638738,0
20160317,20.608,20.795,20.558,20.754,1459316,0
20160318,20.798,20.917,20.754,20.863,1717352,0
20160321,20.853,20.954,20.79,20.904,881011,0
20160322,20.772,21.008,20.744,20.954,2054600,0
20160323,21.108,21.108,20.925,20.971,764120,0
20160324,20.708,20.817,20.654,20.744,725714,0
20160328,20.79,20.808,20.708,20.762,202213,0
20160329,20.618,20.863,20.608,20.863,761541,0
20160330,21.152,21.234,21.09,21.112,733064,0
20160331,21.008,21.035,20.863,20.863,583295,0
20160401,20.427,20.682,20.4,20.654,2385203,0
20160404,20.654,20.717,20.536,20.563,728253,0
20160405,20.174,20.265,20.055,20.074,574639,0
20160406,20.036,20.355,20.036,20.35,950720,0
20160407,20.21,20.219,19.875,19.955,737615,0
20160408,20.317,20.346,20.178,20.236,1120871,0
20160411,20.455,20.491,20.311,20.317,578660,0
20160412,20.418,20.618,20.336,20.599,749486,0
20160413,20.935,21.108,20.917,21.054,456404,0
20160414,21.179,21.224,21.134,21.188,460341,0
20160415,21.134,21.144,21.063,21.08,829914,0
20160418,21.044,21.306,21.044,21.288,1354411,0
20160419,21.641,21.741,21.614,21.732,989136,0
20160420,21.751,21.941,21.732,21.869,732174,0
20160421,21.751,21.905,21.719,21.787,897523,0
20160422,21.741,21.823,21.703,21.8,600253,0
20160425,21.596,21.641,21.505,21.632,523336,0
20160426,21.533,21.605,21.446,21.587,528797,0
20160427,21.578,21.723,21.578,21.674,710048,0
20160428,21.425,21.669,21.41,21.434,681940,0
20160429,21.26,21.278,21.071,21.143,1345203,0
20160502,21.279,21.297,21.152,21.26,859668,0
20160503,20.917,20.944,20.835,20.872,772419,0
20160504,20.717,20.817,20.599,20.645,606022,0
20160505,20.636,20.726,20.599,20.682,876882,0
20160506,20.608,20.853,20.608,20.835,813284,0
20160509,21.008,21.08,20.908,20.949,507176,0
20160510,21.035,21.193,21.018,21.193,888866,0
20160511,20.944,21.035,20.868,20.894,794046,0
20160512,21.008,21.018,20.699,20.795,689232,0
20160513,20.827,20.971,20.744,20.781,927060,0
20160516,20.79,20.944,20.708,20.908,455951,0
20160517,20.827,20.88,20.649,20.69,1226787,0
20160518,20.708,20.954,20.708,20.88,772937,0
20160519,20.673,20.726,20.608,20.69,1555969,0
20160520,20.79,20.88,20.79,20.863,635581,0
20160523,20.744,20.817,20.708,20.736,808918,0
20160524,21.008,21.279,21.008,21.234,1214955,0
20160525,21.369,21.479,21.369,21.415,856610,0
20160526,21.533,21.587,21.515,21.533,516446,0
20160527,21.569,21.624,21.541,21.605,689557,0
20160531,21.651,21.677,21.47,21.551,706351,0
20160601,21.369,21.455,21.333,21.434,395336,0
20160602,21.36,21.533,21.36,21.523,507818,0
20160603,21.297,21.297,21.09,21.234,1137691,0
20160606,21.26,21.324,21.215,21.27,514523,0
20160607,21.569,21.632,21.533,21.533,339045,0
20160608,21.479,21.515,21.393,21.487,346390,0
20160609,21.215,21.27,21.169,21.215,687660,0
20160610,20.699,20.772,20.572,20.641,680544,0
20160613,20.363,20.481,20.192,20.219,490225,0
20160614,20.156,20.246,20.029,20.156,513628,0
20160615,20.246,20.326,20.127,20.146,1256375,0
20160616,19.983,20.317,19.875,20.301,544837,0
20160617,20.301,20.455,20.192,20.436,295049,0
20160620,20.944,20.976,20.872,20.876,506437,0
20160621,21.054,21.279,20.99,21.147,566672,0
20160622,21.234,21.316,21.11,21.134,748308,0
20160623,21.405,21.696,21.283,21.66,1179486,0
20160624,20.21,20.509,19.938,20.01,2057612,0
20160627,19.81,19.827,19.467,19.711,1327142,0
20160628,20.055,20.11,19.883,20.036,671495,0
20160629,20.236,20.282,20.156,20.246,474383,0
20160630,20.255,20.627,20.2,20.554,1118231,0
20160701,20.582,20.679,20.554,20.563,533261,0
20160705,20.127,20.16,19.964,20.019,518413,0
20160706,19.776,19.906,19.636,19.897,768641,0
20160707,19.878,19.98,19.739,19.803,902742,0
20160708,20.232,20.323,20.213,20.307,1311879,0
20160711,20.612,20.737,20.585,20.617,490195,0
20160712,21.003,21.031,20.938,20.938,2285161,0
20160713,21.003,21.013,20.854,20.915,296420,0
20160714,21.197,21.272,21.151,21.178,536638,0
20160715,21.178,21.205,21.132,21.193,299927,0
20160718,21.151,21.272,21.096,21.178,229035,0
20160719,21.021,21.077,20.998,21.05,339073,0
20160720,21.327,21.374,21.29,21.337,351235,0
20160721,21.347,21.439,21.299,21.342,231153,0
20160722,21.374,21.43,21.364,21.401,217432,0
20160725,21.55,21.559,21.43,21.476,621704,0
20160726,21.55,21.672,21.54,21.643,11801691,0
20160727,21.783,21.82,21.68,21.699,1943897,0
20160728,21.726,21.806,21.652,21.783,1735688,0
20160729,21.726,21.82,21.699,21.793,457183,0
20160801,21.736,21.83,21.689,21.718,139313,0
20160802,21.522,21.522,21.337,21.416,710383,0
20160803,21.374,21.54,21.374,21.54,289449,0
20160804,21.55,21.597,21.472,21.569,379412,0
20160805,21.746,21.872,21.746,21.858,153541,0
20160808,21.987,22.024,21.958,21.983,265053,0
20160809,22.192,22.526,22.192,22.462,201471,0
20160810,22.442,22.484,22.419,22.442,152259,0
20160811,22.582,22.657,22.54,22.611,526003,0
20160812,22.564,22.611,22.536,22.573,501260,0
20160815,22.638,22.666,22.611,22.611,385409,0
20160816,22.508,22.573,22.462,22.467,260836,0
20160817,22.277,22.377,22.183,22.373,13595711,0
20160818,22.313,22.377,22.293,22.363,2165097,0
20160819,22.21,22.284,22.127,22.277,459778,0
20160822,22.098,22.23,22.061,22.192,175625,0
20160823,22.358,22.424,22.33,22.34,252843,0
20160824,22.405,22.442,22.326,22.33,176144,0
20160825,22.173,22.247,22.155,22.164,194150,0
20160826,22.21,22.392,22.061,22.201,713779,0
20160829,22.23,22.321,22.22,22.313,239088,0
20160830,22.462,22.545,22.442,22.47,165364,0
20160831,22.424,22.462,22.267,22.33,288342,0
20160901,22.405,22.433,22.164,22.321,366391,0
20160902,22.452,22.648,22.433,22.611,293863,0
20160906,22.629,22.657,22.489,22.564,261889,0
20160907,22.648,22.721,22.611,22.666,136421,0
20160908,22.396,22.555,22.396,22.499,264740,0
20160909,22.377,22.387,22.071,22.071,247745,0
20160912,21.885,22.238,21.867,22.238,312071,0
20160913,22.071,22.09,21.838,21.963,360451,0
20160914,21.931,22.005,21.838,21.876,229929,0
20160915,21.848,22.09,21.82,22.061,231491,0
20160916,21.764,21.797,21.689,21.764,208477,0
20160919,21.894,21.941,21.83,21.858,79629,0
20160920,22.052,22.09,21.958,21.987,235411,0
20160921,22.09,22.238,21.991,22.21,157598,0
20160922,22.536,22.611,22.517,22.536,203391,0
20160923,22.433,22.47,22.396,22.405,394053,0
20160926,22.043,22.061,21.95,21.958,281083,0
20160927,21.736,22.005,21.726,21.987,245250,0
20160928,22.183,22.257,22.048,22.238,197735,0
20160929,22.183,22.23,21.718,21.778,619391,0
20160930,21.978,22.321,21.978,22.267,618767,0
20161003,22.155,22.192,22.043,22.183,250490,0
20161004,22.387,22.517,22.257,22.335,543919,0
20161005,22.396,22.452,22.368,22.415,245186,0
20161006,22.358,22.452,22.358,22.42,199299,0
20161007,22.257,22.277,22.098,22.183,332364,0
20161010,22.396,22.494,22.396,22.442,236760,0
20161011,22.517,22.526,22.284,22.34,243912,0
20161012,22.257,22.293,22.21,22.267,176375,0
20161013,21.95,22.127,21.894,22.08,728030,0
20161014,22.35,22.424,22.313,22.355,153984,0
20161017,22.238,22.284,22.164,22.197,278549,0
20161018,22.479,22.489,22.398,22.433,324407,0
20161019,22.462,22.536,22.462,22.489,118345,0
20161020,22.452,22.629,22.452,22.573,405942,0
20161021,22.508,22.587,22.499,22.587,188490,0
20161024,22.731,22.763,22.638,22.666,175346,0
20161025,22.684,22.721,22.606,22.657,126202,0
20161026,22.424,22.555,22.415,22.499,572960,0
20161027,22.536,22.615,22.479,22.536,231841,0
20161028,22.47,22.555,22.396,22.424,271232,0
20161031,22.452,22.526,22.415,22.479,206491,0
20161101,22.415,22.415,22.024,22.136,303823,0
20161102,21.978,22.005,21.793,21.867,351268,0
20161103,21.876,21.894,21.699,21.718,1066281,0
20161104,21.643,21.662,21.495,21.495,233952,0
20161107,21.978,22.043,21.941,22.043,175422,0
20161108,21.968,22.21,21.941,22.169,175371,0
20161109,21.978,22.433,21.978,22.396,436047,0
20161110,22.396,22.508,22.183,22.363,454875,0
20161111,22.358,22.405,22.31,22.387,185460,0
20161114,22.377,22.484,22.33,22.405,447085,0
20161115,22.396,22.531,22.377,22.526,928618,0
20161116,22.267,22.405,22.267,22.34,1121663,0
20161117,22.267,22.499,22.117,22.489,879639,0
20161118,22.451,22.452,22.33,22.35,139538,0
20161121,22.396,22.47,22.358,22.457,332759,0
20161122,22.517,22.545,22.429,22.508,124644,0
20161123,22.313,22.424,22.257,22.396,506535,0
20161125,22.415,22.479,22.415,22.475,129915,0
20161128,22.321,22.34,22.201,22.201,348837,0
20161129,22.22,22.377,22.192,22.313,248066,0
20161130,22.377,22.442,22.321,22.34,162281,0
20161201,22.21,22.22,22.043,22.052,192355,0
20161202,21.987,22.173,21.987,22.136,201042,0
20161205,22.35,22.489,22.35,22.479,288451,0
20161206,22.489,22.758,22.489,22.75,445456,0
20161207,22.917,23.289,22.768,23.196,1350709,0
20161208,23.363,23.501,23.345,23.438,445381,0
20161209,23.52,23.6,23.483,23.577,1216962,0
20161212,23.447,23.52,23.409,23.429,169553,0
20161213,23.614,23.723,23.614,23.665,722206,0
20161214,23.642,23.75,23.558,23.577,1875027,0
20161215,23.633,23.856,23.633,23.8,429385,0
20161216,23.847,23.929,23.829,23.865,511219,0
20161219,23.892,23.951,23.883,23.883,180485,0
20161220,23.975,24.032,23.975,24.003,574181,0
20161221,24.013,24.06,24.013,24.04,275029,0
20161222,24.032,24.04,23.995,24.022,132373,0
20161223,23.985,24.036,23.985,24.032,141345,0
20161227,24.04,24.087,24.04,24.06,143511,0
20161228,24.077,24.077,23.974,23.994,101911,0
20161229,24.012,24.031,23.974,23.979,151467,0
20161230,24.059,24.096,24.002,24.021,136700,0
20170103,24.309,24.402,24.262,24.319,215465,0
20170104,24.262,24.319,24.217,24.309,356551,0
20170105,24.281,24.346,24.254,24.291,159683,0
20170106,24.309,24.384,24.267,24.356,298078,0
20170109,24.217,24.291,24.217,24.267,157207,0
20170110,24.281,24.346,24.272,24.272,163466,0
20170111,24.374,24.552,24.374,24.478,439073,0
20170112,24.309,24.346,24.16,24.314,201122,0
20170113,24.384,24.439,24.359,24.389,89594,0
20170117,24.272,24.319,24.208,24.291,110271,0
20170118,24.319,24.439,24.299,24.431,215093,0
20170119,24.439,24.468,24.309,24.328,737547,0
20170120,24.393,24.448,24.384,24.436,122558,0
20170123,24.384,24.384,24.231,24.337,155375,0
20170124,24.356,24.499,24.334,24.468,331165,0
20170125,24.793,24.877,24.793,24.867,174717,0
20170126,24.895,24.92,24.858,24.886,263627,0
20170127,24.849,24.877,24.83,24.849,226565,0
20170130,24.68,24.68,24.542,24.635,178525,0
20170131,24.56,24.58,24.291,24.389,195958,0
20170201,24.627,24.649,24.49,24.533,770569,0
20170202,24.431,24.533,24.431,24.533,160725,0
20170203,24.56,24.56,24.478,24.533,290534,0
20170206,24.281,24.319,24.16,24.217,369670,0
20170207,24.384,24.411,24.262,24.337,1045976,0
20170208,24.245,24.351,24.199,24.332,216059,0
20170209,24.393,24.542,24.393,24.495,1037810,0
20170210,24.56,24.612,24.528,24.57,94725,0
20170213,24.83,24.865,24.783,24.793,148326,0
20170214,24.783,24.858,24.756,24.849,287735,0
20170215,24.719,24.858,24.719,24.83,645536,0
20170216,24.756,24.812,24.709,24.802,289428,0
20170217,24.663,24.858,24.663,24.849,127995,0
20170221,25.044,25.243,25.044,25.221,395539,0
20170222,25.184,25.277,25.184,25.239,137421,0
20170223,25.239,25.239,25.099,25.146,137087,0
20170224,24.737,24.923,24.737,24.905,242620,0
20170227,24.793,24.947,24.793,24.932,115241,0
20170228,24.877,24.932,24.867,24.877,144434,0
20170301,25.277,25.421,25.248,25.365,297743,0
20170302,25.37,25.37,25.304,25.304,196075,0
20170303,25.267,25.323,25.211,25.258,201788,0
20170306,25.155,25.216,25.072,25.201,338187,0
20170307,25.127,25.174,25.09,25.127,241879,0
20170308,25.174,25.221,25.072,25.072,500505,0
20170309,25.137,25.239,25.09,25.174,1299562,0
20170310,25.211,25.23,25.08,25.137,358122,0
20170313,25.174,25.267,25.174,25.267,191140,0
20170314,25.201,25.23,25.155,25.211,225764,0
20170315,25.192,25.351,25.188,25.295,273981,0
20170316,25.36,25.416,25.323,25.37,466278,0
20170317,25.407,25.442,25.36,25.36,121187,0
20170320,25.37,25.388,25.295,25.314,142891,0
20170321,25.425,25.443,24.999,25.016,491824,0
20170322,24.979,25.099,24.96,25.067,200188,0
20170323,25.062,25.295,25.036,25.248,461607,0
20170324,25.285,25.425,25.277,25.374,387133,0
20170327,25.052,25.277,25.044,25.258,381559,0
20170328,25.332,25.583,25.332,25.573,231204,0
20170329,25.657,25.657,25.601,25.61,135648,0
20170330,25.61,25.732,25.61,25.732,141583,0
20170331,25.722,25.918,25.72,25.871,172386,0
20170403,25.918,25.918,25.657,25.788,288514,0
20170404,25.742,25.861,25.742,25.861,495398,0
20170405,25.76,25.847,25.62,25.639,9622507,0
20170406,25.705,25.769,25.657,25.722,164291,0
20170407,25.639,25.788,25.63,25.751,159760,0
20170410,25.695,25.722,25.634,25.676,279919,0
20170411,25.667,25.705,25.388,25.648,1012302,0
20170412,25.61,25.63,25.541,25.563,795031,0
20170413,25.509,25.568,25.435,25.462,552148,0
20170417,25.462,25.536,25.462,25.526,343397,0
20170418,25.304,25.388,25.201,25.277,211723,0
20170419,25.323,25.365,25.225,25.239,138489,0
20170420,25.304,25.43,25.304,25.378,218431,0
20170421,25.416,25.457,25.37,25.44,553950,0
20170424,26.104,26.262,26.094,26.225,134776,0
20170425,26.242,26.289,26.216,26.289,441271,0
20170426,26.252,26.28,26.169,26.188,253500,0
20170427,26.242,26.267,26.178,26.206,223973,0
20170428,26.188,26.233,26.169,26.178,75144,0
20170501,26.262,26.363,26.197,26.336,129459,0
20170502,26.242,26.382,26.242,26.373,741570,0
20170503,26.336,26.41,26.326,26.401,2237579,0
20170504,26.588,26.651,26.56,26.641,283015,0
20170505,26.641,27.023,26.641,26.997,233268,0
20170508,26.726,26.773,26.708,26.735,518964,0
20170509,26.884,26.884,26.782,26.829,888716,0
20170510,26.847,26.876,26.791,26.847,143180,0
20170511,26.782,26.791,26.615,26.782,476810,0
20170512,26.745,26.884,26.745,26.884,130107,0
20170515,26.791,26.94,26.773,26.94,217601,0
20170516,26.977,27.001,26.876,26.94,234725,0
20170517,26.688,26.74,26.363,26.373,449070,0
20170518,26.363,26.541,26.336,26.494,362540,0
20170519,26.55,26.639,26.541,26.597,221694,0
20170522,26.541,26.605,26.541,26.56,266249,0
20170523,26.661,26.671,26.568,26.661,303755,0
20170524,26.578,26.615,26.56,26.597,303722,0
20170525,26.56,26.641,26.513,26.568,460788,0
20170526,26.476,26.535,26.476,26.531,251914,0
20170530,26.568,26.61,26.503,26.513,128050,0
20170531,26.717,26.745,26.554,26.588,234288,0
20170601,26.671,26.754,26.641,26.754,351630,0
20170602,27.023,27.098,26.94,27.042,487512,0
20170605,26.997,26.997,26.884,26.977,231565,0
20170606,26.735,26.801,26.671,26.698,182097,0
20170607,26.801,26.81,26.629,26.735,129883,0
20170608,26.735,26.805,26.717,26.791,207746,0
20170609,26.922,26.987,26.82,26.894,691046,0
20170612,26.726,26.782,26.688,26.763,360613,0
20170613,26.903,26.964,26.857,26.95,177064,0
20170614,27.117,27.117,26.931,26.997,239597,0
20170615,26.597,26.726,26.56,26.726,501610,0
20170616,26.791,26.866,26.773,26.857,370153,0
20170619,27.145,27.192,27.103,27.182,363547,0
20170620,27.145,27.155,26.922,26.987,484870,0
20170621,26.922,26.96,26.847,26.876,108215,0
20170622,26.922,26.96,26.847,26.903,274392,0
20170623,26.745,26.829,26.688,26.791,215433,0
20170626,26.969,26.987,26.838,26.876,285524,0
20170627,26.671,26.726,26.485,26.494,530346,0
20170628,26.597,26.661,26.522,26.641,270591,0
20170629,26.419,26.419,25.964,26.057,763331,0
20170630,26.094,26.114,25.898,26.02,333909,0
20170703,26.151,26.242,26.151,26.206,107714,0
20170705,26.178,26.27,26.151,26.242,666948,0
20170706,25.968,26.073,25.92,25.959,469731,0
20170707,25.959,26.12,25.959,26.101,255893,0
20170710,26.139,26.215,26.124,26.177,59394,0
20170711,26.205,26.252,26.111,26.242,128784,0
20170712,26.49,26.595,26.49,26.566,306242,0
20170713,26.566,26.623,26.528,26.603,455097,0
20170714,26.499,26.641,26.471,26.613,147531,0
20170717,26.519,26.519,26.452,26.481,95029,0
20170718,26.111,26.205,26.082,26.196,269264,0
20170719,26.187,26.314,26.187,26.3,182346,0
20170720,26.376,26.381,26.106,26.215,158741,0
20170721,25.844,25.858,25.683,25.826,231803,0
20170724,25.712,25.817,25.665,25.798,546889,0
20170725,25.882,25.882,25.807,25.844,91328,0
20170726,25.911,25.961,25.817,25.835,323437,0
20170727,25.807,25.807,25.636,25.712,290110,0
20170728,25.617,25.679,25.56,25.655,240874,0
20170731,25.645,25.665,25.465,25.484,127535,0
20170801,25.788,25.92,25.764,25.807,729618,0
20170802,25.863,25.863,25.636,25.674,155494,0
20170803,25.674,25.683,25.579,25.584,1098667,0
20170804,25.959,25.977,25.896,25.93,440127,0
20170807,25.844,25.854,25.802,25.844,253051,0
20170808,25.741,26.006,25.731,25.882,185994,0
20170809,25.598,25.712,25.589,25.703,524334,0
20170810,25.409,25.446,25.209,25.219,250527,0
20170811,25.352,25.371,25.276,25.29,137953,0
20170814,25.645,25.708,25.632,25.64,111211,0
20170815,25.76,25.76,25.636,25.721,77400,0
20170816,25.863,25.91,25.76,25.788,350970,0
20170817,25.798,25.807,25.551,25.551,302126,0
20170818,25.627,25.703,25.563,25.617,311638,0
20170821,25.513,25.513,25.342,25.409,103942,0
20170822,25.693,25.817,25.693,25.798,72265,0
20170823,25.655,25.721,25.627,25.674,128120,0
20170824,25.826,25.826,25.655,25.655,207867,0
20170825,25.721,25.807,25.636,25.645,109258,0
20170828,25.636,25.636,25.536,25.551,140892,0
20170829,25.057,25.276,25.03,25.266,161128,0
20170830,25.323,25.38,25.295,25.352,214452,0
20170831,25.493,25.531,25.38,25.438,232967,0
20170901,25.607,25.68,25.56,25.589,136623,0
20170905,25.665,25.665,25.362,25.413,347198,0
20170906,25.769,25.882,25.708,25.849,409500,0
20170907,25.939,25.977,25.854,25.925,6118457,0
20170908,25.911,25.925,25.854,25.873,119084,0
20170911,26.196,26.328,26.196,26.3,441195,0
20170912,26.433,26.433,26.319,26.357,281774,0
20170913,26.395,26.442,26.366,26.423,282414,0
20170914,26.376,26.433,26.357,26.423,210832,0
20170915,26.385,26.404,26.338,26.4,594153,0
20170918,26.452,26.476,26.432,26.452,203771,0
20170919,26.423,26.461,26.414,26.447,356213,0
20170920,26.423,26.613,26.423,26.603,372156,0
20170921,26.566,26.566,26.519,26.528,113400,0
20170922,26.519,26.575,26.519,26.561,60066,0
20170925,26.537,26.58,26.452,26.452,123823,0
20170926,26.557,26.585,26.519,26.532,695471,0
20170927,26.66,26.736,26.623,26.66,117354,0
20170928,26.698,26.793,26.698,26.755,150431,0
20170929,26.86,27.03,26.86,27.02,140277,0
20171002,27.03,27.172,27.03,27.149,425531,0
20171003,27.172,27.22,27.141,27.22,365955,0
20171004,27.182,27.291,27.182,27.205,167828,0
20171005,27.21,27.324,27.21,27.32,121183,0
20171006,27.248,27.281,27.219,27.277,67345,0
20171009,27.248,27.286,27.201,27.21,101122,0
20171010,27.268,27.277,27.163,27.239,217221,0
20171011,27.258,27.324,27.258,27.296,64807,0
20171012,27.315,27.382,27.315,27.324,70284,0
20171013,27.324,27.41,27.324,27.382,63153,0
20171016,27.41,27.428,27.344,27.382,296893,0
20171017,27.401,27.438,27.372,27.401,77122,0
20171018,27.504,27.514,27.463,27.504,86491,0
20171019,27.286,27.371,27.243,27.334,67872,0
20171020,27.344,27.362,27.286,27.324,184404,0
20171023,27.382,27.382,27.277,27.277,335832,0
20171024,27.362,27.401,27.344,27.391,110937,0
20171025,27.344,27.377,27.162,27.277,97481,0
20171026,27.41,27.694,27.41,27.676,309742,0
20171027,27.79,27.836,27.77,27.827,124064,0
20171030,27.85,27.883,27.812,27.827,98244,0
20171031,27.931,27.983,27.922,27.95,206269,0
20171101,28.329,28.349,28.273,28.301,156182,0
20171102,28.291,28.32,28.193,28.291,109883,0
20171103,28.311,28.372,28.267,28.367,165072,0
20171106,28.291,28.339,28.291,28.311,153224,0
20171107,28.311,28.339,28.112,28.112,110100,0
20171108,28.13,28.225,28.102,28.188,404387,0
20171109,27.865,27.879,27.638,27.79,168508,0
20171110,27.742,27.752,27.657,27.684,221819,0
20171113,27.372,27.623,27.372,27.618,102264,0
20171114,27.485,27.514,27.41,27.476,159915,0
20171115,27.144,27.362,27.076,27.277,229409,0
20171116,27.495,27.59,27.457,27.552,329061,0
20171117,27.466,27.478,27.334,27.348,214619,0
20171120,27.495,27.59,27.485,27.514,132065,0
20171121,27.827,27.865,27.77,27.78,131952,0
20171122,27.722,27.727,27.367,27.372,132565,0
20171124,27.6,27.638,27.545,27.58,31783,0
20171127,27.466,27.551,27.428,27.461,322606,0
20171128,27.533,27.718,27.485,27.689,229197,0
20171129,27.836,27.855,27.533,27.58,183526,0
20171130,27.752,27.752,27.533,27.571,186526,0
20171201,27.419,27.523,27.106,27.362,451141,0
20171204,27.694,27.704,27.523,27.533,325054,0
20171205,27.514,27.656,27.485,27.509,546300,0
20171206,27.353,27.562,27.344,27.504,128298,0
20171207,27.504,27.704,27.504,27.671,221264,0
20171208,27.836,27.855,27.769,27.803,148661,0
20171211,27.752,27.787,27.694,27.78,99694,0
20171212,27.761,27.836,27.742,27.827,213068,0
20171213,27.817,27.817,27.623,27.633,336877,0
20171214,27.684,27.794,27.533,27.552,272330,0
20171215,27.618,27.761,27.6,27.742,250268,0
20171218,28.083,28.15,28.083,28.122,198421,0
20171219,28.102,28.102,27.921,27.988,335727,0
20171220,27.893,27.893,27.58,27.638,319828,0
20171221,27.656,27.77,27.646,27.666,150779,0
20171222,27.638,27.666,27.615,27.646,107614,0
20171226,27.59,27.684,27.59,27.623,97548,0
20171227,27.6,27.674,27.562,27.608,75067,0
20171228,27.59,27.618,27.466,27.523,162521,0
20171229,27.438,27.438,27.219,27.276,137321,0
20180102,27.219,27.409,27.181,27.361,233150,0
20180103,27.485,27.638,27.457,27.613,271922,0
20180104,27.97,28.018,27.904,27.932,199997,0
20180105,28.275,28.331,28.189,28.308,166036,0
20180108,28.398,28.422,28.341,28.398,111664,0
20180109,28.483,28.483,28.389,28.445,126114,0
20180110,28.141,28.207,28.084,28.151,180218,0
20180111,28.027,28.131,27.942,28.122,163678,0
20180112,28.065,28.169,28.046,28.122,153447,0
20180116,28.275,28.322,27.951,27.989,300279,0
20180117,28.103,28.222,27.98,28.179,239135,0
20180118,28.245,28.331,28.141,28.293,519130,0
20180119,28.616,28.688,28.531,28.674,655103,0
20180122,28.636,28.76,28.569,28.74,250495,0
20180123,28.844,28.854,28.75,28.836,163299,0
20180124,28.768,28.788,28.417,28.526,215833,0
20180125,28.455,28.455,28.113,28.298,376178,0
20180126,28.331,28.455,28.308,28.445,223710,0
20180129,28.331,28.379,28.245,28.275,179917,0
20180130,28.075,28.103,27.98,28.027,162301,0
20180131,28.103,28.113,27.97,28.027,206031,0
20180201,27.666,27.732,27.523,27.585,972733,0
20180202,27.361,27.371,27.019,27.034,647393,0
20180205,26.943,27.072,25.84,26.069,751834,0
20180206,26.24,26.905,26.226,26.901,554330,0
20180207,26.668,26.943,26.62,26.715,543340,0
20180208,26.544,26.544,25.888,25.888,863795,0
20180209,26.04,26.183,25.463,26.117,1510573,0
20180212,26.249,26.401,26.173,26.373,460253,0
20180213,26.125,26.173,26.031,26.159,295477,0
20180214,26.049,26.554,26.049,26.506,566557,0
20180215,26.506,26.506,26.259,26.43,812738,0
20180216,26.478,26.82,26.478,26.706,346009,0
20180220,26.563,26.758,26.534,26.61,403394,0
20180221,26.63,26.761,26.525,26.534,287923,0
20180222,26.534,26.724,26.44,26.597,276891,0
20180223,26.734,26.858,26.673,26.848,123070,0
20180226,26.858,26.934,26.724,26.924,210296,0
20180227,26.744,26.829,26.61,26.61,179932,0
20180228,26.724,26.791,26.491,26.506,163010,0
20180301,26.221,26.278,25.764,25.869,619060,0
20180302,25.584,25.741,25.488,25.726,366725,0
20180305,25.64,26.107,25.64,26.059,365186,0
20180306,26.107,26.134,25.973,26.087,126861,0
20180307,26.097,26.311,26.07,26.297,165473,0
20180308,26.354,26.549,26.354,26.478,265904,0
20180309,26.478,26.582,26.44,26.572,233253,0
20180312,26.63,26.681,26.544,26.63,461085,0
20180313,26.601,26.601,26.031,26.097,201100,0
20180314,26.411,26.449,26.193,26.278,204244,0
20180315,26.373,26.516,26.325,26.501,282208,0
20180316,26.44,26.648,26.44,26.516,118407,0
20180319,26.306,26.311,26.059,26.193,389852,0
20180320,26.221,26.468,26.221,26.44,243894,0
20180321,26.278,26.44,26.201,26.24,129511,0
20180322,25.869,25.955,25.688,25.698,670822,0
20180323,25.698,25.698,25.251,25.294,455720,0
20180326,25.584,25.602,25.185,25.598,429025,0
20180327,25.764,25.802,25.337,25.441,476430,0
20180328,25.564,25.784,25.464,25.622,965189,0
20180329,25.955,26.107,25.912,26.049,130036,0
20180402,26.049,26.049,25.441,25.67,935070,0
20180403,25.831,25.917,25.688,25.888,636062,0
20180404,25.48,25.917,25.47,25.897,179618,0
20180405,26.259,26.411,26.24,26.325,311231,0
20180406,26.259,26.344,26.059,26.125,258658,0
20180409,26.268,26.373,26.173,26.221,247545,0
20180410,26.487,26.592,26.449,26.516,298700,0
20180411,26.306,26.43,26.299,26.306,122530,0
20180412,26.544,26.62,26.544,26.61,130788,0
20180413,26.772,26.772,26.563,26.668,83849,0
20180416,26.601,26.62,26.516,26.582,264618,0
20180417,26.829,27.01,26.82,26.943,472600,0
20180418,26.934,26.981,26.915,26.953,75582,0
20180419,26.924,26.953,26.839,26.896,224929,0
20180420,26.877,26.905,26.791,26.843,221169,0
20180423,26.886,26.943,26.801,26.905,156337,0
20180424,26.886,26.886,26.525,26.63,266125,0
20180425,26.544,26.636,26.42,26.63,184252,0
20180426,26.62,26.915,26.573,26.872,128487,0
20180427,26.991,26.991,26.81,26.934,96249,0
20180430,26.896,27.001,26.867,26.886,126637,0
20180501,26.924,26.962,26.772,26.943,114240,0
20180502,27.381,27.438,27.319,27.352,477307,0
20180503,27.305,27.314,27.133,27.267,7940379,0
20180504,27.229,27.514,27.229,27.466,241543,0
20180507,27.638,27.722,27.618,27.656,356822,0
20180508,27.552,27.694,27.552,27.694,399808,0
20180509,27.608,27.79,27.608,27.752,1021152,0
20180510,27.676,27.846,27.676,27.846,279459,0
20180511,27.722,27.808,27.722,27.761,173720,0
20180514,27.694,27.761,27.666,27.714,653262,0
20180515,27.694,27.78,27.609,27.761,196565,0
20180516,27.77,27.818,27.752,27.808,133237,0
20180517,27.913,28.013,27.913,27.989,231724,0
20180518,27.98,27.98,27.894,27.937,161626,0
20180521,28.122,28.199,28.065,28.103,296217,0
20180522,28.122,28.169,28.075,28.075,71155,0
20180523,27.704,27.799,27.638,27.79,355265,0
20180524,27.646,27.656,27.4,27.562,419781,0
20180525,27.562,27.676,27.495,27.628,277756,0
20180529,27.209,27.267,26.938,27.095,317324,0
20180530,27.295,27.452,27.228,27.4,80240,0
20180531,27.209,27.229,26.943,27.124,391070,0
20180601,27.409,27.409,27.22,27.352,154573,0
20180604,27.39,27.466,27.357,27.414,132647,0
20180605,27.59,27.676,27.361,27.39,226605,0
20180606,27.438,27.656,27.314,27.651,259643,0
20180607,27.504,27.507,27.161,27.281,89817,0
20180608,27.428,27.485,27.276,27.466,642456,0
20180611,27.428,27.66,27.381,27.613,207134,0
20180612,27.59,27.608,27.542,27.59,81276,0
20180613,27.666,27.714,27.608,27.618,200368,0
20180614,27.942,28.303,27.922,28.217,736286,0
20180615,27.97,28.042,27.922,28.018,124595,0
20180618,27.523,27.6,27.466,27.6,94469,0
20180619,27.191,27.333,27.124,27.328,121502,0
20180620,27.305,27.323,27.247,27.314,87084,0
20180621,27.086,27.086,26.782,26.853,481210,0
20180622,27.001,27.095,26.867,27.005,141703,0
20180625,26.61,26.62,26.363,26.458,124329,0
20180626,26.449,26.539,26.278,26.482,557783,0
20180627,26.582,26.753,26.43,26.43,227810,0
20180628,26.183,26.335,26.04,26.268,364162,0
20180629,26.487,26.554,26.373,26.392,89627,0
20180702,26.287,26.43,26.278,26.42,45595,0
20180703,26.586,26.586,26.43,26.43,109525,0
20180705,26.732,26.849,26.654,26.82,730932,0
20180706,26.771,26.898,26.722,26.849,84074,0
20180709,26.898,27.005,26.893,27.005,76407,0
20180710,27.092,27.161,27.073,27.112,39384,0
20180711,26.703,26.82,26.664,26.742,117480,0
20180712,26.8,26.937,26.761,26.927,36666,0
20180713,26.995,27.005,26.956,27,90388,0
20180716,27.053,27.092,27.024,27.073,47798,0
20180717,27.044,27.394,27.024,27.336,52004,0
20180718,27.462,27.492,27.423,27.428,513235,0
20180719,27.287,27.311,27.243,27.277,166376,0
20180720,26.907,27.092,26.898,27.005,112825,0
20180723,27.024,27.156,27.014,27.092,230401,0
20180724,27.462,27.462,27.287,27.287,346696,0
20180725,27.219,27.501,27.083,27.462,258292,0
20180726,27.54,27.657,27.501,27.608,122725,0
20180727,27.706,27.735,27.57,27.608,99217,0
20180730,27.657,27.667,27.521,27.55,113551,0
20180731,27.599,27.686,27.54,27.589,98374,0
20180801,27.501,27.55,27.414,27.443,157076,0
20180802,27.073,27.248,27.044,27.248,489269,0
20180803,27.248,27.355,27.245,27.346,78550,0
20180806,27.219,27.316,27.151,27.277,285588,0
20180807,27.472,27.472,27.321,27.346,129952,0
20180808,27.336,27.346,27.257,27.263,36558,0
20180809,27.423,27.448,27.385,27.433,81180,0
20180810,26.937,26.975,26.859,26.927,75661,0
20180813,26.81,26.878,26.781,26.8,107730,0
20180814,26.79,26.966,26.683,26.937,105066,0
20180815,26.498,26.528,26.294,26.411,127428,0
20180816,26.459,26.635,26.459,26.518,131179,0
20180817,26.401,26.605,26.401,26.566,87221,0
20180820,26.8,26.865,26.742,26.742,16858,0
20180821,26.966,26.975,26.878,26.878,57707,0
20180822,26.859,26.937,26.839,26.878,71377,0
20180823,26.888,26.966,26.868,26.917,308574,0
20180824,26.898,26.975,26.859,26.966,53225,0
20180827,27.161,27.307,27.161,27.297,172873,0
20180828,27.346,27.346,27.258,27.282,32275,0
20180829,27.287,27.368,27.271,27.35,216370,0
20180830,27.18,27.27,27.107,27.126,153084,0
20180831,26.995,27.034,26.849,26.927,56844,0
20180904,26.586,26.703,26.548,26.654,128400,0
20180905,26.44,26.44,26.255,26.274,70431,0
20180906,26.216,26.284,26.041,26.153,540070,0
20180907,26.002,26.138,26.002,26.08,96466,0
20180910,26.196,26.226,26.162,26.187,40070,0
20180911,26.031,26.187,26.002,26.187,69824,0
20180912,26.187,26.274,26.13,26.206,24901,0
20180913,26.342,26.391,26.255,26.342,68910,0
20180914,26.411,26.45,26.362,26.43,206571,0
20180917,26.372,26.411,26.265,26.279,55136,0
20180918,26.333,26.547,26.333,26.537,130782,0
20180919,26.518,26.644,26.518,26.605,50251,0
20180920,26.81,26.862,26.763,26.839,29888,0
20180921,26.946,26.985,26.907,26.937,29754,0
20180924,26.82,26.839,26.779,26.8,34441,0
20180925,26.8,26.849,26.752,26.82,20363,0
20180926,26.732,26.859,26.732,26.761,60805,0
20180927,26.878,26.995,26.878,26.907,354138,0
20180928,26.557,26.644,26.508,26.518,316770,0
20181001,26.81,26.859,26.732,26.752,319263,0
20181002,26.605,26.703,26.597,26.649,22490,0
20181003,26.898,26.946,26.8,26.839,261634,0
20181004,26.771,26.781,26.479,26.528,138525,0
20181005,26.323,26.352,26.177,26.255,76570,0
20181008,26.002,26.031,25.836,25.982,137186,0
20181009,25.836,26.033,25.826,25.953,171021,0
20181010,25.709,25.719,25.213,25.281,253200,0
20181011,25.271,25.349,24.755,24.95,341680,0
20181012,25.203,25.203,24.814,25.106,379148,0
20181015,25.076,25.247,25.047,25.184,373468,0
20181016,25.447,25.661,25.437,25.641,167284,0
20181017,25.515,25.602,25.369,25.515,507327,0
20181018,25.427,25.476,25.038,25.125,846753,0
20181019,25.115,25.252,25.115,25.14,405512,0
20181022,25.203,25.203,25.028,25.096,399158,0
20181023,24.541,24.882,24.473,24.794,170631,0
20181024,24.677,24.713,24.103,24.132,394960,0
20181025,24.414,24.804,24.346,24.667,269388,0
20181026,24.424,24.619,24.151,24.448,638917,0
20181029,24.911,24.969,24.366,24.58,833180,0
20181030,24.551,24.804,24.512,24.794,263984,0
20181031,25.028,25.164,25.018,25.018,101634,0
20181101,25.145,25.174,25.018,25.174,167804,0
20181102,25.515,25.602,25.237,25.388,317423,0
20181105,25.3,25.349,25.184,25.232,108327,0
20181106,25.135,25.281,25.135,25.281,157747,0
20181107,25.359,25.534,25.262,25.534,185992,0
20181108,25.3,25.359,25.145,25.184,110164,0
20181109,25.213,25.262,25.138,25.242,69044,0
20181112,24.93,24.95,24.736,24.741,55813,0
20181113,24.853,25.164,24.853,25.008,376134,0
20181114,25.31,25.31,24.911,25.018,445925,0
20181115,24.882,25.101,24.687,25.096,261490,0
20181116,24.706,24.989,24.652,24.921,97260,0
20181119,24.843,24.853,24.495,24.531,122108,0
20181120,24.19,24.317,24.093,24.22,178259,0
20181121,24.434,24.648,24.424,24.59,87643,0
20181123,24.307,24.473,24.307,24.434,24264,0
20181126,24.765,24.882,24.755,24.882,260130,0
20181127,24.775,24.814,24.667,24.804,89874,0
20181128,24.765,25.008,24.697,24.979,156666,0
20181129,24.833,24.872,24.716,24.794,117743,0
20181130,24.599,24.765,24.57,24.765,422628,0
20181203,25.135,25.135,24.999,25.067,30336,0
20181204,24.882,24.921,24.346,24.385,310465,0
20181206,23.752,23.966,23.557,23.947,473964,0
20181207,23.879,23.937,23.411,23.479,403413,0
20181210,23.431,23.526,23.182,23.46,153204,0
20181211,23.772,23.772,23.46,23.625,186899,0
20181212,23.869,23.986,23.869,23.898,384223,0
20181213,23.927,23.989,23.83,23.849,70815,0
20181214,23.772,23.814,23.655,23.655,70733,0
20181217,23.45,23.548,23.285,23.372,115376,0
20181218,23.567,23.645,23.421,23.47,83859,0
20181219,23.548,23.606,23.158,23.27,473002,0
20181220,23.119,23.246,22.876,22.973,351472,0
20181221,23.119,23.246,22.905,22.992,279464,0
20181224,22.72,22.856,22.35,22.35,54240,0
20181226,22.428,23.119,22.369,23.119,365397,0
20181227,22.681,22.885,22.476,22.885,337528,0
20181228,23.1,23.158,22.983,23.08,525816,0
20181231,23.216,23.236,23.061,23.129,191299,0
20190102,22.915,23.207,22.895,23.187,505971,0
20190103,22.934,22.954,22.768,22.807,410213,0
20190104,23.333,23.684,23.333,23.655,160583,0
20190107,23.479,23.616,23.421,23.528,379700,0
20190108,23.898,23.918,23.674,23.757,160306,0
20190109,24.015,24.034,23.859,23.918,61704,0
20190110,23.849,24.054,23.81,24.039,195826,0
20190111,23.801,23.898,23.781,23.869,188305,0
20190114,23.713,23.84,23.707,23.83,214543,0
20190115,23.801,23.918,23.801,23.918,60905,0
20190116,23.888,23.986,23.888,23.971,71916,0
20190117,23.84,24.064,23.84,24.034,104850,0
20190118,24.463,24.648,24.409,24.599,483323,0
20190122,24.258,24.312,24.132,24.171,105283,0
20190123,24.405,24.405,24.2,24.278,92405,0
20190124,24.375,24.512,24.307,24.492,253205,0
20190125,24.833,24.848,24.745,24.755,122012,0
20190128,24.667,24.716,24.619,24.711,35239,0
20190129,24.677,24.784,24.629,24.629,62743,0
20190130,24.599,24.692,24.482,24.658,111789,0
20190131,24.395,24.58,24.327,24.531,74304,0
20190201,24.482,24.57,24.405,24.541,123411,0
20190204,24.424,24.604,24.369,24.599,65227,0
20190205,24.833,24.999,24.833,24.96,278893,0
20190206,24.882,24.901,24.828,24.853,96915,0
20190207,24.414,24.424,24.19,24.22,116271,0
20190208,23.986,24.034,23.849,24.015,67178,0
20190211,24.151,24.185,24.103,24.151,38122,0
20190212,24.385,24.453,24.375,24.414,51352,0
20190213,24.512,24.541,24.453,24.492,53068,0
20190214,24.327,24.434,24.317,24.346,186416,0
20190215,24.736,24.833,24.716,24.828,67177,0
20190219,24.687,24.862,24.687,24.823,255192,0
20190220,24.921,25.096,24.921,25.057,53113,0
20190221,24.989,25.038,24.94,24.979,78038,0
20190222,25.076,25.106,25.008,25.057,45932,0
20190225,25.203,25.242,25.067,25.076,36994,0
20190226,25.174,25.262,25.174,25.208,41713,0
20190227,25.135,25.174,25.047,25.125,1628826,0
20190228,25.086,25.252,25.086,25.223,79826,0
20190301,25.495,25.544,25.437,25.534,59741,0
20190304,25.544,25.573,25.33,25.369,93275,0
20190305,25.447,25.544,25.432,25.515,49661,0
20190306,25.534,25.534,25.398,25.398,119238,0
20190307,25.33,25.349,25.125,25.213,118097,0
20190308,25.018,25.179,25.018,25.174,98900,0
20190311,25.145,25.378,25.145,25.369,26322,0
20190312,25.281,25.3,25.208,25.237,390820,0
20190313,25.242,25.417,25.232,25.349,45460,0
20190314,25.427,25.476,25.398,25.437,271237,0
20190315,25.612,25.661,25.515,25.632,170208,0
20190318,25.593,25.651,25.573,25.617,36360,0
20190319,25.953,25.972,25.797,25.826,113433,0
20190320,25.505,25.632,25.447,25.495,78857,0
20190321,25.242,25.495,25.242,25.495,392902,0
20190322,25.203,25.223,24.921,24.94,512739,0
20190325,24.921,24.989,24.872,24.96,153513,0
20190326,25.14,25.164,25.086,25.135,82665,0
20190327,25.223,25.281,25.023,25.184,199560,0
20190328,25.145,25.193,25.028,25.13,81823,0
20190329,25.271,25.291,25.135,25.262,52395,0
20190401,25.505,25.671,25.495,25.661,40761,0
20190402,25.729,25.865,25.709,25.826,610938,0
20190403,26.08,26.204,26.07,26.157,63951,0
20190404,26.226,26.294,26.187,26.216,91168,0
20190405,26.206,26.265,26.206,26.235,29967,0
20190408,26.167,26.177,26.099,26.119,59046,0
20190409,25.933,25.963,25.885,25.885,52847,0
20190410,26.041,26.089,26.021,26.06,77062,0
20190411,26.119,26.167,26.075,26.128,257710,0
20190412,26.323,26.357,26.294,26.357,227370,0
20190415,26.352,26.381,26.342,26.372,44226,0
20190416,26.576,26.605,26.547,26.547,34969,0
20190417,26.771,26.771,26.683,26.742,250872,0
20190418,26.781,26.898,26.771,26.868,38544,0
20190422,26.781,26.898,26.781,26.844,34088,0
20190423,26.788,26.893,26.788,26.878,141333,0
20190424,26.985,27.024,26.946,26.995,44704,0
20190425,26.927,26.995,26.859,26.975,119281,0
20190426,27.014,27.034,26.966,27.019,71915,0
20190429,27.014,27.112,27.014,27.092,84780,0
20190430,27.034,27.156,26.993,27.131,48656,0
20190501,27.092,27.17,26.985,26.995,48556,0
20190502,27.112,27.17,27.002,27.005,38958,0
20190503,27.199,27.302,27.131,27.297,59840,0
20190506,26.683,27.044,26.683,27.014,261269,0
20190507,26.752,26.781,26.401,26.508,137262,0
20190508,26.635,26.8,26.635,26.742,155081,0
20190509,26.381,26.537,26.235,26.518,87835,0
20190510,26.508,26.713,26.342,26.674,42821,0
20190513,25.943,26.031,25.885,25.895,142185,0
20190514,26.099,26.274,26.089,26.177,18564,0
20190515,26.002,26.489,26.002,26.459,433671,0
20190516,26.605,26.864,26.576,26.79,369971,0
20190517,26.518,26.713,26.518,26.576,144104,0
20190520,26.226,26.304,26.148,26.255,689820,0
20190521,26.459,26.518,26.401,26.498,100314,0
20190522,26.381,26.495,26.381,26.44,67892,0
20190523,26.08,26.089,25.982,26.05,94559,0
20190524,26.206,26.226,26.089,26.157,94036,0
20190528,26.206,26.265,26.05,26.05,43454,0
20190529,25.797,25.826,25.739,25.812,13179,0
20190530,25.856,25.953,25.856,25.943,14059,0
20190531,25.447,25.563,25.447,25.505,29713,0
20190603,25.544,25.671,25.486,25.544,59481,0
20190604,26.011,26.05,25.924,26.041,92896,0
20190605,26.041,26.053,25.919,26.021,53871,0
20190606,25.914,25.982,25.807,25.953,156201,0
20190607,26.021,26.163,26.021,26.06,21720,0
20190610,26.157,26.226,26.128,26.162,74160,0
20190611,26.45,26.479,26.274,26.308,32358,0
20190612,26.235,26.274,26.216,26.226,18648,0
20190613,26.323,26.352,26.304,26.342,12829,0
20190614,26.177,26.216,26.089,26.196,11461,0
20190617,26.119,26.196,26.119,26.157,85565,0
20190618,26.498,26.713,26.498,26.693,63755,0
20190619,26.664,26.732,26.644,26.703,53018,0
20190620,26.917,26.917,26.732,26.829,37569,0
20190621,26.722,26.771,26.605,26.625,75083,0
20190624,26.654,26.654,26.537,26.557,21673,0
20190625,26.586,26.586,26.401,26.401,56396,0
20190626,26.594,26.594,26.511,26.528,7771,0
20190627,26.635,26.664,26.605,26.635,77378,0
20190628,26.8,26.937,26.781,26.927,136151,0
20190701,27.258,27.258,27.131,27.18,52370,0
20190702,27.14,27.21,27.135,27.205,24412,0
20190703,27.3865,27.44,27.38,27.44,2908,0
20190705,27.29,27.349,27.19,27.31,419797,0
20190708,27.2,27.23,27.13,27.17,73664,0
20190709,26.95,27.0937,26.95,27.08,11771,0
20190710,27,27.06,26.88,26.91,271710,0
20190711,26.94,26.95,26.77,26.83,40725,0
20190712,26.83,26.84,26.755,26.8,58240,0
20190715,26.93,26.98,26.89,26.98,177427,0
20190716,26.97,27.06,26.97,27.02,39168,0
20190717,26.98,27,26.78,26.78,519473,0
20190718,26.6,26.65,26.52,26.605,140650,0
20190719,26.62,26.68,26.57,26.59,13923,0
20190722,26.72,26.7369,26.65,26.72,51221,0
20190723,27.12,27.22,27.1,27.205,83101,0
20190724,27.21,27.35,27.21,27.33,63283,0
20190725,27.11,27.11,26.82,26.89,237738,0
20190726,27.02,27.09,27,27.07,35457,0
20190729,27.15,27.15,27.05,27.08,35635,0
20190730,26.5,26.52,26.395,26.44,122417,0
20190731,26.61,26.71,26.36,26.55,270659,0
20190801,26.68,26.84,26.36,26.43,145979,0
20190802,26.26,26.26,26,26.1,136742,0
20190805,25.58,25.6,25.23,25.38,356486,0
20190806,25.57,25.62,25.3,25.46,65827,0
20190807,25.37,25.64,25.31,25.62,326062,0
20190808,25.74,25.91,25.7,25.885,94527,0
20190809,25.7,25.73,25.56,25.66,118889,0
20190812,25.53,25.59,25.365,25.41,138948,0
20190813,25.25,25.8,25.25,25.74,189821,0
20190814,25.12,25.17,25,25.0093,83367,0
20190815,24.84,25.04,24.78,24.91,79365,0
20190816,25.1,25.31,25.1,25.285,137496,0
20190819,25.7,25.7,25.55,25.59,98206,0
20190820,25.54,25.54,25.4,25.41,61106,0
20190821,25.85,25.86,25.8,25.83,36549,0
20190822,25.87,25.91,25.66,25.75,208358,0
20190823,25.7,25.82,25.31,25.31,95011,0
20190826,25.55,25.602,25.45,25.58,118289,0
20190827,25.8,25.8,25.6238,25.69,72019,0
20190828,25.48,25.66,25.39,25.64,118887,0
20190829,25.91,26.005,25.78,25.96,94122,0
20190830,26.27,26.27,26.11,26.22,47054,0
20190903,26.14,26.21,26.02,26.16,70205,0
20190904,26.37,26.4,26.345,26.4,104582,0
20190905,26.6,26.64,26.58,26.605,44455,0
20190906,26.73,26.7564,26.7,26.72,15900,0
20190909,26.87,26.87,26.802,26.85,22965,0
20190910,26.95,27.06,26.91,27,26872,0
20190911,27.12,27.18,27.11,27.17,13049,0
20190912,27.15,27.23,27.04,27.22,114021,0
20190913,27.33,27.35,27.28,27.3,33694,0
20190916,27.13,27.2055,27.13,27.17,69037,0
20190917,27.0479,27.12,27.0479,27.12,14912,0
20190918,27.08,27.19,27.06,27.18,27280,0
20190919,27.16,27.2602,27.16,27.17,22612,0
20190920,27.2,27.25,27.11,27.11,393725,0
20190923,26.87,27.01,26.87,27,82095,0
20190924,26.95,26.95,26.74,26.75,56966,0
20190925,26.61,26.78,26.56,26.77,19045,0
20190926,26.84,26.94,26.8375,26.92,36222,0
20190927,27.04,27.05,26.8943,26.94,31644,0
20190930,27.125,27.1501,27.1,27.13,12761,0
20191001,27.09,27.1,26.75,26.77,98462,0
20191002,26.37,26.38,26.11,26.11,60938,0
20191003,26.1,26.23,25.92,26.23,59464,0
20191004,26.24,26.46,26.21,26.44,21324,0
20191007,26.38,26.52,26.38,26.45,17675,0
20191008,26.15,26.3219,26.1401,26.18,71711,0
20191009,26.46,26.51,26.44,26.48,62505,0
20191010,26.42,26.61,26.4,26.55,66990,0
20191011,27.09,27.37,27.09,27.19,228956,0
20191014,27.18,27.29,27.18,27.26,19914,0
20191015,27.39,27.67,27.39,27.61,41794,0
20191016,27.65,27.74,27.65,27.66,49049,0
20191017,27.82,27.83,27.64,27.7,15525,0
20191018,27.6978,27.73,27.59,27.72,9311,0
20191021,28,28,27.94,28,18212,0
20191022,27.99,28.05,27.885,27.9,70926,0
20191023,27.97,28.11,27.97,28.09,197579,0
20191024,28.21,28.24,28.17,28.24,35211,0
20191025,28.1316,28.24,28.1316,28.23,8886,0
20191028,28.35,28.4,28.35,28.37,12674,0
20191029,28.26,28.3,28.235,28.26,10923,0
20191030,28.21,28.31,28.09,28.31,48658,0
20191031,28.22,28.226,28.13,28.2,43532,0
20191101,28.4,28.43,28.3638,28.405,17356,0
20191104,28.83,28.83,28.76,28.78,13060,0
20191105,28.76,28.83,28.75,28.82,18253,0
20191106,28.85,28.93,28.8,28.86,68638,0
20191107,29.03,29.14,29.02,29.07,80234,0
20191108,28.97,29.02,28.86,29.02,60803,0
20191111,28.9,28.95,28.8939,28.925,17998,0
20191112,28.97,29.05,28.95,28.99,22613,0
20191113,28.84,28.95,28.83,28.95,61749,0
20191114,28.8,28.86,28.76,28.84,51334,0
20191115,28.8348,28.97,28.8348,28.97,61362,0
20191118,28.79,28.92,28.7581,28.8955,45469,0
20191119,29.12,29.13,28.88,28.88,73355,0
20191120,28.83,28.87,28.68,28.75,62166,0
20191121,28.8,28.86,28.7176,28.82,44473,0
20191122,28.87,28.91,28.82,28.9,17781,0
20191125,28.97,29.07,28.97,29.0655,10759,0
20191126,29.03,29.072,29.03,29.0717,8000,0
20191127,29.13,29.175,29.13,29.1701,14730,0
20191129,29.11,29.11,29,29,3429,0
20191202,28.78,28.8184,28.46,28.54,159327,0
20191203,28.48,28.69,28.42,28.6899,53266,0
20191204,28.77,28.92,28.77,28.9138,25130,0
20191205,28.84,28.84,28.68,28.74,43244,0
20191206,28.89,28.9431,28.87,28.92,90368,0
20191209,28.84,28.89,28.71,28.71,65090,0
20191210,28.61,28.74,28.53,28.7068,33127,0
20191211,28.78,28.9,28.78,28.8553,49061,0
20191212,28.82,29.16,28.82,29.115,83287,0
20191213,29.2,29.38,29.17,29.25,56402,0
20191216,29.44,29.52,29.435,29.47,27474,0
20191217,29.28,29.2934,29.2224,29.23,29002,0
20191218,29.18,29.19,29.075,29.075,50736,0
20191219,28.99,29.09,28.97,29.09,13371,0
20191220,29.23,29.285,29.23,29.2501,39737,0
20191223,29.23,29.27,29.23,29.26,52683,0
20191224,29.24,29.26,29.19,29.21,5227,0
20191226,29.26,29.29,29.25,29.2835,2306,0
20191227,29.29,29.295,29.22,29.246,3780,0
20191230,29.15,29.15,28.82,28.8448,8784,0
20191231,28.76,28.9903,28.76,28.9903,12397,0
20200102,29.4,29.59,29.4,29.59,53434,0
20200103,29.1,29.18,29.06,29.07,23197,0
20200106,28.79,29.02,28.79,29.02,8943,0
20200107,29.11,29.16,29.06,29.0836,18222,0
20200108,29.28,29.52,29.28,29.4475,29368,0
20200109,29.66,29.75,29.66,29.7035,29800,0
20200110,29.74,29.7738,29.58,29.58,41125,0
20200113,29.55,29.63,29.51,29.6,65502,0
20200114,29.58,29.68,29.57,29.6431,29663,0
20200115,29.48,29.56,29.48,29.5,80302,0
20200116,29.52,29.64,29.5,29.6286,83195,0
20200117,29.7627,29.79,29.731,29.78,10449,0
20200121,29.8,29.88,29.7866,29.7866,10906,0
20200122,29.85,29.86,29.69,29.7148,24692,0
20200123,29.6,29.6895,29.5,29.68,15120,0
