Date,Open,High,Low,Close,Volume,OpenInt
20120207,47.34,47.488,47.133,47.133,534,0
20120208,46.852,46.999,46.685,46.685,1284,0
20120209,47.114,47.191,46.759,46.759,1177,0
20120210,46.496,46.496,45.898,46.271,1498,0
20120213,46.16,46.348,46.12,46.12,2003,0
20120214,45.728,46.328,45.242,45.281,643,0
20120215,45.99,45.99,45.841,45.841,881,0
20120216,46.442,46.645,46.348,46.348,908,0
20120217,46.271,46.383,45.841,45.841,2303,0
20120221,46.199,47.038,46.199,47.038,268,0
20120222,47.209,47.34,47.209,47.34,268,0
20120223,48.275,49.118,48.275,48.577,1763,0
20120224,48.126,48.201,47.527,47.712,1854,0
20120227,47.694,47.694,47.301,47.301,801,0
20120228,47.468,48.424,47.468,47.86,477823,0
20120229,48.443,48.443,46.01,46.01,5344,0
20120301,46.852,46.981,46.645,46.645,5879,0
20120302,46.458,47.301,45.748,46.064,963,0
20120305,46.216,46.216,44.906,44.906,736,0
20120306,43.692,43.692,43.109,43.424,1185,0
20120307,43.748,43.93,43.748,43.93,430,0
20120308,44.495,45.151,44.253,44.608,1388,0
20120309,44.647,45.001,44.458,44.458,1444,0
20120312,44.887,44.887,44.253,44.305,1096,0
20120313,44.197,44.305,43.298,43.298,7502,0
20120314,42.773,43.408,41.879,41.879,349,0
20120315,42.754,42.754,42.212,42.212,539,0
20120316,42.326,42.326,42.326,42.326,67,0
20120319,42.192,42.384,41.879,41.896,1329,0
20120320,40.958,41.595,40.678,41.595,899,0
20120321,41.688,41.688,41.688,41.688,1123,0
20120322,40.752,41.202,40.734,41.031,722,0
20120326,42.061,42.476,42.061,42.476,561,0
20120327,42.402,42.527,42.044,42.044,3902,0
20120328,41.466,41.466,41.164,41.296,349,0
20120329,40.866,40.884,40.697,40.884,3282,0
20120330,41.182,41.182,41.182,41.182,372,0
20120402,41.707,42.66,41.613,42.346,2702,0
20120403,41.257,41.257,40.752,40.752,534,0
20120404,39.909,39.909,39.125,39.125,107,0
20120405,39.125,39.442,38.716,39.125,2602,0
20120409,39.292,39.537,39.105,39.163,6986,0
20120410,38.846,39.518,38.846,39.499,1706,0
20120411,39.256,39.256,39.163,39.221,2893,0
20120412,39.573,40.435,39.573,40.435,3261,0
20120413,40.023,40.153,39.909,39.909,854,0
20120416,39.909,39.909,39.292,39.292,1569,0
20120417,40.211,40.211,39.553,39.553,9303,0
20120418,39.384,39.384,39.221,39.221,534,0
20120419,39.481,39.816,39.202,39.221,937,0
20120420,39.221,39.221,39.011,39.011,1070,0
20120423,39.125,39.125,37.422,38.113,10981,0
20120424,38.303,38.303,37.665,37.78,3907,0
20120425,38.584,39.011,38.059,39.011,6669,0
20120426,38.976,38.995,38.771,38.807,2673,0
20120427,39.349,39.741,38.826,39.332,2542,0
20120430,39.332,39.332,38.733,39.105,12867,0
20120501,39.105,39.236,38.901,39.221,3175,0
20120502,38.17,38.584,38.17,38.506,6530,0
20120503,37.74,37.74,36.598,36.86,25402,0
20120504,37.232,37.29,36.82,36.82,1727,0
20120507,36.82,36.82,36.672,36.802,944,0
20120508,36.802,36.802,34.784,34.877,6159,0
20120509,34.99,35.798,34.99,35.177,2223,0
20120510,35.494,35.494,35.494,35.494,130,0
20120511,35.665,35.832,35.141,35.141,9257,0
20120514,35.141,35.141,34.072,34.072,3590,0
20120515,34.054,34.054,33.25,33.25,3475,0
20120516,33.416,34.917,32.746,33.173,53604,0
20120517,33.679,34.858,33.642,34.56,204796,0
20120518,35.494,35.626,34.838,34.838,2764,0
20120521,35.364,35.814,35.009,35.533,16827,0
20120522,35.552,36.204,34.8,34.8,21374,0
20120523,35.364,36.279,35.364,36.279,1466,0
20120524,37.03,37.03,36.189,36.334,4491,0
20120525,37.158,37.158,36.488,36.937,6207,0
20120529,38.003,38.003,36.279,36.655,4800,0
20120530,36.672,36.672,35.344,36.334,5872,0
20120531,38.564,38.564,35.798,36.058,1150,0
20120601,37.422,39.778,37.422,38.506,2376,0
20120604,38.676,38.676,37.477,38.003,1349,0
20120605,38.716,38.863,38.584,38.846,1815,0
20120606,39.741,39.816,38.637,39.087,4597,0
20120607,39.105,39.105,37.814,37.851,16687,0
20120608,37.908,37.908,37.76,37.76,226,0
20120611,37.888,37.888,37.517,37.517,1797,0
20120612,37.684,38.151,37.684,38.151,696,0
20120613,38.657,38.657,38.151,38.151,566,0
20120614,38.733,38.733,37.175,38.208,2551,0
20120615,38.377,38.377,38.078,38.341,4474,0
20120618,38.265,38.921,38.151,38.846,1552,0
20120619,39.909,39.909,38.826,39.011,3572,0
20120620,39.011,39.723,38.265,38.453,6191,0
20120621,36.727,36.879,36.578,36.578,521,0
20120622,36.334,36.334,35.851,35.851,891,0
20120625,35.928,36.524,35.928,36.524,2124,0
20120626,35.606,35.851,35.606,35.832,1095,0
20120627,35.832,36,35.514,35.908,5998,0
20120628,35.082,35.292,34.293,34.293,3382,0
20120629,35.552,36.151,35.552,36.151,3272,0
20120702,36.297,36.709,35.981,36.262,3228,0
20120703,37.252,37.366,37.048,37.366,322,0
20120705,37.422,37.684,37.195,37.232,2017,0
20120706,37.212,37.212,35.962,35.962,1123,0
20120709,35.962,35.962,35.683,35.778,6531,0
20120710,36.039,36.039,35.514,35.683,1085,0
20120711,34.617,34.617,33.737,34.224,3339,0
20120712,32.93,33.511,32.93,33.511,4097,0
20120713,33.96,34.39,33.96,34.39,2396,0
20120716,34.409,34.409,34.054,34.072,2673,0
20120717,33.96,33.96,33.23,33.642,1977,0
20120718,33.586,33.679,33.045,33.659,2963,0
20120719,34.018,34.018,33.396,33.396,5422,0
20120720,33.827,33.827,33.586,33.79,1711,0
20120723,33.173,33.173,32.69,32.858,3098,0
20120724,32.746,33.081,32.557,32.557,2641,0
20120725,33.528,33.94,33.528,33.94,1444,0
20120726,33.96,34.466,33.96,34.466,2199,0
20120727,34.427,34.917,34.427,34.897,4010,0
20120730,35.177,35.326,34.8,34.8,3595,0
20120731,35.046,35.292,34.99,35.082,1297,0
20120801,34.617,34.617,33.379,34.166,1180,0
20120802,34.054,34.617,33.921,33.921,4864,0
20120803,34.018,34.818,34.018,34.617,2741,0
20120806,35.253,35.665,35.253,35.494,23286,0
20120807,35.474,35.626,35.438,35.438,3404,0
20120808,36.073,36.243,35.438,35.888,6834,0
20120809,35.552,36.315,35.552,36.131,1844,0
20120810,36.224,36.488,36.224,36.488,4935,0
20120813,36.488,36.745,35.683,35.851,4623,0
20120814,35.832,36.058,35.589,35.626,2345,0
20120815,35.456,35.738,35.177,35.738,978,0
20120816,36.56,36.84,35.981,36.802,1763,0
20120817,36.578,36.578,36.315,36.315,928,0
20120820,36.297,36.297,36.297,36.297,1164,0
20120821,36.993,37.983,36.993,37.536,6071,0
20120822,37.645,37.645,37.212,37.212,1293,0
20120823,37.928,38.584,37.928,38.17,3295,0
20120824,38.078,38.544,37.871,38.208,2055,0
20120827,38.078,38.245,37.591,37.607,2634,0
20120828,37.607,37.833,37.422,37.74,7253,0
20120829,37.796,37.796,37.142,37.142,1656,0
20120830,37.124,37.124,36.879,36.879,2053,0
20120831,36.617,37.888,36.617,37.888,1737,0
20120904,37.458,37.607,37.422,37.422,3414,0
20120905,37.607,37.78,37.366,37.74,2753,0
20120906,38.453,38.826,38.433,38.771,2321,0
20120907,39.987,39.987,39.741,39.89,5947,0
20120910,40.06,40.06,39.518,39.518,3475,0
20120911,39.537,39.871,39.518,39.76,2200,0
20120912,40.041,40.041,38.941,39.125,2166,0
20120913,39.422,41.5,39.163,41.5,6048,0
20120914,41.707,43.224,41.707,42.791,64499,0
20120917,43.463,43.463,42.384,42.716,10744,0
20120918,43.109,43.109,42.476,42.696,3044,0
20120919,42.098,43.673,42.098,43.463,6356,0
20120920,43.408,43.443,42.68,43.334,2695,0
20120921,43.282,43.443,43.282,43.443,937,0
20120924,43.09,43.09,41.97,41.97,4533,0
20120925,42.68,42.68,41.389,41.389,3679,0
20120926,41.484,41.484,40.547,41.315,5615,0
20120927,41.78,42.584,41.78,42.584,1242,0
20120928,42.623,42.849,42.025,42.527,1122,0
20121001,42.623,43.262,42.623,42.68,6603,0
20121002,42.849,42.849,42.346,42.42,6881,0
20121003,42.696,42.696,42.009,42.009,1101,0
20121004,42.384,42.941,42.384,42.754,3726,0
20121005,42.941,43.071,42.212,42.212,3091,0
20121008,41.953,42.623,41.953,41.99,86882,0
20121009,42.476,42.476,37.422,41.516,9310,0
20121010,41.222,41.536,41.127,41.409,13473,0
20121011,41.707,41.97,41.516,41.595,1970,0
20121012,41.277,41.334,40.977,41.012,3985,0
20121015,41.257,41.257,40.264,40.77,8282,0
20121016,41.536,41.575,41.428,41.484,3513,0
20121017,41.315,42.025,41.296,41.99,8901,0
20121018,41.353,41.353,41.353,41.353,241,0
20121019,40.79,40.848,40.32,40.697,6896,0
20121022,39.367,41.164,39.367,40.866,3735,0
20121023,40.023,40.153,39.909,40.041,4912,0
20121024,40.435,40.435,39.723,39.833,7555,0
20121025,40.658,40.752,40.34,40.396,5538,0
20121026,40.752,40.752,40.079,40.079,1018,0
20121031,40.416,41.334,38.433,40.958,1573,0
20121101,40.716,40.716,40.565,40.602,4726,0
20121102,39.593,39.593,38.976,39.312,1847,0
20121105,39.05,39.292,38.733,38.921,18271,0
20121106,39.202,39.593,39.087,39.593,10721,0
20121107,39.853,39.948,38.921,39.871,5052,0
20121108,40.041,40.492,39.948,40.492,1757,0
20121109,40.547,40.547,39.987,40.005,5165,0
20121112,39.666,39.666,39.236,39.236,15567,0
20121113,39.011,39.105,38.637,38.637,970,0
20121114,38.095,38.095,37.124,37.124,10414,0
20121115,37.048,37.048,36.279,36.297,2446,0
20121116,36.073,36.84,36.073,36.84,1016,0
20121119,37.327,37.964,36.578,37.684,4160,0
20121120,37.796,37.796,37.252,37.386,9572,0
20121121,38.022,38.022,37.665,37.908,710,0
20121123,38.453,38.525,38.453,38.525,1414,0
20121126,38.245,38.341,37.964,38.341,2024,0
20121127,38.17,38.17,37.536,37.536,2273,0
20121128,36.84,37.74,36.204,37.684,27325,0
20121129,37.78,38.377,37.721,37.983,11792,0
20121130,37.665,37.665,37.142,37.441,3182,0
20121203,37.175,37.346,36.488,36.506,7401,0
20121204,36.334,36.506,36.297,36.506,1800,0
20121205,36.86,36.86,35.589,35.589,7807,0
20121206,35.798,35.962,35.552,35.832,14574,0
20121207,35.533,36.171,35.533,35.814,6743,0
20121210,36.802,36.802,36.204,36.506,43549,0
20121211,36.598,36.598,36.279,36.354,15629,0
20121212,36.131,37.871,36.131,36.937,10102,0
20121213,36.488,36.488,35.665,35.869,538653,0
20121214,35.814,36.297,35.814,36.112,7774,0
20121217,36.392,36.392,35.962,36.354,14774,0
20121218,36.692,36.692,35.364,35.494,17448,0
20121219,35.646,35.738,35.253,35.326,8778,0
20121220,35.215,35.215,34.351,34.99,17520,0
20121221,34.784,35.272,34.784,34.933,6382,0
20121224,35.552,35.552,35.063,35.063,2562,0
20121226,35.122,35.177,34.951,35.177,1872,0
20121227,35.326,35.798,35.141,35.494,7904,0
20121228,35.456,35.606,35.082,35.102,7080,0
20121231,35.552,36.224,35.046,36.093,22835,0
20130102,37.29,37.477,36.672,37.012,22797,0
20130103,36.672,36.898,35.758,35.758,12195,0
20130104,35.57,35.665,35.159,35.665,6867,0
20130107,35.102,35.438,35.082,35.082,7519,0
20130108,35.42,35.42,34.726,35.141,23338,0
20130109,34.897,34.99,34.818,34.917,2165,0
20130110,35.606,35.942,35.533,35.683,11956,0
20130111,35.606,35.606,35.474,35.474,2668,0
20130114,35.908,35.962,35.646,35.719,5223,0
20130115,35.758,35.981,35.606,35.981,2032,0
20130116,35.589,35.908,35.589,35.869,5247,0
20130117,35.888,35.888,35.589,35.702,5654,0
20130118,36.112,36.112,35.552,35.626,8181,0
20130122,35.981,36.204,35.589,36.204,9791,0
20130123,36.073,36.073,35.456,35.57,4597,0
20130124,35.364,35.364,34.726,34.784,3925,0
20130125,34.617,34.617,33.847,34.018,11661,0
20130128,34.11,34.11,33.396,33.511,21910,0
20130129,33.866,33.98,33.511,33.737,6001,0
20130130,34.092,34.11,33.586,33.586,30442,0
20130131,33.492,33.492,33.269,33.379,2617,0
20130201,33.603,33.79,33.586,33.775,13557,0
20130204,33.737,33.98,33.568,33.827,5785,0
20130205,33.98,33.98,33.642,33.679,5739,0
20130206,33.492,33.737,33.492,33.699,2075,0
20130207,33.659,33.775,33.603,33.699,1534,0
20130208,33.866,33.921,33.79,33.808,1304,0
20130211,33.885,33.885,32.987,33.1,8567,0
20130212,33.192,33.192,32.839,33.153,2966,0
20130213,33.396,33.396,32.746,32.746,35773,0
20130214,33.081,33.138,32.858,32.987,2931,0
20130215,32.332,32.557,31.623,31.811,9195,0
20130219,31.696,31.696,31.113,31.246,9255,0
20130220,30.927,31.041,29.938,29.938,9271,0
20130221,30.162,30.368,29.731,30.048,9604,0
20130222,30.086,30.236,30.031,30.066,3202,0
20130225,30.44,30.838,30.387,30.799,3885,0
20130226,30.609,31.06,30.609,30.927,3402,0
20130227,30.873,30.873,30.573,30.573,1692,0
20130228,30.52,30.52,30.05,30.05,4469,0
20130301,29.567,29.806,29.567,29.751,670,0
20130304,29.471,29.471,28.948,29.021,4103,0
20130305,29.171,29.262,28.948,28.948,771,0
20130306,28.72,29.677,28.72,29.677,1769,0
20130307,29.806,29.806,29.489,29.489,3231,0
20130308,29.471,29.882,29.021,29.567,33923,0
20130311,29.584,29.697,29.453,29.658,45320,0
20130312,30.102,30.255,29.938,30.122,2277,0
20130313,29.862,29.862,29.489,29.567,9244,0
20130314,29.619,29.882,29.375,29.77,6246,0
20130315,29.975,30.011,29.77,29.862,8612,0
20130318,30.102,30.554,30.086,30.086,14295,0
20130319,30.086,30.368,29.992,30.102,66743,0
20130320,30.179,30.333,29.938,30.086,9688,0
20130321,30.314,30.686,30.122,30.592,7511,0
20130322,30.592,30.724,30.534,30.592,3335,0
20130325,30.706,30.706,30.048,30.162,30262,0
20130326,30.031,30.031,29.806,29.992,8718,0
20130327,29.938,30.387,29.938,30.368,11801,0
20130328,30.275,30.275,29.938,30.011,6781,0
20130401,30.314,30.314,29.751,29.826,19866,0
20130402,29.34,29.826,28.628,28.628,23474,0
20130403,28.851,28.851,27.282,27.356,22814,0
20130404,27.149,27.881,27.129,27.709,5823,0
20130405,28.179,28.293,27.729,27.917,8099,0
20130408,27.937,27.97,27.524,27.616,5470,0
20130409,27.881,28.739,27.881,28.666,6654,0
20130410,28.61,28.61,27.616,27.633,11755,0
20130411,27.788,27.788,27.336,27.356,7658,0
20130412,27.318,28.046,25.746,25.821,83117,0
20130415,24.301,24.301,23.014,23.109,126756,0
20130416,24.024,24.175,23.033,23.109,67761,0
20130417,22.92,23.335,22.003,22.003,67987,0
20130418,22.191,22.583,21.969,22.38,210277,0
20130419,22.736,23.033,22.342,22.66,24705,0
20130422,23.128,23.335,22.829,23.109,23776,0
20130423,22.829,23.109,22.362,22.527,119895,0
20130424,22.753,23.834,22.753,23.761,37616,0
20130425,24.139,24.626,23.968,24.083,77825,0
20130426,24.265,24.265,23.353,23.444,48338,0
20130429,23.988,23.988,23.635,23.651,21744,0
20130430,23.668,23.74,22.895,23.74,29295,0
20130501,23.128,24.101,22.791,23.145,54765,0
20130502,23.464,23.464,23.109,23.296,9903,0
20130503,23.296,23.688,23.184,23.296,30543,0
20130506,23.464,23.909,23.277,23.353,9812,0
20130507,23.089,23.089,22.716,22.905,18637,0
20130508,23.258,24.121,23.204,24.101,17658,0
20130509,23.742,24.567,23.688,23.799,31979,0
20130510,23.315,23.599,22.92,23.599,79851,0
20130513,23.52,23.52,22.997,22.997,24556,0
20130514,22.905,23.242,22.716,22.868,32720,0
20130515,22.602,22.602,21.742,21.78,73610,0
20130516,21.628,21.988,21.235,21.725,48844,0
20130517,21.575,22.23,20.767,20.826,79404,0
20130520,20.767,22.077,20.692,22.077,86327,0
20130521,21.499,21.666,21.142,21.366,34967,0
20130522,21.705,22.362,21.424,21.518,32523,0
20130523,22.038,22.21,21.628,21.761,224739,0
20130524,21.725,21.911,21.349,21.518,46202,0
20130528,21.424,21.855,21.217,21.292,32014,0
20130529,21.607,22.099,21.437,22.099,33015,0
20130530,22.419,23.369,22.419,23.296,39033,0
20130531,23.026,23.101,22.569,22.929,33135,0
20130603,23.184,23.874,23.184,23.635,27413,0
20130604,23.043,23.329,23.006,23.196,16460,0
20130605,23.272,23.631,23.12,23.272,24192,0
20130606,23.063,23.668,23.063,23.44,23229,0
20130607,22.957,22.957,22.342,22.435,42169,0
20130610,22.419,22.622,22.003,22.452,13982,0
20130611,21.969,22.136,21.456,21.456,29457,0
20130612,21.575,22.172,21.575,21.799,34441,0
20130613,21.725,22.003,21.555,21.988,10633,0
20130614,22.079,22.308,21.626,21.626,24395,0
20130617,21.685,21.761,21.593,21.705,8333,0
20130618,21.456,21.456,21.08,21.117,12294,0
20130619,21.142,21.272,20.487,20.487,35939,0
20130620,19.331,19.456,18.599,18.806,150843,0
20130621,19,19.096,18.509,19.038,52918,0
20130624,18.794,18.794,17.981,18.171,58558,0
20130625,18.264,18.36,17.962,18.151,34003,0
20130626,17.452,17.509,17.151,17.187,45704,0
20130627,17.528,17.643,17.264,17.47,79729,0
20130628,17.434,18.944,17.416,18.889,62051,0
20130701,19.057,19.269,18.718,18.926,66746,0
20130702,18.944,19.018,18.058,18.284,38476,0
20130703,18.456,18.643,18.378,18.489,5223,0
20130705,17.793,17.829,17.584,17.793,43459,0
20130708,17.981,18.058,17.699,17.736,24183,0
20130709,17.867,18.131,17.736,17.793,26561,0
20130710,17.793,18.096,17.68,17.848,15660,0
20130711,18.528,19.269,18.528,19.211,29885,0
20130712,19.173,19.173,18.831,18.831,20529,0
20130715,19.018,19.018,18.794,18.944,12891,0
20130716,18.983,19.759,18.983,19.759,56310,0
20130717,19.833,20.022,19.192,19.359,64064,0
20130718,19.548,19.548,19.173,19.173,40688,0
20130719,19.379,19.927,19.359,19.927,31101,0
20130722,20.626,21.42,20.626,21.174,39946,0
20130723,21.362,21.93,21.043,21.93,41130,0
20130724,21.798,21.798,20.493,20.853,46703,0
20130725,20.834,21.229,20.834,21.023,14671,0
20130726,20.87,21.248,20.626,21.098,23200,0
20130729,21.117,21.267,20.984,21.136,7787,0
20130730,21.248,21.248,20.756,20.834,20337,0
20130731,20.775,21.023,20.137,20.606,107833,0
20130801,20.795,20.795,20.157,20.177,31395,0
20130802,20.078,20.379,19.739,19.796,30337,0
20130805,19.891,20.022,19.666,19.722,9009,0
20130806,19.453,19.453,18.587,18.587,29425,0
20130807,18.528,18.755,18.417,18.417,109109,0
20130808,18.587,19.927,18.587,19.853,37900,0
20130809,19.666,20.438,19.453,20.177,44103,0
20130812,20.719,21.437,20.719,21.437,46682,0
20130813,21.456,21.456,20.89,20.965,22016,0
20130814,20.87,22.024,20.87,21.813,33606,0
20130815,21.723,22.929,21.607,22.781,45297,0
20130816,23.159,23.536,22.569,22.668,61689,0
20130819,22.818,22.818,22.346,22.441,23153,0
20130820,22.441,23.176,22.441,23.043,65178,0
20130821,23.006,23.006,22.271,22.271,39231,0
20130822,22.423,22.801,22.308,22.423,13911,0
20130823,22.473,23.215,22.458,23.082,72855,0
20130826,23.44,23.612,23.101,23.363,47643,0
20130827,23.799,24.026,22.551,22.589,102498,0
20130828,22.781,23.159,22.04,22.193,43585,0
20130829,22.099,22.473,21.571,22.04,62013,0
20130830,21.778,22.232,21.742,22.06,53183,0
20130903,22.366,22.366,22.136,22.155,13859,0
20130904,21.778,22.252,21.778,22.232,29212,0
20130905,22.119,22.119,21.4,21.571,12044,0
20130906,21.853,22.04,21.761,21.911,15118,0
20130909,21.798,22.024,21.703,21.872,14700,0
20130910,21.437,21.437,20.795,20.965,62020,0
20130911,21.062,21.117,20.663,21.098,19448,0
20130912,20.326,20.398,19.891,19.945,23542,0
20130913,19.833,20.23,19.796,20.211,36800,0
20130916,20.23,20.438,20.04,20.059,27894,0
20130917,20.248,20.326,20.002,20.326,6452,0
20130918,20.177,22.193,19.983,22.099,35085,0
20130919,22.155,22.193,21.117,21.343,75805,0
20130920,21.174,21.174,19.963,20.098,259191,0
20130923,19.963,20.473,19.759,19.853,26603,0
20130924,19.853,20.157,19.647,19.927,84057,0
20130925,20.137,20.606,20.118,20.418,19855,0
20130926,20.438,20.438,19.871,19.983,19177,0
20130927,20.157,20.473,19.963,20.078,25006,0
20130930,19.833,20.248,19.778,20.022,15672,0
20131001,19.568,19.683,19.325,19.492,79223,0
20131002,19.759,20.022,19.529,19.588,55700,0
20131003,19.588,19.833,19.343,19.343,19969,0
20131004,19.472,19.548,19.306,19.397,24595,0
20131007,19.529,19.739,19.472,19.666,14048,0
20131008,19.759,19.813,19.077,19.116,8368,0
20131009,18.926,19.269,18.625,19.116,67596,0
20131010,19.038,19.286,18.926,18.944,14871,0
20131011,18.736,18.736,18.47,18.607,49717,0
20131014,18.794,18.794,18.47,18.643,27006,0
20131015,18.489,18.983,18.456,18.926,26790,0
20131016,18.926,19,18.643,18.755,25384,0
20131017,19.343,19.909,19.343,19.627,30548,0
20131018,19.739,19.853,19.511,19.568,21237,0
20131021,19.588,19.963,19.588,19.945,12959,0
20131022,20.267,20.928,20.267,20.89,53035,0
20131023,20.795,20.89,20.267,20.326,13725,0
20131024,20.683,21.062,20.683,20.909,27277,0
20131025,20.909,21.229,20.756,21.174,38805,0
20131028,21.306,21.533,20.909,21.42,22120,0
20131029,21.326,21.326,20.756,20.834,26798,0
20131030,20.965,21.192,20.344,21.043,35504,0
20131031,20.775,20.775,20.267,20.267,25909,0
20131101,20.022,20.022,19.416,19.472,52388,0
20131104,19.683,20.002,19.666,20.002,43245,0
20131105,20.137,20.137,19.627,19.813,44083,0
20131106,20.098,20.118,19.983,20.059,20833,0
20131107,19.871,20.022,19.607,19.607,8246,0
20131108,19.453,19.511,19.018,19.511,74342,0
20131111,19.359,19.548,19.192,19.472,18440,0
20131112,19.397,19.529,19.096,19.211,13694,0
20131113,19.453,19.453,19.135,19.306,15637,0
20131114,19.472,19.739,19.472,19.722,17516,0
20131115,19.891,19.891,19.511,19.511,26262,0
20131118,19.359,19.359,19.038,19.057,35011,0
20131119,19.057,19.23,18.983,19.135,45105,0
20131120,19,19.018,18.321,18.47,66442,0
20131121,18.341,18.341,17.906,18.115,115304,0
20131122,18.131,18.36,17.925,17.945,41213,0
20131125,17.793,18,17.38,17.793,53438,0
20131126,17.717,17.717,17.434,17.509,16436,0
20131127,17.603,17.867,17.416,17.509,28704,0
20131129,17.848,17.962,17.755,17.775,20235,0
20131202,17.49,17.775,16.848,16.999,78423,0
20131203,16.848,16.868,16.546,16.546,72366,0
20131204,16.641,17.111,16.471,16.964,61734,0
20131205,16.754,16.83,16.527,16.583,71987,0
20131206,16.772,16.868,16.527,16.566,147463,0
20131209,16.641,16.944,16.641,16.906,27731,0
20131210,17.321,17.812,17.321,17.623,124350,0
20131211,17.829,17.829,17.054,17.054,39284,0
20131212,16.659,16.944,16.546,16.888,75389,0
20131213,16.999,17.264,16.944,17.054,78636,0
20131216,17.245,17.36,17.019,17.187,58307,0
20131217,16.906,17.111,16.83,17.054,92424,0
20131218,17.225,17.452,16.827,16.904,48865,0
20131219,16.827,16.845,16.466,16.598,96373,0
20131220,16.618,16.807,16.541,16.674,151994,0
20131223,16.522,16.674,16.522,16.578,53014,0
20131224,16.769,17.168,16.694,17.168,43026,0
20131226,17.34,17.379,17.035,17.168,34986,0
20131227,17.11,17.301,17.11,17.263,103150,0
20131230,17.11,17.529,16.904,16.922,41282,0
20131231,16.807,17.32,16.73,17.301,82681,0
20140102,17.757,18.043,17.738,17.909,57268,0
20140103,18.101,18.118,17.85,17.85,51104,0
20140106,18.135,18.175,17.928,17.948,61346,0
20140107,17.89,17.89,17.624,17.87,28492,0
20140108,17.718,17.718,17.529,17.585,18987,0
20140109,17.644,17.644,17.32,17.379,40987,0
20140110,17.585,17.965,17.585,17.909,54056,0
20140113,17.984,18.327,17.85,18.327,38503,0
20140114,18.327,18.458,17.984,18.062,42314,0
20140115,17.965,18.212,17.815,18.081,45193,0
20140116,18.288,18.366,18.193,18.288,20750,0
20140117,18.423,18.99,18.423,18.952,65806,0
20140121,18.971,19.316,18.707,19.259,53254,0
20140122,19.259,19.259,18.707,18.707,32974,0
20140123,19.183,19.54,19.163,19.296,102443,0
20140124,19.716,19.733,18.897,19.22,93870,0
20140127,19.125,19.125,18.613,18.613,20996,0
20140128,18.897,19.008,18.613,18.971,23807,0
20140129,19.201,19.464,18.915,19.446,81995,0
20140130,18.99,19.144,18.726,19.028,23143,0
20140131,19.163,19.201,18.763,18.934,26455,0
20140203,18.915,19.353,18.897,18.897,66463,0
20140204,18.897,19.106,18.839,19.048,17210,0
20140205,19.353,19.353,18.839,18.839,12509,0
20140206,18.897,18.971,18.707,18.783,22182,0
20140207,18.99,19.426,18.99,19.316,45620,0
20140210,19.733,20.303,19.716,20.016,44730,0
20140211,20.303,20.775,20.246,20.681,53884,0
20140212,20.756,20.756,20.056,20.114,29418,0
20140213,20.094,20.89,20.094,20.853,28482,0
20140214,21.156,21.46,21.062,21.269,48872,0
20140218,21.575,21.575,21.119,21.402,71646,0
20140219,21.345,21.345,20.661,20.736,60233,0
20140220,20.965,21.537,20.89,21.422,23481,0
20140221,21.518,21.687,21.211,21.422,28114,0
20140224,21.819,21.819,21.575,21.611,33479,0
20140225,21.575,21.707,21.328,21.345,32981,0
20140226,21.328,21.328,20.89,21.003,20990,0
20140227,20.984,21.402,20.965,21.062,15143,0
20140228,21.1,21.328,20.736,20.853,36970,0
20140303,21.575,21.707,21.269,21.308,31372,0
20140304,20.853,21.25,20.795,21.156,24448,0
20140305,21.192,21.364,21.082,21.345,9110,0
20140306,21.555,21.765,21.479,21.687,33383,0
20140307,21.479,21.479,21.043,21.269,45942,0
20140310,21.308,21.441,20.984,21.003,23686,0
20140311,21.156,21.668,21.023,21.138,154268,0
20140312,21.649,21.727,21.402,21.727,28001,0
20140313,21.727,22.26,21.668,22.2,52224,0
20140314,22.429,22.599,22.143,22.316,59368,0
20140317,22.413,22.448,21.784,21.784,56813,0
20140318,21.537,21.687,21.345,21.518,23577,0
20140319,21.364,21.402,20.718,20.718,43683,0
20140320,20.624,20.909,20.19,20.642,36347,0
20140321,20.87,21.043,20.455,20.661,67292,0
20140324,20.396,20.471,19.807,19.827,37425,0
20140325,19.923,20.114,19.827,19.996,11742,0
20140326,20.036,20.036,19.106,19.106,49760,0
20140327,18.99,19.335,18.99,19.259,21227,0
20140328,19.183,19.716,19.183,19.639,20186,0
20140331,19.464,19.639,19.183,19.183,15152,0
20140401,19.276,19.316,19.125,19.201,9252,0
20140402,19.54,19.79,19.54,19.753,16648,0
20140403,19.56,19.56,19.276,19.408,12247,0
20140404,19.923,19.977,19.677,19.677,14179,0
20140407,19.677,19.923,19.619,19.696,17873,0
20140408,20.207,20.207,19.959,20.19,12537,0
20140409,20.133,20.396,19.996,20.283,30994,0
20140410,20.55,20.55,19.977,20.056,15765,0
20140411,19.977,20.133,19.716,19.773,9310,0
20140414,20.173,20.19,19.903,20.056,11332,0
20140415,19.446,19.58,19.22,19.464,27047,0
20140416,19.504,19.56,19.276,19.39,15630,0
20140417,19.464,19.504,19.125,19.24,25566,0
20140421,19.201,19.484,18.99,19.048,28352,0
20140422,18.99,19.353,18.99,19.276,14585,0
20140423,19.335,19.79,19.24,19.696,34085,0
20140424,19.54,19.827,19.353,19.464,16450,0
20140425,19.773,19.807,19.58,19.733,10668,0
20140428,19.658,19.677,19.484,19.599,15234,0
20140429,19.619,19.79,19.521,19.696,21449,0
20140430,19.56,19.696,19.484,19.521,21332,0
20140501,19.408,19.521,19.335,19.371,17805,0
20140502,19.371,19.658,19.335,19.599,10471,0
20140505,19.865,19.865,19.696,19.79,17074,0
20140506,19.847,19.847,19.696,19.753,15637,0
20140507,19.733,19.753,19.276,19.371,29483,0
20140508,19.353,19.464,19.24,19.316,22785,0
20140509,19.371,19.371,19.183,19.296,5161,0
20140512,19.296,19.599,19.296,19.408,11506,0
20140513,19.259,19.58,19.259,19.371,31598,0
20140514,19.599,19.696,19.504,19.639,9483,0
20140515,19.484,19.521,19.183,19.201,18883,0
20140516,19.106,19.144,19.028,19.048,9393,0
20140519,19.371,19.371,19.028,19.028,10111,0
20140520,19.008,19.144,18.897,19.008,23014,0
20140521,18.897,19.106,18.897,19.106,8233,0
20140522,19.24,19.24,18.99,19.028,7340,0
20140523,19.028,19.106,18.915,18.934,22409,0
20140527,18.821,18.821,18.23,18.268,67430,0
20140528,18.268,18.268,17.85,17.928,186211,0
20140529,17.928,18.212,17.928,18.023,18791,0
20140530,18.043,18.23,17.85,18.212,46316,0
20140602,18.155,18.23,18.023,18.118,182171,0
20140603,18.043,18.23,17.89,18.118,32536,0
20140604,18.118,18.23,18.043,18.118,17288,0
20140605,18.081,18.423,18.062,18.327,18795,0
20140606,18.212,18.443,18.101,18.327,26242,0
20140609,18.443,18.443,18.268,18.366,51997,0
20140610,18.249,18.744,18.249,18.669,39915,0
20140611,18.783,18.99,18.744,18.971,26484,0
20140612,19.296,19.446,19.067,19.426,43714,0
20140613,19.183,19.521,19.048,19.464,37120,0
20140616,19.464,19.521,19.408,19.426,23176,0
20140617,19.316,19.54,19.087,19.504,16187,0
20140618,19.464,19.903,19.464,19.885,19397,0
20140619,20.153,20.89,20.153,20.89,51417,0
20140620,20.795,20.965,20.53,20.736,27764,0
20140623,20.511,21.082,20.511,21.003,29720,0
20140624,21.192,21.231,20.491,20.511,32361,0
20140625,20.593,20.706,20.497,20.593,19359,0
20140626,20.593,20.764,20.402,20.706,28030,0
20140627,20.878,20.954,20.632,20.878,11743,0
20140630,20.612,21.26,20.612,21.07,105479,0
20140701,21.127,21.318,20.954,21.07,28502,0
20140702,21.011,21.355,21.011,21.164,34488,0
20140703,20.954,21.144,20.706,21.09,13264,0
20140707,20.822,20.954,20.822,20.917,11763,0
20140708,21.051,21.127,20.802,21.127,18469,0
20140709,21.164,21.774,21.164,21.755,38647,0
20140710,22.173,22.252,21.393,21.45,26254,0
20140711,21.508,21.851,21.374,21.755,13488,0
20140714,21.335,21.565,21.011,21.278,36787,0
20140715,21.45,21.565,20.764,20.764,26289,0
20140716,20.842,21.221,20.802,21.127,8376,0
20140717,21.164,21.659,21.164,21.659,14800,0
20140718,21.355,21.565,21.298,21.565,16473,0
20140721,21.565,21.659,21.393,21.545,5578,0
20140722,21.431,21.583,21.374,21.528,27351,0
20140723,21.431,21.659,21.298,21.298,8641,0
20140724,21.164,21.164,20.897,20.973,14538,0
20140725,21.031,21.431,21.031,21.431,10134,0
20140728,21.374,21.659,21.355,21.639,7403,0
20140729,21.639,21.659,21.45,21.528,37199,0
20140730,21.545,21.639,21.07,21.393,12509,0
20140731,21.144,21.183,20.802,20.822,25722,0
20140801,21.127,21.298,20.897,21.031,3616,0
20140804,21.164,21.164,20.574,20.935,23336,0
20140805,20.536,20.859,20.536,20.859,12517,0
20140806,21.031,21.241,20.992,21.201,33040,0
20140807,21.144,21.374,21.051,21.298,12055,0
20140808,21.355,21.508,21.221,21.221,6432,0
20140811,21.318,21.469,21.09,21.374,6785,0
20140812,21.431,21.928,21.431,21.659,34036,0
20140813,21.717,21.909,21.621,21.794,23985,0
20140814,21.909,21.947,21.678,21.678,12997,0
20140815,21.374,21.659,21.298,21.545,11574,0
20140818,21.431,21.602,21.278,21.602,35388,0
20140819,21.508,21.602,21.26,21.412,17034,0
20140820,21.355,21.431,21.201,21.374,18612,0
20140821,21.07,21.09,20.783,20.842,24910,0
20140822,20.878,20.973,20.783,20.822,9995,0
20140825,20.822,20.822,20.593,20.65,18794,0
20140826,20.954,20.954,20.744,20.935,13410,0
20140827,20.878,21.07,20.878,20.954,9301,0
20140828,21.241,21.469,21.09,21.241,5726,0
20140829,21.26,21.431,21.221,21.355,13800,0
20140902,21.108,21.201,20.783,20.783,65177,0
20140903,20.764,20.822,20.688,20.725,8333,0
20140904,20.859,20.897,20.022,20.193,45593,0
20140905,20.213,20.213,19.811,19.831,20297,0
20140908,19.794,20.1,19.488,19.508,26747,0
20140909,19.488,19.623,19.222,19.623,114877,0
20140910,19.375,19.525,19.222,19.394,146796,0
20140911,19.298,19.488,19.108,19.488,47668,0
20140912,19.222,19.525,19.185,19.242,49736,0
20140915,19.242,19.337,19.108,19.318,28662,0
20140916,19.375,19.564,19.069,19.318,25044,0
20140917,19.222,19.449,18.631,18.785,106250,0
20140918,18.823,19.01,18.574,18.707,41158,0
20140919,18.745,18.765,18.175,18.268,34269,0
20140922,18.135,18.155,17.793,17.868,42469,0
20140923,18.135,18.23,17.964,18.116,13507,0
20140924,18.116,18.193,17.926,17.983,46327,0
20140925,17.983,18.08,17.621,17.964,43716,0
20140926,17.907,17.964,17.641,17.736,67427,0
20140929,17.755,17.868,17.621,17.641,14347,0
20140930,17.66,17.66,17.241,17.356,25780,0
20141001,17.336,17.468,17.279,17.279,20238,0
20141002,17.412,17.487,17.259,17.487,11773,0
20141003,17.241,17.279,16.65,16.668,83421,0
20141006,16.937,17.145,16.764,17.067,27654,0
20141007,17.032,17.087,16.535,16.535,21306,0
20141008,16.782,17.66,16.249,17.66,22555,0
20141009,17.716,17.716,16.725,16.917,21258,0
20141010,16.917,17.145,16.478,16.632,27662,0
20141013,16.88,17.259,16.841,16.992,19906,0
20141014,17.221,17.336,16.937,17.012,14892,0
20141015,17.048,17.376,16.86,17.012,27209,0
20141016,17.032,17.259,16.764,16.956,15317,0
20141017,17.087,17.145,16.555,16.555,29501,0
20141020,16.632,16.821,16.555,16.764,12849,0
20141021,17.012,17.125,16.707,16.707,18325,0
20141022,16.574,16.65,16.288,16.288,21151,0
20141023,16.193,16.365,16,16.288,33398,0
20141024,16.422,16.422,16.231,16.365,17687,0
20141027,16.02,16.174,15.965,15.965,27718,0
20141028,16.039,16.268,15.926,16.174,10515,0
20141029,16.174,16.193,15.602,15.622,35234,0
20141030,15.45,15.506,14.402,14.402,83085,0
20141031,13.678,14.058,13.354,13.639,85037,0
20141103,13.888,14.098,13.621,14.058,26626,0
20141104,14.002,14.021,13.489,13.526,82034,0
20141105,13.335,13.507,12.955,13.03,86775,0
20141106,13.106,13.696,13.03,13.489,67245,0
20141107,13.753,14.44,13.621,14.402,276765,0
20141110,14.402,14.402,13.526,13.621,33271,0
20141111,13.696,14.344,13.696,14.174,90618,0
20141112,14.287,14.421,13.812,14.039,65823,0
20141113,14.136,14.344,13.812,13.812,23122,0
20141114,13.639,14.763,13.639,14.745,63019,0
20141117,14.706,14.991,14.535,14.935,94638,0
20141118,15.145,15.679,15.087,15.659,42865,0
20141119,15.525,15.659,14.898,14.973,72362,0
20141120,15.316,15.372,14.935,15.24,22663,0
20141121,15.622,15.641,15.203,15.353,121336,0
20141124,15.372,15.487,15.106,15.203,30422,0
20141125,15.316,15.699,15.24,15.699,17037,0
20141126,15.734,15.754,15.392,15.431,31211,0
20141128,15.087,15.087,14.155,14.479,69154,0
20141201,14.535,15.334,14.535,15.279,36074,0
20141202,14.859,15.203,14.669,14.859,74097,0
20141203,15.068,15.334,14.935,15.126,54541,0
20141204,15.24,15.26,14.763,14.782,16140,0
20141205,14.782,14.782,14.383,14.402,43667,0
20141208,14.479,14.821,14.117,14.631,201839,0
20141209,14.973,15.469,14.821,15.126,67245,0
20141210,15.222,15.431,14.745,14.821,41088,0
20141211,14.726,14.917,14.46,14.745,46062,0
20141212,14.573,14.65,14.058,14.268,95809,0
20141215,14.078,14.268,13.354,13.354,50742,0
20141216,13.696,13.716,13.145,13.163,80421,0
20141217,13.354,13.89,13.257,13.774,67375,0
20141218,14.177,14.445,13.872,14.426,115942,0
20141219,14.501,14.54,14.177,14.235,70534,0
20141222,14.349,14.349,13.412,13.451,118108,0
20141223,13.545,13.947,13.277,13.277,205596,0
20141224,13.315,13.755,13.296,13.755,39379,0
20141226,13.872,14.253,13.679,14.12,76516,0
20141229,14.197,14.197,13.623,13.928,67250,0
20141230,13.966,14.521,13.928,14.349,105981,0
20141231,14.159,14.349,14.081,14.253,73673,0
20150102,14.061,14.636,14.005,14.597,50891,0
20150105,14.656,14.866,14.501,14.866,45490,0
20150106,14.961,15.957,14.961,15.898,69647,0
20150107,15.745,15.879,15.306,15.459,51218,0
20150108,15.592,15.861,15.249,15.288,75220,0
20150109,15.65,15.993,15.535,15.993,29552,0
20150112,16.091,16.817,15.957,16.683,52620,0
20150113,17.008,17.008,15.745,15.745,30117,0
20150114,15.898,16.128,15.362,15.632,57376,0
20150115,16.186,16.759,16.186,16.702,45746,0
20150116,17.028,17.601,16.953,17.257,226513,0
20150120,17.908,17.983,17.601,17.774,102192,0
20150121,18.117,18.117,17.297,17.581,53911,0
20150122,17.716,17.947,17.466,17.506,53243,0
20150123,17.411,17.429,16.875,17.008,63966,0
20150126,16.837,17.257,16.51,17.238,54400,0
20150127,17.411,17.888,17.297,17.868,76995,0
20150128,17.774,17.774,17.064,17.199,35134,0
20150129,17.028,17.162,16.569,16.933,24551,0
20150130,16.895,17.524,16.759,17.393,33144,0
20150202,17.257,17.793,17.219,17.544,31487,0
20150203,17.544,17.621,17.084,17.219,24762,0
20150204,17.314,17.562,17.199,17.334,21224,0
20150205,17.334,17.698,17.162,17.64,23320,0
20150206,17.028,17.199,16.74,16.777,122692,0
20150209,16.837,17.142,16.837,16.972,17901,0
20150210,16.74,16.837,16.569,16.645,31691,0
20150211,16.607,16.721,16.32,16.339,19853,0
20150212,16.587,16.607,16.377,16.53,17215,0
20150213,16.663,16.837,16.627,16.683,15231,0
20150217,16.243,16.32,15.993,16.11,26557,0
20150218,16.091,16.51,15.976,16.492,25773,0
20150219,16.549,16.549,16.071,16.071,17248,0
20150220,16.225,16.435,16.128,16.128,25813,0
20150223,16.071,16.358,15.898,16.11,73718,0
20150224,16.071,16.11,15.879,16.071,9731,0
20150225,16.261,16.473,16.206,16.339,9978,0
20150226,16.587,16.663,16.435,16.473,56792,0
20150227,16.683,16.913,16.627,16.777,15270,0
20150302,16.759,16.759,16.225,16.281,74012,0
20150303,16.435,16.435,16.012,16.012,16360,0
20150304,15.993,15.993,15.67,15.745,46310,0
20150305,15.823,15.957,15.745,15.784,12597,0
20150306,15.784,15.784,14.579,14.656,94554,0
20150309,14.712,14.732,14.005,14.024,49656,0
20150310,14.005,14.177,13.584,13.698,33087,0
20150311,13.698,14.12,13.451,14.1,22057,0
20150312,14.253,14.253,13.928,13.986,11499,0
20150313,14.042,14.14,13.679,14.061,11186,0
20150316,14.14,14.159,13.794,14.024,9303,0
20150317,13.872,14.1,13.814,13.814,19496,0
20150318,13.832,14.521,13.698,14.501,30526,0
20150319,14.445,14.501,14.329,14.484,11186,0
20150320,14.579,15.019,14.579,14.886,27439,0
20150323,15.019,15.211,14.941,15.211,15996,0
20150324,15.324,15.324,15.133,15.249,39202,0
20150325,15.306,15.401,15.057,15.057,23206,0
20150326,15.288,15.44,14.732,14.789,18712,0
20150327,14.751,14.886,14.56,14.694,12805,0
20150330,14.465,14.54,14.272,14.349,6481,0
20150331,14.367,14.465,14.12,14.159,10132,0
20150401,14.521,14.924,14.272,14.904,76886,0
20150402,14.886,15.057,14.694,14.827,29741,0
20150406,15.211,15.362,15.153,15.288,16150,0
20150407,15.268,15.306,14.961,15.037,6608,0
20150408,15.288,15.288,14.751,14.866,15996,0
20150409,14.789,14.866,14.636,14.769,7201,0
20150410,15.019,15.249,14.961,15.249,29114,0
20150413,15.231,15.231,14.961,15.019,23888,0
20150414,15.114,15.288,15.095,15.172,13956,0
20150415,15.306,15.632,15.211,15.612,86820,0
20150416,15.689,15.727,15.44,15.477,98270,0
20150417,15.67,15.689,15.401,15.459,18242,0
20150420,15.324,15.574,15.306,15.555,24346,0
20150421,15.555,15.67,15.459,15.632,23356,0
20150422,15.496,15.632,15.133,15.192,47780,0
20150423,15.133,15.574,15.114,15.477,46834,0
20150424,15.401,15.496,15.268,15.288,65859,0
20150427,15.515,15.898,15.362,15.632,90425,0
20150428,15.745,16.243,15.745,16.243,16257,0
20150429,16.206,16.492,16.128,16.32,50701,0
20150430,15.803,15.879,15.689,15.803,30577,0
20150501,15.708,15.861,15.67,15.823,27858,0
20150504,16.167,16.186,15.861,15.917,20021,0
20150505,16.051,16.11,15.689,15.784,51065,0
20150506,15.803,15.803,15.362,15.401,55262,0
20150507,15.231,15.343,15.019,15.343,80792,0
20150508,15.496,15.555,15.249,15.496,13173,0
20150511,15.459,15.632,15.421,15.496,78872,0
20150512,15.535,15.803,15.535,15.765,8222,0
20150513,15.976,16.261,15.957,16.148,23468,0
20150514,16.358,16.569,16.167,16.186,36275,0
20150515,16.071,16.358,16.051,16.225,17934,0
20150518,16.377,16.377,16.071,16.071,75879,0
20150519,15.917,15.937,15.555,15.555,77775,0
20150520,15.632,15.765,15.592,15.592,17510,0
20150521,15.555,15.574,15.421,15.496,20227,0
20150522,15.535,15.555,15.401,15.44,12597,0
20150526,15.192,15.211,14.827,14.886,52071,0
20150527,14.961,14.999,14.827,14.941,7997,0
20150528,14.886,15.095,14.789,15.076,7851,0
20150529,15.153,15.231,15.076,15.133,23888,0
20150601,15.231,15.288,15.019,15.037,44336,0
20150602,15.211,15.306,15.133,15.249,8670,0
20150603,15.153,15.211,14.904,14.941,25663,0
20150604,14.789,14.827,14.656,14.732,11605,0
20150605,14.617,14.886,14.406,14.56,21327,0
20150608,14.675,14.675,14.445,14.617,23783,0
20150609,14.751,14.769,14.465,14.521,27576,0
20150610,14.789,14.789,14.56,14.597,46022,0
20150611,14.56,14.579,14.387,14.426,23319,0
20150612,14.484,14.521,14.272,14.272,21797,0
20150615,14.349,14.445,14.177,14.309,10662,0
20150616,14.216,14.367,14.061,14.061,20751,0
20150617,14.061,14.445,14.005,14.445,43280,0
20150618,14.617,14.732,14.579,14.597,16046,0
20150619,14.636,14.636,14.272,14.309,26291,0
20150622,14.197,14.216,14.081,14.12,18295,0
20150623,14.061,14.216,14.024,14.12,19451,0
20150624,14.061,14.177,14.024,14.1,20541,0
20150625,14.161,14.219,14.007,14.044,9090,0
20150626,14.332,14.332,13.968,14.007,18113,0
20150629,14.122,14.122,13.815,13.815,40443,0
20150630,13.795,13.873,13.623,13.718,67833,0
20150701,13.698,13.698,13.353,13.372,26805,0
20150702,13.47,13.623,13.411,13.623,35237,0
20150706,13.45,13.853,13.353,13.698,28887,0
20150707,13.489,13.623,13.161,13.275,26700,0
20150708,13.392,13.45,13.066,13.066,30240,0
20150709,13.314,13.314,13.046,13.103,8847,0
20150710,13.066,13.236,12.891,12.931,48508,0
20150713,12.832,12.969,12.7,12.911,27534,0
20150714,12.969,13.103,12.911,12.951,10421,0
20150715,12.739,12.815,12.623,12.642,25643,0
20150716,12.564,12.603,12.508,12.546,60531,0
20150717,12.489,12.489,11.952,11.969,103003,0
20150720,11.431,11.49,10.665,10.665,109562,0
20150721,10.855,11.162,10.777,10.932,202570,0
20150722,10.777,11.01,10.587,10.816,119188,0
20150723,10.971,11.048,10.413,10.471,98110,0
20150724,10.317,10.836,10.184,10.759,116535,0
20150727,10.797,11.028,10.298,10.413,158018,0
20150728,10.471,10.587,10.413,10.471,24826,0
20150729,10.548,10.703,10.374,10.665,63029,0
20150730,10.606,10.606,10.281,10.355,18632,0
20150731,10.471,10.645,10.393,10.567,268253,0
20150803,10.51,10.51,10.105,10.105,137798,0
20150804,10.164,10.355,10.086,10.164,52308,0
20150805,10.203,10.317,9.972,10.029,12178,0
20150806,10.145,10.413,10.029,10.262,24377,0
20150807,10.242,10.587,10.242,10.281,40908,0
20150810,10.471,10.855,10.281,10.855,21652,0
20150811,10.971,11.086,10.684,11.086,50095,0
20150812,11.278,11.796,11.278,11.796,30968,0
20150813,11.49,11.584,11.144,11.144,21964,0
20150814,11.337,11.414,10.99,11.106,31125,0
20150817,11.201,11.528,11.201,11.528,39817,0
20150818,11.317,11.394,11.106,11.259,13794,0
20150819,11.337,11.623,11.337,11.546,18373,0
20150820,11.913,12.239,11.913,12.161,56836,0
20150821,12.412,12.412,11.721,11.741,60012,0
20150824,11.394,11.796,10.797,10.893,309035,0
20150825,11.124,11.124,10.393,10.393,35026,0
20150826,10.281,10.298,9.933,10.029,33727,0
20150827,10.086,10.606,10.029,10.587,35134,0
20150828,10.587,10.99,10.587,10.912,90614,0
20150831,10.721,10.759,10.413,10.721,45022,0
20150901,10.855,10.971,10.432,10.432,69068,0
20150902,10.432,10.529,10.145,10.298,39868,0
20150903,10.145,10.587,10.145,10.222,37578,0
20150904,10.105,10.164,9.895,10.105,101962,0
20150908,10.203,10.432,10.145,10.317,10564,0
20150909,10.145,10.222,9.952,10.029,23473,0
20150910,10.105,10.105,9.914,9.933,50230,0
20150911,9.837,10.067,9.588,10.067,54389,0
20150914,9.857,10.145,9.857,9.992,33104,0
20150915,9.992,10.086,9.914,9.914,34456,0
20150916,10.086,10.529,10.086,10.529,35079,0
20150917,10.432,10.874,10.374,10.797,49242,0
20150918,11.086,11.162,10.816,11.01,53193,0
20150921,10.951,10.951,10.665,10.665,17176,0
20150922,10.374,10.393,10.086,10.086,33830,0
20150923,10.281,10.281,9.992,10.029,24930,0
20150924,10.317,10.777,10.242,10.74,48737,0
20150925,10.587,10.645,10.51,10.606,35237,0
20150928,10.374,10.374,10.029,10.048,49122,0
20150929,10.105,10.281,10.029,10.086,27170,0
20150930,10.011,10.317,9.972,10.317,16134,0
20151001,10.336,10.471,10.048,10.086,28105,0
20151002,10.413,10.855,10.413,10.836,63604,0
20151005,10.874,11.278,10.874,11.278,82468,0
20151006,11.528,11.796,11.414,11.662,46374,0
20151007,11.777,11.816,11.51,11.721,17228,0
20151008,11.49,12.008,11.414,11.584,24776,0
20151009,11.952,12.161,11.933,12.161,52308,0
20151012,12.412,12.412,11.816,11.913,37896,0
20151013,12.008,12.161,11.875,11.913,58240,0
20151014,12.22,12.759,12.161,12.72,153124,0
20151015,12.489,12.759,12.431,12.739,74428,0
20151016,12.739,12.795,12.412,12.45,44865,0
20151019,12.259,12.355,11.816,11.816,55587,0
20151020,11.952,12.413,11.952,12.316,32867,0
20151021,12.22,12.22,11.835,11.894,28836,0
20151022,11.894,12.22,11.894,12.143,9110,0
20151023,12.239,12.508,12.045,12.392,27741,0
20151026,12.412,12.412,12.026,12.045,46583,0
20151027,11.969,12.18,11.855,12.008,42367,0
20151028,12.278,12.623,11.76,11.894,28574,0
20151029,11.721,11.835,11.297,11.394,57254,0
20151030,11.375,11.546,11.259,11.259,41742,0
20151102,11.144,11.414,11.01,11.337,40170,0
20151103,11.106,11.297,11.086,11.24,31487,0
20151104,11.278,11.355,10.932,10.932,33124,0
20151105,10.99,10.99,10.548,10.665,49185,0
20151106,10.374,10.413,10.105,10.184,68443,0
20151109,10.125,10.452,10.086,10.452,36323,0
20151110,10.262,10.355,10.184,10.203,28937,0
20151111,10.222,10.355,10.203,10.336,13845,0
20151112,10.164,10.452,10.048,10.184,25035,0
20151113,10.105,10.317,10.105,10.222,19571,0
20151116,10.317,10.471,10.281,10.374,39296,0
20151117,10.281,10.281,9.837,9.876,42784,0
20151118,9.952,10.184,9.76,10.145,32477,0
20151119,10.355,10.548,10.281,10.471,46479,0
20151120,10.567,10.567,10.067,10.105,69171,0
20151123,10.029,10.086,9.972,9.992,18790,0
20151124,10.164,10.374,10.125,10.317,77239,0
20151125,10.262,10.432,10.164,10.317,121375,0
20151127,10.067,10.432,10.029,10.125,24619,0
20151130,10.105,10.262,10.105,10.222,27170,0
20151201,10.355,10.567,10.203,10.548,50681,0
20151202,10.317,10.432,10.203,10.355,62133,0
20151203,10.529,10.625,10.393,10.548,38724,0
20151204,10.645,11.124,10.645,11.124,62406,0
20151207,11.124,11.144,10.587,10.645,45022,0
20151208,10.759,10.797,10.452,10.587,61043,0
20151209,10.797,10.932,10.645,10.721,21756,0
20151210,10.74,10.951,10.721,10.797,25140,0
20151211,10.759,11.01,10.665,10.855,37475,0
20151214,10.855,10.855,10.281,10.336,72563,0
20151215,10.317,10.374,10.184,10.281,70420,0
20151216,10.471,10.684,10.452,10.548,25140,0
20151217,10.317,10.317,10.029,10.105,131056,0
20151218,10.242,10.49,10.242,10.393,83484,0
20151221,10.551,10.707,10.532,10.59,19182,0
20151222,10.551,10.707,10.551,10.629,20933,0
20151223,10.688,10.898,10.669,10.86,21979,0
20151224,10.879,11.208,10.841,11.092,75395,0
20151228,10.996,11.074,10.629,10.649,104275,0
20151229,10.86,10.86,10.699,10.782,64324,0
20151230,10.513,10.571,10.435,10.513,96164,0
20151231,10.493,10.649,10.435,10.571,148305,0
20160104,10.764,10.987,10.548,10.898,19446,0
20160105,10.996,10.996,10.86,10.938,25971,0
20160106,11.112,11.258,10.977,11.168,44726,0
20160107,11.363,11.785,11.324,11.69,80613,0
20160108,11.573,11.573,11.168,11.382,36874,0
20160111,11.479,11.536,10.86,10.977,89139,0
20160112,10.977,10.977,10.551,10.745,63831,0
20160113,10.764,10.977,10.669,10.86,19555,0
20160114,10.86,10.898,10.377,10.493,38699,0
20160115,10.802,10.821,10.415,10.493,30709,0
20160119,10.532,10.532,9.838,9.974,53499,0
20160120,10.108,10.32,9.995,10.225,34540,0
20160121,10.244,10.396,10.031,10.396,42542,0
20160122,10.435,10.571,10.128,10.474,29255,0
20160125,10.61,10.782,10.551,10.688,23308,0
20160126,10.977,11.324,10.957,11.304,164392,0
20160127,11.324,11.498,11.159,11.498,27665,0
20160128,11.324,11.479,11.15,11.304,22852,0
20160129,11.344,11.517,11.227,11.517,55189,0
20160201,11.554,11.864,11.554,11.829,33151,0
20160202,11.75,11.75,11.513,11.639,191288,0
20160203,11.786,12.5,11.786,12.5,38451,0
20160204,12.809,13.271,12.809,13.081,80583,0
20160205,12.983,13.772,12.616,13.772,132312,0
20160208,14.082,14.623,14.082,14.121,182887,0
20160209,14.449,14.488,13.619,13.715,136132,0
20160210,13.6,13.927,13.118,13.889,72036,0
20160211,15.163,15.182,14.528,15.007,323409,0
20160212,14.719,15.279,14.491,15.201,163138,0
20160216,14.815,14.892,14.024,14.043,204963,0
20160217,14.218,14.545,14.121,14.43,50137,0
20160218,14.121,15.239,14.121,15.182,109241,0
20160219,15.163,15.259,14.681,14.893,142183,0
20160222,14.662,15.182,14.274,14.988,81609,0
20160223,15.065,15.471,15.037,15.373,124862,0
20160224,15.991,16.217,15.387,15.626,131752,0
20160225,15.528,15.954,15.528,15.895,141216,0
20160226,15.645,15.799,15.239,15.316,92038,0
20160229,15.722,15.954,15.626,15.934,85398,0
20160301,16.147,16.166,15.279,15.298,103479,0
20160302,15.221,15.799,15.143,15.74,75263,0
20160303,15.645,16.454,15.645,16.34,216559,0
20160304,16.436,17.149,16.069,16.147,215717,0
20160307,16.512,17.07,16.397,16.781,317019,0
20160308,17.07,17.07,16.03,16.069,436352,0
20160309,15.991,16.301,15.489,16.147,62725,0
20160310,16.32,16.88,16.32,16.821,172706,0
20160311,16.918,16.977,16.397,16.455,74113,0
20160314,16.589,16.763,15.934,15.973,81952,0
20160315,15.895,16.243,15.684,16.243,38767,0
20160316,16.166,17.304,15.799,17.285,299600,0
20160317,17.554,17.825,16.918,16.977,168874,0
20160318,16.9,17.265,16.9,16.977,61554,0
20160321,17.11,17.129,16.841,16.994,68636,0
20160322,17.05,17.343,16.841,17.014,65583,0
20160323,16.86,16.86,15.779,15.819,179936,0
20160324,15.76,16.108,15.684,15.973,71225,0
20160328,16.127,16.185,15.664,15.954,47871,0
20160329,16.049,16.958,15.944,16.841,407077,0
20160330,16.705,16.841,16.377,16.686,57796,0
20160331,16.821,16.958,16.531,16.531,31203,0
20160401,16.108,16.705,15.982,16.686,48268,0
20160404,16.666,16.666,16.185,16.185,48020,0
20160405,16.551,16.743,16.225,16.647,43940,0
20160406,16.647,16.781,16.436,16.781,49698,0
20160407,16.841,17.323,16.841,17.245,176361,0
20160408,17.285,17.998,17.285,17.921,146118,0
20160411,18.325,19.04,18.306,19.02,150496,0
20160412,19.213,19.213,18.672,19.04,314465,0
20160413,18.905,18.946,18.443,18.46,157130,0
20160414,18.538,18.654,17.671,17.941,221205,0
20160415,18.018,18.518,17.862,18.413,53890,0
20160418,18.73,18.885,18.211,18.423,42913,0
20160419,19.002,19.345,18.924,19.198,176140,0
20160420,19.29,19.54,18.593,18.692,126976,0
20160421,19.232,19.31,18.827,19.098,58411,0
20160422,18.983,19.271,18.46,18.654,83706,0
20160425,18.73,18.86,18.46,18.597,56152,0
20160426,18.711,19.002,18.509,18.963,50762,0
20160427,19.002,19.232,18.597,19.213,53302,0
20160428,19.426,20.216,18.775,20.102,167894,0
20160429,20.718,21.528,20.449,21.528,237548,0
20160502,21.953,21.953,20.872,21.142,892309,0
20160503,21.258,21.258,20.391,20.485,205855,0
20160504,20.216,20.525,19.349,19.426,359998,0
20160505,19.985,20.256,19.639,20.062,206722,0
20160506,20.66,21.199,20.458,20.986,724009,0
20160509,20.295,20.295,19.484,19.484,307443,0
20160510,19.735,20.371,19.349,20.295,190438,0
20160511,20.564,21.123,20.161,20.834,196933,0
20160512,21.142,21.142,20.295,20.351,208764,0
20160513,20.391,20.775,20.256,20.582,139896,0
20160516,21.084,21.316,20.892,21.064,201227,0
20160517,21.084,21.547,20.736,21.335,220739,0
20160518,21.005,21.229,19.599,19.658,463758,0
20160519,19.271,20.102,18.866,19.909,557435,0
20160520,20.315,20.315,19.484,19.889,289447,0
20160523,19.56,20.122,19.349,19.735,285115,0
20160524,19.349,19.428,18.538,18.538,251803,0
20160525,18.403,19.059,18.057,18.944,206975,0
20160526,19.31,19.464,18.711,18.963,682086,0
20160527,18.847,18.983,18.266,18.384,146060,0
20160531,18.518,18.963,17.979,18.597,1417443,0
20160601,18.885,19.002,18.443,18.769,570498,0
20160602,18.692,18.944,18.505,18.749,54682,0
20160603,19.716,20.834,19.716,20.814,239456,0
20160606,20.834,21.045,20.6,21.005,107501,0
20160607,20.834,21.005,20.66,20.718,103903,0
20160608,21.431,21.896,21.355,21.416,115319,0
20160609,21.587,21.798,21.219,21.74,97098,0
20160610,21.953,22.165,21.258,21.412,111111,0
20160613,22.029,22.183,21.162,21.355,169521,0
20160614,21.412,21.528,20.771,20.967,235386,0
20160615,20.986,21.98,20.834,21.759,235570,0
20160616,22.454,22.454,20.969,21.045,1169825,0
20160617,21.469,21.469,20.872,21.258,161729,0
20160620,20.795,21.199,20.449,21.123,189032,0
20160621,20.62,20.83,20.505,20.505,65296,0
20160622,20.73,21.098,20.402,21.059,90194,0
20160623,20.886,21.117,20.712,20.828,128099,0
20160624,23.26,23.26,21.753,22.042,541615,0
20160627,22.448,22.698,21.867,22.392,447730,0
20160628,21.947,22.246,21.89,21.89,191070,0
20160629,22.392,22.718,22.236,22.411,187614,0
20160630,22.602,22.777,22.333,22.718,153606,0
20160701,23.412,23.971,23.163,23.915,319815,0
20160705,24.611,24.611,23.838,24.436,320497,0
20160706,24.996,25.254,24.803,25.17,827043,0
20160707,25.035,25.035,24.185,24.417,233841,0
20160708,24.551,25.113,24.281,25.055,153590,0
20160711,24.938,25.248,24.786,25.093,599161,0
20160712,25.093,25.17,24.109,24.146,640758,0
20160713,24.899,25.035,24.4,24.899,1385763,0
20160714,24.494,24.822,24.09,24.766,1045066,0
20160715,24.417,24.747,24.383,24.551,179493,0
20160718,24.63,24.63,24.301,24.591,401881,0
20160719,24.494,24.551,24.281,24.36,642965,0
20160720,23.994,23.994,22.679,22.797,544322,0
20160721,23.047,23.74,22.971,23.609,184164,0
20160722,23.317,23.759,23.317,23.569,74969,0
20160725,23.26,23.26,22.487,22.527,191044,0
20160726,22.913,23.49,22.829,23.355,192112,0
20160727,23.569,24.514,23.143,24.456,347631,0
20160728,24.747,24.747,23.974,24.4,110027,0
20160729,24.668,25.064,24.456,24.899,201311,0
20160801,25.015,25.325,24.717,25.286,382815,0
20160802,25.595,25.846,25.42,25.672,290635,0
20160803,25.789,25.789,25.133,25.325,326000,0
20160804,25.479,25.691,25.44,25.537,141074,0
20160805,25.074,25.074,24.514,24.611,241947,0
20160808,24.63,25.074,24.55,24.786,53057,0
20160809,24.957,25.093,24.844,24.996,108102,0
20160810,25.595,25.74,25.17,25.44,144111,0
20160811,25.537,25.711,25.093,25.093,189776,0
20160812,25.556,25.691,25.055,25.15,155893,0
20160815,25.228,25.286,24.881,24.957,73908,0
20160816,25.133,25.133,24.766,24.881,292800,0
20160817,24.707,24.707,23.935,24.533,234357,0
20160818,24.803,24.842,24.494,24.822,86020,0
20160819,24.436,24.514,24.128,24.263,88752,0
20160822,23.876,23.954,23.722,23.838,61261,0
20160823,23.915,24.032,23.355,23.432,209127,0
20160824,23.202,23.206,21.676,21.851,790747,0
20160825,21.734,22.477,21.522,22.042,438905,0
20160826,22.448,22.95,21.638,21.947,348777,0
20160829,21.657,22.216,21.561,22.005,121342,0
20160830,21.986,21.986,20.673,20.886,580688,0
20160831,20.558,20.73,20.383,20.479,469602,0
20160901,20.441,21.233,20.153,21.176,386628,0
20160902,21.619,22.082,21.537,22.042,867274,0
20160906,22.527,23.028,22.24,23.028,696613,0
20160907,22.835,22.866,22.197,22.757,1020665,0
20160908,22.642,22.757,22.139,22.295,42438,0
20160909,22.101,22.101,21.098,21.194,731372,0
20160912,20.712,21.928,20.712,21.831,172379,0
20160913,21.676,21.676,20.725,21.039,246617,0
20160914,21.078,21.445,20.905,21.059,45110,0
20160915,20.981,21.464,20.692,21.194,30278,0
20160916,20.999,21.176,20.586,20.808,37575,0
20160919,21.136,21.263,20.981,21.098,47085,0
20160920,21.078,21.156,20.789,20.999,327275,0
20160921,21.252,22.602,21.252,22.468,177997,0
20160922,22.95,23.028,22.153,22.372,181930,0
20160923,22.275,22.372,21.581,21.811,57934,0
20160926,21.967,22.121,21.541,21.638,41227,0
20160927,21.426,21.493,21.098,21.349,116852,0
20160928,21.29,21.87,20.905,21.851,1413810,0
20160929,21.6,21.772,21.365,21.657,78415,0
20160930,21.928,22.101,21.426,21.45,30919,0
20161003,21.31,21.525,20.866,21.117,181738,0
20161004,20.538,20.692,19.071,19.09,255652,0
20161005,19.591,19.591,18.761,19.282,596966,0
20161006,18.781,18.936,18.454,18.742,486905,0
20161007,19.148,19.302,18.454,18.8,305140,0
20161010,18.858,19.071,18.743,18.897,63668,0
20161011,18.819,18.819,18.376,18.472,134513,0
20161012,18.435,18.977,18.435,18.839,168842,0
20161013,19.032,19.649,18.761,19.167,239753,0
20161014,19.09,19.09,18.684,18.704,81353,0
20161017,18.877,19.052,18.722,18.897,57984,0
20161018,19.282,19.727,19.187,19.631,105367,0
20161019,19.862,20.363,19.823,20.228,463150,0
20161020,20.363,20.363,19.843,20.209,147988,0
20161021,20.153,20.192,19.938,20.074,82155,0
20161024,20.422,20.441,19.418,19.611,104425,0
20161025,19.708,20.344,19.708,19.957,204498,0
20161026,20.056,20.062,19.456,19.689,43345,0
20161027,19.727,19.747,19.136,19.361,101980,0
20161028,19.187,19.689,19.052,19.282,121302,0
20161031,19.418,19.938,19.399,19.881,47526,0
20161101,20.287,20.808,20.287,20.479,150638,0
20161102,20.981,21.136,20.056,20.153,345629,0
20161103,20.307,20.746,20.307,20.634,237132,0
20161104,20.848,20.848,20.192,20.441,154421,0
20161107,19.669,19.833,19.351,19.679,322910,0
20161108,19.582,20.029,19.224,19.381,117149,0
20161109,20.769,20.862,19.428,19.813,221998,0
20161110,19.737,19.737,18.351,18.445,286440,0
20161111,18.627,18.627,16.842,16.842,630098,0
20161114,16.978,17.701,16.432,17.256,683384,0
20161115,17.354,17.922,17.14,17.807,1251593,0
20161116,17.778,17.78,17.393,17.672,124864,0
20161117,17.672,17.98,16.969,17.237,120369,0
20161118,17.005,17.178,16.822,17.091,124710,0
20161121,17.439,17.581,17.266,17.334,259520,0
20161122,17.364,17.583,16.861,17.344,89237,0
20161123,16.792,16.792,16.252,16.465,432402,0
20161125,16.552,16.792,16.397,16.542,40903,0
20161128,16.881,17.246,16.706,17.237,165972,0
20161129,16.901,17.208,16.851,17.12,113036,0
20161130,17.025,17.025,16.504,16.754,222264,0
20161201,16.542,16.949,16.248,16.62,98708,0
20161202,16.744,17.266,16.744,17.15,139263,0
20161205,16.939,17.266,16.539,16.949,266959,0
20161206,17.025,17.286,16.942,16.959,87187,0
20161207,17.324,17.507,17.135,17.246,1194941,0
20161208,17.14,17.296,17.071,17.256,38826,0
20161209,17.13,17.13,16.552,16.6,136385,0
20161212,16.697,16.959,16.64,16.697,64290,0
20161213,16.715,17.035,16.552,17.035,110888,0
20161214,17.091,17.266,15.914,15.914,5747561,0
20161215,15.499,15.499,14.987,15.249,355495,0
20161216,15.373,15.549,15.017,15.231,193457,0
20161219,15.307,15.393,15.153,15.334,127017,0
20161220,14.988,15.344,14.939,15.344,167189,0
20161221,15.433,15.433,15.193,15.237,149054,0
20161222,15.208,15.505,15.208,15.393,194748,0
20161223,15.403,15.589,15.363,15.52,67155,0
20161227,15.727,15.984,15.57,15.981,122000,0
20161228,15.912,16.284,15.854,16.255,91183,0
20161229,16.49,17.439,16.422,17.439,114297,0
20161230,17.421,17.823,16.773,16.773,210916,0
20170103,16.981,17.478,16.981,17.439,133299,0
20170104,17.636,17.636,17.383,17.626,51898,0
20170105,17.959,18.819,17.959,18.693,431143,0
20170106,18.38,18.557,17.705,18.048,250518,0
20170109,18.301,18.4,17.968,18.038,340152,0
20170110,18.281,18.459,17.88,18.145,82819,0
20170111,18.018,18.308,17.566,18.106,63494,0
20170112,18.597,18.664,17.978,18.135,214484,0
20170113,17.998,18.35,17.793,18.291,68802,0
20170117,18.919,19.026,18.673,18.81,235274,0
20170118,18.879,18.988,18.301,18.537,104563,0
20170119,18.37,18.557,18.205,18.42,210823,0
20170120,18.468,18.899,18.291,18.607,78913,0
20170123,18.801,19.183,18.756,19.183,78100,0
20170124,19.231,19.544,19.051,19.212,210070,0
20170125,18.889,18.939,18.641,18.939,118556,0
20170126,18.597,18.664,18.37,18.487,420117,0
20170127,18.44,18.781,18.341,18.732,53366,0
20170130,18.86,19.06,18.683,18.703,54440,0
20170131,19.231,19.31,19.095,19.28,90602,0
20170201,19.056,19.36,18.968,19.251,55651,0
20170202,19.772,19.829,19.534,19.673,73082,0
20170203,19.732,19.927,19.575,19.772,93168,0
20170206,20.164,20.555,19.428,20.515,131129,0
20170207,20.367,20.682,20.25,20.455,233652,0
20170208,20.73,20.849,20.525,20.789,155791,0
20170209,20.829,20.829,20.24,20.26,120154,0
20170210,20.074,20.545,19.975,20.545,87467,0
20170213,20.347,20.465,20.154,20.27,61244,0
20170214,20.555,20.555,20.025,20.22,54047,0
20170215,20.035,20.27,19.918,20.26,37928,0
20170216,20.347,20.612,20.32,20.525,37402,0
20170217,20.652,20.661,20.174,20.201,55313,0
20170221,20.074,20.143,19.732,20.064,707949,0
20170222,19.955,20.04,19.36,19.752,359043,0
20170223,20.154,20.22,19.781,19.839,144867,0
20170224,20.174,20.174,19.624,19.673,43830,0
20170227,19.584,19.951,18.482,18.537,426672,0
20170228,18.781,19.046,18.407,18.547,175541,0
20170301,18.222,18.781,18.116,18.683,134221,0
20170302,18.271,18.372,17.737,17.823,288615,0
20170303,17.646,18.214,17.54,18.048,82932,0
20170306,17.959,17.959,17.313,17.498,355219,0
20170307,17.383,17.705,17.244,17.43,169875,0
20170308,17.146,17.517,17.146,17.363,53177,0
20170309,17.313,17.393,17.136,17.136,27768,0
20170310,17.234,17.724,17.195,17.586,63615,0
20170313,17.714,17.958,17.676,17.94,74688,0
20170314,17.85,18.097,17.333,17.411,123716,0
20170315,17.548,18.839,17.43,18.83,129971,0
20170316,19.135,19.173,18.527,18.527,108052,0
20170317,18.703,18.771,18.311,18.43,71786,0
20170320,18.537,18.693,18.38,18.673,75807,0
20170321,18.81,19.135,18.625,19.007,350588,0
20170322,19.125,19.193,18.899,18.919,130450,0
20170323,18.968,19.026,18.48,18.732,29687,0
20170324,18.771,18.859,18.664,18.673,17107,0
20170327,19.212,19.212,18.901,19.046,39626,0
20170328,19.125,19.125,18.36,18.488,51970,0
20170329,18.39,18.712,18.145,18.683,20955,0
20170330,18.507,18.561,18.35,18.39,62337,0
20170331,18.507,18.761,18.36,18.547,39904,0
20170403,18.557,18.85,18.557,18.83,32380,0
20170404,19.046,19.095,18.899,19.076,350126,0
20170405,18.899,19.241,18.673,19.135,642059,0
20170406,19.086,19.147,18.929,19.105,54902,0
20170407,19.525,19.534,18.934,19.144,44471,0
20170410,19.095,19.33,18.939,19.271,101991,0
20170411,19.634,19.955,19.455,19.839,160263,0
20170412,19.908,20.064,19.664,20.005,83281,0
20170413,20.154,20.228,19.829,19.868,167913,0
20170417,20.025,20.044,19.693,19.799,296608,0
20170418,19.772,19.781,19.487,19.742,62121,0
20170419,19.574,19.888,18.91,19.076,78525,0
20170420,19.046,19.31,18.978,19.144,60407,0
20170421,19.115,19.33,18.939,19.33,494608,0
20170424,18.87,19.007,18.607,18.899,1096744,0
20170425,18.587,18.597,17.783,17.94,1761624,0
20170426,17.88,18.087,17.498,17.959,1456243,0
20170427,17.91,17.91,17.46,17.566,1276115,0
20170428,17.576,18.036,17.576,17.9,1358195,0
20170501,17.695,17.845,17.274,17.393,143532,0
20170502,17.303,17.666,17.303,17.518,1604552,0
20170503,17.459,17.978,17.383,17.403,1102039,0
20170504,17.156,17.274,16.863,17.019,1455008,0
20170505,17.056,17.488,16.942,17.373,1503244,0
20170508,17.343,17.353,17.116,17.343,1074534,0
20170509,17.166,17.303,17.05,17.264,268422,0
20170510,17.538,17.724,17.478,17.686,1176624,0
20170511,17.724,18.086,17.676,18.038,447673,0
20170512,18.311,18.36,18.145,18.242,236637,0
20170515,18.527,18.527,18.008,18.232,157958,0
20170516,18.232,18.36,18.222,18.311,107155,0
20170517,18.703,18.84,18.467,18.664,1477381,0
20170518,18.567,18.567,18.048,18.205,504311,0
20170519,18.42,18.42,18.205,18.321,798316,0
20170522,18.41,18.635,18.41,18.557,693613,0
20170523,18.527,18.64,18.028,18.078,474925,0
20170524,17.978,18.261,17.695,18.222,94498,0
20170525,18.018,18.087,17.754,17.968,2519617,0
20170526,18.214,18.331,18.059,18.097,58878,0
20170530,17.92,18.058,17.724,17.872,53326,0
20170531,17.91,18.155,17.773,17.959,54453,0
20170601,17.773,17.91,17.724,17.84,54011,0
20170602,18.097,18.16,17.85,17.89,1241959,0
20170605,17.95,17.959,17.744,17.92,56775,0
20170606,18.222,18.939,18.115,18.919,1544064,0
20170607,18.801,18.85,18.507,18.761,319469,0
20170608,18.537,18.567,18.214,18.43,338474,0
20170609,18.185,18.341,18.115,18.145,388144,0
20170612,18.058,18.232,18.038,18.125,114610,0
20170613,18.058,18.4,17.988,18.251,136448,0
20170614,18.597,18.607,17.566,17.686,340958,0
20170615,17.518,17.676,17.43,17.439,408398,0
20170616,17.449,17.566,17.353,17.353,343542,0
20170619,17.333,17.714,17.333,17.43,306267,0
20170620,17.412,17.412,17.157,17.186,6751870,0
20170621,17.206,17.44,17.196,17.44,55089,0
20170622,17.608,17.832,17.45,17.775,404961,0
20170623,17.952,18.128,17.912,18.128,632008,0
20170626,17.872,18.099,17.755,17.882,590251,0
20170627,18.04,18.099,17.608,17.638,424089,0
20170628,17.785,17.785,17.529,17.697,317747,0
20170629,17.422,17.559,17.285,17.304,125185,0
20170630,17.304,17.45,17.285,17.285,257381,0
20170703,17.166,17.608,16.962,17,271595,0
20170705,17.067,17.304,16.952,17.225,276760,0
20170706,17.196,17.255,16.942,16.962,227358,0
20170707,16.903,16.917,16.559,16.559,475735,0
20170710,16.539,17.02,16.539,16.981,389953,0
20170711,16.912,17.127,16.764,17.097,65515,0
20170712,17.304,17.394,17.166,17.225,83062,0
20170713,17.295,17.307,17.02,17.097,355368,0
20170714,17.45,17.45,17.206,17.374,605077,0
20170717,17.412,17.559,17.412,17.499,411536,0
20170718,17.688,17.688,17.469,17.578,501539,0
20170719,17.549,17.628,17.412,17.608,299789,0
20170720,17.529,17.71,17.52,17.668,186100,0
20170721,17.805,17.805,17.608,17.746,532112,0
20170724,17.775,17.775,17.334,17.364,443625,0
20170725,17.422,17.765,17.422,17.707,264595,0
20170726,17.638,18.274,17.638,18.217,672539,0
20170727,18.245,18.292,17.833,17.882,474778,0
20170728,17.99,18.217,17.99,18.198,349110,0
20170731,18.198,18.274,18.099,18.217,56633,0
20170801,18.178,18.363,18.07,18.245,345545,0
20170802,18.02,18.262,18.02,18.245,276417,0
20170803,18.237,18.272,18.04,18.108,97540,0
20170804,17.707,17.765,17.668,17.765,776013,0
20170807,17.746,17.852,17.658,17.716,114546,0
20170808,17.726,17.832,17.583,17.678,320912,0
20170809,17.961,18.01,17.755,17.952,462882,0
20170810,18.188,18.314,18.158,18.245,591920,0
20170811,18.344,18.461,18.264,18.433,165210,0
20170814,18.453,18.453,18.118,18.168,147932,0
20170815,17.872,17.97,17.756,17.882,153863,0
20170816,18.02,18.403,18.01,18.334,385530,0
20170817,18.433,18.481,18.254,18.353,420035,0
20170818,18.57,18.726,18.225,18.334,122254,0
20170821,18.403,18.638,18.353,18.52,402303,0
20170822,18.461,18.534,18.384,18.413,40808,0
20170823,18.59,18.59,18.378,18.52,396798,0
20170824,18.481,18.638,18.461,18.56,303934,0
20170825,18.658,18.7,18.461,18.638,168812,0
20170828,18.844,19.256,18.658,19.236,958336,0
20170829,19.619,19.649,19.24,19.443,377756,0
20170830,19.375,19.395,19.236,19.315,156706,0
20170831,19.443,19.757,19.355,19.697,293953,0
20170901,19.894,19.894,19.53,19.796,146526,0
20170905,19.942,20.226,19.914,20.226,390203,0
20170906,20.197,20.216,19.778,19.961,250192,0
20170907,20.207,20.443,20.11,20.443,491137,0
20170908,20.434,20.434,20.059,20.18,147286,0
20170911,19.932,20.031,19.52,19.569,238712,0
20170912,19.423,19.678,19.27,19.639,63722,0
20170913,19.678,19.678,19.286,19.295,241084,0
20170914,19.285,19.549,19.216,19.502,106907,0
20170915,19.472,19.539,19.325,19.452,185226,0
20170918,19.139,19.275,18.85,18.923,599774,0
20170919,18.962,19.128,18.903,19.002,107706,0
20170920,19.03,19.295,18.5,18.638,704507,0
20170921,18.423,18.755,18.423,18.461,416061,0
20170922,18.668,18.775,18.57,18.658,307804,0
20170925,18.736,19.05,18.57,19.03,510299,0
20170926,18.943,18.943,18.565,18.6,363557,0
20170927,18.344,18.453,18.264,18.314,315633,0
20170928,18.344,18.57,18.344,18.5,84927,0
20170929,18.56,18.56,18.334,18.334,220940,0
20171002,18.314,18.471,18.208,18.314,226271,0
20171003,18.334,18.58,18.334,18.53,210175,0
20171004,18.668,18.785,18.51,18.658,138452,0
20171005,18.648,18.687,18.471,18.481,113954,0
20171006,18.423,18.785,18.353,18.755,183172,0
20171009,18.854,18.943,18.805,18.943,102931,0
20171010,18.953,19.039,18.775,18.824,86660,0
20171011,18.913,18.962,18.59,18.923,353166,0
20171012,18.814,18.918,18.745,18.874,318625,0
20171013,18.913,19.03,18.785,18.943,214311,0
20171016,18.953,18.982,18.49,18.52,400012,0
20171017,18.481,18.638,18.363,18.59,99407,0
20171018,18.53,18.605,18.481,18.49,109144,0
20171019,18.618,18.706,18.54,18.58,70505,0
20171020,18.423,18.54,18.383,18.393,177349,0
20171023,18.314,18.423,18.217,18.284,190677,0
20171024,18.208,18.274,18.005,18.03,452281,0
20171025,18.05,18.08,17.775,17.882,1132047,0
20171026,17.825,17.952,17.422,17.46,1373446,0
20171027,17.46,17.726,17.46,17.638,511630,0
20171030,17.638,17.902,17.618,17.852,258545,0
20171031,17.746,17.759,17.549,17.598,386772,0
20171101,17.648,17.857,17.559,17.648,175224,0
20171102,17.608,17.795,17.608,17.638,188970,0
20171103,17.697,17.755,17.404,17.539,281291,0
20171106,17.519,17.892,17.519,17.862,546505,0
20171107,17.842,17.842,17.628,17.707,188368,0
20171108,17.842,17.961,17.726,17.852,569802,0
20171109,17.902,17.961,17.832,17.882,409835,0
20171110,17.882,17.922,17.668,17.716,198237,0
20171113,17.736,17.795,17.658,17.678,263281,0
20171114,17.668,17.79,17.539,17.678,428051,0
20171115,17.765,17.765,17.648,17.697,147648,0
20171116,17.678,17.736,17.638,17.707,111504,0
20171117,17.736,17.942,17.716,17.902,252409,0
20171120,17.785,17.805,17.628,17.668,253051,0
20171121,17.755,17.843,17.716,17.755,112996,0
20171122,17.795,18.089,17.765,18.01,592045,0
20171124,17.99,18.099,17.902,17.942,268424,0
20171127,18.099,18.108,17.956,18.099,155934,0
20171128,18.138,18.168,18,18.04,646739,0
20171129,17.99,17.99,17.648,17.726,1038180,0
20171130,17.618,17.736,17.539,17.578,739433,0
20171201,17.628,17.932,17.559,17.697,242642,0
20171204,17.568,17.568,17.431,17.44,192541,0
20171205,17.324,17.384,17.122,17.166,547798,0
20171206,17.097,17.166,16.912,16.932,1021223,0
20171207,16.764,16.969,16.706,16.883,240057,0
20171208,16.922,17.08,16.893,16.942,193879,0
20171211,16.932,17.067,16.783,16.803,155450,0
20171212,16.793,16.823,16.686,16.813,110331,0
20171213,16.793,17.46,16.783,17.374,312861,0
20171214,17.285,17.344,17.077,17.275,265118,0
20171215,17.431,17.45,17.194,17.265,430441,0
20171218,17.489,17.628,17.44,17.578,556457,0
20171219,17.568,17.628,17.431,17.529,192064,0
20171220,17.588,17.853,17.588,17.853,283909,0
20171221,17.843,18.041,17.768,17.873,283699,0
20171222,18.021,18.13,17.991,18.1,156177,0
20171226,18.219,18.573,18.001,18.573,355999,0
20171227,18.583,18.583,18.326,18.395,276367,0
20171228,18.365,18.533,18.346,18.464,2232120,0
20171229,18.613,18.613,18.405,18.493,177134,0
20180102,18.69,19.034,18.67,19.034,303591,0
20180103,19.084,19.084,18.613,18.986,900704,0
20180104,18.907,19.014,18.724,18.966,793927,0
20180105,18.976,19.014,18.848,18.986,258437,0
20180108,18.838,18.922,18.651,18.709,199512,0
20180109,18.563,18.593,18.395,18.493,280196,0
20180110,18.621,18.729,18.543,18.621,102302,0
20180111,18.729,18.739,18.641,18.719,90393,0
20180112,18.778,19.251,18.778,19.251,315862,0
20180116,19.37,19.555,19.182,19.516,323422,0
20180117,19.457,19.615,19.108,19.113,437497,0
20180118,19.152,19.251,18.828,18.828,514316,0
20180119,18.976,19.034,18.818,18.838,111953,0
20180122,18.877,18.996,18.808,18.956,166467,0
20180123,18.897,19.457,18.798,19.428,268720,0
20180124,19.655,19.968,19.645,19.851,454659,0
20180125,20.008,20.008,19.29,19.408,555925,0
20180126,19.545,19.605,19.428,19.507,246156,0
20180129,19.438,19.438,18.887,18.887,410196,0
20180130,18.848,19.172,18.698,18.748,503271,0
20180131,18.838,19.054,18.583,18.947,212715,0
20180201,18.966,19.024,18.67,18.947,616017,0
20180202,18.69,18.868,18.16,18.19,449739,0
20180205,18.2,18.346,17.806,17.971,821031,0
20180206,17.923,17.953,17.529,17.648,622034,0
20180207,17.45,17.806,17.353,17.383,587552,0
20180208,17.353,17.539,17.264,17.284,310734,0
20180209,17.294,17.294,16.663,16.979,1287354,0
20180212,17.096,17.678,17.018,17.549,342655,0
20180213,17.539,17.648,17.412,17.598,257401,0
20180214,17.469,18.464,17.469,18.415,653036,0
20180215,18.483,18.483,18.071,18.395,275725,0
20180216,18.355,18.355,17.726,17.903,156933,0
20180220,17.726,17.806,17.46,17.46,320141,0
20180221,17.539,17.903,17.383,17.422,271220,0
20180222,17.46,17.499,17.215,17.234,198219,0
20180223,17.264,17.373,17.185,17.333,186422,0
20180226,17.412,17.578,17.383,17.499,122848,0
20180227,17.353,17.393,16.91,17.028,374680,0
20180228,17.136,17.156,16.95,16.95,478288,0
20180301,16.841,17.116,16.605,17.046,343453,0
20180302,17.156,17.244,16.979,17.019,158663,0
20180305,16.94,17.156,16.881,17.086,415215,0
20180306,17.175,17.588,17.175,17.45,223840,0
20180307,17.403,17.489,17.018,17.076,373319,0
20180308,17.076,17.215,16.979,17.156,76407,0
20180309,17.126,17.226,16.989,17.028,211497,0
20180312,17.018,17.175,16.871,17.126,373295,0
20180313,17.195,17.234,17.018,17.046,165687,0
20180314,17.086,17.166,17.028,17.126,191907,0
20180315,16.97,17.003,16.831,16.851,165823,0
20180316,16.831,16.901,16.703,16.811,182868,0
20180319,16.841,16.979,16.732,16.91,593218,0
20180320,16.861,16.91,16.698,16.742,360446,0
20180321,16.93,17.313,16.762,17.195,320180,0
20180322,17.106,17.205,16.979,16.998,416627,0
20180323,17.393,17.683,17.284,17.499,308315,0
20180326,17.628,17.873,17.608,17.796,304841,0
20180327,17.618,17.628,17.412,17.529,299371,0
20180328,17.373,17.373,17.126,17.195,231643,0
20180329,17.205,17.427,17.195,17.403,288820,0
20180402,17.46,17.794,17.46,17.697,438862,0
20180403,17.618,17.618,17.313,17.422,302378,0
20180404,17.519,17.618,17.323,17.363,131918,0
20180405,17.175,17.403,17.175,17.393,43007,0
20180406,17.489,17.608,17.46,17.509,90161,0
20180409,17.499,17.499,17.254,17.383,96568,0
20180410,17.509,17.648,17.383,17.549,113053,0
20180411,17.923,18.09,17.648,17.923,421231,0
20180412,17.796,17.853,17.726,17.766,249986,0
20180413,17.971,18.19,17.873,18.09,278847,0
20180416,18.081,18.12,17.914,18.011,308435,0
20180417,17.961,18.09,17.898,18.031,144262,0
20180418,18.071,18.365,18.071,18.16,554916,0
20180419,18.219,18.286,18.021,18.17,269801,0
20180420,18.011,18.046,17.873,17.943,187265,0
20180423,17.786,17.853,17.679,17.776,59822,0
20180424,17.843,18.021,17.816,17.971,93424,0
20180425,17.716,17.91,17.618,17.786,155946,0
20180426,17.833,17.97,17.736,17.825,166163,0
20180427,17.913,18.041,17.893,18.021,36514,0
20180430,17.863,17.971,17.648,17.707,244881,0
20180501,17.568,17.709,17.46,17.658,104404,0
20180502,17.716,18.031,17.688,17.736,209164,0
20180503,17.953,18.011,17.843,17.903,108230,0
20180504,17.806,17.953,17.716,17.913,69960,0
20180507,17.863,17.971,17.825,17.853,37144,0
20180508,17.776,17.933,17.588,17.883,91685,0
20180509,17.893,17.957,17.776,17.843,172371,0
20180510,17.961,18.071,17.913,18.041,73764,0
20180511,18.081,18.1,17.933,18.021,207085,0
20180514,18.031,18.081,17.873,17.953,694432,0
20180515,17.529,17.678,17.44,17.539,552683,0
20180516,17.519,17.598,17.469,17.519,362021,0
20180517,17.489,17.559,17.431,17.489,292555,0
20180518,17.363,17.519,17.215,17.469,127783,0
20180521,17.479,17.573,17.358,17.529,324272,0
20180522,17.549,17.648,17.383,17.393,116217,0
20180523,17.274,17.608,17.274,17.539,60379,0
20180524,17.539,17.816,17.539,17.786,99517,0
20180525,17.638,17.766,17.519,17.568,85468,0
20180529,17.353,17.598,17.353,17.45,113244,0
20180530,17.588,17.668,17.509,17.638,122391,0
20180531,17.648,17.668,17.484,17.568,172258,0
20180601,17.519,17.598,17.431,17.479,120267,0
20180604,17.529,17.529,17.378,17.403,195017,0
20180605,17.383,17.608,17.383,17.539,38582,0
20180606,17.539,17.668,17.469,17.519,207072,0
20180607,17.539,17.645,17.5,17.568,137832,0
20180608,17.499,17.568,17.45,17.479,42266,0
20180611,17.499,17.648,17.412,17.648,165437,0
20180612,17.499,17.608,17.499,17.539,86974,0
20180613,17.529,17.628,17.393,17.559,62406,0
20180614,17.598,17.688,17.46,17.678,84455,0
20180615,17.539,17.539,17.254,17.333,200688,0
20180618,17.343,17.383,17.284,17.343,42286,0
20180619,17.214,17.343,17.204,17.224,256147,0
20180620,17.274,17.323,17.075,17.095,172946,0
20180621,17.085,17.214,17.027,17.027,209117,0
20180622,17.145,17.294,17.125,17.264,69804,0
20180625,17.224,17.264,17.036,17.095,395128,0
20180626,17.007,17.115,16.938,17.055,125059,0
20180627,17.007,17.075,16.879,16.899,1118138,0
20180628,16.997,17.036,16.908,16.958,430566,0
20180629,17.085,17.393,17.055,17.303,116493,0
20180702,17.115,17.264,17.095,17.174,197059,0
20180703,17.373,17.609,17.234,17.44,86747,0
20180705,17.51,17.698,17.49,17.649,111453,0
20180706,17.689,17.748,17.619,17.708,245630,0
20180709,17.818,17.818,17.579,17.649,165062,0
20180710,17.5,17.609,17.393,17.609,53773,0
20180711,17.393,17.5,17.045,17.105,216158,0
20180712,17.264,17.294,17.145,17.145,108873,0
20180713,17.055,17.184,17.055,17.065,51755,0
20180716,16.968,17.145,16.911,16.968,80034,0
20180717,16.879,17.115,16.879,16.938,438500,0
20180718,16.849,16.968,16.75,16.889,268586,0
20180719,16.7,17.007,16.7,16.779,173949,0
20180720,16.918,16.988,16.849,16.918,95642,0
20180723,16.819,16.928,16.563,16.582,134810,0
20180724,16.71,16.76,16.641,16.7,431418,0
20180725,16.849,16.899,16.66,16.819,120350,0
20180726,16.809,16.869,16.543,16.563,210450,0
20180727,16.572,16.72,16.484,16.513,199814,0
20180730,16.592,16.651,16.513,16.553,45388,0
20180731,16.553,16.71,16.543,16.592,84444,0
20180801,16.563,16.572,16.422,16.444,116381,0
20180802,16.394,16.424,16.256,16.295,158265,0
20180803,16.394,16.572,16.335,16.434,219384,0
20180806,16.414,16.414,16.265,16.285,180489,0
20180807,16.434,16.434,16.03,16.089,77348,0
20180808,16.069,16.138,16.002,16.079,86604,0
20180809,16.128,16.237,16.009,16.039,135373,0
20180810,15.88,16.029,15.822,15.822,98427,0
20180813,15.714,15.742,15.289,15.289,274977,0
20180814,15.357,15.505,15.11,15.14,111296,0
20180815,14.854,14.972,14.113,14.192,503623,0
20180816,14.291,14.488,13.877,13.886,499095,0
20180817,14.073,14.35,13.995,14.262,640936,0
20180820,14.36,14.478,14.172,14.34,341418,0
20180821,14.4,14.498,14.252,14.439,147078,0
20180822,14.557,14.607,14.488,14.587,123572,0
20180823,14.439,14.439,14.054,14.162,346488,0
20180824,14.291,14.735,14.291,14.528,105741,0
20180827,14.557,14.795,14.557,14.745,105907,0
20180828,14.844,14.932,14.459,14.478,365715,0
20180829,14.567,14.657,14.478,14.557,345915,0
20180830,14.409,14.567,14.222,14.301,166802,0
20180831,14.301,14.417,14.172,14.202,285485,0
20180904,14.014,14.034,13.673,13.698,385683,0
20180905,13.757,13.797,13.55,13.58,470892,0
20180906,13.668,13.857,13.56,13.61,348652,0
20180907,13.53,13.728,13.402,13.658,102435,0
20180910,13.658,13.728,13.392,13.422,335528,0
20180911,13.323,13.482,13.165,13.432,228306,0
20180912,13.432,13.985,13.382,13.837,242574,0
20180913,14.054,14.054,13.718,13.847,196010,0
20180914,13.807,13.965,13.738,13.767,198862,0
20180917,13.915,14.099,13.797,14.024,263887,0
20180918,14.024,14.113,13.925,14.044,273452,0
20180919,14.133,14.511,14.133,14.36,145601,0
20180920,14.518,14.587,14.272,14.459,202443,0
20180921,14.242,14.469,14.083,14.32,245508,0
20180924,14.419,14.632,14.35,14.409,455422,0
20180925,14.488,14.667,14.419,14.508,164574,0
20180926,14.39,14.429,14.093,14.103,250642,0
20180927,13.995,14.113,13.842,14.024,159013,0
20180928,14.113,14.252,14.083,14.103,134900,0
20181001,14.142,14.212,14.063,14.142,250494,0
20181002,14.262,14.617,14.242,14.597,1312924,0
20181003,14.607,14.686,14.341,14.35,1688316,0
20181004,14.36,14.498,14.212,14.32,314698,0
20181005,14.419,14.547,14.182,14.212,1064570,0
20181008,14.073,14.37,13.896,14.262,678135,0
20181009,14.192,14.212,13.985,14.054,561936,0
20181010,14.044,14.37,13.906,14.301,394958,0
20181011,14.478,15.397,14.478,15.309,1328903,0
20181012,15.249,15.309,14.824,15.209,746144,0
20181015,15.397,15.742,15.37,15.495,932155,0
20181016,15.594,15.654,15.234,15.397,902179,0
20181017,15.427,15.585,15.239,15.318,914291,0
20181018,15.229,15.714,15.229,15.456,811245,0
20181019,15.545,15.606,15.427,15.447,106709,0
20181022,15.447,15.447,15.16,15.309,112382,0
20181023,15.634,15.792,15.405,15.525,162853,0
20181024,15.525,15.575,15.259,15.259,420638,0
20181025,15.269,15.337,14.507,14.518,179257,0
20181026,14.577,15.021,14.577,14.647,111608,0
20181029,14.637,14.859,14.429,14.607,70143,0
20181030,14.587,14.686,14.37,14.547,112999,0
20181031,14.459,14.501,14.242,14.37,335035,0
20181101,14.667,15.062,14.613,14.982,104775,0
20181102,14.952,15.09,14.814,14.932,37763,0
20181105,14.952,15.168,14.844,15.09,99836,0
20181106,15.052,15.052,14.765,14.932,61317,0
20181107,14.962,14.982,14.795,14.942,70666,0
20181108,14.775,14.874,14.686,14.765,33740,0
20181109,14.587,14.627,14.36,14.488,116822,0
20181112,14.31,14.4,14.192,14.192,254414,0
20181113,14.212,14.296,13.954,14.034,78687,0
20181114,14.054,14.547,14.044,14.39,171001,0
20181115,14.567,14.667,14.429,14.667,92350,0
20181116,14.814,14.942,14.79,14.854,62751,0
20181119,14.942,15.022,14.814,14.854,52635,0
20181120,14.884,14.929,14.587,14.745,146192,0
20181121,14.893,15.199,14.725,15.14,47913,0
20181123,15.012,15.13,14.775,14.844,18720,0
20181126,14.884,15.033,14.705,14.715,47446,0
20181127,14.676,14.725,14.34,14.419,58081,0
20181128,14.39,14.874,14.35,14.795,61828,0
20181129,14.854,14.942,14.695,14.715,57214,0
20181130,14.627,14.676,14.4,14.567,70268,0
20181203,14.755,14.887,14.657,14.874,68491,0
20181204,15.309,15.309,14.942,14.972,94371,0
20181206,15.032,15.269,14.962,15.081,230056,0
20181207,15.219,15.545,15.17,15.495,99543,0
20181210,15.604,15.732,15.357,15.476,195989,0
20181211,15.485,15.57,15.279,15.347,88365,0
20181212,15.476,15.704,15.456,15.684,123883,0
20181213,15.654,15.709,15.555,15.684,38991,0
20181214,15.456,15.515,15.259,15.259,177577,0
20181217,15.309,15.709,15.229,15.674,174044,0
20181218,15.714,16.04,15.565,15.981,136887,0
20181219,15.981,16.277,15.109,15.119,321946,0
20181220,15.485,15.899,15.485,15.792,1633805,0
20181221,15.772,15.822,15.446,15.594,181012,0
20181224,15.971,16.1,15.779,16.1,176124,0
20181226,16.297,16.337,15.67,15.832,177830,0
20181227,15.891,16.09,15.861,16.09,164786,0
20181228,16.05,16.06,15.732,15.832,313687,0
20181231,15.802,16.06,15.674,16.06,224152,0
20190102,16.06,16.218,15.921,16.119,228724,0
20190103,16.188,16.436,16.148,16.436,191694,0
20190104,16.277,16.347,16.066,16.337,151258,0
20190107,16.496,16.565,16.139,16.168,148656,0
20190108,16.247,16.247,15.861,16.139,142250,0
20190109,16.149,16.426,16.149,16.426,68603,0
20190110,16.367,16.396,16.119,16.198,88866,0
20190111,16.247,16.406,16.134,16.277,74899,0
20190114,16.247,16.377,16,16.03,133088,0
20190115,16.03,16.09,15.594,15.704,177961,0
20190116,15.654,15.889,15.654,15.812,187760,0
20190117,15.842,15.961,15.752,15.961,566038,0
20190118,15.812,15.832,15.555,15.614,266821,0
20190122,15.782,15.822,15.536,15.762,273602,0
20190123,15.704,15.921,15.603,15.832,238564,0
20190124,15.751,15.931,15.751,15.891,221074,0
20190125,16.06,16.436,16.04,16.426,171008,0
20190128,16.486,16.643,16.486,16.545,166177,0
20190129,16.792,17,16.624,16.99,110826,0
20190130,16.961,17.426,16.832,17.139,201641,0
20190131,17.278,17.515,17.238,17.505,170208,0
20190201,17.426,17.475,17.154,17.387,303637,0
20190204,17.159,17.367,17.089,17.367,298342,0
20190205,17.337,17.445,17.195,17.426,310312,0
20190206,17.268,17.505,17.268,17.268,159314,0
20190207,17.327,17.327,17.139,17.188,27021,0
20190208,17.218,17.465,17.098,17.387,189535,0
20190211,17.248,17.4,17.178,17.248,197336,0
20190212,17.397,17.416,17.139,17.218,239856,0
20190213,16.961,17.307,16.837,17.079,1085298,0
20190214,17.059,17.183,16.981,17.149,414301,0
20190215,17.208,17.367,17,17.327,195071,0
20190219,17.465,18.089,17.387,18.02,457341,0
20190220,18.149,18.446,18.05,18.209,956206,0
20190221,18.129,18.159,17.909,18.01,265535,0
20190222,18.109,18.257,17.891,17.97,180182,0
20190225,17.98,18.02,17.723,17.723,187974,0
20190226,17.763,17.818,17.407,17.619,254391,0
20190227,17.555,17.579,17.238,17.317,97122,0
20190228,17.327,17.347,17.208,17.248,131697,0
20190301,17.198,17.337,16.872,16.882,198635,0
20190304,16.822,17.02,16.616,17.02,407539,0
20190305,16.902,17.039,16.842,17.039,164314,0
20190306,16.99,17.03,16.614,16.614,111769,0
20190307,16.703,16.909,16.653,16.842,148219,0
20190308,17.109,17.307,16.951,17.307,199636,0
20190311,17.357,17.443,16.981,17.258,486816,0
20190312,17.298,17.604,17.248,17.564,110899,0
20190313,17.743,17.823,17.564,17.763,124233,0
20190314,17.426,17.426,17.238,17.317,128716,0
20190315,17.317,17.505,17.168,17.268,83292,0
20190318,17.317,17.377,17.129,17.139,143369,0
20190319,17.258,17.347,17.198,17.208,310848,0
20190320,17.238,17.653,16.972,17.624,141149,0
20190321,17.564,17.713,17.377,17.634,204129,0
20190322,17.588,17.763,17.485,17.674,176919,0
20190325,17.813,18.149,17.803,18.119,145158,0
20190326,17.94,18.219,17.901,18.219,56103,0
20190327,18.219,18.219,17.891,17.921,186758,0
20190328,17.654,17.654,17.317,17.426,115556,0
20190329,17.644,17.644,17.387,17.387,542830,0
20190401,17.377,17.445,16.951,17.03,117838,0
20190402,17.079,17.198,17.039,17.139,328413,0
20190403,17.198,17.258,17.139,17.168,125276,0
20190404,17.099,17.495,16.887,17.495,140484,0
20190405,17.426,17.448,17.278,17.367,53664,0
20190408,17.604,17.703,17.525,17.654,66212,0
20190409,17.763,17.773,17.644,17.713,104900,0
20190410,17.713,17.773,17.497,17.535,74676,0
20190411,17.258,17.416,17.129,17.218,125132,0
20190412,17.298,17.357,17.168,17.238,53068,0
20190415,17.099,17.268,17.01,17.248,72609,0
20190416,17.139,17.159,16.941,16.981,262533,0
20190417,17.119,17.139,16.754,16.931,115252,0
20190418,16.971,16.981,16.555,16.624,129993,0
20190422,16.683,16.811,16.337,16.367,145774,0
20190423,16.257,16.337,16.188,16.228,238235,0
20190424,16.327,16.555,16.139,16.406,132015,0
20190425,16.515,16.525,16.188,16.247,172516,0
20190426,16.456,16.663,16.456,16.545,72067,0
20190429,16.584,16.584,16.11,16.208,317576,0
20190430,16.178,16.327,16.178,16.218,110721,0
20190501,16.267,16.402,15.852,15.99,119355,0
20190502,15.851,15.961,15.732,15.742,383238,0
20190503,15.911,16.05,15.822,15.822,175020,0
20190506,15.772,15.931,15.752,15.802,67465,0
20190507,16.02,16.208,15.802,16.149,123154,0
20190508,16.178,16.381,15.893,15.951,104460,0
20190509,15.951,16.07,15.851,15.851,56961,0
20190510,15.931,15.931,15.714,15.723,134446,0
20190513,15.921,16.238,15.842,16.188,96456,0
20190514,16.208,16.218,15.971,16.168,99241,0
20190515,16.168,16.267,16.119,16.139,59670,0
20190516,16.158,16.158,15.812,15.951,50182,0
20190517,15.861,16.09,15.792,16.05,72540,0
20190520,15.981,16.158,15.96,16.03,77960,0
20190521,16.01,16.06,15.861,16.04,62110,0
20190522,16.1,16.11,15.802,15.881,103224,0
20190523,15.911,16.228,15.891,15.901,230607,0
20190524,15.891,16.01,15.866,15.951,17930,0
20190528,15.842,15.981,15.812,15.891,48801,0
20190529,15.99,16.01,15.842,15.851,65447,0
20190530,15.941,16.178,15.832,16.149,61301,0
20190531,16.386,16.882,16.386,16.822,91534,0
20190603,17.02,17.584,17.02,17.584,436136,0
20190604,17.485,17.713,17.407,17.713,354023,0
20190605,17.891,18.109,17.555,17.783,328190,0
20190606,17.813,18.03,17.773,17.951,184816,0
20190607,18.149,18.159,17.868,17.99,90120,0
20190610,17.703,17.723,17.347,17.674,215638,0
20190611,17.664,17.871,17.564,17.803,96686,0
20190612,17.931,18.194,17.931,18.119,40312,0
20190613,18.08,18.386,18.08,18.376,188068,0
20190614,18.485,18.673,18.248,18.416,363668,0
20190617,18.536,18.556,18.266,18.486,132992,0
20190618,18.666,18.825,18.446,18.596,224970,0
20190619,18.506,18.915,18.466,18.815,130187,0
20190620,19.404,19.872,19.394,19.753,343961,0
20190621,19.713,19.952,19.561,19.913,369628,0
20190624,19.932,20.641,19.913,20.551,499165,0
20190625,20.701,20.929,20.002,20.361,302063,0
20190626,19.962,20.471,19.853,20.312,213381,0
20190627,20.232,20.252,20.032,20.162,295084,0
20190628,20.252,20.424,20.152,20.371,111285,0
20190701,19.913,19.952,19.523,19.573,744919,0
20190702,19.793,20.43,19.743,20.342,343841,0
20190703,20.451,20.471,20.182,20.431,191522,0
20190705,19.982,20.311,19.643,20.262,372553,0
20190708,20.322,20.427,20.092,20.232,250772,0
20190709,20.132,20.421,20.102,20.421,179438,0
20190710,20.701,20.94,20.581,20.91,117489,0
20190711,20.9,21.02,20.581,20.731,564902,0
20190712,20.81,20.98,20.701,20.92,88753,0
20190715,20.86,21.05,20.8,20.96,104028,0
20190716,20.79,20.98,20.711,20.77,120428,0
20190717,20.86,21.489,20.86,21.449,149850,0
20190718,21.429,22.347,21.229,22.347,308830,0
20190719,22.287,22.322,21.798,22.087,314938,0
20190722,22.127,22.27,22.008,22.067,335492,0
20190723,22.087,22.277,21.718,21.888,134266,0
20190724,22.057,22.197,21.918,22.117,282631,0
20190725,21.938,22.026,21.559,21.628,176912,0
20190726,21.758,21.891,21.439,21.459,109815,0
20190729,21.618,21.918,21.479,21.918,107193,0
20190730,21.988,22.077,21.878,21.928,71860,0
20190731,21.898,21.958,20.85,20.92,374447,0
20190801,20.541,22.073,20.453,21.958,184269,0
20190802,21.828,22.227,21.748,21.958,154621,0
20190805,22.397,23.015,22.397,22.726,660589,0
20190806,22.656,22.935,22.486,22.806,226594,0
20190807,23.524,23.968,23.324,23.394,632221,0
20190808,23.294,23.703,22.965,23.644,249982,0
20190809,23.544,23.654,23.29,23.314,220383,0
20190812,23.514,23.642,23.055,23.085,245496,0
20190813,23.347,23.384,22.115,22.606,345373,0
20190814,22.905,23.195,22.676,22.676,440513,0
20190815,22.676,23.055,22.467,22.935,246498,0
20190816,22.766,22.885,22.566,22.726,231415,0
20190819,22.317,22.776,22.037,22.367,1196428,0
20190820,22.576,23.235,22.576,23.105,437646,0
20190821,22.955,23.125,22.885,23.005,203049,0
20190822,22.905,23.055,22.786,22.846,308022,0
20190823,23.025,23.793,22.994,23.743,417397,0
20190826,23.843,24.083,23.547,23.733,279446,0
20190827,23.773,24.551,23.743,24.512,359345,0
20190828,24.601,24.731,24.145,24.462,280162,0
20190829,24.422,24.422,23.614,23.763,454372,0
20190830,23.793,24.162,23.564,23.963,196537,0
20190903,24.322,24.551,24.122,24.262,325953,0
20190904,24.302,24.631,24.152,24.601,217938,0
20190905,24.322,24.322,23.205,23.334,870753,0
20190906,23.444,23.674,22.676,22.676,357402,0
20190909,22.865,22.945,22.057,22.167,461560,0
20190910,22.057,22.327,21.829,21.948,357253,0
20190911,21.988,22.466,21.978,22.107,154058,0
20190912,22.626,22.935,21.818,21.818,178627,0
20190913,21.848,22.027,21.409,21.409,258797,0
20190916,21.868,22.008,21.539,21.818,1402935,0
20190917,21.878,22.676,21.878,22.566,369694,0
20190918,22.686,22.686,21.688,22.167,423555,0
20190919,22.257,22.646,22.257,22.586,134860,0
20190920,22.686,23.035,22.466,23.025,154492,0
20190923,22.945,23.444,22.937,23.434,711582,0
20190924,23.265,23.793,23.115,23.723,311269,0
20190925,23.594,23.694,22.746,23.015,437878,0
20190926,23.055,23.177,22.696,22.696,277290,0
20190927,22.357,22.429,22.037,22.097,322048,0
20190930,21.818,21.978,21.379,21.479,194072,0
20191001,21.469,22.057,21.309,21.808,394392,0
20191002,21.958,22.122,21.762,21.988,370089,0
20191003,21.958,22.496,21.938,21.938,203608,0
20191004,21.998,22.446,21.898,22.446,206777,0
20191007,22.267,22.515,22.157,22.267,160708,0
20191008,22.566,22.796,22.456,22.776,219291,0
20191009,22.746,22.836,22.496,22.556,267775,0
20191010,22.596,22.626,22.127,22.596,132305,0
20191011,22.277,22.287,21.618,21.638,214600,0
20191014,21.698,21.912,21.658,21.768,195092,0
20191015,21.599,21.637,21.16,21.16,298595,0
20191016,21.309,21.589,21.199,21.549,181602,0
20191017,21.489,22.147,21.439,21.958,118660,0
20191018,21.818,22.057,21.661,21.948,96962,0
20191021,22.047,22.087,21.466,21.569,96310,0
20191022,21.589,21.688,21.239,21.469,83278,0
20191023,21.529,21.838,21.529,21.668,67581,0
20191024,21.708,22.292,21.658,22.279,112921,0
20191025,22.816,22.826,22.217,22.417,172975,0
20191028,22.277,22.317,21.868,21.948,221973,0
20191029,21.768,22.177,21.658,21.998,212639,0
20191030,22.097,22.257,21.733,22.247,109464,0
20191031,22.496,22.945,22.473,22.945,175363,0
20191101,22.776,22.915,22.607,22.875,336997,0
20191104,22.875,22.905,22.417,22.486,105055,0
20191105,21.998,22.197,21.748,21.958,291524,0
20191106,22.047,22.337,21.958,22.257,219755,0
20191107,22.157,22.217,21.319,21.429,426575,0
20191108,21.13,21.429,21.11,21.18,1262575,0
20191111,21.18,21.329,21.116,21.209,255663,0
20191112,21.249,21.449,20.961,21.419,154809,0
20191113,21.559,21.853,21.549,21.658,122685,0
20191114,21.778,21.889,21.638,21.838,512187,0
20191115,21.758,21.922,21.668,21.708,124180,0
20191118,21.688,21.978,21.539,21.958,1344406,0
20191119,21.898,22.257,21.898,22.057,132946,0
20191120,21.998,22.247,21.868,22.147,202494,0
20191121,22.037,22.217,21.77,21.778,81977,0
20191122,21.858,21.858,21.549,21.634,144558,0
20191125,21.429,21.569,21.199,21.209,160814,0
20191126,21.249,21.688,21.17,21.618,52180,0
20191127,21.519,21.608,21.359,21.519,126850,0
20191129,21.608,21.979,21.589,21.918,52055,0
20191202,21.878,21.998,21.708,21.928,116889,0
20191203,22.257,22.666,22.257,22.536,125395,0
20191204,22.516,22.516,22.242,22.377,57716,0
20191205,22.277,22.586,22.277,22.456,122601,0
20191206,22.197,22.268,21.968,21.978,56059,0
20191209,22.067,22.147,21.878,21.948,146825,0
20191210,22.127,22.147,21.948,22.117,79048,0
20191211,22.227,22.776,22.207,22.686,270263,0
20191212,23.035,23.045,22.451,22.636,203200,0
20191213,22.427,22.746,22.357,22.696,58751,0
20191216,22.79,22.79,22.3901,22.46,117272,0
20191217,22.43,22.49,22.25,22.25,52709,0
20191218,22.25,22.4737,22.2101,22.46,72679,0
20191219,22.47,22.51,22.262,22.37,247317,0
20191220,22.45,22.4729,22.1487,22.16,43727,0
20191223,22.16,22.8,22.16,22.8,195053,0
20191224,23.04,23.49,22.93,23.49,179641,0
20191226,23.63,23.94,23.54,23.78,234021,0
20191227,23.66,23.86,23.5499,23.65,221345,0
20191230,23.82,24.15,23.7864,24.15,266899,0
20191231,24.29,24.38,24.05,24.07,157336,0
20200102,24.12,24.36,23.95,24.02,199494,0
20200103,24.39,24.45,23.79,23.9,248224,0
20200106,24.48,24.48,23.8318,23.99,330664,0
20200107,23.92,24.18,23.8,24.14,261013,0
20200108,24.1,24.21,23.16,23.26,398273,0
20200109,23.1,23.36,23,23.0281,219836,0
20200110,23.22,23.4663,23.18,23.42,237981,0
20200113,23.32,23.37,22.82,22.87,165678,0
20200114,22.78,23.1899,22.7,23.13,165465,0
20200115,23.26,23.6649,23.17,23.63,148274,0
20200116,23.56,23.63,23.36,23.58,101696,0
20200117,23.69,23.69,23.41,23.47,97535,0
20200121,23.45,23.77,23.32,23.74,70174,0
20200122,23.79,23.88,23.58,23.75,78755,0
20200123,23.65,23.87,23.4806,23.55,119733,0
