Date,Open,High,Low,Close,Volume,OpenInt
20110503,13.814,13.828,13.796,13.796,6506,0
20110504,13.775,13.775,13.715,13.715,22596,0
20110505,13.708,13.726,13.653,13.653,2892,0
20110506,13.715,13.715,13.666,13.666,6753,0
20110509,13.576,13.705,13.576,13.705,3559,0
20110510,13.807,13.807,13.783,13.796,4373,0
20110511,13.642,13.686,13.628,13.686,3593,0
20110512,13.608,13.608,13.576,13.576,545,0
20110513,13.653,13.653,13.653,13.653,308,0
20110516,13.554,13.554,13.489,13.489,1626,0
20110517,13.326,13.394,12.867,13.144,75547,0
20110518,13.41,13.47,13.41,13.444,4336,0
20110519,13.614,13.628,13.454,13.581,42308,0
20110520,13.477,13.477,13.477,13.477,182,0
20110523,13.267,13.267,13.267,13.267,182,0
20110524,13.25,13.262,13.25,13.262,1814,0
20110525,13.301,13.394,13.217,13.383,8750,0
20110526,13.339,13.387,13.293,13.387,2348,0
20110527,13.454,13.466,13.454,13.466,1989,0
20110601,13.426,13.432,13.339,13.339,7945,0
20110603,13.339,13.339,13.272,13.272,4066,0
20110606,13.332,13.332,13.262,13.262,2532,0
20110607,13.223,13.279,13.223,13.279,1081,0
20110608,13.267,13.267,13.161,13.161,362,0
20110609,13.18,13.234,13.18,13.228,2167,0
20110610,14.334,14.334,12.973,12.973,16740,0
20110613,12.973,12.973,12.969,12.969,6328,0
20110614,13.078,13.189,13.078,13.183,1914,0
20110615,12.973,12.973,12.973,12.973,545,0
20110616,12.896,12.896,12.896,12.896,362,0
20110617,12.896,13.041,12.896,12.896,84467,0
20110620,12.959,12.984,12.959,12.984,1989,0
20110621,12.997,13.014,12.951,12.99,6361,0
20110622,12.99,12.99,12.886,12.886,2995,0
20110623,12.697,12.801,12.692,12.801,2056,0
20110624,12.864,12.864,12.82,12.825,26479,0
20110627,12.951,12.951,12.951,12.951,3611,0
20110628,12.959,12.959,12.959,12.959,182,0
20110629,12.963,12.969,12.963,12.963,7394,0
20110630,13.106,13.124,13.106,13.111,17878,0
20110701,13.205,13.262,13.205,13.262,1264,0
20110705,12.808,13.533,12.808,13.533,3755,0
20110706,13.554,13.554,13.238,13.272,9188,0
20110707,13.317,13.477,13.317,13.426,5322,0
20110708,13.323,13.377,13.293,13.377,1264,0
20110711,13.608,13.608,13.174,13.174,2577,0
20110712,13.002,13.002,12.973,12.973,1816,0
20110713,13.028,13.086,12.959,12.959,4536,0
20110714,12.864,12.864,12.847,12.847,545,0
20110715,12.786,13.293,12.786,12.82,11279,0
20110718,12.725,12.725,12.24,12.568,20204,0
20110719,12.725,12.751,12.725,12.741,1444,0
20110720,12.801,12.801,12.756,12.756,1081,0
20110726,12.879,12.891,12.879,12.891,816,0
20110727,12.725,12.725,12.608,12.608,8548,0
20110728,12.492,12.543,12.454,12.454,2566,0
20110729,12.088,12.293,12.076,12.236,17490,0
20110801,12.454,12.454,12.371,12.371,3075,0
20110802,12.685,12.685,11.773,12.106,10335,0
20110803,12.629,12.629,11.998,12.076,33878,0
20110804,11.907,11.939,11.392,11.623,9506,0
20110805,11.566,11.566,11.253,11.408,4555,0
20110808,10.86,10.86,10.269,10.269,10445,0
20110809,10.368,11.115,10.259,10.372,11264,0
20110810,10.701,10.926,10.701,10.926,545,0
20110811,10.827,11.136,10.827,11.136,12345,0
20110812,11.066,11.287,11.066,11.188,9018,0
20110815,11.335,11.52,11.335,11.52,6143,0
20110816,11.788,11.788,11.788,11.788,453,0
20110817,11.52,11.52,11.48,11.48,4066,0
20110818,11.341,11.341,10.961,10.961,5202,0
20110819,10.754,10.754,10.754,10.754,182,0
20110822,10.782,10.782,10.778,10.778,7228,0
20110823,10.889,11.45,10.889,11.45,10121,0
20110824,11.174,11.192,11.16,11.192,7500,0
20110829,11.662,11.761,11.662,11.761,1081,0
20110831,11.784,11.784,11.784,11.784,362,0
20110902,11.241,11.241,11.182,11.182,3794,0
20110907,11.387,11.504,11.387,11.48,10042,0
20110908,11.523,11.523,11.28,11.28,11819,0
20110912,11.02,11.075,11.02,11.066,4882,0
20110914,11.392,11.475,11.392,11.475,3972,0
20110915,11.546,11.558,11.546,11.558,906,0
20110916,12.101,12.101,12.101,12.101,182,0
20110919,11.28,11.458,11.259,11.259,62362,0
20110921,11.241,11.241,11.241,11.241,453,0
20110922,10.644,10.677,10.634,10.634,2713,0
20110923,10.606,10.606,10.606,10.606,816,0
20110927,11.126,11.126,11.126,11.126,233,0
20110928,10.838,10.838,10.787,10.787,726,0
20110929,10.86,10.86,10.772,10.801,5208,0
20111003,10.2,10.2,10.2,10.2,1770,0
20111004,10.137,10.137,9.482,10.007,46349,0
20111005,10.495,10.495,10.372,10.405,7863,0
20111006,10.565,10.827,10.565,10.827,9208,0
20111007,10.662,10.69,10.649,10.649,2892,0
20111010,10.805,10.805,10.744,10.744,5777,0
20111013,10.71,10.821,10.71,10.821,4554,0
20111014,10.942,10.986,10.942,10.986,1810,0
20111017,10.849,10.849,10.849,10.849,1380,0
20111018,10.966,11.057,10.966,11.057,2713,0
20111020,10.69,10.749,10.69,10.749,1626,0
20111024,11.235,11.296,11.235,11.296,1618,0
20111025,11.867,11.867,11.182,11.182,1429,0
20111026,11.235,11.235,11.082,11.082,550,0
20111027,11.62,12.172,11.62,12.172,3852,0
20111028,11.729,12.14,11.45,11.895,13393,0
20111031,11.839,11.839,11.839,11.839,1222,0
20111102,11.895,11.895,11.895,11.895,545,0
20111103,11.62,12.521,11.62,12.449,5146,0
20111104,13.529,13.529,12.28,12.449,10537,0
20111107,12.449,12.449,12.172,12.42,6873,0
20111108,12.42,12.587,12.172,12.172,4472,0
20111109,12.587,12.587,12.554,12.559,996,0
20111110,12.172,12.172,10.772,11.248,30401,0
20111111,11.324,11.43,11.324,11.419,2348,0
20111114,11.287,11.292,11.287,11.287,2167,0
20111115,11.259,11.412,11.207,11.412,3439,0
20111116,11.43,11.43,11.392,11.392,906,0
20111117,11.248,11.248,11.17,11.17,3255,0
20111118,11.207,11.319,11.192,11.309,2488,0
20111121,11.203,11.536,10.972,10.972,4134,0
20111122,11.01,11.015,10.978,10.986,4519,0
20111123,10.787,10.787,10.649,10.649,11569,0
20111125,10.649,11.612,10.573,11.612,4519,0
20111128,10.821,11.612,10.812,10.812,5928,0
20111129,10.926,10.926,10.782,10.815,2892,0
20111130,11.126,11.165,11.126,11.165,1989,0
20111201,11.33,11.341,11.235,11.235,1989,0
20111202,11.425,11.436,11.354,11.402,25500,0
20111205,11.561,11.561,11.464,11.464,726,0
20111206,11.464,11.612,11.464,11.601,10386,0
20111207,11.507,11.513,11.369,11.495,10197,0
20111208,11.612,11.612,11.22,11.22,6142,0
20111209,11.412,11.45,11.412,11.45,2235,0
20111212,11.22,11.22,11.203,11.203,2625,0
20111213,11.231,11.302,11.231,11.241,4186,0
20111214,10.993,10.993,10.934,10.993,12192,0
20111215,11.038,11.038,11.015,11.015,362,0
20111216,11.071,11.075,11.071,11.075,362,0
20111219,10.981,11.057,10.894,10.894,1869,0
20111220,11.131,11.131,11.109,11.109,1632,0
20111221,11.147,11.147,11.143,11.143,1810,0
20111222,11.314,11.38,11.314,11.38,1989,0
20111223,11.419,11.419,11.419,11.419,1081,0
20111227,11.425,11.425,11.392,11.412,1313,0
20111229,11.361,11.387,11.302,11.314,7022,0
20111230,11.45,11.45,11.227,11.248,19522,0
20120103,11.357,11.528,11.357,11.528,4882,0
20120104,11.558,11.574,11.558,11.574,1087,0
20120105,11.566,11.601,11.387,11.601,1642,0
20120106,11.601,11.784,11.546,11.674,15878,0
20120109,11.62,11.662,11.601,11.623,11979,0
20120110,11.734,11.812,11.734,11.8,9039,0
20120111,11.49,11.546,11.475,11.546,2485,0
20120112,11.574,11.584,11.566,11.566,5962,0
20120113,11.657,11.657,11.513,11.584,7051,0
20120117,11.662,11.667,11.634,11.634,1956,0
20120118,11.685,11.716,11.685,11.716,3263,0
20120119,11.812,12.042,11.795,11.947,5150,0
20120120,11.867,11.867,11.867,11.867,906,0
20120123,12.033,12.033,11.895,11.917,4563,0
20120124,11.917,11.917,11.917,11.917,182,0
20120125,12.056,12.62,12.042,12.042,8855,0
20120126,12.082,12.082,12.03,12.03,3581,0
20120127,11.955,11.955,11.933,11.933,1810,0
20120130,11.888,11.998,11.888,11.947,1825,0
20120131,12.004,12.004,11.955,11.955,666,0
20120201,11.998,12.145,11.998,12.128,15361,0
20120202,12.224,12.224,12.204,12.204,1444,0
20120203,12.301,12.388,12.301,12.377,4626,0
20120206,12.443,12.443,12.271,12.28,3141,0
20120207,12.388,12.388,12.293,12.359,1626,0
20120208,12.315,12.315,12.133,12.189,6917,0
20120209,12.248,12.256,12.248,12.256,2239,0
20120210,12.159,12.159,12.149,12.159,7213,0
20120214,12.276,12.276,12.224,12.224,1842,0
20120215,12.209,12.209,12.189,12.189,4706,0
20120216,12.185,12.293,12.166,12.293,5321,0
20120217,12.353,12.359,12.353,12.359,4414,0
20120221,12.359,12.431,12.359,12.404,6696,0
20120222,12.359,12.371,12.339,12.371,6462,0
20120224,12.388,12.388,12.371,12.371,7414,0
20120227,12.364,12.404,12.364,12.388,3305,0
20120228,12.364,12.426,12.286,12.392,4154,0
20120229,12.454,12.454,12.359,12.359,5542,0
20120301,12.388,12.388,12.388,12.388,390,0
20120302,12.31,12.31,12.271,12.271,1502,0
20120305,12.228,12.228,12.228,12.228,1081,0
20120306,12.196,12.196,12.022,12.022,2167,0
20120308,12.31,12.319,12.293,12.319,1991,0
20120309,12.377,12.436,12.377,12.426,1751,0
20120312,12.371,12.377,12.371,12.377,4429,0
20120313,12.454,12.482,12.449,12.482,2060,0
20120314,12.503,12.515,12.436,12.482,4444,0
20120315,12.629,12.629,12.496,12.515,1810,0
20120316,12.642,12.642,12.42,12.42,2304,0
20120319,12.454,12.548,12.454,12.529,19538,0
20120320,12.454,12.476,12.426,12.476,3972,0
20120321,12.443,12.443,12.443,12.443,362,0
20120322,12.521,12.521,12.28,12.28,12294,0
20120323,12.276,12.381,12.248,12.381,1043,0
20120326,12.568,12.568,12.459,12.465,1626,0
20120327,12.476,12.476,12.431,12.465,3262,0
20120328,12.42,12.42,12.332,12.359,8136,0
20120329,12.353,12.353,12.353,12.353,636,0
20120330,12.392,12.443,12.392,12.443,996,0
20120402,12.443,12.568,12.443,12.559,29908,0
20120403,12.525,12.587,12.525,12.564,3541,0
20120404,12.554,12.554,12.409,12.414,4700,0
20120405,12.409,12.409,12.371,12.388,19781,0
20120409,12.256,12.315,12.189,12.271,10129,0
20120410,12.31,12.31,11.998,11.998,12472,0
20120411,11.845,11.888,11.845,11.873,5559,0
20120412,11.955,11.995,11.955,11.995,4211,0
20120413,12.072,12.072,11.907,11.907,4149,0
20120416,11.903,11.947,11.839,11.939,4211,0
20120417,12.061,12.094,12.061,12.061,8480,0
20120418,12.03,12.03,11.839,11.96,3075,0
20120419,12.111,12.111,11.845,11.971,8334,0
20120420,12.056,12.082,12.037,12.037,4939,0
20120423,11.903,11.96,11.903,11.955,4092,0
20120424,12.082,12.094,12.072,12.072,2389,0
20120425,12.204,12.204,12.204,12.204,726,0
20120426,12.228,12.256,12.217,12.228,6301,0
20120427,12.256,12.324,12.256,12.324,513,0
20120430,12.301,12.345,12.286,12.319,4001,0
20120501,12.315,12.345,12.268,12.268,5213,0
20120502,12.231,12.31,12.224,12.28,10741,0
20120503,12.248,12.268,12.189,12.209,16179,0
20120504,12.101,12.111,12.061,12.088,143846,0
20120507,11.883,12.192,11.883,12.177,21218,0
20120508,12.172,12.172,12.067,12.114,7727,0
20120509,11.907,12.196,11.907,12.196,1264,0
20120510,12.228,12.248,12.228,12.231,5423,0
20120511,12.166,12.248,12.166,12.228,3075,0
20120514,12.172,12.172,12.101,12.121,3304,0
20120515,12.14,12.236,12.088,12.088,50695,0
20120516,12.149,12.392,12.03,12.03,208911,0
20120517,12.236,12.236,11.778,11.795,15004,0
20120518,11.722,11.74,11.45,11.504,40941,0
20120521,11.591,11.734,11.584,11.734,11288,0
20120522,11.834,11.834,11.834,11.834,595,0
20120523,11.74,11.903,11.716,11.903,5574,0
20120524,11.984,11.984,11.984,11.984,669,0
20120525,11.984,11.991,11.984,11.991,553,0
20120529,12.172,12.172,12.061,12.076,2195,0
20120530,12.037,12.037,12.037,12.037,906,0
20120531,11.955,11.955,11.955,11.955,362,0
20120601,11.895,11.921,11.895,11.917,3542,0
20120604,11.955,11.955,11.778,11.778,796,0
20120605,11.927,11.933,11.927,11.933,5962,0
20120606,12.14,12.231,12.14,12.231,4148,0
20120607,12.315,12.315,12.228,12.228,4112,0
20120608,12.204,12.301,12.204,12.301,2414,0
20120611,12.392,12.414,12.388,12.392,15184,0
20120612,12.324,12.392,12.324,12.392,4134,0
20120613,12.465,12.496,12.398,12.398,1940,0
20120614,12.42,12.465,12.42,12.459,1716,0
20120615,12.465,12.559,12.465,12.559,18852,0
20120618,12.582,12.587,12.548,12.548,1283,0
20120619,12.662,12.697,12.662,12.676,3794,0
20120622,12.615,12.62,12.591,12.615,3375,0
20120625,12.615,12.615,12.349,12.548,14417,0
20120626,12.608,12.68,12.582,12.642,1430,0
20120627,12.725,12.756,12.725,12.756,977,0
20120628,12.669,12.789,12.669,12.789,1810,0
20120629,12.886,12.934,12.886,12.908,20790,0
20120702,13.078,13.124,12.969,13.124,4224,0
20120705,13.183,13.205,13.183,13.189,5423,0
20120706,13.161,13.161,13.136,13.136,1457,0
20120709,13.18,13.18,13.139,13.161,6015,0
20120710,13.111,13.111,13.092,13.106,6095,0
20120711,13.008,13.048,12.973,12.973,4752,0
20120712,12.864,12.864,12.751,12.751,4154,0
20120713,12.891,12.908,12.879,12.891,10842,0
20120716,12.9,12.946,12.896,12.946,3794,0
20120717,12.93,12.977,12.864,12.951,9964,0
20120718,12.747,12.959,12.469,12.934,5146,0
20120719,12.9,12.9,12.853,12.864,14584,0
20120720,12.813,12.833,12.808,12.813,9792,0
20120723,12.648,12.747,12.648,12.747,8379,0
20120724,12.608,12.652,12.381,12.652,25688,0
20120725,12.833,12.833,12.676,12.692,6188,0
20120726,12.786,12.797,12.73,12.775,177842,0
20120727,12.725,12.951,12.725,12.951,12832,0
20120730,12.919,12.93,12.853,12.853,11207,0
20120731,12.913,12.93,12.797,12.833,41350,0
20120801,12.997,12.997,12.751,12.751,14878,0
20120802,12.886,12.886,12.712,12.747,15005,0
20120803,12.913,12.959,12.891,12.946,14785,0
20120806,13.028,13.139,13.008,13.041,32823,0
20120807,13.078,13.111,12.99,12.99,80244,0
20120808,13.008,13.072,12.99,13.057,72018,0
20120809,12.62,13.124,12.62,13.117,21149,0
20120810,13.124,13.168,13.117,13.168,6833,0
20120813,13.168,13.223,13.149,13.223,3509,0
20120814,13.25,13.255,13.223,13.228,21310,0
20120815,13.228,13.255,13.228,13.25,29493,0
20120816,13.279,13.349,13.279,13.339,17728,0
20120817,13.287,13.367,13.287,13.326,8041,0
20120820,13.326,13.367,13.139,13.356,28729,0
20120821,13.529,13.529,13.344,13.349,18703,0
20120822,13.279,13.339,13.267,13.323,7174,0
20120823,13.144,13.144,13.144,13.144,2713,0
20120824,13.205,13.287,13.144,13.272,9030,0
20120827,13.301,13.383,13.301,13.326,11074,0
20120828,13.444,13.444,13.287,13.387,8287,0
20120829,13.608,13.608,13.416,13.45,8097,0
20120830,13.426,13.426,13.356,13.361,8886,0
20120831,13.754,13.754,13.361,13.394,12519,0
20120904,13.748,13.748,13.405,13.533,96211,0
20120905,13.542,13.628,13.538,13.576,60750,0
20120906,13.719,13.719,13.639,13.666,27403,0
20120907,13.708,13.708,13.686,13.7,22721,0
20120910,13.743,13.748,13.694,13.731,26876,0
20120911,13.783,13.802,13.731,13.796,41583,0
20120912,13.885,13.885,13.356,13.846,89701,0
20120913,13.885,14.003,13.802,13.936,26321,0
20120914,14.054,14.152,14.054,14.152,16639,0
20120917,14.631,14.631,14.054,14.068,35607,0
20120918,14.054,14.054,13.632,13.876,5900,0
20120919,14.048,14.048,13.925,13.975,13283,0
20120920,14.048,14.048,13.919,13.975,11554,0
20120921,14.081,14.081,14.054,14.054,7594,0
20120924,14.081,14.081,13.975,13.997,22250,0
20120925,14.014,14.014,13.743,13.754,11687,0
20120926,13.68,13.7,13.666,13.666,1619,0
20120927,13.5,13.871,13.421,13.866,10977,0
20120928,13.885,13.885,13.754,13.775,8665,0
20121001,14.023,14.023,13.828,13.836,14917,0
20121002,13.853,13.871,13.846,13.853,3317,0
20121003,13.97,13.97,13.789,13.789,13050,0
20121004,13.885,13.958,13.885,13.958,4882,0
20121005,14.091,14.143,14.081,14.143,8993,0
20121008,14.218,14.218,13.89,13.89,89735,0
20121009,13.97,14.075,13.919,13.925,35044,0
20121010,13.675,14.196,13.533,13.548,8768,0
20121011,13.421,13.62,13.421,13.594,23202,0
20121012,13.614,13.614,13.466,13.466,6726,0
20121015,13.432,13.489,13.405,13.483,18258,0
20121016,13.694,13.694,13.529,13.628,8718,0
20121017,13.628,13.739,13.628,13.731,20037,0
20121018,13.763,13.822,13.754,13.789,18586,0
20121019,13.802,13.802,13.608,13.608,25996,0
20121022,13.571,13.662,13.571,13.653,37667,0
20121023,13.605,13.605,13.483,13.522,30183,0
20121024,13.542,13.576,13.522,13.522,27248,0
20121025,13.715,13.715,13.529,13.62,30927,0
20121026,13.639,13.653,13.581,13.653,6441,0
20121031,13.731,13.802,13.675,13.708,6758,0
20121101,13.783,13.997,13.67,13.768,84849,0
20121102,13.793,13.793,13.561,13.561,11245,0
20121105,13.639,13.639,13.504,13.554,15970,0
20121106,13.608,13.653,13.571,13.587,7414,0
20121107,13.45,13.489,13.2,13.255,30212,0
20121108,13.349,13.356,13.217,13.217,8911,0
20121109,13.057,13.2,13.002,13.002,26360,0
20121112,13.034,13.244,12.642,13.238,24494,0
20121113,13.189,13.189,13.061,13.072,6344,0
20121114,13.048,13.048,12.449,12.487,71255,0
20121115,12.697,12.756,12.454,12.751,16800,0
20121116,12.9,13.106,12.751,13.106,8495,0
20121119,13.092,13.339,12.741,13.323,21984,0
20121120,13.405,13.405,13.238,13.25,4163,0
20121121,13.287,13.344,13.287,13.344,17502,0
20121123,13.554,13.554,13.394,13.432,15003,0
20121126,13.466,13.489,13.426,13.462,21177,0
20121127,13.504,13.504,13.444,13.444,14825,0
20121128,13.394,13.394,13.377,13.377,2456,0
20121129,13.514,13.542,13.489,13.542,5692,0
20121130,13.576,13.576,13.542,13.561,8378,0
20121203,13.529,13.608,13.529,13.548,5248,0
20121204,13.509,13.686,13.279,13.432,8720,0
20121205,13.715,13.715,13.383,13.383,10259,0
20121206,13.489,13.489,13.377,13.401,4409,0
20121207,13.466,13.466,13.41,13.444,8949,0
20121210,13.483,13.489,13.45,13.477,11084,0
20121211,13.466,13.477,13.432,13.432,5915,0
20121212,13.462,13.483,13.439,13.439,7324,0
20121213,13.548,13.548,13.421,13.439,14312,0
20121214,13.466,13.529,13.466,13.466,14984,0
20121217,13.576,13.632,13.561,13.628,11916,0
20121218,13.686,13.783,13.647,13.783,8499,0
20121219,13.783,13.97,13.783,13.876,64235,0
20121220,13.896,13.925,13.67,13.925,59220,0
20121221,13.842,13.871,13.768,13.822,133480,0
20121224,13.814,13.871,13.796,13.814,43742,0
20121226,13.866,13.881,13.763,13.768,75640,0
20121227,13.731,13.743,13.567,13.7,84351,0
20121228,13.675,13.719,13.639,13.653,11478,0
20121231,13.647,13.904,13.639,13.896,19321,0
20130102,14.041,14.175,13.975,14.175,21058,0
20130103,14.136,14.206,14.097,14.167,15762,0
20130104,14.263,14.395,14.218,14.312,29683,0
20130107,14.402,14.452,14.218,14.307,84353,0
20130108,14.384,14.384,14.241,14.269,64034,0
20130109,14.34,14.408,14.302,14.408,35539,0
20130110,14.818,14.818,14.418,14.452,94567,0
20130111,14.519,14.524,14.418,14.498,50671,0
20130114,14.901,14.901,14.444,14.444,18914,0
20130115,14.401,14.709,14.291,14.596,58160,0
20130116,14.54,14.54,14.338,14.349,34568,0
20130117,14.316,14.581,14.316,14.581,62747,0
20130118,14.418,14.439,14.383,14.418,15652,0
20130122,14.485,14.502,14.452,14.502,17055,0
20130123,14.524,14.524,14.485,14.485,9756,0
20130124,14.524,14.524,14.372,14.401,40074,0
20130125,14.383,14.394,14.349,14.372,20164,0
20130128,14.427,14.427,14.349,14.394,21093,0
20130129,14.394,14.546,14.394,14.54,48870,0
20130130,14.576,14.576,14.434,14.452,48332,0
20130131,14.626,14.656,14.512,14.656,80892,0
20130201,14.699,14.773,14.651,14.664,22333,0
20130204,14.675,14.675,14.537,14.576,79421,0
20130205,14.565,14.669,14.565,14.669,17297,0
20130206,14.669,14.699,14.473,14.54,95546,0
20130207,14.63,14.63,14.407,14.427,45933,0
20130208,14.492,14.576,14.492,14.576,25653,0
20130211,14.63,14.63,14.507,14.546,37765,0
20130212,14.596,14.79,14.57,14.66,46275,0
20130213,14.656,14.722,14.656,14.717,14122,0
20130214,14.709,14.84,14.709,14.79,13751,0
20130215,14.829,14.862,14.696,14.785,167617,0
20130219,14.733,14.885,14.733,14.846,34672,0
20130220,14.891,14.891,14.722,14.722,31401,0
20130221,14.633,14.66,14.434,14.502,49269,0
20130222,14.626,14.717,14.626,14.717,23411,0
20130225,14.805,14.813,14.57,14.581,131029,0
20130226,14.596,14.596,14.512,14.581,11808,0
20130227,14.669,14.76,14.669,14.733,17465,0
20130228,14.773,14.835,14.739,14.8,27345,0
20130301,14.794,14.852,14.656,14.835,29586,0
20130304,14.8,14.868,14.773,14.857,44356,0
20130305,14.852,14.959,14.84,14.934,22635,0
20130306,14.993,15.049,14.919,14.934,47459,0
20130307,15.077,15.077,14.966,14.976,28120,0
20130308,14.765,15.201,14.765,15.061,106636,0
20130311,15.177,15.19,15.077,15.139,47729,0
20130312,15.155,15.161,14.996,15.161,159189,0
20130313,15.022,15.19,15.022,15.111,129163,0
20130314,15.183,15.293,15.126,15.217,155599,0
20130315,15.206,15.359,15.083,15.167,134611,0
20130318,15.134,15.183,14.981,15.043,146767,0
20130319,15.049,15.145,14.835,14.894,160466,0
20130320,14.966,14.97,14.907,14.919,45122,0
20130321,14.966,14.984,14.84,14.894,156215,0
20130322,14.919,15.004,14.907,14.966,85019,0
20130325,15.056,15.068,14.765,14.934,137777,0
20130326,14.946,14.959,14.813,14.885,102259,0
20130327,14.885,14.891,14.794,14.862,29471,0
20130328,14.927,14.996,14.709,14.881,114340,0
20130401,14.959,14.966,14.745,14.765,80373,0
20130402,14.868,15.719,14.79,14.835,64440,0
20130403,14.875,14.875,14.532,14.551,71383,0
20130404,14.63,14.699,14.512,14.614,80280,0
20130405,14.591,14.611,14.434,14.604,25946,0
20130408,14.604,14.699,14.57,14.699,18259,0
20130409,14.785,14.794,14.591,14.623,192031,0
20130410,14.692,14.789,14.687,14.696,35850,0
20130411,14.657,14.846,14.657,14.702,109959,0
20130412,14.702,14.753,14.551,14.597,42021,0
20130415,14.626,14.626,14.126,14.197,150780,0
20130416,14.345,14.501,14.334,14.438,28502,0
20130417,14.442,14.442,14.037,14.166,117287,0
20130418,14.19,14.266,14.106,14.126,38600,0
20130419,14.219,14.323,14.121,14.323,31981,0
20130422,14.334,14.604,14.287,14.54,159817,0
20130423,14.551,14.828,14.54,14.707,295969,0
20130424,14.778,14.816,14.702,14.799,22807,0
20130425,14.778,15.026,14.778,14.862,111430,0
20130426,14.846,14.955,14.793,14.928,41986,0
20130429,15.068,15.12,14.971,15.114,26893,0
20130430,15.209,15.209,15.083,15.182,19541,0
20130501,15.11,15.287,14.759,14.759,157935,0
20130502,15.183,15.265,14.846,14.987,22687,0
20130503,15.145,15.177,15.026,15.033,42567,0
20130506,15.091,15.11,14.995,15.074,36527,0
20130507,15.022,15.086,15.022,15.053,25662,0
20130508,15.074,15.231,15.026,15.11,138725,0
20130509,15.059,15.172,14.978,15,28756,0
20130510,15.177,15.177,14.928,14.982,127575,0
20130513,15.114,15.132,14.967,15.012,46977,0
20130514,15.132,15.246,15.105,15.172,63909,0
20130515,15.202,15.202,15.041,15.105,171799,0
20130516,15.068,15.177,15.059,15.126,24636,0
20130517,15.161,15.202,15.105,15.177,30565,0
20130520,15.08,15.246,15.08,15.231,37203,0
20130521,15.242,15.252,15.19,15.242,10511,0
20130522,15.259,15.33,14.982,15.046,48884,0
20130523,14.955,15.068,14.812,14.978,127787,0
20130524,14.501,15.012,14.501,15.007,17222,0
20130528,15.259,15.259,14.955,14.971,48897,0
20130529,14.961,14.978,14.707,14.822,55429,0
20130530,14.875,14.961,14.828,14.895,40054,0
20130531,14.926,14.947,14.626,14.635,41217,0
20130603,14.636,15.098,14.431,14.597,43654,0
20130604,14.696,14.696,14.426,14.45,75899,0
20130605,14.357,14.491,14.19,14.334,621978,0
20130606,14.231,14.462,14.152,14.381,18902,0
20130607,14.523,14.636,14.523,14.57,68448,0
20130610,14.687,14.687,14.505,14.63,212129,0
20130611,14.587,14.626,14.431,14.476,146407,0
20130612,14.497,14.591,14.26,14.278,181608,0
20130613,14.415,14.505,14.243,14.472,51418,0
20130614,14.582,14.63,14.476,14.523,101705,0
20130617,14.696,14.749,14.591,14.611,63524,0
20130618,14.636,14.678,14.597,14.678,8837,0
20130619,14.626,14.671,14.523,14.523,18654,0
20130620,14.278,14.381,14.175,14.252,18165,0
20130621,14.252,14.287,14.155,14.287,23214,0
20130624,14.152,14.152,13.804,14.037,33329,0
20130625,14.121,14.197,14.023,14.197,13124,0
20130626,14.181,14.345,14.181,14.311,16823,0
20130627,14.438,14.636,14.438,14.611,205401,0
20130628,14.802,14.915,14.802,14.881,4194,0
20130701,14.671,14.718,14.671,14.707,9235,0
20130702,14.707,14.831,14.635,14.635,15157,0
20130703,14.635,14.73,14.635,14.692,12996,0
20130705,14.702,14.753,14.501,14.696,78223,0
20130708,14.696,14.799,14.696,14.784,16831,0
20130709,14.954,14.954,14.795,14.89,41606,0
20130710,14.908,14.928,14.862,14.928,15169,0
20130711,15.083,15.102,14.987,15.068,17683,0
20130712,15.048,15.122,15.027,15.122,19337,0
20130715,15.122,15.216,15.122,15.205,9511,0
20130716,15.154,15.23,15.122,15.142,20074,0
20130717,15.205,15.222,15.188,15.216,8799,0
20130718,15.245,15.34,15.245,15.316,177817,0
20130719,15.236,15.35,15.209,15.269,53204,0
20130722,15.299,15.37,15.252,15.309,77594,0
20130723,15.35,15.421,15.323,15.411,19817,0
20130724,15.516,15.516,15.116,15.164,83912,0
20130725,14.995,15.269,14.912,15.236,5775,0
20130726,15.209,15.273,15.164,15.273,17604,0
20130729,15.2,15.209,15.136,15.142,14147,0
20130730,15.2,15.245,15.146,15.164,21829,0
20130731,15.2,15.236,15.129,15.182,30596,0
20130801,15.258,15.273,15.164,15.182,26212,0
20130802,15.205,15.245,15.205,15.241,7656,0
20130805,15.216,15.216,15.158,15.175,10491,0
20130806,15.195,15.195,15.055,15.083,34172,0
20130807,15.241,15.241,14.848,14.977,25977,0
20130808,15.013,15.06,14.961,15.027,17679,0
20130809,15.055,15.111,14.982,15.048,40246,0
20130812,15.034,15.066,15.001,15.034,17537,0
20130813,15.094,15.094,14.954,14.977,16803,0
20130814,14.912,14.971,14.89,14.919,22024,0
20130815,14.737,14.831,14.73,14.765,13686,0
20130816,14.9,14.9,14.73,14.779,32525,0
20130819,14.779,14.785,14.626,14.626,68588,0
20130820,14.692,14.873,14.614,14.865,19484,0
20130821,14.865,14.878,14.737,14.806,8133,0
20130822,14.89,15.001,14.842,14.931,40013,0
20130823,14.865,14.982,14.865,14.971,11315,0
20130826,14.971,15.034,14.954,14.967,32288,0
20130827,14.926,14.941,14.737,14.772,39240,0
20130828,14.842,14.878,14.772,14.791,39573,0
20130829,14.779,14.954,14.779,14.912,16673,0
20130830,15.242,15.242,15.022,15.022,11141,0
20130903,15.022,15.022,14.745,14.801,20251,0
20130904,14.791,14.934,14.791,14.934,31429,0
20130905,14.941,14.947,14.894,14.912,14198,0
20130906,14.987,15.042,14.977,14.982,5372,0
20130909,15.055,15.122,15.034,15.122,17529,0
20130910,15.142,15.209,15.122,15.195,25834,0
20130911,15.158,15.286,15.158,15.258,52346,0
20130912,15.357,15.357,15.175,15.182,75561,0
20130913,15.245,15.258,15.154,15.222,17452,0
20130916,15.486,15.486,15.209,15.23,26686,0
20130917,15.286,15.286,15.222,15.273,29983,0
20130918,15.273,15.417,15.245,15.391,3317,0
20130919,15.446,15.446,15.273,15.303,43082,0
20130920,15.299,15.316,15.175,15.209,39761,0
20130923,15.209,15.252,15.188,15.23,18007,0
20130924,15.269,15.303,15.23,15.273,14554,0
20130925,15.222,15.385,15.222,15.33,16975,0
20130926,15.35,15.35,15.264,15.294,13449,0
20130927,15.23,15.316,15.222,15.316,15818,0
20130930,15.597,15.605,15.459,15.557,23254,0
20131001,15.33,16.855,15.236,15.309,31793,0
20131002,15.33,15.385,15.175,15.182,39267,0
20131003,15.273,15.273,15.022,15.068,117628,0
20131004,15.188,15.258,15.06,15.23,23595,0
20131007,15.001,15.216,15.001,15.076,51200,0
20131008,15.195,15.195,14.977,15.021,27141,0
20131009,15.08,15.1,14.967,15.017,39597,0
20131010,15.246,15.275,15.087,15.223,53239,0
20131011,15.296,15.417,15.217,15.342,26640,0
20131014,15.29,15.306,15.242,15.29,16539,0
20131015,15.417,15.417,15.17,15.182,21755,0
20131016,15.26,15.306,15.246,15.306,15608,0
20131017,15.327,15.717,15.327,15.486,15466,0
20131018,15.629,15.629,15.499,15.546,21138,0
20131021,15.622,15.622,15.499,15.499,16509,0
20131022,15.597,15.605,15.522,15.562,15925,0
20131023,15.54,15.64,15.54,15.635,23524,0
20131024,15.672,15.672,15.622,15.672,5822,0
20131025,15.722,15.722,15.676,15.694,7912,0
20131028,15.676,15.771,15.676,15.713,37582,0
20131029,15.694,15.826,15.686,15.737,46717,0
20131030,15.76,15.76,15.616,15.622,19713,0
20131031,15.717,15.811,15.527,15.551,26024,0
20131101,15.647,15.647,15.346,15.459,33574,0
20131104,15.509,15.57,15.509,15.546,5820,0
20131105,15.475,15.612,15.42,15.546,15541,0
20131106,15.562,15.605,15.499,15.527,62610,0
20131107,15.504,15.504,15.346,15.346,25100,0
20131108,15.361,15.509,15.306,15.509,39536,0
20131111,15.509,15.622,15.509,15.562,16590,0
20131112,15.516,15.616,15.516,15.57,16631,0
20131113,15.551,15.652,15.551,15.647,5212,0
20131114,15.713,15.777,15.652,15.765,37817,0
20131115,15.897,15.908,15.79,15.908,71277,0
20131118,15.949,15.955,15.874,15.874,32277,0
20131119,15.933,15.94,15.802,15.818,61141,0
20131120,15.853,15.914,15.838,15.838,17377,0
20131121,15.949,16.027,15.949,16.009,23921,0
20131122,15.997,16.13,15.986,16.093,39718,0
20131125,16.166,16.17,16.105,16.11,16938,0
20131126,16.676,16.676,16.027,16.051,34027,0
20131127,16.11,16.315,16.093,16.161,14043,0
20131129,16.246,16.42,16.207,16.207,10410,0
20131202,16.281,16.287,16.009,16.009,18834,0
20131203,15.981,16.032,15.818,15.885,15500,0
20131204,15.926,15.981,15.742,15.914,36625,0
20131205,15.963,15.963,15.807,15.807,36650,0
20131206,16.009,16.009,15.933,15.976,6430,0
20131209,15.969,16.009,15.933,16.009,4895,0
20131210,15.914,16.024,15.869,15.869,36064,0
20131211,15.902,15.902,15.76,15.771,27483,0
20131212,15.802,15.802,15.665,15.676,15929,0
20131213,15.676,15.76,15.616,15.742,22922,0
20131216,15.874,15.874,15.686,15.729,34808,0
20131217,15.777,15.826,15.729,15.818,17316,0
20131218,15.869,15.963,15.818,15.963,8097,0
20131219,15.981,15.981,15.76,15.76,55221,0
20131220,15.784,16.018,15.784,15.926,61284,0
20131223,16.093,16.093,15.969,16.024,26402,0
20131224,16.059,16.105,16.059,16.069,2443,0
20131226,16.1,16.125,16.059,16.059,6587,0
20131227,16.059,16.059,15.989,16.024,25280,0
20131230,15.989,16.024,15.981,15.981,35469,0
20131231,16.1,16.1,16.04,16.046,12396,0
20140102,16.064,16.064,15.902,15.921,36338,0
20140103,16.018,16.051,15.955,15.981,25580,0
20140106,16.059,16.11,16.032,16.069,23511,0
20140107,16.139,17.757,15.933,16.018,28279,0
20140108,16.069,16.1,15.874,16.1,12378,0
20140109,16.381,16.381,16.005,16.279,13622,0
20140110,16.926,17.767,16.06,16.221,36630,0
20140113,16.184,16.184,15.986,16.047,32789,0
20140114,16.009,16.113,16.009,16.082,9256,0
20140115,16.171,16.29,16.158,16.29,31305,0
20140116,16.065,16.295,16.065,16.279,50288,0
20140117,16.321,16.321,16.206,16.234,22555,0
20140121,16.298,16.385,16.298,16.385,44216,0
20140122,16.434,16.459,16.362,16.403,26974,0
20140123,16.452,16.452,16.355,16.403,17869,0
20140124,16.411,16.411,16.101,16.101,14826,0
20140127,16.193,16.193,15.799,16.018,61679,0
20140128,16.13,16.13,15.968,16.065,38297,0
20140129,16.005,16.009,15.871,15.895,28224,0
20140130,16.009,16.447,16.005,16.096,30240,0
20140131,16.101,16.403,15.912,15.912,105650,0
20140203,15.912,15.912,15.597,15.611,52363,0
20140204,15.75,15.794,15.672,15.694,20696,0
20140205,15.672,15.687,15.58,15.639,27774,0
20140206,15.755,15.871,15.755,15.799,17502,0
20140207,15.761,15.954,15.761,15.852,11001,0
20140210,15.925,16.005,15.888,15.989,14711,0
20140211,16.077,16.077,15.912,16.027,17196,0
20140212,16.106,16.149,16.052,16.07,66556,0
20140213,16.101,16.253,16.047,16.163,18785,0
20140214,16.119,16.279,16.119,16.214,13067,0
20140218,16.306,16.481,16.306,16.403,680069,0
20140219,16.481,16.497,16.214,16.243,16668,0
20140220,16.337,16.434,16.253,16.434,27570,0
20140221,16.477,16.575,16.447,16.459,134889,0
20140224,16.489,16.815,16.459,16.5,18859,0
20140225,16.585,16.585,16.082,16.082,75950,0
20140226,16.169,16.234,16.047,16.158,55133,0
20140227,16.184,16.206,16.096,16.206,13776,0
20140228,16.256,16.298,16.13,16.234,16414,0
20140303,16.032,16.261,16.032,16.169,18300,0
20140304,16.127,16.29,16.096,16.096,41773,0
20140305,16.018,16.052,15.968,16.027,53016,0
20140306,16.07,16.113,16.047,16.06,25588,0
20140307,16.027,16.027,15.907,15.912,670595,0
20140310,15.975,16.065,15.865,16.009,34645,0
20140311,16.077,16.082,15.838,15.865,25409,0
20140312,15.925,16.024,15.799,15.925,50255,0
20140313,15.989,16.065,15.858,15.907,32854,0
20140314,15.865,15.882,15.809,15.84,21387,0
20140317,15.907,15.975,15.761,15.838,32150,0
20140318,15.779,15.858,15.755,15.772,28178,0
20140319,15.83,15.865,15.703,15.786,37982,0
20140320,15.761,15.865,15.676,15.802,25079,0
20140321,15.821,15.888,15.694,15.772,62132,0
20140324,15.802,15.84,15.703,15.814,27436,0
20140325,15.814,15.852,15.794,15.838,47513,0
20140326,15.814,15.84,15.635,15.647,22601,0
20140327,15.687,15.713,15.628,15.681,50012,0
20140328,15.755,15.755,15.652,15.665,42999,0
20140331,15.809,15.975,15.672,15.858,100691,0
20140401,15.912,15.949,15.821,15.865,22885,0
20140402,15.895,15.975,15.744,15.932,67302,0
20140403,15.9,15.9,15.838,15.888,13874,0
20140404,15.912,15.932,15.772,15.809,21587,0
20140407,15.713,15.799,15.672,15.676,30591,0
20140408,15.639,15.73,15.611,15.694,26405,0
20140409,15.734,15.808,15.641,15.648,47323,0
20140410,15.667,15.69,15.481,15.524,27196,0
20140411,15.481,15.511,15.417,15.417,31524,0
20140414,15.519,15.549,15.424,15.481,19597,0
20140415,15.468,15.494,15.357,15.459,55339,0
20140416,15.556,15.568,15.476,15.549,16448,0
20140417,15.538,15.605,15.519,15.561,19088,0
20140421,15.519,15.612,15.519,15.53,23946,0
20140422,15.617,15.765,15.524,15.549,61196,0
20140423,15.519,15.742,15.519,15.711,136147,0
20140424,15.711,15.711,15.605,15.636,41773,0
20140425,15.617,15.617,15.556,15.556,7356,0
20140428,15.431,15.655,15.372,15.4,41090,0
20140429,15.417,15.452,15.344,15.387,112143,0
20140430,15.313,15.468,15.313,15.459,35884,0
20140501,15.344,15.459,15.344,15.4,18048,0
20140502,15.4,15.556,15.372,15.459,14302,0
20140505,15.329,15.476,15.329,15.461,17518,0
20140506,15.419,15.424,15.313,15.313,23521,0
20140507,15.372,15.372,15.221,15.35,22243,0
20140508,15.266,15.306,15.122,15.122,18178,0
20140509,15.122,15.155,14.949,15.086,56910,0
20140512,15.086,15.285,15.086,15.252,53504,0
20140513,15.155,15.221,15.129,15.184,18550,0
20140514,15.184,15.184,15.1,15.116,30202,0
20140515,15.049,15.08,14.985,15.067,17489,0
20140516,15.007,15.086,15.007,15.086,8721,0
20140519,15.1,15.205,15.1,15.205,23845,0
20140520,15.136,15.241,15.072,15.172,47165,0
20140521,15.207,15.276,15.129,15.259,16744,0
20140522,15.214,15.321,15.192,15.301,30720,0
20140523,15.296,15.424,15.296,15.409,19980,0
20140527,15.431,15.568,15.329,15.476,67226,0
20140528,15.549,15.549,15.4,15.437,14689,0
20140529,15.488,15.612,15.488,15.511,51052,0
20140530,15.519,15.519,15.431,15.488,7131,0
20140602,15.431,15.5,15.431,15.445,12071,0
20140603,15.431,15.431,15.306,15.409,32673,0
20140604,15.387,15.387,15.34,15.372,12825,0
20140605,15.357,15.505,15.329,15.5,32618,0
20140606,15.556,15.629,15.511,15.587,32831,0
20140609,15.587,15.679,15.574,15.679,25401,0
20140610,15.674,15.69,15.587,15.623,60104,0
20140611,15.636,15.684,15.568,15.679,46959,0
20140612,15.648,15.742,15.648,15.742,37955,0
20140613,15.797,15.82,15.641,15.655,31601,0
20140616,15.629,15.705,15.629,15.674,39932,0
20140617,15.727,15.82,15.727,15.791,34897,0
20140618,15.828,15.836,15.705,15.836,32471,0
20140619,15.882,15.895,15.749,15.802,56052,0
20140620,15.784,15.865,15.765,15.797,46039,0
20140623,15.797,15.882,15.797,15.851,33791,0
20140624,15.836,15.921,15.77,15.77,110120,0
20140625,15.734,15.865,15.734,15.851,27462,0
20140626,15.836,16.249,15.836,16.117,19950,0
20140627,16.156,16.327,16.073,16.199,96831,0
20140630,16.42,16.42,16.257,16.339,34707,0
20140701,16.295,16.585,16.295,16.544,109089,0
20140702,16.444,16.524,16.4,16.475,50380,0
20140703,16.549,16.549,16.42,16.432,21662,0
20140707,16.353,16.382,16.333,16.345,31193,0
20140708,16.395,16.395,16.168,16.193,74275,0
20140709,16.345,16.345,16.28,16.295,45967,0
20140710,16.338,16.338,16.13,16.212,60134,0
20140711,16.111,16.252,16.111,16.194,19479,0
20140714,16.246,16.297,16.246,16.266,31219,0
20140715,16.314,16.326,16.238,16.26,38540,0
20140716,16.246,16.246,16.163,16.169,32543,0
20140717,16.159,16.169,15.981,16.011,72524,0
20140718,16.105,16.149,16.088,16.088,17283,0
20140721,16.079,16.137,16.079,16.1,20945,0
20140722,16.163,16.212,16.093,16.1,32480,0
20140723,16.093,16.163,16.093,16.13,45927,0
20140724,16.179,16.223,16.159,16.217,22101,0
20140725,16.246,16.284,16.187,16.26,7538,0
20140728,16.252,16.284,16.217,16.26,26711,0
20140729,16.26,16.26,16.179,16.194,22889,0
20140730,16.246,16.252,16.093,16.126,26270,0
20140731,16.067,16.067,15.76,15.76,40241,0
20140801,15.742,15.815,15.673,15.742,26872,0
20140804,15.815,15.892,15.765,15.868,33764,0
20140805,15.76,15.852,15.697,15.742,18315,0
20140806,15.742,15.809,15.621,15.75,50316,0
20140807,15.822,15.838,15.683,15.76,31867,0
20140808,15.754,15.898,15.735,15.831,66653,0
20140811,15.911,16.056,15.892,15.904,44626,0
20140812,15.961,15.961,15.852,15.874,51570,0
20140813,15.885,15.93,15.885,15.917,15412,0
20140814,15.93,15.967,15.868,15.941,37081,0
20140815,15.885,15.941,15.861,15.941,14028,0
20140818,15.941,16.056,15.937,16.048,35555,0
20140819,16.079,16.088,16.034,16.043,37550,0
20140820,16.019,16.088,16.005,16.079,44928,0
20140821,16.056,16.1,16.056,16.064,8560,0
20140822,16.025,16.064,16.025,16.048,12449,0
20140825,16.067,16.126,16.048,16.1,32853,0
20140826,16.064,16.088,16.029,16.056,29304,0
20140827,16.093,16.093,15.974,16.019,50760,0
20140828,15.961,16.093,15.948,16.025,46677,0
20140829,16.043,16.137,16.043,16.1,25773,0
20140902,16.179,16.206,16.126,16.149,52995,0
20140903,16.137,16.163,16.093,16.105,35469,0
20140904,16.149,16.169,16.1,16.1,35295,0
20140905,16.119,16.126,16.025,16.1,17115,0
20140908,16.13,16.137,16.1,16.105,24748,0
20140909,16.111,16.111,16.048,16.064,22065,0
20140910,16.067,16.093,16.056,16.064,31758,0
20140911,16.064,16.119,16.056,16.105,16186,0
20140912,16.13,16.149,16.056,16.067,19269,0
20140915,16.088,16.119,15.868,15.868,23433,0
20140916,15.822,15.961,15.822,15.874,37545,0
20140917,15.953,15.961,15.88,15.88,15073,0
20140918,15.937,15.937,15.861,15.861,15023,0
20140919,15.88,15.88,15.697,15.727,29897,0
20140922,15.727,15.727,15.558,15.602,41813,0
20140923,15.558,15.59,15.541,15.541,41456,0
20140924,15.572,15.621,15.534,15.61,36666,0
20140925,15.552,15.565,15.463,15.504,18127,0
20140926,15.49,15.584,15.46,15.565,19955,0
20140929,15.447,15.507,15.447,15.453,14577,0
20140930,15.507,15.507,15.274,15.284,39710,0
20141001,15.27,15.388,15.169,15.274,135952,0
20141002,15.257,15.284,15.093,15.274,38843,0
20141003,15.329,15.388,15.257,15.306,34624,0
20141006,15.388,15.388,15.251,15.289,23773,0
20141007,15.22,15.274,15.182,15.206,23311,0
20141008,15.078,15.285,14.759,15.173,36718,0
20141009,15.155,15.187,15.046,15.06,32840,0
20141010,15.129,15.129,14.815,14.815,18238,0
20141013,14.852,14.852,14.624,14.652,34778,0
20141014,14.726,14.739,14.545,14.611,307706,0
20141015,14.457,14.545,14.054,14.425,105226,0
20141016,14.399,14.852,14.284,14.778,107263,0
20141017,14.948,15.098,14.926,14.97,38393,0
20141020,15.022,15.111,14.935,15.046,101222,0
20141021,15.105,15.226,15.091,15.181,84933,0
20141022,15.161,15.275,15.122,15.136,26791,0
20141023,15.2,15.291,15.078,15.078,93662,0
20141024,15.144,15.173,15.098,15.144,55632,0
20141027,15.136,15.195,15.046,15.161,43587,0
20141028,15.206,15.251,15.161,15.2,71106,0
20141029,15.219,15.353,15.144,15.251,41169,0
20141030,15.233,15.27,15.226,15.226,29317,0
20141031,15.219,15.443,15.219,15.422,25066,0
20141103,15.443,15.572,15.345,15.345,29753,0
20141104,15.43,15.514,15.187,15.258,46679,0
20141105,15.33,15.345,15.27,15.345,7032,0
20141106,15.374,15.413,15.301,15.385,14704,0
20141107,15.534,15.579,15.534,15.558,9166,0
20141110,15.488,15.603,15.488,15.546,27957,0
20141111,15.521,15.591,15.505,15.546,23109,0
20141112,15.603,15.612,15.505,15.514,50209,0
20141113,15.591,15.591,15.488,15.488,9406,0
20141114,15.505,15.546,15.443,15.468,20702,0
20141117,15.385,15.502,15.385,15.451,17272,0
20141118,15.476,15.514,15.476,15.488,7544,0
20141119,15.476,15.505,15.443,15.461,14267,0
20141120,15.368,15.54,15.368,15.488,18222,0
20141121,15.685,15.685,15.413,15.422,250362,0
20141124,15.459,15.502,15.422,15.459,108561,0
20141125,15.451,15.534,15.451,15.505,91293,0
20141126,15.505,15.558,15.461,15.552,27195,0
20141128,15.514,15.54,15.443,15.476,32409,0
20141201,15.335,15.476,15.122,15.161,67344,0
20141202,15.21,15.291,15.161,15.219,10022,0
20141203,15.148,15.296,15.148,15.285,29153,0
20141204,15.233,15.27,15.2,15.21,46557,0
20141205,15.244,15.244,15.161,15.195,24214,0
20141208,15.181,15.187,14.762,14.829,109053,0
20141209,14.673,14.948,14.673,14.905,26655,0
20141210,14.926,14.926,14.706,14.713,21164,0
20141211,14.731,14.746,14.604,14.611,26060,0
20141212,14.579,14.579,14.354,14.399,91361,0
20141215,14.399,14.535,14.219,14.257,80565,0
20141216,14.136,14.347,14.121,14.161,103011,0
20141217,14.121,14.369,14.121,14.322,72606,0
20141218,14.706,14.852,14.385,14.718,58727,0
20141219,14.726,14.926,14.726,14.809,47269,0
20141222,14.842,14.885,14.662,14.681,57423,0
20141223,14.696,15.335,14.689,15.335,41654,0
20141224,14.847,14.942,14.7,14.836,36591,0
20141226,14.881,14.881,14.718,14.739,77723,0
20141229,14.762,14.97,14.604,14.652,45914,0
20141230,14.611,14.739,14.527,14.726,70797,0
20141231,14.739,14.867,14.624,14.656,71868,0
20150102,14.673,14.829,14.579,14.791,34529,0
20150105,14.681,14.77,14.629,14.759,21464,0
20150106,14.829,14.829,14.513,14.596,48297,0
20150107,14.762,14.762,14.618,14.718,19545,0
20150108,14.809,14.874,14.77,14.867,60043,0
20150109,14.906,15.045,14.729,14.79,20947,0
20150112,14.761,14.795,14.654,14.737,83907,0
20150113,14.749,14.829,14.598,14.709,44945,0
20150114,14.591,14.591,14.463,14.489,34003,0
20150115,14.659,14.659,14.37,14.388,27209,0
20150116,14.457,14.5,14.331,14.496,35525,0
20150120,14.513,14.566,14.383,14.409,27958,0
20150121,14.396,14.552,14.396,14.552,92541,0
20150122,14.664,14.664,14.552,14.646,24941,0
20150123,14.67,14.686,14.574,14.598,20359,0
20150126,14.636,14.729,14.591,14.724,17756,0
20150127,14.566,14.724,14.559,14.697,15761,0
20150128,14.717,14.717,14.591,14.625,18561,0
20150129,15.038,15.038,14.527,14.606,15669,0
20150130,14.591,14.636,14.507,14.54,26966,0
20150202,14.659,14.847,14.463,14.536,126447,0
20150203,14.546,14.906,14.546,14.761,51904,0
20150204,14.815,14.892,14.757,14.808,22034,0
20150205,14.932,16.29,14.842,15.022,45055,0
20150206,15.022,15.213,15.022,15.148,25598,0
20150209,15.05,15.213,14.932,14.945,90429,0
20150210,14.999,14.999,14.887,14.9,50268,0
20150211,14.887,14.887,14.784,14.842,63663,0
20150212,14.887,15.012,14.887,14.979,25909,0
20150213,14.892,15.05,14.892,15.045,36908,0
20150217,15.05,15.206,15.05,15.182,37800,0
20150218,15.182,15.206,15.084,15.155,14800,0
20150219,15.097,15.253,15.097,15.206,81347,0
20150220,15.299,15.299,15.182,15.286,15142,0
20150223,15.31,15.344,15.213,15.253,26801,0
20150224,15.344,15.344,15.28,15.294,18228,0
20150225,15.286,15.373,15.286,15.34,23668,0
20150226,15.328,15.404,15.31,15.365,12530,0
20150227,15.451,15.459,15.286,15.373,13890,0
20150302,15.373,15.443,15.358,15.404,29492,0
20150303,15.373,15.469,15.373,15.459,30564,0
20150304,15.459,15.459,15.384,15.443,14362,0
20150305,15.443,15.516,15.422,15.504,13904,0
20150306,15.365,15.507,15.365,15.43,12072,0
20150309,15.477,15.489,15.351,15.418,44926,0
20150310,15.305,15.328,15.26,15.294,15283,0
20150311,15.253,15.299,15.221,15.28,10852,0
20150312,15.286,15.365,15.271,15.32,14060,0
20150313,15.32,15.365,15.253,15.365,12381,0
20150316,15.379,15.39,15.299,15.358,17117,0
20150317,15.28,15.31,15.246,15.305,6265,0
20150318,15.328,15.328,15.221,15.26,11921,0
20150319,15.241,15.267,15.168,15.229,17117,0
20150320,15.34,15.412,15.206,15.373,19712,0
20150323,15.422,15.482,15.39,15.418,16656,0
20150324,15.43,15.497,15.43,15.461,17271,0
20150325,15.443,15.497,15.43,15.497,22920,0
20150326,15.482,15.497,15.43,15.451,17420,0
20150327,15.451,15.459,15.379,15.435,14362,0
20150330,15.516,15.568,15.39,15.451,17879,0
20150331,15.477,15.507,15.404,15.418,11714,0
20150401,15.379,15.379,15.271,15.328,19563,0
20150402,15.379,15.451,15.32,15.39,16961,0
20150406,15.443,15.528,15.384,15.507,34535,0
20150407,15.522,15.522,15.489,15.507,20729,0
20150408,15.379,15.522,15.379,15.469,17117,0
20150409,15.888,15.888,15.377,15.489,29086,0
20150410,15.522,15.548,15.434,15.442,14554,0
20150413,15.428,15.504,15.356,15.489,40511,0
20150414,15.548,15.548,15.434,15.476,36012,0
20150415,15.497,15.536,15.434,15.522,37930,0
20150416,15.556,15.556,15.422,15.529,41021,0
20150417,15.468,15.569,15.468,15.504,9903,0
20150420,15.595,15.61,15.562,15.569,27087,0
20150421,15.562,15.601,15.489,15.536,18228,0
20150422,15.476,15.601,15.461,15.601,22626,0
20150423,15.656,15.721,15.601,15.656,16956,0
20150424,15.711,15.744,15.622,15.681,14255,0
20150427,15.75,15.75,15.543,15.61,31358,0
20150428,15.569,15.642,15.507,15.595,20257,0
20150429,15.616,15.67,15.61,15.662,4201,0
20150430,15.556,15.61,15.536,15.556,8253,0
20150501,15.616,15.656,15.536,15.595,15303,0
20150504,15.562,15.562,15.411,15.468,12152,0
20150505,15.459,15.468,15.29,15.29,57915,0
20150506,15.262,15.262,15.075,15.162,35702,0
20150507,15.203,15.269,15.009,15.269,40386,0
20150508,15.256,15.256,15.049,15.169,8703,0
20150511,15.169,15.29,15.169,15.214,17106,0
20150512,15.065,15.256,15.065,15.214,6630,0
20150513,15.189,15.301,15.183,15.296,10353,0
20150514,15.269,15.296,15.249,15.29,10353,0
20150515,15.214,15.401,15.214,15.356,41937,0
20150518,15.284,15.461,15.284,15.411,44824,0
20150519,15.394,15.468,15.336,15.422,13355,0
20150520,15.356,15.461,15.356,15.37,8852,0
20150521,15.356,15.394,15.315,15.388,146442,0
20150522,15.356,15.434,15.33,15.356,21306,0
20150526,15.394,15.394,15.284,15.301,8183,0
20150527,15.256,15.382,15.23,15.336,6451,0
20150528,15.341,15.422,15.242,15.388,50442,0
20150529,15.37,15.382,15.296,15.377,40360,0
20150601,15.394,15.394,15.307,15.324,10197,0
20150602,15.301,15.411,15.23,15.37,7922,0
20150603,15.362,15.434,15.362,15.388,9002,0
20150604,15.428,15.428,15.296,15.347,12455,0
20150605,15.324,15.336,15.269,15.324,5550,0
20150608,15.262,15.269,15.175,15.23,34061,0
20150609,15.214,15.222,15.017,15.136,90733,0
20150610,15.114,15.23,15.009,15.148,20634,0
20150611,15.162,15.222,15.121,15.203,19402,0
20150612,15.169,15.256,15.169,15.256,2249,0
20150615,15.169,15.203,15.003,15.189,18156,0
20150616,15.203,15.207,15.057,15.207,24157,0
20150617,15.183,15.256,15.129,15.169,12455,0
20150618,15.203,15.262,15.198,15.242,36012,0
20150619,15.249,15.249,14.996,15.198,95729,0
20150622,15.256,15.284,15.198,15.198,18905,0
20150623,15.162,15.37,15.162,15.262,14012,0
20150624,15.262,15.347,15.207,15.269,14405,0
20150625,15.256,15.256,15.162,15.183,6451,0
20150626,15.105,15.198,15.082,15.088,17555,0
20150629,14.862,15.022,14.69,14.884,42163,0
20150630,14.955,14.996,14.862,14.876,109072,0
20150701,14.976,14.996,14.663,14.884,33609,0
20150702,14.855,14.942,14.674,14.795,18605,0
20150706,14.809,14.902,14.79,14.869,9002,0
20150707,14.829,14.942,14.702,14.876,18156,0
20150708,14.822,14.902,14.777,14.79,19656,0
20150709,14.93,14.93,14.795,14.862,13804,0
20150710,14.975,15.042,14.851,14.912,12931,0
20150713,15.001,15.115,14.945,15.115,17482,0
20150714,14.961,15.068,14.945,15.068,27871,0
20150715,15.075,15.075,14.945,15.068,12662,0
20150716,15.065,15.17,14.945,15.137,17927,0
20150717,15.145,15.199,15.034,15.11,27181,0
20150720,14.994,15.034,14.932,15.008,16163,0
20150721,14.932,14.975,14.661,14.898,18070,0
20150722,14.945,14.945,14.715,14.737,16749,0
20150723,14.791,14.791,14.518,14.573,35996,0
20150724,14.524,14.626,14.301,14.369,44226,0
20150727,14.291,14.321,14.137,14.191,52743,0
20150728,14.259,14.416,14.198,14.334,10873,0
20150729,14.266,14.544,14.24,14.518,18219,0
20150730,14.55,14.607,14.394,14.544,34088,0
20150731,14.524,14.591,14.451,14.511,9110,0
20150803,14.424,14.511,14.24,14.47,95988,0
20150804,14.286,15.266,14.286,14.428,107839,0
20150805,14.558,14.681,14.387,14.424,42757,0
20150806,14.424,14.591,14.424,14.492,22202,0
20150807,14.424,14.621,14.424,14.475,24537,0
20150810,14.518,14.744,14.518,14.681,12196,0
20150811,14.661,14.702,14.631,14.673,3044,0
20150812,14.544,14.756,14.475,14.756,18659,0
20150813,14.649,14.803,14.649,14.761,8084,0
20150814,14.761,14.817,14.761,14.817,3820,0
20150817,14.744,14.891,14.639,14.857,20863,0
20150818,14.88,14.88,14.722,14.744,6023,0
20150819,14.797,14.797,14.607,14.702,34527,0
20150820,14.649,14.702,14.539,14.544,24092,0
20150821,14.631,14.631,14.259,14.321,21889,0
20150824,13.755,14.034,10.951,13.755,162664,0
20150825,14.151,14.151,13.946,13.986,110925,0
20150826,14.014,14.067,13.818,14.067,41287,0
20150827,14.24,14.463,14.211,14.28,37465,0
20150828,14.341,14.626,14.28,14.614,15426,0
20150831,14.565,14.656,14.511,14.565,15132,0
20150901,14.387,14.416,14.226,14.259,38494,0
20150902,14.626,14.626,14.171,14.435,15426,0
20150903,14.327,14.565,14.327,14.463,6754,0
20150904,14.394,14.518,14.291,14.409,14400,0
20150908,14.598,14.598,14.503,14.55,18219,0
20150909,14.598,14.769,14.499,14.591,20567,0
20150910,14.573,14.607,14.451,14.499,21594,0
20150911,14.387,14.518,14.089,14.518,44226,0
20150914,14.58,14.58,14.334,14.375,42022,0
20150915,14.383,14.394,14.28,14.334,19980,0
20150916,14.314,14.518,14.301,14.518,5144,0
20150917,14.394,14.518,14.226,14.347,13265,0
20150918,14.383,14.383,14.171,14.301,8963,0
20150921,14.334,14.451,14.306,14.314,2645,0
20150922,14.156,14.301,14.156,14.301,25272,0
20150923,14.178,14.341,14.178,14.185,6023,0
20150924,14.137,14.233,14.137,14.171,3042,0
20150925,14.291,14.321,14.137,14.137,12196,0
20150928,14.218,14.708,13.286,13.286,35267,0
20150929,13.272,14.067,13.142,13.219,25272,0
20150930,13.476,13.537,13.45,13.537,6611,0
20151001,13.456,14.056,12.937,13.836,35850,0
20151002,13.872,13.914,13.72,13.749,11607,0
20151005,13.743,14.048,13.72,13.72,18072,0
20151006,13.715,14.076,13.715,13.979,43195,0
20151007,14.218,14.218,13.968,14.076,23067,0
20151008,14.354,14.354,14.091,14.201,47739,0
20151009,14.207,14.278,14.158,14.174,64418,0
20151012,14.123,14.571,14.118,14.118,12753,0
20151013,14.048,14.152,14.048,14.11,6754,0
20151014,14.123,14.123,13.985,14.034,6615,0
20151015,14.048,14.097,13.979,14.091,9780,0
20151016,14.106,14.132,14.014,14.091,6903,0
20151019,14.034,14.152,14.034,14.063,7334,0
20151020,14.149,14.152,14.063,14.152,4078,0
20151021,14.181,14.181,14.027,14.068,14091,0
20151022,14.181,14.188,14.091,14.118,22287,0
20151023,14.174,14.188,14.11,14.146,8915,0
20151026,14.146,14.152,14.048,14.068,8915,0
20151027,13.853,13.904,13.853,13.894,2300,0
20151028,13.853,13.937,13.833,13.937,8484,0
20151029,13.992,14.048,13.958,14.027,7619,0
20151030,13.937,13.992,13.911,13.972,14953,0
20151102,13.917,14.082,13.894,14.077,16059,0
20151103,14.118,14.188,14.068,14.146,37387,0
20151104,14.273,14.273,14.181,14.222,34042,0
20151105,14.146,14.321,14.146,14.299,19554,0
20151106,14.354,14.528,14.334,14.528,18981,0
20151109,14.479,14.495,14.403,14.429,22849,0
20151110,14.429,14.473,14.34,14.41,44144,0
20151111,14.299,14.464,13.886,14.369,49174,0
20151112,14.327,14.369,14.273,14.286,9921,0
20151113,14.291,14.362,14.256,14.34,27030,0
20151116,14.383,14.507,14.327,14.487,79087,0
20151117,14.453,14.606,14.436,14.479,101086,0
20151118,14.453,14.606,14.41,14.473,60680,0
20151119,14.542,14.563,14.464,14.507,64418,0
20151120,14.555,14.619,14.196,14.5,141776,0
20151123,14.542,14.673,14.5,14.577,58379,0
20151124,14.745,14.745,14.549,14.571,20560,0
20151125,14.681,14.847,14.681,14.842,80234,0
20151127,14.828,14.944,14.828,14.862,73763,0
20151130,14.944,15.058,14.903,14.994,91738,0
20151201,14.952,15.134,14.932,15.042,79563,0
20151202,15.112,15.112,14.869,14.96,80018,0
20151203,14.918,14.974,14.814,14.835,70709,0
20151204,14.91,14.932,14.793,14.854,47161,0
20151207,14.937,14.937,14.473,14.613,98780,0
20151208,14.537,14.537,14.273,14.327,78135,0
20151209,14.362,14.429,14.082,14.11,21138,0
20151210,14.23,14.334,14.201,14.207,21712,0
20151211,14.188,14.196,13.769,13.778,80954,0
20151214,13.769,14.056,13.228,13.326,89890,0
20151215,13.562,13.82,13.283,13.786,77502,0
20151216,13.886,13.992,13.845,13.992,24157,0
20151217,13.894,14.152,13.894,14,12799,0
20151218,13.992,13.992,13.75,13.75,17829,0
20151221,13.876,14.008,13.82,13.839,65278,0
20151222,13.839,14.008,13.82,13.904,167824,0
20151223,14.056,14.299,14.041,14.23,169382,0
20151224,14.265,14.419,14.243,14.362,14671,0
20151228,14.388,14.388,13.858,13.985,84864,0
20151229,14.034,14.256,14.008,14.106,45916,0
20151230,14.11,14.174,13.959,14.077,46811,0
20151231,13.917,14.16,13.917,14.106,64961,0
20160104,13.861,14.114,13.833,14.077,25704,0
20160105,14.008,14.346,14.008,14.207,51686,0
20160106,14.146,14.265,13.886,14.243,42958,0
20160107,13.992,14.123,13.886,13.886,42137,0
20160108,14.082,14.118,13.736,13.736,15911,0
20160111,13.87,13.896,13.434,13.469,11559,0
20160112,13.519,13.599,13.228,13.361,102409,0
20160113,13.491,13.555,12.888,13.027,89597,0
20160114,12.985,13.051,12.73,12.973,19127,0
20160115,12.538,12.766,12.494,12.766,27349,0
20160119,12.878,12.899,12.643,12.657,32165,0
20160120,12.331,12.537,11.924,12.429,32616,0
20160121,12.187,12.816,12.187,12.665,142191,0
20160122,12.893,13.881,12.816,13.027,49419,0
20160125,13,13,12.808,12.808,27650,0
20160126,12.858,13.051,12.834,13.044,78365,0
20160127,13.078,13.156,12.893,12.935,33623,0
20160128,13.106,13.235,12.95,13.051,109255,0
20160129,13.061,13.248,13.061,13.149,36086,0
20160201,13.156,13.241,12.992,13.206,51851,0
20160202,13.142,13.142,12.964,12.964,5952,0
20160203,12.959,13.098,12.78,13.098,60041,0
20160204,13.121,13.136,13.061,13.061,23459,0
20160205,13.084,13.142,12.976,13.061,27158,0
20160208,12.78,12.799,12.581,12.629,75603,0
20160209,12.467,12.59,12.35,12.363,44397,0
20160210,12.581,12.581,12.384,12.409,6083,0
20160211,12.209,12.286,11.991,12.286,25541,0
20160212,12.303,12.363,12.303,12.322,28426,0
20160216,12.502,12.607,12.458,12.594,130006,0
20160217,12.565,13.471,12.303,12.31,60178,0
20160218,12.899,12.946,12.458,12.878,89486,0
20160219,12.657,12.822,12.602,12.742,67008,0
20160222,12.749,13,12.665,12.75,79124,0
20160223,12.834,12.851,12.714,12.799,18238,0
20160224,12.602,12.908,12.545,12.808,42375,0
20160225,12.851,13.035,12.829,13.035,13209,0
20160226,13.015,13.242,12.992,13.213,52786,0
20160229,13.299,13.468,13.213,13.455,46972,0
20160301,13.434,13.64,13.434,13.505,30527,0
20160302,13.576,13.747,13.512,13.64,32067,0
20160303,13.754,13.81,13.669,13.742,13278,0
20160304,13.682,14.031,13.682,13.81,11666,0
20160307,13.854,14.001,13.845,13.961,21341,0
20160308,13.946,13.946,13.669,13.754,27547,0
20160309,13.918,13.918,13.754,13.776,36959,0
20160310,13.742,13.881,13.647,13.733,71559,0
20160311,13.776,14.004,13.776,13.931,32665,0
20160314,13.989,14.043,13.881,14.04,7629,0
20160315,13.907,14.013,13.888,14.003,9938,0
20160316,13.997,14.105,13.954,14.105,7536,0
20160317,14.132,14.423,14.089,14.251,22987,0
20160318,14.299,14.337,14.208,14.276,5851,0
20160321,14.331,14.48,14.331,14.46,24846,0
20160322,14.46,14.489,14.345,14.445,10370,0
20160323,14.337,14.345,14.202,14.233,14074,0
20160324,14.202,14.402,14.075,14.324,9131,0
20160328,14.417,14.417,14.248,14.347,6068,0
20160329,13.954,14.474,13.954,14.474,11917,0
20160330,14.489,14.584,14.397,14.484,38950,0
20160331,14.496,14.574,14.488,14.522,16231,0
20160401,14.417,14.722,14.382,14.676,24014,0
20160404,14.679,14.679,14.473,14.473,20052,0
20160405,14.499,14.509,14.46,14.496,17566,0
20160406,14.523,14.616,14.523,14.531,11542,0
20160407,14.55,14.558,14.436,14.5,16190,0
20160408,14.896,14.896,14.57,14.577,35474,0
20160411,14.657,14.737,14.57,14.6,18973,0
20160412,14.7,14.795,14.695,14.785,13299,0
20160413,14.829,14.911,14.755,14.802,32235,0
20160414,14.79,14.817,14.759,14.759,13717,0
20160415,14.824,14.824,14.687,14.774,26825,0
20160418,14.765,14.846,14.707,14.795,20518,0
20160419,14.815,14.955,14.776,14.955,8858,0
20160420,14.971,14.971,14.793,14.89,28213,0
20160421,14.809,15.013,14.809,14.884,18717,0
20160422,14.971,15.035,14.824,15.035,18542,0
20160425,15.049,15.049,14.832,14.89,9976,0
20160426,15.086,15.086,14.929,14.947,100945,0
20160427,14.832,15.081,14.832,14.964,13499,0
20160428,14.964,14.964,14.839,14.88,32402,0
20160429,14.852,14.947,14.759,14.896,8302,0
20160502,15.059,15.059,14.737,14.781,23112,0
20160503,14.707,14.707,14.562,14.614,16609,0
20160504,14.677,14.707,14.627,14.707,43397,0
20160505,14.852,14.852,14.554,14.597,27636,0
20160506,14.562,14.614,14.519,14.587,8234,0
20160509,14.491,14.632,14.425,14.496,19915,0
20160510,14.614,14.729,14.562,14.684,23822,0
20160511,14.669,14.795,14.577,14.703,16827,0
20160512,14.884,14.884,14.633,14.75,4797,0
20160513,14.765,14.832,14.677,14.677,7129,0
20160516,14.737,14.809,14.722,14.724,25023,0
20160517,14.607,14.781,14.57,14.733,8962,0
20160518,14.75,14.781,14.597,14.621,34359,0
20160519,14.789,14.789,14.198,14.198,17984,0
20160520,14.503,14.582,14.425,14.467,12357,0
20160523,14.562,14.592,14.467,14.519,12130,0
20160524,14.561,14.607,14.526,14.607,8485,0
20160525,14.707,14.707,14.627,14.677,8585,0
20160526,14.702,14.707,14.657,14.657,8352,0
20160527,14.702,14.754,14.687,14.737,9291,0
20160531,14.759,14.814,14.737,14.765,13034,0
20160601,14.75,14.837,14.75,14.798,1898,0
20160602,14.765,14.852,14.752,14.797,14674,0
20160603,14.809,14.846,14.809,14.846,6181,0
20160606,14.846,14.919,14.817,14.89,28120,0
20160607,14.92,14.947,14.867,14.93,20489,0
20160608,14.928,14.928,14.809,14.89,15864,0
20160609,14.801,14.932,14.801,14.825,4421,0
20160610,14.852,14.885,14.802,14.885,6559,0
20160613,14.932,15.004,14.781,14.813,11066,0
20160614,14.864,14.864,14.614,14.704,14587,0
20160615,14.73,14.802,14.729,14.765,4878,0
20160616,14.577,14.783,14.577,14.762,7350,0
20160617,14.759,14.919,14.759,14.851,9433,0
20160620,15.034,15.034,14.911,14.928,9822,0
20160621,15.007,15.026,14.896,14.947,7652,0
20160622,15.022,15.034,14.911,14.977,5276,0
20160623,14.991,15.034,14.965,15.026,8464,0
20160624,14.876,15.079,14.781,14.928,23897,0
20160627,14.687,14.911,14.534,14.652,20937,0
20160628,14.824,14.93,14.824,14.919,8337,0
20160629,15.094,15.145,15.052,15.103,9211,0
20160630,15.145,15.207,15.066,15.185,10713,0
20160701,15.13,15.283,15.13,15.283,11823,0
20160705,15.275,15.275,15.138,15.236,11174,0
20160706,15.232,15.31,15.173,15.264,15543,0
20160707,15.298,15.328,15.262,15.269,5967,0
20160708,15.328,15.45,15.328,15.355,23984,0
20160711,15.568,16.02,15.384,15.425,18978,0
20160712,15.41,16.79,15.41,15.549,76966,0
20160713,15.543,15.565,15.437,15.565,27880,0
20160714,15.573,15.573,15.437,15.456,10969,0
20160715,15.461,15.594,15.461,15.58,11621,0
20160718,15.601,15.699,15.589,15.643,9393,0
20160719,15.699,15.758,15.475,15.744,21796,0
20160720,15.907,15.907,15.663,15.757,8831,0
20160721,15.834,15.834,15.691,15.744,3756,0
20160722,15.847,15.967,15.637,15.892,25388,0
20160725,15.907,15.975,15.713,15.952,38347,0
20160726,15.95,15.986,15.847,15.93,22805,0
20160727,15.93,16.027,15.699,15.909,12368,0
20160728,15.871,15.922,15.871,15.914,8216,0
20160729,15.914,15.948,15.871,15.948,8132,0
20160801,15.938,16.016,15.878,15.931,23515,0
20160802,15.899,15.938,15.796,15.851,13042,0
20160803,15.894,15.967,15.871,15.967,6062,0
20160804,15.967,16.189,15.922,16.011,77387,0
20160805,16.064,16.107,15.943,16.02,21149,0
20160808,16.005,16.161,15.975,16.078,26453,0
20160809,16.041,16.142,15.982,16.078,7129,0
20160810,16.056,16.115,16.011,16.051,30200,0
20160811,16.123,16.153,16.048,16.128,20324,0
20160812,16.174,16.174,16.07,16.101,20320,0
20160815,16.206,16.245,16.142,16.215,13431,0
20160816,16.217,16.307,16.158,16.206,33234,0
20160817,16.245,16.245,16.13,16.206,12858,0
20160818,16.206,16.335,16.206,16.317,10945,0
20160819,16.382,16.74,16.189,16.326,12711,0
20160822,16.362,16.465,16.271,16.351,18447,0
20160823,16.326,16.452,16.326,16.42,16075,0
20160824,16.362,16.452,16.332,16.368,30578,0
20160825,16.414,16.442,16.332,16.344,16806,0
20160826,16.344,16.472,16.344,16.442,10087,0
20160829,16.496,16.591,16.442,16.591,49027,0
20160830,16.623,16.755,16.564,16.689,22252,0
20160831,16.771,16.771,16.54,16.623,18909,0
20160901,16.697,16.697,16.459,16.56,43721,0
20160902,16.661,16.733,16.585,16.689,9948,0
20160906,16.725,17.114,16.616,16.68,12643,0
20160907,16.74,16.74,16.541,16.697,22126,0
20160908,16.652,16.717,16.578,16.638,29787,0
20160909,16.616,16.616,16.368,16.368,39502,0
20160912,16.189,16.289,16.057,16.281,33057,0
20160913,16.087,16.225,16.048,16.093,10228,0
20160914,16.026,16.118,15.967,16.07,24597,0
20160915,16.005,16.217,16.005,16.206,14328,0
20160916,16.174,16.285,16.123,16.123,8028,0
20160919,16.161,16.368,16.161,16.299,8462,0
20160920,16.255,16.465,16.255,16.327,29634,0
20160921,16.368,16.414,16.295,16.339,46879,0
20160922,16.384,16.472,16.353,16.388,10388,0
20160923,16.435,16.435,16.37,16.377,8045,0
20160926,16.354,16.435,16.308,16.368,30792,0
20160927,16.353,16.404,16.307,16.326,20904,0
20160928,16.42,16.427,16.307,16.385,17607,0
20160929,16.362,16.442,16.345,16.399,13979,0
20160930,16.42,16.524,16.376,16.42,17349,0
20161003,16.362,16.51,16.362,16.39,9780,0
20161004,16.427,16.51,16.382,16.42,15981,0
20161005,16.42,16.52,16.377,16.435,19815,0
20161006,16.362,16.45,16.362,16.382,13777,0
20161007,16.362,16.407,16.307,16.385,6487,0
20161010,16.404,16.487,16.339,16.399,102657,0
20161011,16.295,16.439,16.252,16.395,129103,0
20161012,16.284,16.41,16.256,16.263,18667,0
20161013,16.084,16.354,16.084,16.295,26381,0
20161014,16.199,16.348,16.152,16.219,5340,0
20161017,16.283,16.283,16.104,16.113,22049,0
20161018,16.143,16.263,16.084,16.166,17796,0
20161019,16.189,16.307,16.145,16.206,43339,0
20161020,16.283,16.289,16.13,16.246,21179,0
20161021,16.206,16.364,16.206,16.31,14508,0
20161024,16.591,16.591,16.32,16.433,23854,0
20161025,16.368,16.494,16.348,16.424,31505,0
20161026,16.402,16.41,16.301,16.32,25468,0
20161027,16.32,16.433,16.246,16.288,29298,0
20161028,16.253,16.38,16.212,16.273,23325,0
20161031,16.457,16.457,16.136,16.246,20029,0
20161101,16.173,16.173,15.94,16.024,74940,0
20161102,15.871,15.978,15.705,15.809,40522,0
20161103,15.764,15.764,15.605,15.605,34599,0
20161104,15.583,15.787,15.57,15.659,66354,0
20161107,15.575,15.894,15.575,15.894,17517,0
20161108,15.886,15.932,15.782,15.932,17894,0
20161109,15.674,16.173,15.674,16.115,16793,0
20161110,16.382,16.384,16.246,16.373,15263,0
20161111,16.32,16.492,16.246,16.44,27693,0
20161114,16.578,16.578,16.295,16.399,43525,0
20161115,16.47,16.485,16.32,16.485,11121,0
20161116,16.436,16.485,16.34,16.454,32160,0
20161117,16.218,16.591,16.218,16.463,15558,0
20161118,16.578,16.607,16.395,16.607,9748,0
20161121,16.64,16.751,16.616,16.629,11476,0
20161122,16.616,16.744,16.616,16.706,14412,0
20161123,16.607,16.736,16.57,16.618,44117,0
20161125,16.623,16.812,16.623,16.812,10568,0
20161128,16.881,16.888,16.724,16.835,15110,0
20161129,16.941,16.941,16.72,16.798,10622,0
20161130,16.805,16.817,16.607,16.607,27573,0
20161201,16.654,16.835,16.654,16.726,5858,0
20161202,16.812,16.819,16.623,16.654,12519,0
20161205,16.84,16.873,16.713,16.873,13548,0
20161206,16.736,16.884,16.736,16.781,12010,0
20161207,16.896,16.956,16.809,16.941,17512,0
20161208,16.864,17.008,16.834,16.964,19146,0
20161209,16.958,17.072,16.937,16.971,30190,0
20161212,17.034,17.107,16.956,17.061,42247,0
20161213,17.078,17.105,16.949,16.971,52597,0
20161214,16.964,17.032,16.956,16.984,16396,0
20161215,16.934,17.009,16.896,16.896,29081,0
20161216,16.995,16.995,16.864,16.958,49706,0
20161219,17.054,17.166,17.009,17.13,39113,0
20161220,17.168,17.168,17.001,17.146,6586,0
20161221,17.078,17.176,17.078,17.168,18251,0
20161222,17.168,17.168,17.046,17.123,10372,0
20161223,17.155,17.161,17.078,17.117,3262,0
20161227,17.259,17.268,17.131,17.215,39367,0
20161228,17.215,17.23,17.003,17.13,29392,0
20161229,17.137,17.199,17.078,17.192,13334,0
20161230,17.215,17.292,17.13,17.218,80620,0
20170103,17.274,17.45,17.179,17.302,43014,0
20170104,18.968,18.968,17.33,17.738,41538,0
20170105,17.745,17.745,17.545,17.61,15879,0
20170106,17.707,17.708,17.553,17.647,47725,0
20170109,17.61,17.61,17.475,17.514,10540,0
20170110,17.457,17.761,17.366,17.517,14504,0
20170111,17.576,17.583,17.414,17.568,40803,0
20170112,17.467,17.615,17.405,17.615,52933,0
20170113,17.359,17.64,17.359,17.537,41610,0
20170117,17.637,17.677,17.467,17.491,40930,0
20170118,17.545,17.61,17.537,17.61,5851,0
20170119,17.653,17.653,17.436,17.443,29279,0
20170120,17.414,17.615,17.414,17.553,14211,0
20170123,17.598,17.661,17.537,17.541,25967,0
20170124,17.653,17.668,17.56,17.56,19692,0
20170125,17.661,17.684,17.592,17.668,28165,0
20170126,17.637,17.668,17.576,17.607,25633,0
20170127,17.56,17.615,17.513,17.56,13496,0
20170130,17.576,17.576,17.414,17.522,20160,0
20170131,17.414,17.491,17.359,17.359,19209,0
20170201,17.397,17.56,17.391,17.56,28996,0
20170202,17.536,17.622,17.464,17.568,23193,0
20170203,17.592,17.77,17.572,17.77,10649,0
20170206,17.691,17.823,17.646,17.78,13615,0
20170207,17.939,17.939,17.746,17.886,23466,0
20170208,17.986,17.986,17.68,17.87,19089,0
20170209,17.87,17.87,17.725,17.801,21306,0
20170210,17.746,17.978,17.746,17.947,10841,0
20170213,17.956,18.101,17.938,18.032,49979,0
20170214,17.956,18.087,17.956,18.032,25845,0
20170215,17.986,18.157,17.986,18.125,27225,0
20170216,18.173,18.173,18.056,18.056,4278,0
20170217,18.543,18.543,18.109,18.18,25283,0
20170221,18.303,18.31,18.18,18.242,37801,0
20170222,18.257,18.28,18.185,18.233,47753,0
20170223,18.341,18.405,18.263,18.341,26078,0
20170224,18.341,18.341,18.078,18.341,35630,0
20170227,18.242,18.289,18.101,18.263,34460,0
20170228,18.357,18.357,18.071,18.147,17898,0
20170301,18.26,18.319,18.126,18.269,112487,0
20170302,18.303,18.303,18.049,18.078,49859,0
20170303,18.078,18.156,18.049,18.087,9492,0
20170306,18.087,18.135,17.949,18.114,25288,0
20170307,18.087,18.087,17.986,18.039,10152,0
20170308,18.101,18.109,17.909,17.913,17095,0
20170309,17.886,17.916,17.63,17.702,23194,0
20170310,17.691,17.909,17.691,17.856,81010,0
20170313,17.754,18.049,17.729,18.012,74235,0
20170314,17.909,17.972,17.823,17.889,45043,0
20170315,18.039,18.109,17.92,18.101,15319,0
20170316,18.109,18.204,18.016,18.063,21264,0
20170317,17.962,18.194,17.962,18.164,41202,0
20170320,18.28,18.289,18.221,18.28,10786,0
20170321,18.303,18.303,17.956,17.962,21122,0
20170322,17.971,18.016,17.839,17.944,22024,0
20170323,18.051,18.109,17.993,18.016,9423,0
20170324,18.156,18.156,17.993,18.078,17497,0
20170327,18.071,18.071,17.944,18.071,14609,0
20170328,17.962,18.219,17.962,18.118,14580,0
20170329,18.156,18.268,18.147,18.224,9851,0
20170330,18.335,18.412,18.251,18.357,20665,0
20170331,18.335,18.472,18.335,18.412,23888,0
20170403,18.38,18.435,18.306,18.373,26770,0
20170404,18.543,18.543,18.28,18.396,16855,0
20170405,18.405,18.426,18.257,18.28,18066,0
20170406,18.319,18.376,18.224,18.326,30665,0
20170407,18.242,18.388,18.242,18.349,66384,0
20170410,18.524,18.524,18.276,18.368,18154,0
20170411,18.359,18.478,18.296,18.478,17902,0
20170412,18.343,18.478,18.336,18.39,84422,0
20170413,18.39,18.39,18.268,18.271,14387,0
20170417,18.263,18.415,18.263,18.303,73061,0
20170418,18.35,18.458,18.271,18.452,38564,0
20170419,18.375,18.445,18.353,18.382,10588,0
20170420,18.446,18.446,18.359,18.407,30684,0
20170421,18.375,18.531,18.375,18.517,55198,0
20170424,18.54,18.635,18.492,18.509,19489,0
20170425,18.73,18.73,18.572,18.602,30336,0
20170426,18.597,18.722,18.597,18.628,45575,0
20170427,18.698,18.698,18.572,18.65,12119,0
20170428,18.64,18.682,18.531,18.668,31606,0
20170501,18.611,18.734,18.531,18.572,32491,0
20170502,18.589,18.722,18.517,18.683,30027,0
20170503,18.69,18.69,18.312,18.367,30178,0
20170504,18.407,18.415,17.973,18.044,62693,0
20170505,18.139,18.223,17.975,18.093,20976,0
20170508,18.153,18.153,18.052,18.089,8911,0
20170509,18.132,18.144,17.902,17.981,26018,0
20170510,17.996,17.996,17.649,17.721,28421,0
20170511,17.665,17.744,17.634,17.704,27498,0
20170512,17.649,17.704,17.547,17.61,20273,0
20170515,17.587,17.824,17.587,17.8,28313,0
20170516,17.87,17.87,17.715,17.788,33496,0
20170517,17.704,17.704,17.524,17.626,23198,0
20170518,17.697,17.697,17.587,17.61,21027,0
20170519,17.577,17.665,17.51,17.592,7091,0
20170522,17.587,17.673,17.587,17.627,12887,0
20170523,17.682,17.847,17.682,17.743,16090,0
20170524,17.893,17.893,17.766,17.83,13429,0
20170525,17.761,17.91,17.736,17.812,23490,0
20170526,17.862,17.862,17.729,17.736,27057,0
20170530,17.736,17.772,17.688,17.688,16907,0
20170531,17.665,17.688,17.602,17.617,20591,0
20170601,17.587,17.775,17.524,17.775,35222,0
20170602,17.783,17.828,17.71,17.761,13001,0
20170605,17.704,17.765,17.704,17.743,8145,0
20170606,17.775,17.775,17.539,17.665,63942,0
20170607,17.577,17.687,17.575,17.626,18299,0
20170608,17.571,17.702,17.531,17.665,12165,0
20170609,17.636,17.745,17.576,17.721,18731,0
20170612,17.761,17.775,17.688,17.75,19175,0
20170613,17.682,17.733,17.587,17.733,43480,0
20170614,17.634,17.783,17.563,17.783,28675,0
20170615,17.563,17.704,17.563,17.704,16921,0
20170616,17.62,17.783,17.613,17.783,16503,0
20170619,17.815,17.893,17.761,17.779,38546,0
20170620,17.783,17.791,17.571,17.571,79224,0
20170621,17.602,17.735,17.587,17.626,25461,0
20170622,17.768,17.768,17.621,17.641,53726,0
20170623,17.743,17.76,17.689,17.736,11273,0
20170626,17.91,17.917,17.78,17.87,26498,0
20170627,17.973,18.139,17.783,17.8,52216,0
20170628,17.902,17.902,17.714,17.801,22212,0
20170629,17.887,17.887,17.722,17.858,14210,0
20170630,17.8,17.946,17.8,17.926,14859,0
20170703,18.462,18.462,17.839,17.926,32624,0
20170705,18.462,18.462,17.809,17.859,23862,0
20170706,18.02,18.067,17.83,17.87,22364,0
20170707,18.184,18.184,17.743,17.91,18812,0
20170710,17.761,17.981,17.761,17.902,15410,0
20170711,18.422,18.422,17.841,17.87,24375,0
20170712,18.508,18.508,17.758,17.805,25153,0
20170713,17.799,18.016,17.781,17.898,29664,0
20170714,17.896,18.033,17.878,17.894,260021,0
20170717,17.975,18.089,17.902,17.911,42232,0
20170718,17.862,18.068,17.862,17.917,11538,0
20170719,18.007,18.033,17.902,17.95,13398,0
20170720,17.943,18.022,17.927,17.947,10917,0
20170721,18.096,18.096,17.917,18.016,14636,0
20170724,18.096,18.096,17.887,17.927,17273,0
20170725,17.917,18.062,17.917,17.95,23128,0
20170726,18.089,18.109,17.933,17.943,16890,0
20170727,17.999,17.999,17.891,17.984,6220,0
20170728,17.893,17.99,17.862,17.99,32692,0
20170731,17.887,18.007,17.878,17.902,17502,0
20170801,17.95,18.079,17.935,17.95,27910,0
20170802,18.049,18.049,17.848,17.981,24351,0
20170803,17.862,17.963,17.814,17.829,69424,0
20170804,17.896,17.896,17.741,17.75,62301,0
20170807,17.922,17.922,17.789,17.805,14843,0
20170808,17.999,17.999,17.805,17.814,18875,0
20170809,17.732,17.846,17.732,17.789,30250,0
20170810,17.814,17.814,17.5,17.508,32881,0
20170811,17.596,17.596,17.387,17.387,10628,0
20170814,17.508,17.647,17.508,17.565,26217,0
20170815,17.596,17.7,17.565,17.612,24130,0
20170816,17.7,17.7,17.555,17.555,11733,0
20170817,17.576,17.576,17.331,17.339,21489,0
20170818,17.339,17.339,17.117,17.177,14606,0
20170821,17.121,17.161,17.078,17.128,60047,0
20170822,17.115,17.291,17.096,17.19,8364,0
20170823,17.209,17.337,17.209,17.274,9256,0
20170824,17.281,17.354,17.187,17.266,13502,0
20170825,17.27,17.281,17.218,17.241,5628,0
20170828,17.281,17.34,17.15,17.177,7621,0
20170829,17.128,17.482,17.128,17.136,21162,0
20170830,17.177,17.305,17.121,17.139,6165,0
20170831,17.161,17.167,17,17.056,22462,0
20170901,16.91,17.209,16.91,17.209,79513,0
20170905,17.266,17.266,16.94,17.115,28732,0
20170906,17.009,17.096,16.922,17.016,43961,0
20170907,17.066,17.105,16.979,17.087,12139,0
20170908,16.951,17.128,16.92,17.081,16212,0
20170911,17,17.073,17,17.019,7538,0
20170912,17.037,17.096,17.009,17.016,15374,0
20170913,17.065,17.073,17,17.025,10150,0
20170914,17.025,17.177,17.025,17.177,22877,0
20170915,17.209,17.209,17.037,17.136,18480,0
20170918,17.145,17.15,17.081,17.136,26265,0
20170919,17.096,17.215,17.081,17.128,13300,0
20170920,17.274,17.305,17.124,17.124,14597,0
20170921,17.128,17.266,17.087,17.194,19887,0
20170922,17.305,17.305,17.155,17.291,27123,0
20170925,17.299,17.305,17.185,17.291,38956,0
20170926,17.25,17.305,17.121,17.299,15064,0
20170927,17.321,17.407,17.259,17.281,23773,0
20170928,17.442,17.629,17.281,17.629,26567,0
20170929,17.887,17.917,17.436,17.71,30838,0
20171002,17.781,17.781,17.565,17.684,114117,0
20171003,17.814,17.814,17.7,17.758,21721,0
20171004,17.645,17.804,17.645,17.781,28015,0
20171005,17.732,17.805,17.7,17.732,47906,0
20171006,17.799,17.799,17.647,17.683,17637,0
20171009,17.653,17.71,17.653,17.684,5201,0
20171010,17.645,17.699,17.611,17.656,13957,0
20171011,17.515,17.821,17.483,17.612,37594,0
20171012,17.81,17.81,17.431,17.457,17634,0
20171013,17.53,17.554,17.482,17.492,21821,0
20171016,17.637,17.637,17.481,17.546,18622,0
20171017,17.497,17.509,17.39,17.477,13747,0
20171018,17.39,17.53,17.39,17.523,34699,0
20171019,17.439,17.522,17.416,17.501,26646,0
20171020,17.505,17.596,17.432,17.53,16806,0
20171023,17.554,17.76,17.433,17.513,14568,0
20171024,17.481,17.653,17.416,17.472,13234,0
20171025,17.342,17.605,17.184,17.348,41688,0
20171026,17.357,17.357,17.143,17.153,14253,0
20171027,17.382,17.382,17.119,17.334,22781,0
20171030,17.292,17.406,17.234,17.242,14541,0
20171031,17.184,17.218,17.128,17.187,13851,0
20171101,17.334,17.334,17.037,17.044,17067,0
20171102,16.953,17.071,16.691,16.806,100538,0
20171103,16.666,17.041,16.666,17.029,20665,0
20171106,16.89,17.112,16.89,17.102,37704,0
20171107,17.102,17.12,17.102,17.107,15015,0
20171108,17.071,17.244,17.071,17.24,20006,0
20171109,17.324,17.324,16.963,16.963,93556,0
20171110,16.83,17.184,16.83,17.134,49985,0
20171113,17.184,17.184,17.011,17.071,26598,0
20171114,17.071,17.225,17.071,17.193,20237,0
20171115,17.078,17.283,17.078,17.283,36899,0
20171116,17.193,17.423,17.153,17.274,16808,0
20171117,17.342,17.472,17.292,17.382,18962,0
20171120,17.39,17.553,17.39,17.464,16350,0
20171121,17.448,17.448,17.362,17.362,10111,0
20171122,17.168,17.457,17.168,17.398,31073,0
20171124,17.483,17.489,17.443,17.489,1620,0
20171127,17.653,17.653,17.357,17.398,20008,0
20171128,17.37,17.415,17.312,17.357,19714,0
20171129,17.414,17.456,17.394,17.394,28664,0
20171130,17.431,17.457,17.274,17.316,25206,0
20171201,17.288,17.303,17.116,17.234,25931,0
20171204,17.267,17.328,17.168,17.168,47945,0
20171205,17.234,17.234,17.071,17.071,15942,0
20171206,17.137,17.251,17.137,17.153,68559,0
20171207,17.112,17.248,17.112,17.201,12749,0
20171208,17.112,17.274,17.112,17.221,37166,0
20171211,17.118,17.283,17.118,17.267,27142,0
20171212,17.448,17.448,17.161,17.209,12200,0
20171213,17.184,17.274,17.112,17.218,29926,0
20171214,17.218,17.274,17.134,17.184,77369,0
20171215,17.324,17.324,17.118,17.266,27046,0
20171218,17.481,17.481,17.127,17.127,27886,0
20171219,17.102,17.272,17.102,17.161,20998,0
20171220,17.112,17.274,17.072,17.161,22968,0
20171221,17.134,17.265,17.134,17.237,13504,0
20171222,17.439,17.439,17.153,17.218,20000,0
20171226,17.365,17.365,17.153,17.176,34811,0
20171227,17.193,17.193,17.093,17.152,41289,0
20171228,17.127,17.156,17.086,17.093,61424,0
20171229,17.071,17.148,17.029,17.078,100501,0
20180102,17.078,17.225,17.021,17.143,17434,0
20180103,17.205,17.205,17.153,17.168,11936,0
20180104,17.168,17.234,17.092,17.102,21519,0
20180105,17.267,17.267,17.044,17.085,37096,0
20180108,16.946,17.153,16.946,17.101,40607,0
20180109,17.029,17.052,16.981,16.987,13138,0
20180110,16.807,16.979,16.787,16.953,89691,0
20180111,16.946,17.029,16.897,17.029,20714,0
20180112,17.072,17.188,17.004,17.163,207254,0
20180116,17.104,17.262,17.058,17.063,51995,0
20180117,17.221,17.221,17.073,17.154,144137,0
20180118,17.238,17.256,17.045,17.12,47343,0
20180119,17.163,17.204,17.123,17.149,65714,0
20180122,17.23,17.23,17.114,17.225,20774,0
20180123,17.235,17.271,17.163,17.237,21134,0
20180124,17.407,17.407,17.155,17.314,31811,0
20180125,17.263,17.263,17.13,17.137,40497,0
20180126,17.23,17.23,17.064,17.162,24353,0
20180129,17.087,17.137,17.037,17.053,33116,0
20180130,16.986,17.02,16.859,16.952,108667,0
20180131,16.944,16.961,16.725,16.776,23618,0
20180201,16.818,16.92,16.708,16.859,34670,0
20180202,16.742,16.775,16.566,16.566,39269,0
20180205,16.397,16.481,15.751,16.07,40655,0
20180206,16.103,16.313,15.888,16.229,70378,0
20180207,16.247,16.524,16.247,16.428,28142,0
20180208,16.431,16.617,16.291,16.291,21757,0
20180209,16.608,16.608,16.085,16.163,28133,0
20180212,16.406,16.406,16.255,16.374,21789,0
20180213,16.206,16.59,16.206,16.533,35281,0
20180214,16.557,16.557,16.449,16.481,52749,0
20180215,16.49,16.49,16.346,16.417,19208,0
20180216,16.507,16.58,16.486,16.541,37642,0
20180220,16.472,16.472,16.472,16.472,26696,0
20180221,16.465,16.557,16.332,16.332,17844,0
20180222,15.985,16.439,15.985,16.206,17537,0
20180223,16.206,16.363,16.206,16.318,20606,0
20180226,16.339,16.396,16.33,16.332,11542,0
20180227,16.397,16.501,16.212,16.212,15147,0
20180228,16.32,16.347,16.094,16.094,11250,0
20180301,16.061,16.247,16.02,16.02,20484,0
20180302,16.692,16.692,16.034,16.239,14354,0
20180305,16.12,16.472,16.12,16.289,47340,0
20180306,16.239,16.533,16.239,16.481,28824,0
20180307,16.439,16.464,16.289,16.289,8266,0
20180308,16.419,16.514,16.416,16.472,9720,0
20180309,16.65,16.65,16.452,16.596,47008,0
20180312,16.692,16.692,16.51,16.542,14021,0
20180313,16.557,16.683,16.515,16.582,14607,0
20180314,16.717,16.717,16.524,16.56,20735,0
20180315,16.566,16.566,16.313,16.415,20489,0
20180316,16.322,16.54,16.322,16.416,14159,0
20180319,16.219,16.495,16.219,16.472,4381,0
20180320,16.448,16.507,16.388,16.416,15521,0
20180321,16.457,16.467,16.397,16.467,13431,0
20180322,16.406,16.886,16.406,16.751,89389,0
20180323,16.776,16.776,16.448,16.448,39386,0
20180326,16.667,16.667,16.533,16.591,26372,0
20180327,16.608,16.616,16.388,16.448,41508,0
20180328,16.5,16.522,16.397,16.469,15872,0
20180329,16.49,16.641,16.458,16.641,9421,0
20180402,16.566,16.566,16.406,16.465,6804,0
20180403,16.5,16.692,16.5,16.591,20844,0
20180404,16.094,16.793,16.094,16.725,18711,0
20180405,16.666,16.936,16.666,16.846,27728,0
20180406,16.734,16.814,16.717,16.793,19059,0
20180409,16.818,16.877,16.7,16.768,25343,0
20180410,17.02,17.02,16.692,16.704,13942,0
20180411,16.768,16.801,16.721,16.759,30736,0
20180412,16.845,16.845,16.696,16.743,18999,0
20180413,16.7,16.7,16.611,16.657,6601,0
20180416,16.819,16.819,16.628,16.686,7872,0
20180417,16.74,16.812,16.681,16.768,26626,0
20180418,16.776,16.888,16.743,16.812,11887,0
20180419,16.897,16.897,16.733,16.733,8506,0
20180420,16.664,16.696,16.658,16.682,4492,0
20180423,16.837,16.837,16.664,16.742,13540,0
20180424,16.751,16.837,16.631,16.69,19274,0
20180425,16.638,16.692,16.638,16.681,3217,0
20180426,16.776,16.776,16.647,16.696,7052,0
20180427,16.706,16.751,16.682,16.748,14424,0
20180430,16.742,16.89,16.724,16.761,34144,0
20180501,16.827,16.87,16.674,16.768,13936,0
20180502,16.751,16.812,16.587,16.587,11067,0
20180503,16.699,16.812,16.647,16.812,40560,0
20180504,16.638,16.885,16.638,16.869,14828,0
20180507,16.88,17.033,16.812,16.952,10499,0
20180508,16.956,17.128,16.956,17.052,5450,0
20180509,16.965,17.081,16.965,17.008,2629,0
20180510,17.135,17.197,17.117,17.129,17274,0
20180511,17.189,17.274,17.155,17.258,23847,0
20180514,17.24,17.326,17.207,17.273,16046,0
20180515,17.292,17.326,17.206,17.206,18341,0
20180516,17.223,17.308,17.189,17.292,107803,0
20180517,17.155,17.344,17.155,17.289,10566,0
20180518,17.238,17.403,17.238,17.386,87819,0
20180521,17.369,17.369,17.335,17.353,14802,0
20180522,17.351,17.423,17.335,17.423,10469,0
20180523,17.386,17.434,17.361,17.425,13783,0
20180524,17.369,17.434,17.335,17.381,28924,0
20180525,17.335,17.446,17.335,17.391,13665,0
20180529,17.524,17.524,17.301,17.356,20276,0
20180530,17.431,17.464,17.361,17.423,7781,0
20180531,17.421,17.421,17.351,17.412,80156,0
20180601,17.426,17.464,17.386,17.463,66597,0
20180604,17.466,17.488,17.422,17.455,8985,0
20180605,17.446,17.472,17.373,17.472,10019,0
20180606,17.472,17.55,17.394,17.55,14359,0
20180607,17.55,17.61,17.399,17.601,15154,0
20180608,17.661,17.661,17.55,17.614,16812,0
20180611,17.61,17.661,17.551,17.586,14970,0
20180612,17.492,17.584,17.437,17.469,35455,0
20180613,17.405,17.574,17.386,17.495,21023,0
20180614,17.421,17.617,17.421,17.596,8402,0
20180615,17.651,17.651,17.485,17.485,5027,0
20180618,17.553,17.651,17.548,17.584,21532,0
20180619,17.511,17.637,17.511,17.61,19801,0
20180620,17.455,17.644,17.455,17.618,22540,0
20180621,17.695,17.695,17.489,17.511,20410,0
20180622,17.446,17.561,17.446,17.498,6854,0
20180625,17.472,17.541,17.362,17.437,31209,0
20180626,17.351,17.472,17.351,17.36,23506,0
20180627,17.351,17.489,17.351,17.379,6864,0
20180628,17.55,17.55,17.258,17.335,13726,0
20180629,17.498,17.498,17.301,17.446,5348,0
20180702,17.302,17.64,17.302,17.451,24431,0
20180703,17.524,17.654,17.524,17.625,3102,0
20180705,17.593,17.637,17.593,17.606,6324,0
20180706,17.669,17.681,17.584,17.601,9994,0
20180709,17.695,17.722,17.574,17.67,25702,0
20180710,17.61,17.717,17.593,17.637,12850,0
20180711,17.684,17.738,17.655,17.688,6380,0
20180712,17.781,17.781,17.61,17.627,11428,0
20180713,18.03,18.03,17.578,17.653,24728,0
20180716,18.039,18.039,17.653,17.706,9483,0
20180717,17.706,17.847,17.672,17.803,24170,0
20180718,17.855,18.083,17.855,18.065,7909,0
20180719,18.049,18.166,18.049,18.075,56478,0
20180720,18.32,18.32,17.846,18.049,8076,0
20180723,18.258,18.258,17.433,17.995,19244,0
20180724,18.022,18.065,17.829,18.065,51414,0
20180725,17.864,18.119,17.864,18.1,12477,0
20180726,18.075,18.105,18.037,18.1,16617,0
20180727,18.232,18.232,18.032,18.1,18867,0
20180730,18.075,18.119,18.039,18.119,8202,0
20180731,18.119,18.127,18.024,18.119,12507,0
20180801,18.119,18.197,18.075,18.197,6888,0
20180802,18.139,18.251,18.137,18.236,11218,0
20180803,18.232,18.32,18.232,18.302,6411,0
20180806,18.232,18.294,18.198,18.292,4220,0
20180807,18.294,18.399,18.294,18.382,8869,0
20180808,18.407,18.407,18.258,18.328,12445,0
20180809,18.251,18.364,18.251,18.312,13524,0
20180810,18.251,18.252,18.127,18.207,15919,0
20180813,18.229,18.229,18.163,18.196,3908,0
20180814,18.197,18.215,18.144,18.16,8051,0
20180815,18.153,18.171,18.121,18.153,7762,0
20180816,18.163,18.276,18.137,18.18,15297,0
20180817,18.188,18.251,18.101,18.251,10042,0
20180820,18.197,18.303,18.163,18.196,18720,0
20180821,18.338,18.338,18.232,18.281,6045,0
20180822,18.267,18.292,18.215,18.24,3776,0
20180823,18.182,18.218,18.182,18.198,2232,0
20180824,18.223,18.261,18.153,18.153,18528,0
20180827,17.829,18.348,17.829,18.338,24244,0
20180828,18.39,18.39,18.164,18.281,16707,0
20180829,18.223,18.389,18.223,18.311,4393,0
20180830,18.382,18.451,18.338,18.451,8008,0
20180831,18.425,18.425,18.322,18.425,4323,0
20180904,18.387,18.434,18.338,18.387,6886,0
20180905,18.417,18.417,18.251,18.362,51136,0
20180906,18.252,18.294,18.243,18.294,10736,0
20180907,18.276,18.294,18.137,18.241,12774,0
20180910,18.197,18.267,18.188,18.188,19465,0
20180911,18.188,18.251,18.178,18.197,13102,0
20180912,18.197,18.251,18.093,18.205,23603,0
20180913,18.207,18.338,18.207,18.283,9948,0
20180914,18.276,18.276,18.207,18.207,17278,0
20180917,18.18,18.293,18.18,18.265,7473,0
20180918,18.246,18.311,18.197,18.311,15695,0
20180919,18.311,18.311,18.251,18.251,5997,0
20180920,18.267,18.364,18.208,18.303,14774,0
20180921,18.311,18.347,18.311,18.338,3438,0
20180924,18.338,18.343,18.255,18.255,15089,0
20180925,18.251,18.295,18.18,18.216,8198,0
20180926,18.222,18.267,18.188,18.188,5036,0
20180927,18.258,18.267,18.11,18.186,9131,0
20180928,18.206,18.267,18.171,18.176,11715,0
20181001,18.232,18.232,18.076,18.137,67002,0
20181002,18.083,18.223,18.075,18.1,10316,0
20181003,18.119,18.171,18.119,18.137,8953,0
20181004,18.276,18.276,17.82,17.898,31274,0
20181005,17.911,17.943,17.855,17.865,12337,0
20181008,17.767,17.857,17.6,17.6,52851,0
20181009,18.075,18.075,17.6,17.859,31989,0
20181010,17.731,17.801,17.574,17.574,38946,0
20181011,17.619,17.657,17.394,17.476,20689,0
20181012,17.378,17.61,17.378,17.386,28386,0
20181015,17.422,17.553,17.422,17.522,6748,0
20181016,17.457,17.574,17.449,17.449,9141,0
20181017,17.252,17.571,17.252,17.413,38100,0
20181018,17.529,17.529,17.378,17.404,79409,0
20181019,17.342,17.418,17.229,17.378,21726,0
20181022,17.386,17.386,17.229,17.229,4115,0
20181023,17.368,17.368,17.028,17.054,68654,0
20181024,17.118,17.118,16.904,16.955,14757,0
20181025,16.955,17.073,16.908,16.995,29765,0
20181026,16.974,16.974,16.804,16.849,12904,0
20181029,16.964,17.131,16.906,16.931,6163,0
20181030,17.038,17.046,16.91,16.989,15888,0
20181031,17.118,17.386,17.118,17.359,9784,0
20181101,17.288,17.484,17.288,17.288,18365,0
20181102,17.439,17.511,17.314,17.359,13244,0
20181105,17.207,17.538,17.207,17.521,7391,0
20181106,17.378,17.751,17.378,17.61,17474,0
20181107,17.776,17.852,17.674,17.773,24546,0
20181108,17.583,17.897,17.566,17.619,26294,0
20181109,17.708,17.749,17.668,17.705,13672,0
20181112,17.834,17.834,17.476,17.502,9662,0
20181113,17.538,17.637,17.431,17.495,10468,0
20181114,17.496,17.583,17.392,17.392,13694,0
20181115,17.359,17.449,17.297,17.342,13124,0
20181116,17.394,17.413,17.353,17.379,6123,0
20181119,17.297,17.431,17.297,17.359,26009,0
20181120,17.502,17.502,17.028,17.099,27003,0
20181121,16.938,17.342,16.938,17.126,16009,0
20181123,17.134,17.288,17.134,17.288,29793,0
20181126,17.342,17.446,17.297,17.349,11559,0
20181127,17.215,17.312,16.938,17.171,44817,0
20181128,17.278,17.433,17.278,17.433,11489,0
20181129,17.476,17.476,17.386,17.44,7374,0
20181130,17.443,17.463,17.326,17.391,20604,0
20181203,17.378,17.511,17.369,17.494,10534,0
20181204,17.511,17.511,17.299,17.362,15368,0
20181206,17.225,17.225,16.883,17.019,21728,0
20181207,16.974,17.215,16.974,17.114,36553,0
20181210,17.349,17.349,16.865,17.005,32746,0
20181211,17.144,17.144,16.875,16.896,24889,0
20181212,17.449,17.449,16.938,17.019,33698,0
20181213,16.964,16.973,16.816,16.816,16056,0
20181214,16.75,16.92,16.624,16.732,17709,0
20181217,16.633,16.711,15.925,15.977,28061,0
20181218,16.006,16.34,15.812,16.007,68690,0
20181219,16.159,16.22,15.853,15.966,36194,0
20181220,15.986,15.986,15.326,15.416,44887,0
20181221,15.657,15.692,15.338,15.371,34881,0
20181224,15.182,15.518,15.084,15.51,19373,0
20181226,15.486,15.827,15.406,15.811,51666,0
20181227,15.692,16.185,15.575,15.791,123096,0
20181228,16.263,16.349,16.041,16.041,63679,0
20181231,16.382,16.399,15.714,15.853,68897,0
20190102,15.827,16.329,15.827,16.122,18110,0
20190103,16.122,16.265,16.115,16.117,25584,0
20190104,16.284,16.516,16.284,16.49,21102,0
20190107,16.374,16.951,16.374,16.893,29123,0
20190108,16.909,17.038,16.909,16.995,7193,0
20190109,16.964,17.028,16.945,16.974,8822,0
20190110,16.902,17.144,16.902,17.06,32206,0
20190111,17.008,17.164,17.008,17.09,65074,0
20190114,17.018,17.131,16.981,16.981,20991,0
20190115,16.962,17.163,16.952,17.118,13384,0
20190116,16.916,17.221,16.916,17.082,10538,0
20190117,16.981,17.347,16.981,17.202,9311,0
20190118,17.32,17.417,17.228,17.297,95983,0
20190122,17.541,17.568,17.21,17.221,16711,0
20190123,17.376,17.376,17.165,17.366,15409,0
20190124,17.516,17.521,17.284,17.34,154667,0
20190125,17.377,17.485,17.347,17.485,20220,0
20190128,17.376,17.523,17.366,17.465,24548,0
20190129,17.357,17.587,17.357,17.455,25198,0
20190130,17.376,17.725,17.376,17.647,24105,0
20190131,17.798,17.853,17.641,17.853,47732,0
20190201,17.853,17.853,17.633,17.741,4604,0
20190204,17.697,17.88,17.697,17.836,19524,0
20190205,17.853,17.99,17.853,17.967,45604,0
20190206,17.972,18.004,17.909,17.931,9180,0
20190207,18.248,18.248,17.65,17.752,43665,0
20190208,17.633,17.758,17.623,17.715,16726,0
20190211,17.761,17.853,17.715,17.73,15382,0
20190212,17.816,17.872,17.807,17.807,25594,0
20190213,17.936,18.008,17.789,17.865,17270,0
20190214,17.89,17.915,17.816,17.86,33008,0
20190215,17.903,17.978,17.903,17.967,3719,0
20190219,17.936,18.046,17.936,17.972,9674,0
20190220,17.99,18.161,17.99,18.128,8400,0
20190221,18.11,18.271,18.11,18.22,23951,0
20190222,18.074,18.564,18.074,18.564,24795,0
20190225,18.559,18.559,18.34,18.513,12905,0
20190226,18.436,18.453,18.33,18.442,10225,0
20190227,18.402,18.402,18.34,18.353,12125,0
20190228,18.468,18.468,18.192,18.238,17318,0
20190301,18.367,18.367,18.082,18.105,14434,0
20190304,18.12,18.183,18.1,18.183,82203,0
20190305,18,18.018,17.972,18.017,5878,0
20190306,18.014,18.014,17.934,17.934,2303,0
20190307,17.866,17.91,17.853,17.894,7152,0
20190308,17.872,18.036,17.872,17.954,7157,0
20190311,18.039,18.135,18.002,18.113,8697,0
20190312,18.082,18.128,18.018,18.037,19850,0
20190313,17.926,18.128,17.926,18.071,11948,0
20190314,18.128,18.174,18.084,18.146,6216,0
20190315,18.147,18.174,18.076,18.116,16652,0
20190318,18.082,18.191,18.082,18.191,12088,0
20190319,18.268,18.283,18.12,18.12,23709,0
20190320,18.008,18.082,17.899,18.008,11345,0
20190321,17.962,18.13,17.962,18.046,20390,0
20190322,17.899,18.05,17.899,17.986,36452,0
20190325,18.1,18.1,17.879,17.955,23459,0
20190326,17.945,18.049,17.945,18.028,15332,0
20190327,17.917,18.11,17.917,18.054,6199,0
20190328,18.137,18.137,18.082,18.111,9111,0
20190329,18.159,18.211,18.071,18.071,9115,0
20190401,18.092,18.257,18.092,18.207,18979,0
20190402,18.241,18.31,18.202,18.289,14425,0
20190403,18.33,18.357,18.192,18.197,9870,0
20190404,18.275,18.304,18.202,18.293,18159,0
20190405,18.321,18.403,18.312,18.371,7695,0
20190408,18.357,18.454,18.357,18.367,10512,0
20190409,18.357,18.376,18.229,18.234,33376,0
20190410,18.402,18.402,18.268,18.316,11461,0
20190411,18.452,18.452,18.269,18.326,32869,0
20190412,18.283,18.412,18.283,18.335,61099,0
20190415,18.349,18.349,18.3,18.322,11664,0
20190416,18.293,18.464,18.293,18.396,14766,0
20190417,18.387,18.407,18.321,18.372,8514,0
20190418,18.415,18.415,18.306,18.349,7140,0
20190422,18.368,18.391,18.33,18.358,7551,0
20190423,18.358,18.471,18.344,18.455,13877,0
20190424,18.424,18.583,18.405,18.405,22998,0
20190425,18.358,18.528,18.358,18.424,15417,0
20190426,18.481,18.583,18.434,18.546,40199,0
20190429,18.575,18.696,18.575,18.63,10022,0
20190430,18.659,18.659,18.575,18.575,6923,0
20190501,18.536,18.706,18.321,18.321,3776,0
20190502,18.499,18.654,18.489,18.636,14007,0
20190503,18.696,18.846,18.661,18.687,15153,0
20190506,18.321,18.83,18.321,18.734,3957,0
20190507,18.696,18.793,18.668,18.671,9013,0
20190508,18.687,18.81,18.687,18.75,4626,0
20190509,18.687,18.752,18.541,18.598,4808,0
20190510,18.659,18.685,18.612,18.612,5616,0
20190513,18.612,18.612,18.349,18.415,17376,0
20190514,18.573,18.575,18.536,18.536,2582,0
20190515,18.405,18.565,18.405,18.528,12747,0
20190516,18.499,18.63,18.462,18.462,7678,0
20190517,18.312,18.696,18.312,18.635,22431,0
20190520,18.583,18.705,18.583,18.654,17710,0
20190521,18.649,18.714,18.612,18.692,13613,0
20190522,18.706,18.706,18.594,18.649,9619,0
20190523,18.555,18.575,18.471,18.532,5276,0
20190524,18.575,18.663,18.509,18.514,13482,0
20190528,18.509,18.893,18.489,18.518,7267,0
20190529,18.546,18.546,18.321,18.321,7832,0
20190530,18.33,18.485,18.283,18.283,16838,0
20190531,18.283,18.283,17.984,17.984,16330,0
20190603,18.049,18.189,18.049,18.139,72550,0
20190604,18.17,18.357,18.165,18.312,7751,0
20190605,18.434,18.434,18.256,18.298,11901,0
20190606,18.377,18.396,18.274,18.377,6349,0
20190607,18.349,18.435,18.326,18.413,11882,0
20190610,18.489,18.575,18.467,18.497,5804,0
20190611,18.518,18.572,18.49,18.513,15489,0
20190612,18.509,18.583,18.493,18.56,8808,0
20190613,18.565,18.706,18.518,18.518,243880,0
20190614,18.536,18.743,18.536,18.681,11359,0
20190617,18.659,18.677,18.608,18.646,7256,0
20190618,18.677,18.846,18.677,18.757,16087,0
20190619,18.752,18.93,18.752,18.835,31724,0
20190620,18.902,18.93,18.622,18.771,18667,0
20190621,18.846,18.846,18.667,18.737,10710,0
20190624,18.734,18.837,18.706,18.717,22672,0
20190625,18.706,18.71,18.555,18.555,8323,0
20190626,18.64,18.668,18.518,18.555,16022,0
20190627,18.528,18.607,18.518,18.546,40882,0
20190628,18.565,18.722,18.546,18.672,12955,0
20190701,18.714,18.752,18.687,18.71,9844,0
20190702,18.79,18.893,18.745,18.755,8198,0
20190703,18.94,18.94,18.818,18.854,8392,0
20190705,18.987,18.987,18.757,18.871,23135,0
20190708,18.846,18.846,18.79,18.79,17234,0
20190709,18.808,18.922,18.761,18.841,12327,0
20190710,18.881,18.912,18.792,18.846,73405,0
20190711,18.893,18.893,18.837,18.86,11006,0
20190712,19.009,19.009,18.827,18.889,8885,0
20190715,19.076,19.076,18.865,18.911,18913,0
20190716,18.865,19.009,18.865,18.865,6489,0
20190717,18.865,18.865,18.798,18.817,8484,0
20190718,18.855,18.855,18.769,18.798,11013,0
20190719,18.798,18.932,18.798,18.813,9653,0
20190722,18.779,18.836,18.683,18.712,16526,0
20190723,18.884,18.969,18.683,18.759,11479,0
20190724,18.807,18.903,18.721,18.894,22503,0
20190725,18.894,18.932,18.836,18.849,12194,0
20190726,18.817,18.925,18.817,18.903,4596,0
20190729,18.901,18.903,18.759,18.817,14025,0
20190730,18.903,19.037,18.839,19.037,14329,0
20190731,18.982,18.989,18.818,18.818,4648,0
20190801,18.824,18.894,18.731,18.731,12340,0
20190802,18.76,18.774,18.708,18.748,12841,0
20190805,18.625,18.625,18.32,18.379,13688,0
20190806,18.616,18.634,18.501,18.558,5980,0
20190807,18.491,18.491,18.357,18.461,8813,0
20190808,18.386,18.779,18.386,18.769,12087,0
20190809,18.68,18.74,18.64,18.74,2535,0
20190812,18.482,18.577,18.392,18.577,11224,0
20190813,18.415,18.75,18.415,18.688,7449,0
20190814,18.645,18.645,18.367,18.454,15018,0
20190815,18.52,18.58,18.38,18.446,20520,0
20190816,18.434,18.702,18.434,18.702,34257,0
20190819,18.683,18.951,18.683,18.902,14174,0
20190820,18.731,19.018,18.731,18.914,5001,0
20190821,18.93,19.009,18.903,18.927,8097,0
20190822,18.959,18.979,18.875,18.894,4312,0
20190823,18.828,18.959,18.769,18.781,8146,0
20190826,18.873,18.873,18.819,18.827,1509,0
20190827,18.823,18.823,18.683,18.716,9706,0
20190828,18.683,18.721,18.587,18.678,9053,0
20190829,18.673,18.815,18.673,18.815,7812,0
20190830,18.812,18.883,18.759,18.854,7778,0
20190903,18.759,18.904,18.693,18.76,8323,0
20190904,18.763,18.855,18.75,18.822,6520,0
20190905,18.788,18.98,18.788,18.946,10938,0
20190906,18.878,18.951,18.875,18.908,13740,0
20190909,18.788,19.018,18.788,19.018,13002,0
20190910,19.018,19.152,19.018,19.11,7346,0
20190911,19.162,19.162,19.114,19.162,7202,0
20190912,19.162,19.215,19.133,19.162,27470,0
20190913,19.133,19.285,19.133,19.238,5127,0
20190916,19.253,19.344,19.231,19.278,8012,0
20190917,19.26,19.278,19.202,19.248,5623,0
20190918,19.296,19.323,19.239,19.258,59362,0
20190919,19.375,19.401,19.301,19.301,14587,0
20190920,19.401,19.401,19.345,19.396,8780,0
20190923,19.401,19.457,19.401,19.455,4802,0
20190924,19.641,19.641,19.289,19.291,16111,0
20190925,19.353,19.353,19.239,19.306,10339,0
20190926,19.2,19.421,19.2,19.404,16244,0
20190927,19.449,19.449,19.293,19.315,9213,0
20190930,19.368,19.411,19.287,19.315,3920,0
20191001,19.208,19.257,19.057,19.076,5227,0
20191002,19.152,19.152,18.635,18.734,34317,0
20191003,18.894,18.894,18.645,18.683,5265,0
20191004,18.731,18.841,18.731,18.841,4957,0
20191007,18.836,18.943,18.821,18.904,17356,0
20191008,18.941,18.941,18.769,18.798,34674,0
20191009,18.836,18.891,18.788,18.807,22995,0
20191010,18.768,18.925,18.768,18.905,10083,0
20191011,18.984,19.079,18.984,18.995,13189,0
20191014,18.817,18.935,18.817,18.881,7579,0
20191015,18.837,19.077,18.837,19.017,2126,0
20191016,19.018,19.072,19.009,19.022,5306,0
20191017,19.032,19.086,19.014,19.067,14244,0
20191018,19.179,19.179,19.072,19.14,3262,0
20191021,19.414,19.414,19.15,19.216,13703,0
20191022,19.16,19.29,19.16,19.199,8158,0
20191023,19.155,19.228,19.155,19.214,12371,0
20191024,19.169,19.218,19.169,19.189,2758,0
20191025,19.326,19.326,19.167,19.194,11049,0
20191028,19.267,19.277,19.237,19.268,15375,0
20191029,19.316,19.316,19.228,19.262,36038,0
20191030,19.228,19.296,19.217,19.246,7272,0
20191031,19.228,19.241,19.161,19.19,8234,0
20191101,19.272,19.316,19.258,19.287,25523,0
20191104,19.326,19.43,19.306,19.404,20193,0
20191105,19.409,19.424,19.331,19.331,24178,0
20191106,19.267,19.368,19.267,19.351,20064,0
20191107,19.316,19.362,19.228,19.238,4974,0
20191108,19.277,19.337,19.238,19.277,27079,0
20191111,19.267,19.355,19.267,19.321,7742,0
20191112,19.326,19.473,19.326,19.419,8413,0
20191113,19.38,19.434,19.362,19.39,9378,0
20191114,19.434,19.472,19.413,19.419,4202,0
20191115,19.424,19.424,19.357,19.395,35884,0
20191118,19.336,19.434,19.32,19.395,9624,0
20191119,19.326,19.465,19.326,19.404,31241,0
20191120,19.473,19.473,19.346,19.437,33485,0
20191121,19.424,19.425,19.287,19.287,14764,0
20191122,19.336,19.395,19.316,19.395,9783,0
20191125,19.404,19.532,19.404,19.482,4032,0
20191126,19.458,19.61,19.458,19.527,40187,0
20191127,19.708,19.708,19.543,19.695,12161,0
20191129,19.766,19.796,19.757,19.771,1665,0
20191202,19.815,19.815,19.639,19.673,18236,0
20191203,19.58,19.62,19.453,19.611,8730,0
20191204,19.659,19.786,19.659,19.766,6013,0
20191205,19.655,19.766,19.655,19.704,6373,0
20191206,19.747,19.854,19.747,19.81,15536,0
20191209,19.698,19.908,19.698,19.844,19098,0
20191210,19.952,19.952,19.806,19.845,14094,0
20191211,19.991,19.991,19.822,19.908,13229,0
20191212,19.965,20.011,19.962,19.967,9826,0
20191213,20.031,20.06,19.963,20.06,13385,0
20191216,19.878,20.187,19.878,20.12,8044,0
20191217,20.08,20.212,19.766,20.138,14510,0
20191218,20.138,20.172,20.06,20.06,20711,0
20191219,19.962,20.184,19.962,20.109,34511,0
20191220,20.06,20.143,20.031,20.119,17783,0
20191223,20.099,20.119,19.962,20.042,26735,0
20191224,20.05,20.089,20.04,20.089,7254,0
20191226,20.05,20.089,20.05,20.07,12118,0
20191227,20.142,20.148,20.041,20.05,10685,0
20191230,20.05,20.051,19.952,19.972,46452,0
20191231,20.158,20.158,19.982,20.001,24413,0
20200102,20.011,20.069,19.962,19.962,23890,0
20200103,19.952,20.109,19.952,20.099,40416,0
20200106,19.991,20.095,19.991,20.021,15354,0
20200107,20.021,20.08,20.017,20.06,17751,0
20200108,20.06,20.089,20.06,20.075,11191,0
20200109,20.099,20.148,19.766,19.766,30311,0
20200110,19.77,20.16,19.77,20.1149,47380,0
20200113,20.19,20.1948,20.12,20.16,47084,0
20200114,19.89,20.25,19.89,20.1892,11505,0
20200115,20.27,20.32,20.25,20.29,56024,0
20200116,20.27,20.3666,20.27,20.305,76970,0
20200117,20.44,20.44,20.3,20.304,22241,0
20200121,20.33,20.34,20.31,20.34,18722,0
20200122,20.37,20.44,20.27,20.35,20084,0
20200123,20.22,20.43,20.03,20.03,19541,0
