Date,Open,High,Low,Close,Volume,OpenInt
20120229,38.073,38.073,37.657,37.657,240010,0
20120301,38.22,38.22,37.764,38.022,10988,0
20120302,37.775,37.999,37.775,37.912,140924,0
20120305,37.757,37.757,37.533,37.606,2324,0
20120306,36.989,36.989,36.568,36.719,6451,0
20120307,36.942,37.18,36.942,37.18,809,0
20120308,38.244,38.244,37.521,37.521,2690,0
20120309,38.026,38.026,37.509,37.515,1722,0
20120312,37.245,37.245,37.015,37.077,6682,0
20120313,37.445,37.697,37.413,37.697,2449,0
20120314,37.619,37.783,37.342,37.383,8972,0
20120315,37.486,37.778,37.486,37.75,4246,0
20120316,37.713,37.713,37.617,37.617,3585,0
20120319,37.825,38.098,37.452,37.71,10513,0
20120320,37.383,37.383,37.077,37.185,10912,0
20120321,37.349,37.349,37.126,37.245,5083,0
20120322,36.945,36.952,36.744,36.789,13805,0
20120323,37.176,37.176,36.89,37.079,12871,0
20120326,37.337,37.53,37.33,37.53,10633,0
20120327,37.55,37.594,37.483,37.578,2201,0
20120328,37.337,37.337,37.121,37.121,7475,0
20120329,36.839,36.839,36.451,36.658,4786,0
20120330,37.091,37.274,37.057,37.274,41048,0
20120402,37.318,37.594,37.162,37.594,1528,0
20120403,38.173,38.173,37.045,37.045,13100,0
20120404,36.833,36.833,36.451,36.499,3756,0
20120405,36.473,36.473,36.391,36.434,2054,0
20120409,36.232,36.398,36.218,36.398,2820,0
20120410,36.226,36.294,35.729,35.885,14123,0
20120411,36.37,36.37,35.955,36.112,5366,0
20120412,36.479,36.662,36.479,36.662,1760,0
20120413,36.733,37.017,36.3,37.003,29245,0
20120416,36.499,36.499,36.131,36.308,9038,0
20120417,36.609,36.63,36.532,36.63,2533,0
20120418,36.153,36.275,36.153,36.153,4546,0
20120419,35.966,36.683,35.966,36.063,836,0
20120420,36.458,37.378,36.185,36.3,32854,0
20120423,36.465,36.465,35.557,35.804,7636,0
20120424,36.546,36.546,36.063,36.063,2415,0
20120425,36.417,36.417,36.335,36.335,1657,0
20120426,36.582,36.683,36.582,36.683,3150,0
20120427,36.546,36.695,36.546,36.695,4546,0
20120430,36.629,36.832,36.433,36.466,16046,0
20120501,36.676,36.676,36.574,36.574,4141,0
20120502,36.668,36.746,36.668,36.746,1806,0
20120503,36.662,36.668,36.594,36.668,1367,0
20120504,36.527,36.527,36.254,36.267,12585,0
20120507,36.239,36.479,36.239,36.479,7109,0
20120508,35.821,36.049,35.723,36.049,4939,0
20120509,36.21,36.21,35.298,35.633,27134,0
20120510,35.742,36.321,35.606,35.62,5225,0
20120511,35.41,35.688,35.272,35.325,4609,0
20120514,35.127,35.127,34.277,34.392,10566,0
20120515,34.106,34.461,34.07,34.2,5153,0
20120516,34.277,34.277,33.696,33.947,1820,0
20120517,33.677,33.677,33.546,33.546,938,0
20120518,33.514,33.514,33.429,33.429,325,0
20120521,32.502,33.499,32.502,33.499,1263,0
20120522,33.696,33.956,33.663,33.663,10928,0
20120523,33.321,33.321,32.4,33.137,3281,0
20120524,32.823,32.823,32.823,32.823,410,0
20120525,33.137,33.137,32.94,33.068,3768,0
20120529,33.579,33.65,33.579,33.616,1647,0
20120531,33.01,33.305,33.01,33.226,14197,0
20120601,32.08,32.878,32.08,32.755,3480,0
20120604,32.569,32.569,32.441,32.441,588,0
20120605,32.81,32.81,32.81,32.81,147,0
20120606,33.45,33.54,33.45,33.54,366,0
20120607,33.741,33.844,33.741,33.844,4251,0
20120608,33.491,33.491,33.491,33.491,554,0
20120611,33.388,33.388,33.08,33.08,2183,0
20120612,33.245,33.477,33.245,33.429,1026,0
20120613,33.663,33.804,33.595,33.595,44303,0
20120614,34.077,34.077,33.499,33.798,14131,0
20120615,33.528,33.748,32.875,33.748,25095,0
20120618,33.696,33.939,33.696,33.914,990,0
20120619,35.395,35.395,34.337,34.51,7641,0
20120620,35.372,35.372,34.374,34.523,22374,0
20120621,36.11,36.11,33.661,33.661,8281,0
20120622,33.844,33.844,33.791,33.837,1587,0
20120625,33.477,33.661,33.456,33.661,11544,0
20120626,33.802,34.532,33.754,33.791,25146,0
20120627,34.086,34.086,33.964,33.964,2330,0
20120628,34.299,34.299,33.629,33.637,3242,0
20120629,33.93,34.881,33.93,34.881,1959,0
20120702,35.017,35.108,35.003,35.108,2469,0
20120703,35.511,37.492,35.511,35.686,21875,0
20120705,35.755,35.755,35.269,35.443,24721,0
20120706,35.755,35.755,34.775,34.845,6203,0
20120709,35.281,35.281,34.712,34.824,2151,0
20120710,34.921,34.921,34.608,34.608,4613,0
20120711,35.727,35.727,34.608,34.673,7619,0
20120712,34.282,34.282,34.032,34.282,4480,0
20120713,34.277,34.616,34.277,34.608,3423,0
20120716,34.921,34.921,34.506,34.555,4896,0
20120717,34.894,35.059,34.852,34.852,6049,0
20120718,34.96,34.96,34.643,34.916,11626,0
20120719,34.956,35.032,34.811,34.989,2403,0
20120720,34.886,34.886,34.435,34.512,4791,0
20120723,34.027,34.027,33.693,34.019,8648,0
20120724,34.347,34.347,33.697,33.894,6600,0
20120725,34.26,34.416,34.145,34.254,11420,0
20120726,34.497,34.673,34.497,34.659,5488,0
20120727,35.082,35.443,34.909,35.443,13660,0
20120730,35.58,35.58,35.075,35.221,9996,0
20120731,35.572,35.572,34.859,34.859,4150,0
20120801,35.394,35.394,34.921,34.921,2448,0
20120802,34.83,34.83,34.032,34.086,66420,0
20120803,35.113,35.457,35.113,35.191,7161,0
20120806,35.544,35.544,35.288,35.367,10971,0
20120807,35.672,35.672,35.33,35.443,17221,0
20120808,35.649,35.686,35.47,35.686,9642,0
20120809,35.813,36.052,35.775,35.899,22897,0
20120810,35.949,36.045,35.763,36.045,9684,0
20120813,36.574,36.574,35.642,35.796,15999,0
20120814,36.484,36.484,35.649,35.755,15831,0
20120815,36.413,36.413,35.829,36.06,4317,0
20120816,36.56,36.56,36.102,36.454,9935,0
20120817,36.295,36.658,36.005,36.005,5719,0
20120820,36.638,36.638,35.928,36.095,20445,0
20120821,36.136,36.519,36.11,36.177,22279,0
20120822,36.323,36.351,36.102,36.351,5437,0
20120823,36.295,36.345,35.964,36.184,17060,0
20120824,36.17,36.372,36.142,36.282,6820,0
20120827,36.331,36.331,35.982,36,15686,0
20120828,35.928,36.025,35.928,36,3262,0
20120829,36.045,36.045,35.665,35.804,9327,0
20120830,35.421,35.573,35.33,35.47,1732,0
20120831,35.607,35.966,35.607,35.845,26999,0
20120904,35.939,35.953,35.763,35.945,8336,0
20120905,35.887,36.023,35.783,35.91,97373,0
20120906,36.086,36.544,36.072,36.529,26159,0
20120907,36.643,36.909,36.643,36.866,3721,0
20120910,36.94,36.94,36.4,36.553,48378,0
20120911,37.115,37.115,36.782,36.829,11013,0
20120912,37.011,37.011,36.622,36.713,5337,0
20120913,37.024,38.224,36.594,37.442,42803,0
20120914,38.086,38.086,37.558,37.656,57300,0
20120917,37.442,37.442,37.288,37.31,10370,0
20120918,37.29,37.331,37.227,37.331,9292,0
20120919,37.972,37.972,37.353,37.353,11716,0
20120920,37.662,37.662,37.072,37.324,11672,0
20120921,37.558,37.558,37.297,37.422,5784,0
20120924,37.183,37.282,37.165,37.26,5759,0
20120925,37.331,37.331,36.924,36.924,4236,0
20120926,36.789,36.789,36.51,36.643,4740,0
20120927,36.837,37.233,36.837,37.129,7494,0
20120928,37.042,37.191,37.034,37.191,14125,0
20121001,37.52,37.558,37.304,37.304,13360,0
20121002,37.44,37.446,37.274,37.331,6330,0
20121003,37.318,37.318,37.043,37.114,18569,0
20121004,37.072,37.183,37.014,37.177,26216,0
20121005,37.417,37.422,36.974,36.974,19610,0
20121008,36.677,36.727,36.594,36.684,4018,0
20121009,36.783,36.783,36.474,36.587,5291,0
20121010,36.599,36.599,36.317,36.41,8438,0
20121011,37.029,37.029,36.696,36.755,25777,0
20121012,36.854,36.854,36.557,36.629,16789,0
20121015,36.734,36.918,36.691,36.847,6923,0
20121016,37.227,37.417,37.227,37.406,3373,0
20121017,37.481,37.579,37.481,37.579,1987,0
20121018,37.472,37.501,37.389,37.464,5599,0
20121019,37.122,37.173,36.875,37.035,11298,0
20121022,36.943,37.362,36.943,37.362,48448,0
20121023,37.165,37.165,36.658,36.817,16372,0
20121024,36.981,37.105,36.943,36.966,5438,0
20121025,37.157,37.157,37.014,37.072,11676,0
20121026,36.817,36.847,36.613,36.768,34934,0
20121031,37.035,37.222,36.607,36.825,19595,0
20121101,36.936,37.114,36.847,36.943,33027,0
20121102,36.696,36.76,36.521,36.521,15959,0
20121105,36.629,36.918,36.629,36.909,3036,0
20121106,37.114,37.353,36.957,37.304,4510,0
20121107,36.658,36.811,36.565,36.705,7685,0
20121108,36.896,36.896,36.458,36.613,9116,0
20121109,36.747,36.987,36.722,36.854,6889,0
20121112,36.768,37.097,36.768,36.931,18500,0
20121113,36.51,36.652,36.402,36.535,20762,0
20121114,36.557,36.755,35.978,35.978,8709,0
20121115,35.978,36.164,35.978,36.135,7672,0
20121116,36.183,36.445,36.086,36.34,19881,0
20121119,36.629,36.705,36.629,36.705,3171,0
20121120,36.579,36.643,36.396,36.599,11908,0
20121121,36.269,36.439,36.176,36.425,3045,0
20121123,36.966,36.993,36.931,36.966,2542,0
20121126,36.918,36.931,36.837,36.861,8383,0
20121127,36.875,37.086,36.774,36.866,25757,0
20121128,36.755,36.882,36.658,36.882,3545,0
20121129,37.353,37.417,37.253,37.397,7893,0
20121130,37.615,37.722,37.482,37.59,14951,0
20121203,37.584,37.776,37.464,37.488,11064,0
20121204,37.731,37.902,37.706,37.731,72353,0
20121205,38.135,38.142,37.842,37.986,35694,0
20121206,38.192,38.288,38.078,38.288,34313,0
20121207,38.283,38.309,38.093,38.309,10419,0
20121210,38.239,38.431,38.239,38.41,15283,0
20121211,38.387,38.523,38.387,38.48,38643,0
20121212,38.623,38.867,38.572,38.675,27307,0
20121213,38.61,38.64,38.375,38.452,9681,0
20121214,38.296,38.417,38.239,38.274,13848,0
20121217,38.578,38.578,38.309,38.487,40952,0
20121218,38.584,38.823,38.487,38.823,18619,0
20121219,38.901,39.052,38.867,38.867,54463,0
20121220,39.083,39.108,38.873,39.083,18204,0
20121221,38.64,39.239,38.224,39.108,21839,0
20121224,39.15,39.15,38.53,38.831,8610,0
20121226,39.143,39.248,38.98,39.211,6374,0
20121227,39.431,39.499,39.034,39.439,79660,0
20121228,39.557,39.81,39.52,39.585,129722,0
20121231,39.709,40.238,39.681,40.143,43676,0
20130102,40.641,40.724,40.348,40.647,42528,0
20130103,40.322,40.55,40.232,40.232,60905,0
20130104,40.183,40.275,39.833,40.275,28197,0
20130107,40.048,40.232,39.69,39.759,75422,0
20130108,39.591,39.606,39.29,39.382,94576,0
20130109,39.564,39.888,39.52,39.833,42069,0
20130110,39.919,40.056,39.749,39.994,12855,0
20130111,39.795,40.071,39.542,39.657,29018,0
20130114,39.958,39.958,39.514,39.69,15328,0
20130115,39.935,39.935,39.499,39.755,39313,0
20130116,39.571,39.833,39.571,39.802,19959,0
20130117,39.819,40.063,39.765,39.935,111369,0
20130118,39.994,40.113,39.833,39.911,53623,0
20130122,40.373,40.373,39.795,39.874,50808,0
20130123,39.888,39.911,39.718,39.733,97103,0
20130124,39.683,39.974,39.479,39.507,37997,0
20130125,39.449,39.548,39.29,39.486,31301,0
20130128,39.367,39.526,38.867,38.925,26363,0
20130129,38.951,39.347,38.916,39.347,39368,0
20130130,39.39,39.39,39.07,39.13,35269,0
20130131,39.029,39.235,39.001,39.22,33202,0
20130201,39.267,39.664,39.239,39.606,30432,0
20130204,39.479,39.479,38.993,39.083,11995,0
20130205,39.217,39.465,39.198,39.367,15782,0
20130206,39.198,39.408,39.115,39.39,367168,0
20130207,39.359,39.359,38.916,39.083,23972,0
20130208,39.014,39.29,39.014,39.254,18220,0
20130211,39.122,39.122,39.052,39.115,15927,0
20130212,38.916,39.108,38.846,39.034,22955,0
20130213,39.248,39.248,39.07,39.186,13939,0
20130214,39.318,39.417,39.15,39.397,27086,0
20130215,39.397,39.564,39.135,39.211,35756,0
20130219,39.07,39.07,38.972,38.972,40009,0
20130220,38.999,39.007,38.467,38.548,41703,0
20130221,38.565,38.565,38.028,38.155,29963,0
20130222,38.48,38.48,38.163,38.36,14721,0
20130225,38.53,38.663,37.781,37.789,39177,0
20130226,38.274,38.347,38.028,38.326,16624,0
20130227,38.1,38.508,38.1,38.487,35263,0
20130228,38.542,38.628,38.405,38.405,17523,0
20130301,38.308,38.374,38.068,38.346,16599,0
20130304,37.889,38.112,37.848,38.071,33749,0
20130305,38.314,38.374,38.294,38.314,32250,0
20130306,38.408,38.623,38.34,38.555,29385,0
20130307,38.767,39.008,38.699,38.993,23767,0
20130308,39.008,39.116,38.896,39.053,25002,0
20130311,38.98,38.98,38.752,38.861,37651,0
20130312,38.817,39.07,38.627,38.656,34410,0
20130313,38.487,38.627,38.375,38.387,44026,0
20130314,38.375,38.487,38.22,38.268,54234,0
20130315,38.098,38.098,37.893,37.893,23914,0
20130318,37.686,37.761,37.566,37.634,60368,0
20130319,37.739,37.739,37.136,37.324,40705,0
20130320,37.39,37.433,37.246,37.304,44132,0
20130321,37.207,37.222,36.836,36.947,97651,0
20130322,36.823,36.992,36.738,36.895,32819,0
20130325,37.086,37.183,36.802,36.889,57855,0
20130326,37.078,37.414,37.078,37.398,25390,0
20130327,37.042,37.39,36.916,37.362,42577,0
20130328,37.142,37.498,37.142,37.498,27877,0
20130401,37.458,37.628,37.233,37.297,35298,0
20130402,37.741,37.741,37.458,37.458,79303,0
20130403,37.26,37.433,36.999,37.086,66131,0
20130404,37.063,37.097,36.815,37.057,29976,0
20130405,36.655,37.121,36.526,37.072,40354,0
20130408,36.864,37.014,36.765,36.985,21524,0
20130409,37.136,37.452,37.02,37.338,26245,0
20130410,37.658,37.868,37.509,37.658,37007,0
20130411,37.991,38.177,37.713,37.791,147703,0
20130412,37.665,37.733,37.338,37.575,65990,0
20130415,37.283,37.452,36.655,36.655,51350,0
20130416,37.191,37.407,37.072,37.376,89305,0
20130417,37.268,37.268,36.815,36.923,107370,0
20130418,37.151,37.338,36.809,37.086,45605,0
20130419,37.274,37.458,37.165,37.376,16383,0
20130422,37.417,37.417,37.142,37.318,17386,0
20130423,37.37,37.636,37.37,37.531,21840,0
20130424,37.283,37.687,37.283,37.628,40090,0
20130425,37.843,37.943,37.621,37.798,73788,0
20130426,37.693,37.778,37.458,37.585,49543,0
20130429,37.843,38.083,37.733,37.921,39412,0
20130430,37.95,38.434,37.829,38.37,27985,0
20130501,38.38,38.385,37.913,37.929,33815,0
20130502,38.204,38.346,38.152,38.28,23891,0
20130503,38.308,38.416,38.238,38.261,97402,0
20130506,38.333,38.416,38.223,38.393,30999,0
20130507,38.437,38.501,38.294,38.444,40900,0
20130508,38.691,38.981,38.691,38.938,60336,0
20130509,38.668,38.776,38.45,38.485,33293,0
20130510,38.423,38.423,38.169,38.352,40219,0
20130513,38.243,38.253,38.124,38.19,31400,0
20130514,38.182,38.34,38.124,38.195,52241,0
20130515,38.019,38.28,38.019,38.28,73368,0
20130516,38.385,38.479,38.21,38.21,44800,0
20130517,38.437,38.466,38.266,38.393,18591,0
20130520,38.294,38.38,38.21,38.286,18971,0
20130521,38.577,38.723,38.273,38.6,25420,0
20130522,38.783,39.008,38.273,38.286,38424,0
20130523,38.019,38.273,37.771,38.182,27133,0
20130524,37.877,38.045,37.843,38.024,33733,0
20130528,38.266,38.266,37.863,37.921,31075,0
20130529,37.829,37.829,37.417,37.425,22629,0
20130530,37.274,37.424,37.136,37.254,43004,0
20130531,36.955,37.093,36.426,36.452,89043,0
20130603,36.38,36.793,36.257,36.765,24654,0
20130604,36.684,36.922,36.396,36.585,21299,0
20130605,36.662,36.662,36.072,36.179,17143,0
20130606,36.029,36.28,35.913,36.28,36104,0
20130607,36.335,36.463,36.074,36.22,35251,0
20130610,35.902,35.902,35.542,35.584,56463,0
20130611,35.178,35.285,34.839,34.963,261960,0
20130612,35.062,35.124,34.574,34.624,52885,0
20130613,34.454,35.253,34.454,35.253,21162,0
20130614,35.156,35.185,34.717,34.819,17838,0
20130617,35.317,35.344,34.928,35.011,26553,0
20130618,34.949,35.106,34.804,35.046,40205,0
20130619,35.027,35.034,34.164,34.164,28115,0
20130620,33.393,33.621,32.521,32.743,64983,0
20130621,32.895,33.161,32.586,33.097,99222,0
20130624,32.641,32.895,32.21,32.657,65041,0
20130625,33.08,33.369,32.91,33.305,61682,0
20130626,33.493,33.774,33.465,33.774,15999,0
20130627,34.068,34.235,34.048,34.19,53644,0
20130628,34.555,34.985,34.521,34.853,121136,0
20130701,34.625,34.725,34.466,34.511,39063,0
20130702,34.486,34.597,33.868,33.99,48152,0
20130703,33.706,33.931,33.579,33.831,26214,0
20130705,33.766,33.837,33.45,33.732,39488,0
20130708,33.666,33.766,33.609,33.701,31216,0
20130709,33.774,34.106,33.701,34.011,133430,0
20130710,33.797,34.033,33.758,33.861,20984,0
20130711,34.646,34.99,34.597,34.99,38962,0
20130712,34.874,34.874,34.66,34.798,25259,0
20130715,35.099,35.387,35.053,35.28,23420,0
20130716,35.323,35.373,35.046,35.258,41796,0
20130717,35.589,35.597,35.404,35.538,28113,0
20130718,35.432,35.51,35.206,35.214,25642,0
20130719,35.112,35.238,35.053,35.185,65607,0
20130722,35.44,35.619,35.316,35.559,8965,0
20130723,35.975,36.116,35.839,35.95,39259,0
20130724,35.87,35.87,35.329,35.404,49796,0
20130725,35.404,35.573,35.291,35.573,18207,0
20130726,35.316,35.544,35.238,35.538,130850,0
20130729,35.172,35.245,35.046,35.231,30931,0
20130730,35.285,35.352,34.963,34.963,36821,0
20130731,34.804,34.99,34.521,34.703,26777,0
20130801,35.004,35.231,34.839,35.172,73979,0
20130802,34.985,35.285,34.956,35.156,22671,0
20130805,35.214,35.214,34.86,34.9,482452,0
20130806,35.041,35.041,34.632,34.696,33160,0
20130807,34.327,34.597,34.243,34.35,39019,0
20130808,34.725,35.192,34.558,35.112,92375,0
20130809,35.273,35.359,35.164,35.273,19252,0
20130812,35.199,35.544,35.199,35.367,13685,0
20130813,35.544,35.61,35.359,35.567,24864,0
20130814,35.824,35.824,35.538,35.597,17335,0
20130815,35.192,35.192,34.775,35.106,42058,0
20130816,35.291,35.291,34.754,34.798,112986,0
20130819,34.874,34.874,34.394,34.394,107487,0
20130820,34.466,34.471,34.249,34.31,136786,0
20130821,34.082,34.089,33.666,33.766,102158,0
20130822,33.854,34.198,33.854,34.097,43896,0
20130823,34.198,34.574,34.198,34.546,30311,0
20130826,34.558,34.565,34.062,34.134,47383,0
20130827,33.493,33.638,33.141,33.141,83469,0
20130828,33.141,33.531,33.141,33.284,63284,0
20130829,33.493,33.861,33.428,33.428,37866,0
20130830,34.283,34.326,34.1,34.129,27432,0
20130903,34.089,34.316,33.925,34.02,39815,0
20130904,34.205,34.493,33.925,34.429,25953,0
20130905,34.364,34.669,34.364,34.597,22255,0
20130906,34.798,35.178,34.775,35.136,9639,0
20130909,35.653,36.166,35.258,36.094,73544,0
20130910,36.238,36.323,36.058,36.166,42324,0
20130911,36.166,36.361,36.036,36.266,11810,0
20130912,36.331,36.331,35.922,35.928,29216,0
20130913,36.166,36.171,35.87,36.029,178295,0
20130916,36.676,36.734,36.396,36.396,19471,0
20130917,36.375,36.662,36.375,36.519,21395,0
20130918,36.553,38.108,36.447,38.108,42310,0
20130919,38.066,38.066,37.679,37.772,42794,0
20130920,37.362,37.493,37.007,37.138,25403,0
20130923,36.992,37.252,36.992,37.212,32571,0
20130924,36.955,37.219,36.863,37.058,11350,0
20130925,37.058,37.058,36.834,36.834,16055,0
20130926,36.805,36.894,36.627,36.77,26028,0
20130927,36.575,36.575,36.331,36.375,29021,0
20130930,36.316,36.331,36.09,36.3,43167,0
20131001,36.565,36.888,36.565,36.852,23412,0
20131002,36.711,37.07,36.647,37.062,9054,0
20131003,37.23,37.266,36.785,37.031,42933,0
20131004,37.257,37.546,37.257,37.501,21410,0
20131007,36.908,37.257,36.908,37.192,14078,0
20131008,37.192,37.266,36.79,36.842,22591,0
20131009,36.982,37.159,36.834,37.159,36626,0
20131010,37.325,37.991,37.325,37.991,23964,0
20131011,37.86,37.889,37.624,37.86,148498,0
20131014,37.771,38.011,37.521,37.997,25642,0
20131015,37.934,38.064,37.624,37.72,43771,0
20131016,38.071,38.168,37.86,38.071,35054,0
20131017,38.268,38.329,38.168,38.289,53934,0
20131018,38.289,38.451,38.275,38.372,27679,0
20131021,38.356,38.356,38.04,38.15,80411,0
20131022,38.467,38.694,38.438,38.626,46726,0
20131023,38.245,38.245,37.927,38.025,26625,0
20131024,38.094,38.211,38.006,38.011,22016,0
20131025,38.219,38.329,38.106,38.329,12993,0
20131028,38.329,38.509,38.211,38.423,20051,0
20131029,38.577,38.577,38.372,38.407,16725,0
20131030,38.31,38.438,38.064,38.245,43849,0
20131031,37.997,38.35,37.8,37.815,41569,0
20131101,37.815,37.815,37.4,37.507,35914,0
20131104,37.325,37.601,37.325,37.601,20103,0
20131105,37.296,37.296,37.002,37.002,25148,0
20131106,37.428,37.428,37.09,37.143,9560,0
20131107,37.4,37.4,36.573,36.573,29135,0
20131108,36.498,36.521,36.219,36.507,15800,0
20131111,36.39,36.449,36.106,36.176,19514,0
20131112,35.832,36.134,35.832,35.951,20134,0
20131113,35.847,36.125,35.753,36.125,20970,0
20131114,36.004,36.693,36.004,36.693,17613,0
20131115,36.857,37.159,36.733,36.975,71115,0
20131118,37.391,37.442,37.07,37.121,30352,0
20131119,37.281,37.281,36.74,36.819,10627,0
20131120,36.76,36.827,36.428,36.55,32017,0
20131121,36.352,36.594,36.316,36.534,48260,0
20131122,36.376,36.727,36.266,36.711,51580,0
20131125,36.79,36.805,36.382,36.382,38474,0
20131126,36.286,36.484,36.243,36.428,49534,0
20131127,36.58,36.594,36.39,36.543,39529,0
20131129,36.543,36.827,36.543,36.623,15254,0
20131202,36.775,36.785,36.024,36.125,178557,0
20131203,35.914,36.202,35.701,35.809,153676,0
20131204,35.577,35.977,35.54,35.816,19347,0
20131205,35.89,35.965,35.658,35.791,70958,0
20131206,35.969,36.534,35.969,36.454,322560,0
20131209,36.565,36.565,36.397,36.441,37058,0
20131210,36.463,36.484,36.251,36.478,24530,0
20131211,36.449,36.449,35.839,35.847,26056,0
20131212,35.854,35.951,35.763,35.847,39109,0
20131213,35.943,35.951,35.642,35.89,40889,0
20131216,36.016,36.083,35.782,35.809,40266,0
20131217,35.778,35.778,35.535,35.618,40070,0
20131218,35.587,36.804,35.587,36.465,72883,0
20131219,36.09,36.184,35.714,36.015,62394,0
20131220,35.975,36.243,35.299,35.322,297991,0
20131223,35.734,36.044,35.368,35.412,51187,0
20131224,35.778,36.003,35.449,35.535,25960,0
20131226,35.55,35.772,35.308,35.308,15796,0
20131227,35.308,35.556,35.255,35.418,72661,0
20131230,35.486,35.807,35.456,35.662,49993,0
20131231,35.631,36.003,35.596,35.975,37071,0
20140102,35.405,35.434,34.933,34.933,47652,0
20140103,35.095,35.143,34.855,34.997,41157,0
20140106,34.997,34.997,34.724,34.924,39394,0
20140107,35.072,35.242,34.724,35.01,626725,0
20140108,34.94,34.94,34.517,34.55,73681,0
20140109,34.683,34.683,34.229,34.436,91005,0
20140110,34.71,35.167,34.561,35.095,94882,0
20140113,35.143,35.182,34.517,34.688,331425,0
20140114,34.842,35.235,34.842,35.182,160886,0
20140115,35.211,35.211,34.833,34.895,129486,0
20140116,34.827,35.041,34.675,34.902,103633,0
20140117,35.003,35.095,34.592,34.605,91295,0
20140121,34.702,34.717,34.333,34.694,125902,0
20140122,34.792,34.886,34.599,34.827,42963,0
20140123,34.644,34.933,34.009,34.178,68933,0
20140124,34.009,34.009,33.456,33.463,82842,0
20140127,33.235,33.553,32.926,33.211,117733,0
20140128,33.315,33.439,33.184,33.366,27424,0
20140129,32.934,32.94,32.55,32.703,53946,0
20140130,32.852,33.103,32.675,32.711,366423,0
20140131,32.475,33.115,32.452,32.755,86352,0
20140203,32.821,32.852,32.144,32.144,47342,0
20140204,32.72,32.88,32.681,32.8,62704,0
20140205,32.483,32.784,32.475,32.643,97409,0
20140206,32.887,33.323,32.887,33.265,41637,0
20140207,33.448,33.537,33.333,33.344,69242,0
20140210,33.403,33.65,33.064,33.273,62638,0
20140211,33.338,33.75,33.057,33.693,38462,0
20140212,33.869,33.972,33.624,33.632,41316,0
20140213,33.389,33.862,33.265,33.862,44529,0
20140214,33.987,34.29,33.965,34.171,165972,0
20140218,34.165,34.165,33.743,33.743,84552,0
20140219,33.65,33.949,33.456,33.456,21817,0
20140220,33.797,33.919,33.575,33.869,30837,0
20140221,33.731,34.025,33.731,33.897,43358,0
20140224,33.934,34.207,33.934,33.994,96740,0
20140225,33.891,33.891,33.484,33.501,32814,0
20140226,33.596,33.596,33.278,33.338,28234,0
20140227,33.374,33.949,33.374,33.876,32059,0
20140228,34.148,34.171,33.632,33.98,127458,0
20140303,33.618,33.618,33.287,33.439,32266,0
20140304,33.98,34.081,33.75,34.009,26532,0
20140305,33.876,34.06,33.82,34.001,23694,0
20140306,34.32,34.55,34.313,34.421,26554,0
20140307,34.113,34.313,33.743,33.927,44222,0
20140310,33.632,33.693,33.508,33.567,473610,0
20140311,33.854,33.854,33.338,33.344,21302,0
20140312,33.191,33.545,33.191,33.545,16597,0
20140313,33.757,33.838,33.132,33.265,40294,0
20140314,33.434,33.559,33.265,33.427,23106,0
20140317,33.919,33.919,33.737,33.832,12219,0
20140318,33.854,34.157,33.838,34.135,22309,0
20140319,33.838,34.121,33.516,33.58,29649,0
20140320,33.508,33.854,33.315,33.82,20598,0
20140321,33.927,34.171,33.713,33.789,26839,0
20140324,34.121,34.127,33.826,34.081,29975,0
20140325,34.435,34.515,34.281,34.486,39878,0
20140326,34.511,34.659,34.39,34.47,200676,0
20140327,34.694,35.043,34.592,35.035,37945,0
20140328,35.197,35.392,35.132,35.132,47786,0
20140331,35.458,35.532,35.223,35.347,31808,0
20140401,35.65,35.65,35.408,35.576,26159,0
20140402,35.504,35.756,35.317,35.693,34634,0
20140403,35.748,35.748,35.438,35.561,36822,0
20140404,35.835,36.266,35.583,35.583,35836,0
20140407,35.934,36.003,35.703,35.881,20663,0
20140408,36.237,36.438,36.05,36.23,39801,0
20140409,36.251,36.666,36.067,36.483,23621,0
20140410,36.532,36.563,36.105,36.184,24924,0
20140411,36.014,36.349,36.014,36.266,24667,0
20140414,36.432,36.432,36.082,36.148,44302,0
20140415,36.134,36.148,35.474,35.911,48697,0
20140416,36.074,36.237,35.934,36.169,25632,0
20140417,36.244,36.459,36.125,36.451,23922,0
20140421,36.317,36.317,36.148,36.244,27650,0
20140422,36.275,36.371,36.23,36.326,32657,0
20140423,36.259,36.259,35.984,36.184,40848,0
20140424,36.414,36.423,36.044,36.288,79011,0
20140425,35.887,36.003,35.601,35.785,35279,0
20140428,35.835,36.03,35.658,35.911,71342,0
20140429,36.157,36.266,35.812,35.812,43131,0
20140430,35.674,36.134,35.674,36.134,108425,0
20140501,36.177,36.22,36.008,36.169,27913,0
20140502,36.148,36.393,36.148,36.332,43941,0
20140505,36.251,36.275,36.112,36.259,85436,0
20140506,36.303,36.475,36.237,36.371,44437,0
20140507,36.184,36.608,36.184,36.594,47931,0
20140508,36.414,36.608,36.349,36.349,55085,0
20140509,36.157,36.266,36.074,36.082,35197,0
20140512,36.12,36.451,36.09,36.349,45515,0
20140513,36.526,36.639,36.408,36.408,36142,0
20140514,36.594,36.777,36.483,36.66,122404,0
20140515,36.555,36.587,36.044,36.244,48768,0
20140516,36.532,36.608,36.364,36.459,36407,0
20140519,36.563,36.654,36.466,36.6,53951,0
20140520,36.519,36.519,36.134,36.22,60311,0
20140521,36.349,36.489,36.211,36.489,38136,0
20140522,36.4,36.694,36.4,36.691,124833,0
20140523,36.594,36.8,36.594,36.691,66934,0
20140527,36.548,36.548,36.193,36.364,62558,0
20140528,36.208,36.483,36.09,36.445,41893,0
20140529,36.496,36.741,36.496,36.691,46592,0
20140530,36.712,36.712,36.251,36.38,117842,0
20140602,36.371,36.489,36.317,36.393,32113,0
20140603,36.451,36.513,36.364,36.483,55542,0
20140604,36.38,36.4,36.22,36.332,115076,0
20140605,36.513,36.721,36.356,36.703,83560,0
20140606,36.992,37.021,36.897,37.007,61761,0
20140609,37.036,37.06,36.883,36.94,53440,0
20140610,37.06,37.177,36.897,37.174,54620,0
20140611,37.021,37.102,36.829,36.999,61614,0
20140612,36.853,37.074,36.721,36.836,58813,0
20140613,36.814,36.992,36.741,36.8,79234,0
20140616,36.926,37.015,36.721,36.836,58640,0
20140617,36.853,36.853,36.721,36.727,44473,0
20140618,36.712,37.395,36.703,37.395,38573,0
20140619,37.349,37.378,37.021,37.128,49204,0
20140620,37.088,37.088,36.904,37.03,47631,0
20140623,36.999,36.999,36.748,36.904,57751,0
20140624,36.969,37.053,36.546,36.599,482265,0
20140625,36.577,36.751,36.571,36.593,53176,0
20140626,36.743,36.743,36.51,36.647,74250,0
20140627,36.788,36.788,36.571,36.622,50443,0
20140630,36.615,36.723,36.571,36.695,46737,0
20140701,36.945,36.945,36.695,36.78,245498,0
20140702,36.945,36.945,36.539,36.631,63526,0
20140703,36.53,36.895,36.53,36.895,8716,0
20140707,36.788,36.99,36.788,36.938,52026,0
20140708,37.044,37.044,36.764,36.764,44192,0
20140709,36.871,37.187,36.803,36.977,129565,0
20140710,36.615,36.998,36.615,36.901,61985,0
20140711,37.036,37.074,36.871,36.99,46872,0
20140714,37.277,37.31,37.178,37.286,41187,0
20140715,37.159,37.255,37.036,37.178,40415,0
20140716,37.337,37.483,37.277,37.41,348792,0
20140717,36.96,37.113,36.577,36.593,187248,0
20140718,36.788,37.346,36.788,37.083,130443,0
20140721,37.143,37.512,37.143,37.41,47816,0
20140722,37.585,37.805,37.536,37.79,129534,0
20140723,37.979,37.979,37.777,37.813,36638,0
20140724,37.971,38.114,37.963,38.046,28635,0
20140725,37.963,37.971,37.767,37.873,32788,0
20140728,37.754,38.085,37.754,38.07,34189,0
20140729,37.873,37.971,37.585,37.585,73672,0
20140730,37.512,37.609,37.232,37.392,35805,0
20140731,36.607,37.129,36.607,36.862,108804,0
20140801,36.691,37.277,36.691,37.153,47839,0
20140804,37.269,37.58,37.255,37.512,35556,0
20140805,37.036,37.153,36.743,36.871,45449,0
20140806,36.562,36.751,36.53,36.53,106930,0
20140807,36.524,36.53,36.202,36.245,78079,0
20140808,36.374,36.682,36.374,36.682,31208,0
20140811,36.832,36.952,36.66,36.952,33017,0
20140812,36.856,36.879,36.631,36.862,42895,0
20140813,37.269,37.269,36.901,36.932,80309,0
20140814,36.984,37.021,36.862,36.945,26576,0
20140815,37.143,37.153,36.728,36.99,51644,0
20140818,36.856,37.232,36.856,37.227,1144549,0
20140819,37.262,37.401,37.262,37.346,52286,0
20140820,37.242,37.445,37.103,37.346,56991,0
20140821,37.346,37.43,37.346,37.376,75360,0
20140822,37.55,37.601,37.277,37.315,82440,0
20140825,37.483,37.567,37.322,37.536,38309,0
20140826,37.512,37.687,37.512,37.687,31856,0
20140827,37.723,37.903,37.701,37.838,46356,0
20140828,37.574,37.601,37.457,37.512,46936,0
20140829,37.601,37.693,37.558,37.693,30185,0
20140902,37.536,37.574,37.416,37.567,28551,0
20140903,37.936,37.986,37.813,37.912,53806,0
20140904,38.002,38.077,37.708,37.708,78438,0
20140905,37.865,37.963,37.701,37.963,48038,0
20140908,37.701,37.805,37.42,37.504,67109,0
20140909,37.178,37.315,36.832,37.021,76568,0
20140910,36.743,36.977,36.743,36.977,46474,0
20140911,36.734,36.862,36.674,36.751,53425,0
20140912,36.587,36.587,36.133,36.245,102908,0
20140915,36.026,36.245,35.944,36.133,91728,0
20140916,36.184,36.743,36.133,36.631,206956,0
20140917,36.441,36.524,35.97,35.989,63324,0
20140918,35.952,36.163,35.923,35.959,43824,0
20140919,35.944,36.095,35.74,35.852,96427,0
20140922,35.485,35.515,35.159,35.264,78341,0
20140923,35.038,35.536,35.038,35.221,44072,0
20140924,35.222,35.513,35.151,35.482,102247,0
20140925,35.044,35.068,34.699,34.747,76036,0
20140926,34.692,35.021,34.692,34.931,49395,0
20140929,34.339,34.53,34.156,34.331,109125,0
20140930,34.355,34.646,34.305,34.577,35469,0
20141001,34.463,34.51,33.964,33.987,61527,0
20141002,34.171,34.386,33.872,34.248,116855,0
20141003,34.132,34.393,34.009,34.393,38402,0
20141006,34.671,34.8,34.501,34.623,47052,0
20141007,34.548,34.623,34.439,34.468,23954,0
20141008,34.6,35.068,34.185,35.028,60005,0
20141009,34.874,34.874,34.248,34.379,47587,0
20141010,34.146,34.164,33.82,33.878,82815,0
20141013,34.156,34.476,33.957,34.102,131635,0
20141014,34.271,34.423,33.994,34.14,29660,0
20141015,33.757,33.796,32.998,33.542,1400613,0
20141016,32.967,33.529,32.967,33.15,198458,0
20141017,33.305,33.634,33.226,33.372,43884,0
20141020,33.48,33.55,33.312,33.513,55143,0
20141021,33.52,33.709,33.411,33.503,50780,0
20141022,33.497,33.574,33.175,33.251,59546,0
20141023,33.218,33.364,33.15,33.218,49924,0
20141024,33.158,33.612,33.158,33.388,76173,0
20141027,32.959,33.226,32.959,33.136,37108,0
20141028,33.489,34.009,33.489,33.902,40343,0
20141029,34.085,34.248,33.634,33.718,56569,0
20141030,34.078,34.331,33.812,34.156,30924,0
20141031,34.347,34.347,34.049,34.146,39121,0
20141103,34.11,34.11,33.872,33.947,52351,0
20141104,33.957,34.102,33.82,34.009,51110,0
20141105,33.82,33.827,33.489,33.689,39495,0
20141106,33.689,33.689,33.128,33.218,37001,0
20141107,33.267,33.58,33.267,33.58,24131,0
20141110,33.833,33.833,33.542,33.542,34459,0
20141111,33.529,33.689,33.466,33.58,35054,0
20141112,33.489,33.673,33.312,33.312,19378,0
20141113,33.542,33.659,33.259,33.372,46171,0
20141114,33.243,33.473,33.19,33.473,15397,0
20141117,33.458,33.458,33.196,33.204,117794,0
20141118,33.267,33.589,33.211,33.48,44586,0
20141119,33.626,33.673,33.388,33.634,34561,0
20141120,33.619,33.749,33.48,33.612,39047,0
20141121,34.185,34.43,34.049,34.4,183206,0
20141124,34.295,34.295,33.994,34.092,92808,0
20141125,34.318,34.37,34.002,34.002,101425,0
20141126,34.31,34.463,34.224,34.4,37598,0
20141128,34.191,34.295,34.002,34.063,23491,0
20141201,33.886,34.07,33.574,33.689,53461,0
20141202,33.789,33.886,33.58,33.634,83492,0
20141203,33.82,34.017,33.82,33.894,25601,0
20141204,33.932,33.932,33.689,33.802,116205,0
20141205,33.619,33.665,33.403,33.558,96712,0
20141208,33.42,33.42,32.967,32.981,310137,0
20141209,32.922,32.959,32.699,32.899,338573,0
20141210,32.792,32.899,32.424,32.509,151836,0
20141211,32.424,32.676,32.355,32.363,208399,0
20141212,32.369,32.47,32.054,32.054,65077,0
20141215,31.993,32.031,31.296,31.44,110985,0
20141216,31.204,31.724,31.052,31.212,175280,0
20141217,31.296,32.185,31.182,31.764,303932,0
20141218,31.703,32.016,31.696,31.954,212059,0
20141219,31.927,32.088,31.633,31.996,173052,0
20141222,32.049,32.326,32.049,32.194,168914,0
20141223,32.156,32.166,31.956,31.975,153549,0
20141224,31.98,32.218,31.98,32.111,181308,0
20141226,32.236,32.541,32.149,32.326,46712,0
20141229,32.382,32.403,32.118,32.166,89302,0
20141230,32.242,32.403,32.194,32.202,148089,0
20141231,32.293,32.365,32.088,32.096,117670,0
20150102,31.987,32.073,31.673,31.846,60149,0
20150105,31.658,31.673,31.321,31.427,73764,0
20150106,31.521,31.743,31.305,31.434,60709,0
20150107,31.867,31.927,31.65,31.905,54934,0
20150108,32.127,32.341,32.127,32.248,73420,0
20150109,32.255,32.255,31.996,32.118,68452,0
20150112,32.003,32.034,31.726,31.867,202185,0
20150113,32.271,32.388,31.796,32.088,40243,0
20150114,31.912,32.187,31.846,32.18,97384,0
20150115,32.365,32.365,31.805,31.805,65673,0
20150116,31.889,32.202,31.889,32.202,41369,0
20150120,32.065,32.105,31.867,32.034,60341,0
20150121,32.156,32.571,32.156,32.532,110114,0
20150122,32.672,33.179,32.672,33.171,81923,0
20150123,33.046,33.046,32.718,32.718,35293,0
20150126,32.595,32.847,32.595,32.724,102140,0
20150127,32.587,32.926,32.587,32.764,131613,0
20150128,32.74,32.977,32.511,32.672,124976,0
20150129,32.694,32.894,32.595,32.855,48947,0
20150130,32.41,32.432,32.049,32.17,81706,0
20150202,32.382,32.71,32.166,32.532,114857,0
20150203,32.718,33.062,32.718,33.016,40870,0
20150204,32.633,33.01,32.633,32.71,18236,0
20150205,32.84,32.993,32.518,32.963,26623,0
20150206,32.562,32.701,32.388,32.403,47084,0
20150209,32.502,32.619,32.41,32.472,71982,0
20150210,32.388,32.388,32.248,32.326,40286,0
20150211,32.255,32.255,32.025,32.18,23692,0
20150212,32.648,33.023,32.518,32.909,22559,0
20150213,33.076,33.377,33.076,33.346,21586,0
20150217,33.271,33.346,33.076,33.187,65999,0
20150218,33.147,33.446,33.147,33.354,21833,0
20150219,33.238,33.431,33.187,33.339,21140,0
20150220,33.208,33.446,33.122,33.431,62086,0
20150223,33.208,33.263,33.076,33.215,37724,0
20150224,33.256,33.454,33.093,33.406,23793,0
20150225,33.368,33.393,33.215,33.339,24715,0
20150226,33.354,33.401,33.231,33.231,27875,0
20150227,33.247,33.339,33.187,33.2,15546,0
20150302,33.256,33.256,33.01,33.076,15114,0
20150303,33.076,33.076,32.903,32.985,37134,0
20150304,32.686,32.686,32.432,32.602,28405,0
20150305,32.648,32.648,32.301,32.455,34400,0
20150306,32.242,32.382,31.987,32.011,62151,0
20150309,32.043,32.081,31.867,31.873,49253,0
20150310,31.521,31.583,31.197,31.251,27231,0
20150311,31.434,31.434,31.213,31.305,69056,0
20150312,31.69,31.719,31.521,31.528,29579,0
20150313,31.26,31.313,31.091,31.19,71532,0
20150316,31.404,31.597,31.366,31.473,35571,0
20150317,31.327,31.69,31.327,31.626,29709,0
20150318,31.626,32.426,31.513,32.426,22151,0
20150319,32.018,32.018,31.658,31.726,19544,0
20150320,32.132,32.28,31.941,32.111,100329,0
20150323,32.28,32.426,32.236,32.365,39219,0
20150324,32.44,32.557,32.341,32.518,74268,0
20150325,32.455,32.542,32,32,40155,0
20150326,31.886,32.016,31.693,31.747,64250,0
20150327,31.667,31.807,31.614,31.684,26683,0
20150330,31.992,32.192,31.946,32.14,14506,0
20150331,31.937,32.054,31.761,31.792,844630,0
20150401,32.185,32.3,32.022,32.109,18651,0
20150402,32.464,32.711,32.426,32.649,32380,0
20150406,33.299,33.39,32.951,33.219,53365,0
20150407,32.936,33.073,32.797,32.811,44640,0
20150408,33.523,33.523,33.136,33.158,80050,0
20150409,33.344,33.523,33.331,33.405,28010,0
20150410,33.243,33.398,33.205,33.314,14247,0
20150413,33.413,33.577,33.268,33.344,13213,0
20150414,33.468,33.638,33.398,33.598,22796,0
20150415,33.598,33.922,33.568,33.854,34022,0
20150416,33.962,34.356,33.877,34.146,124199,0
20150417,33.786,33.854,33.56,33.792,91965,0
20150420,33.777,33.777,33.654,33.654,16748,0
20150421,33.854,33.862,33.592,33.704,21328,0
20150422,34.077,34.305,33.877,34.125,32564,0
20150423,33.962,34.803,33.962,34.751,49480,0
20150424,34.996,35.188,34.832,35.048,62670,0
20150427,35.467,35.629,35.282,35.344,70463,0
20150428,35.522,35.669,35.483,35.515,43070,0
20150429,35.245,35.383,35.181,35.181,40803,0
20150430,35.476,35.483,35.126,35.166,22539,0
20150501,35.32,35.32,35.158,35.258,20726,0
20150504,35.536,35.629,35.421,35.623,25127,0
20150505,35.522,35.844,35.522,35.784,21372,0
20150506,35.899,36.077,35.453,35.582,21092,0
20150507,35.105,35.336,34.888,35.336,950194,0
20150508,36.023,36.023,35.661,35.794,97147,0
20150511,35.522,35.53,35.288,35.359,51293,0
20150512,35.296,35.399,35.126,35.305,24219,0
20150513,35.676,35.723,35.175,35.266,11659,0
20150514,35.39,35.698,35.39,35.669,18525,0
20150515,35.669,35.862,35.669,35.852,126675,0
20150518,35.784,35.784,35.399,35.476,33127,0
20150519,35.344,35.407,35.211,35.221,26444,0
20150520,35.238,35.39,34.973,35.09,29404,0
20150521,34.819,35.112,34.78,35.112,24222,0
20150522,35.027,35.027,34.788,34.796,18525,0
20150526,34.703,34.703,34.068,34.248,56036,0
20150527,34.19,34.419,34.132,34.318,76812,0
20150528,34.061,34.262,33.792,34.19,79458,0
20150529,33.76,33.76,33.331,33.422,62432,0
20150601,33.436,33.56,33.211,33.429,120977,0
20150602,33.413,33.884,33.413,33.677,100148,0
20150603,33.654,33.786,33.476,33.598,79401,0
20150604,33.043,33.337,32.896,32.936,45982,0
20150605,32.627,32.841,32.527,32.62,140152,0
20150608,32.579,32.811,32.579,32.725,35102,0
20150609,32.579,32.579,32.348,32.432,54065,0
20150610,32.841,33.035,32.773,32.958,35931,0
20150611,32.72,32.85,32.533,32.742,25961,0
20150612,32.649,32.841,32.634,32.811,29143,0
20150615,32.494,32.757,32.464,32.666,36789,0
20150616,32.579,32.72,32.494,32.72,37953,0
20150617,32.579,32.811,32.348,32.657,33031,0
20150618,33.014,33.299,32.958,33.282,18263,0
20150619,32.888,32.996,32.797,32.88,15155,0
20150622,32.973,33.252,32.973,33.191,20726,0
20150623,33.352,33.352,33.158,33.236,18772,0
20150624,33.26,33.275,32.938,33.085,25055,0
20150625,33.031,33.077,32.7,32.796,11446,0
20150626,32.876,32.889,32.709,32.85,73509,0
20150629,32.38,32.553,32.182,32.221,27852,0
20150630,32.615,32.709,32.41,32.561,35841,0
20150701,32.591,32.709,32.19,32.331,33068,0
20150702,32.259,32.553,32.213,32.38,16661,0
20150706,31.569,31.75,31.394,31.451,42860,0
20150707,30.995,30.995,30.554,30.955,135066,0
20150708,29.918,30.349,29.895,29.926,54560,0
20150709,30.647,30.822,30.444,30.469,108741,0
20150710,30.916,31.137,30.893,30.987,57488,0
20150713,31.137,31.238,31.073,31.223,10175,0
20150714,31.137,31.388,31.097,31.318,98744,0
20150715,31.115,31.166,31.066,31.106,21193,0
20150716,31.364,31.427,31.229,31.373,36374,0
20150717,31.331,31.331,31.073,31.199,22510,0
20150720,30.939,30.939,30.679,30.822,31667,0
20150721,30.729,30.908,30.729,30.767,30524,0
20150722,30.57,30.57,30.239,30.239,26074,0
20150723,30.123,30.214,29.847,29.856,21492,0
20150724,29.595,29.643,29.163,29.29,41207,0
20150727,28.88,28.95,28.761,28.808,35102,0
20150728,29.07,29.178,28.88,29.123,38664,0
20150729,29.156,29.415,29.109,29.397,20479,0
20150730,29.14,29.148,28.966,29.06,30656,0
20150731,29.201,29.312,29.06,29.07,39808,0
20150803,28.896,28.935,28.58,28.596,24932,0
20150804,28.646,28.854,28.519,28.548,26325,0
20150805,28.737,28.843,28.478,28.488,143589,0
20150806,28.26,28.345,28.15,28.234,17320,0
20150807,28.204,28.384,28.159,28.26,41460,0
20150810,28.453,28.785,28.4,28.722,53035,0
20150811,28.173,28.173,27.876,28.062,25362,0
20150812,27.753,27.896,27.692,27.858,62702,0
20150813,27.876,27.876,27.632,27.753,33576,0
20150814,27.778,27.842,27.7,27.738,53671,0
20150817,27.406,27.406,27.181,27.323,22639,0
20150818,27,27.199,26.976,27,25817,0
20150819,26.724,26.724,26.276,26.427,42351,0
20150820,26.309,26.53,26.291,26.372,76057,0
20150821,26.057,26.073,25.658,25.773,82667,0
20150824,23.66,27.835,23.588,24.215,149520,0
20150825,24.939,26.017,24.463,24.469,157452,0
20150826,24.949,25.405,24.689,25.161,66898,0
20150827,25.672,26.284,25.672,26.197,137614,0
20150828,26.111,26.348,26.049,26.136,93990,0
20150831,25.867,26.184,25.758,26.168,34594,0
20150901,25.614,25.695,25.256,25.358,95132,0
20150902,25.562,25.608,25.277,25.507,44895,0
20150903,25.614,25.876,25.515,25.648,16661,0
20150904,25.238,25.256,24.704,24.846,42860,0
20150908,25.405,25.413,25.216,25.413,22767,0
20150909,25.955,25.955,25.31,25.31,14244,0
20150910,25.31,25.789,25.31,25.704,43674,0
20150911,25.585,25.727,25.585,25.678,537857,0
20150914,25.71,25.867,25.585,25.867,21239,0
20150915,25.71,25.931,25.71,25.836,51509,0
20150916,26.105,26.577,26.105,26.559,63588,0
20150917,26.364,26.985,26.261,26.577,23264,0
20150918,26.309,26.364,25.829,25.829,143334,0
20150921,25.876,25.931,25.751,25.853,45277,0
20150922,25.428,25.468,25.192,25.391,50363,0
20150923,25.169,25.208,24.863,24.863,28882,0
20150924,24.501,24.957,24.319,24.957,25040,0
20150925,25.147,25.196,24.76,24.875,284666,0
20150928,24.592,24.592,24.159,24.159,35507,0
20150929,24.172,24.415,24.159,24.358,41961,0
20150930,24.832,24.913,24.681,24.858,45066,0
20151001,25.029,26.058,24.654,24.97,45562,0
20151002,24.904,25.638,24.867,25.638,67536,0
20151005,25.753,26.092,25.753,26.092,39427,0
20151006,26,26.195,25.993,26.195,99069,0
20151007,26.887,27.008,26.548,26.872,81809,0
20151008,26.718,27.308,26.518,27.308,201859,0
20151009,27.476,27.483,27.21,27.363,27437,0
20151012,27.332,27.468,27.128,27.128,38121,0
20151013,26.937,27.097,26.775,26.864,152820,0
20151014,27.258,27.283,27.041,27.266,149099,0
20151015,27.426,27.755,27.34,27.755,19242,0
20151016,27.419,27.564,27.275,27.54,110984,0
20151019,27.204,27.204,26.905,27.074,92077,0
20151020,27.074,27.204,26.937,27.105,97940,0
20151021,26.832,26.946,26.614,26.623,42335,0
20151022,26.832,27.128,26.832,27.033,13033,0
20151023,27.196,27.228,27,27.121,39106,0
20151026,27.228,27.228,26.839,26.953,22345,0
20151027,26.832,26.913,26.605,26.759,39477,0
20151028,26.703,26.896,26.322,26.556,41836,0
20151029,26.274,26.437,26.237,26.332,85536,0
20151030,26.476,26.598,26.315,26.404,26319,0
20151102,26.678,26.985,26.623,26.985,55700,0
20151103,26.913,27.426,26.872,27.275,22472,0
20151104,27.524,27.524,27.105,27.258,21075,0
20151105,27.266,27.316,27.105,27.291,17132,0
20151106,26.734,26.993,26.598,26.92,38734,0
20151109,26.494,26.605,26.245,26.396,24498,0
20151110,26.308,26.484,26.237,26.46,18745,0
20151111,26.453,26.453,26.253,26.315,22220,0
20151112,26.033,26.13,25.881,25.881,30416,0
20151113,25.774,25.774,25.543,25.599,38237,0
20151116,25.766,26.098,25.638,25.979,26072,0
20151117,26.092,26.121,25.849,26,13158,0
20151118,26.098,26.348,26.083,26.291,41716,0
20151119,26.494,26.605,26.404,26.43,49906,0
20151120,26.556,26.743,26.556,26.654,25326,0
20151123,26.589,26.589,26.332,26.39,25699,0
20151124,26.231,26.526,26.18,26.382,25326,0
20151125,26.173,26.173,26,26.121,27311,0
20151127,25.881,25.881,25.647,25.695,40097,0
20151130,25.438,25.511,25.284,25.349,21104,0
20151201,25.543,25.638,25.47,25.638,46170,0
20151202,25.486,25.486,25.212,25.262,51791,0
20151203,25.47,25.486,25.212,25.332,34220,0
20151204,25.229,25.463,25.212,25.4,82805,0
20151207,25.147,25.156,24.904,24.986,48914,0
20151208,24.52,24.712,24.367,24.712,34167,0
20151209,24.689,24.955,24.52,24.721,217128,0
20151210,24.44,24.44,24.172,24.181,50777,0
20151211,23.842,23.842,23.487,23.527,86528,0
20151214,23.779,23.835,23.527,23.764,112437,0
20151215,24.211,24.303,24.159,24.19,54749,0
20151216,24.271,24.624,24.197,24.568,66915,0
20151217,24.576,24.576,24.221,24.23,107259,0
20151218,24.358,24.423,24.167,24.167,96337,0
20151221,24.307,24.333,24.05,24.073,37766,0
20151222,24.244,24.373,24.188,24.307,61818,0
20151223,24.455,24.705,24.455,24.705,65410,0
20151224,24.713,24.843,24.632,24.696,32215,0
20151228,24.568,24.705,24.52,24.599,120636,0
20151229,24.78,24.824,24.568,24.655,35988,0
20151230,24.529,24.529,24.407,24.471,112141,0
20151231,24.52,24.592,24.325,24.399,35794,0
20160104,23.759,24.307,23.268,23.807,157050,0
20160105,23.824,23.846,23.474,23.499,552004,0
20160106,23.313,23.393,23.142,23.143,64690,0
20160107,22.743,22.907,22.484,22.526,78071,0
20160108,22.892,22.892,22.364,22.373,135476,0
20160111,22.478,22.478,22.12,22.211,48211,0
20160112,22.478,22.584,22.152,22.38,104346,0
20160113,22.591,22.591,22.041,22.041,80190,0
20160114,22.16,22.543,21.976,22.241,32455,0
20160115,21.747,21.951,21.352,21.547,89300,0
20160119,22.087,22.087,21.804,21.893,82935,0
20160120,21.49,21.644,21.019,21.497,45097,0
20160121,21.319,21.52,21.102,21.374,15544,0
20160122,21.942,22.049,21.89,21.966,9685,0
20160125,21.934,21.966,21.584,21.666,36300,0
20160126,21.795,22.034,21.765,22.034,34668,0
20160127,22.025,22.434,21.87,22.041,26270,0
20160128,22.413,22.623,22.195,22.599,82390,0
20160129,22.892,23.296,22.892,23.167,95066,0
20160201,23.046,23.514,22.816,23.418,41425,0
20160202,22.946,23.094,22.689,22.785,187005,0
20160203,22.99,23.564,22.73,23.434,161830,0
20160204,23.605,24.04,23.374,23.742,103721,0
20160205,23.612,23.83,23.231,23.539,77616,0
20160208,23.272,23.337,22.93,23.175,115106,0
20160209,22.892,23.24,22.689,23.197,141730,0
20160210,23.313,23.45,23.062,23.094,59036,0
20160211,22.689,23.032,22.614,22.841,34599,0
20160212,22.892,23.213,22.81,23.012,35906,0
20160216,23.547,23.678,23.359,23.499,32667,0
20160217,23.733,24.114,23.547,24.107,41986,0
20160218,24.018,24.155,23.804,23.927,20219,0
20160219,23.83,24.13,23.742,24.107,26405,0
20160222,24.307,24.511,24.178,24.414,29529,0
20160223,24.228,24.448,23.87,24.04,78394,0
20160224,23.725,23.985,23.436,23.887,96017,0
20160225,23.887,24.21,23.646,23.944,28879,0
20160226,24.082,24.082,23.692,23.895,34160,0
20160229,23.976,24.3,23.753,24.056,58137,0
20160301,24.464,24.877,24.464,24.853,66735,0
20160302,24.682,24.98,24.488,24.98,35981,0
20160303,24.915,25.412,24.915,25.329,176224,0
20160304,25.629,26.115,25.604,25.817,121067,0
20160307,26.05,26.594,26.05,26.384,180388,0
20160308,26.099,26.189,25.71,25.807,42979,0
20160309,26.008,26.262,25.915,25.915,95602,0
20160310,26.008,26.281,25.647,25.886,117051,0
20160311,26.123,26.729,26.123,26.715,112480,0
20160314,26.343,26.634,26.343,26.513,49600,0
20160315,25.752,26.099,25.517,25.623,19476,0
20160316,25.404,26.034,25.371,25.979,59005,0
20160317,26.359,26.861,26.263,26.634,65110,0
20160318,26.902,27.12,26.658,26.813,193908,0
20160321,26.658,26.998,26.658,26.813,26997,0
20160322,26.538,26.772,26.538,26.627,20634,0
20160323,26.371,26.371,26.012,26.103,36488,0
20160324,25.827,26.051,25.638,25.991,26707,0
20160328,25.949,26.272,25.94,26.109,83443,0
20160329,25.94,26.453,25.851,26.395,52835,0
20160330,26.744,26.981,26.615,26.633,344560,0
20160331,26.771,26.981,26.596,26.639,130817,0
20160401,26.32,26.714,26.234,26.714,47653,0
20160404,26.501,26.68,26.118,26.136,259578,0
20160405,25.884,25.884,25.638,25.679,31735,0
20160406,25.599,25.956,25.413,25.956,84014,0
20160407,25.534,25.631,25.241,25.413,42706,0
20160408,25.924,26.095,25.902,25.902,73307,0
20160411,26.476,26.794,26.476,26.527,38818,0
20160412,26.706,27.184,26.664,27.087,29561,0
20160413,27.557,27.647,27.482,27.647,41463,0
20160414,27.657,27.713,27.485,27.598,49461,0
20160415,27.492,27.645,27.466,27.517,77673,0
20160418,27.396,27.721,27.396,27.713,73508,0
20160419,27.816,28.087,27.816,27.999,47380,0
20160420,27.965,28.184,27.677,28.07,30097,0
20160421,27.687,27.891,27.641,27.786,19605,0
20160422,27.767,27.767,27.492,27.55,77743,0
20160425,27.736,27.736,27.357,27.436,31714,0
20160426,27.598,27.641,27.436,27.641,56863,0
20160427,27.452,27.81,27.452,27.767,41567,0
20160428,27.542,27.777,27.492,27.534,26279,0
20160429,27.633,27.633,27.357,27.534,34717,0
20160502,27.534,27.534,27.248,27.444,57846,0
20160503,26.89,26.942,26.59,26.59,44948,0
20160504,26.501,26.518,26.224,26.298,16833,0
20160505,26.445,26.59,26.243,26.346,27594,0
20160506,26.281,26.509,26.136,26.272,20613,0
20160509,26.219,26.219,25.704,25.843,19342,0
20160510,25.973,26.355,25.973,26.355,32897,0
20160511,26.388,26.437,26.185,26.212,28659,0
20160512,26.355,26.355,26.012,26.062,99730,0
20160513,25.933,25.933,25.534,25.534,29069,0
20160516,25.696,25.893,25.696,25.819,97129,0
20160517,25.609,25.827,25.583,25.706,38889,0
20160518,25.622,25.842,25.38,25.398,143495,0
20160519,25.218,25.33,25.054,25.209,32308,0
20160520,25.405,25.606,25.405,25.558,15975,0
20160523,25.364,25.476,25.281,25.323,42816,0
20160524,25.364,25.549,25.346,25.453,44058,0
20160525,25.542,25.754,25.542,25.631,24698,0
20160526,25.747,25.768,25.647,25.665,195786,0
20160527,25.657,25.827,25.555,25.558,55720,0
20160531,25.794,25.94,25.647,25.72,65835,0
20160601,25.631,25.823,25.566,25.686,45104,0
20160602,25.686,25.938,25.671,25.875,52587,0
20160603,26.209,26.449,26.095,26.404,70216,0
20160606,26.469,26.721,26.469,26.624,82662,0
20160607,26.826,27.044,26.826,26.965,35461,0
20160608,27.227,27.371,27.156,27.274,179133,0
20160609,26.907,26.971,26.811,26.884,52611,0
20160610,26.395,26.478,26.152,26.272,28182,0
20160613,26.003,26.199,25.964,26.029,75706,0
20160614,26.136,26.152,25.785,25.991,30090,0
20160615,26.209,26.453,26.103,26.234,126485,0
20160616,25.794,26.078,25.518,26.045,66759,0
20160617,26.145,26.311,26.103,26.243,61186,0
20160620,26.688,26.89,26.688,26.737,25131,0
20160621,26.949,27.024,26.748,26.989,13584,0
20160622,27.03,27.229,26.997,27.028,43355,0
20160623,27.33,27.63,27.263,27.63,13027,0
20160624,26.323,26.699,26.042,26.193,76277,0
20160627,26.309,26.309,25.718,26.017,54671,0
20160628,26.625,26.839,26.532,26.789,237722,0
20160629,27.081,27.396,27.081,27.314,121603,0
20160630,27.47,27.767,27.396,27.736,50619,0
20160701,27.795,27.961,27.712,27.852,39206,0
20160705,27.62,27.811,27.404,27.486,59025,0
20160706,27.205,27.356,26.985,27.356,130524,0
20160707,27.445,27.546,27.169,27.224,43218,0
20160708,27.546,27.845,27.494,27.767,113930,0
20160711,28.12,28.226,28.085,28.152,111490,0
20160712,28.517,28.691,28.492,28.574,80280,0
20160713,28.6,28.6,28.401,28.538,24719,0
20160714,28.948,29.022,28.827,28.965,69648,0
20160715,28.983,28.983,28.865,28.907,38486,0
20160718,28.881,29.23,28.807,29.18,81942,0
20160719,29.014,29.014,28.855,28.898,38430,0
20160720,29.022,29.187,28.899,29.14,870153,0
20160721,29.106,29.195,28.948,29.041,77484,0
20160722,29.23,29.313,29.148,29.29,61523,0
20160725,29.271,29.29,29.056,29.14,52682,0
20160726,29.196,29.396,29.196,29.347,71809,0
20160727,29.38,29.526,29.148,29.443,56086,0
20160728,29.511,29.536,29.355,29.502,46984,0
20160729,29.623,29.903,29.552,29.687,179620,0
20160801,29.904,29.951,29.691,29.697,68432,0
20160802,29.67,29.67,29.262,29.414,58328,0
20160803,29.222,29.763,29.222,29.704,544446,0
20160804,29.744,30.027,29.72,29.945,167908,0
20160805,30.095,30.259,30.029,30.161,972714,0
20160808,30.419,30.542,30.41,30.508,278770,0
20160809,30.672,30.881,30.668,30.867,144853,0
20160810,31.066,31.066,30.75,30.883,116505,0
20160811,30.966,31.223,30.905,31.215,391958,0
20160812,31.059,31.131,30.841,30.891,257900,0
20160815,31.131,31.288,31.131,31.23,321030,0
20160816,31.156,31.156,30.841,30.841,3003669,0
20160817,30.673,30.815,30.433,30.758,72449,0
20160818,30.867,30.925,30.75,30.925,55468,0
20160819,30.558,30.683,30.301,30.634,374603,0
20160822,30.285,30.308,29.989,30.019,1324183,0
20160823,30.268,30.386,29.945,29.96,296581,0
20160824,29.937,30.053,29.72,30.003,121452,0
20160825,29.977,30.053,29.813,30.027,40195,0
20160826,30.086,30.367,29.562,29.697,119192,0
20160829,29.736,30.027,29.677,29.937,110224,0
20160830,30.003,30.062,29.854,29.937,69209,0
20160831,29.736,29.736,29.445,29.578,78738,0
20160901,29.487,29.697,29.396,29.697,36815,0
20160902,29.945,30.054,29.876,30.012,40471,0
20160906,30.493,30.749,30.367,30.735,47332,0
20160907,30.783,30.783,30.55,30.625,49399,0
20160908,30.783,30.783,30.533,30.618,108795,0
20160909,30.233,30.233,29.623,29.662,132065,0
20160912,29.29,29.912,29.29,29.87,77863,0
20160913,29.404,29.422,28.872,29.075,64422,0
20160914,29.271,29.408,29.188,29.206,26295,0
20160915,29.246,29.578,29.222,29.536,23326,0
20160916,29.372,29.489,29.246,29.445,29169,0
20160919,29.87,30.044,29.846,29.887,636069,0
20160920,30.253,30.253,30.012,30.012,42264,0
20160921,30.351,30.907,30.285,30.824,100795,0
20160922,30.983,31.115,30.839,30.925,199069,0
20160923,30.816,30.816,30.508,30.516,73021,0
20160926,30.359,30.428,30.248,30.275,91463,0
20160927,30.478,30.563,30.243,30.503,68852,0
20160928,30.563,30.8,30.368,30.749,90457,0
20160929,30.715,30.741,30.182,30.285,102971,0
20160930,30.435,30.51,30.3,30.359,66678,0
20161003,30.462,30.632,30.355,30.589,26251,0
20161004,30.699,30.699,30.125,30.267,33157,0
20161005,30.632,30.819,30.546,30.707,28097,0
20161006,30.51,30.664,30.425,30.605,23967,0
20161007,30.69,30.699,30.242,30.554,36736,0
20161010,30.715,30.808,30.589,30.656,165917,0
20161011,30.158,30.158,29.832,29.983,47237,0
20161012,29.854,29.962,29.742,29.826,45378,0
20161013,29.574,29.87,29.379,29.751,164333,0
20161014,29.987,30.057,29.701,29.77,124086,0
20161017,29.835,29.947,29.812,29.862,58489,0
20161018,30.326,30.435,30.2,30.395,29897,0
20161019,30.462,30.563,30.336,30.52,39751,0
20161020,30.336,30.474,30.258,30.412,25979,0
20161021,30.208,30.456,30.181,30.42,44886,0
20161024,30.656,30.733,30.551,30.632,25703,0
20161025,30.656,30.783,30.597,30.725,46896,0
20161026,30.497,30.597,30.241,30.412,79504,0
20161027,30.597,30.597,30.338,30.359,76001,0
20161028,30.412,30.435,30.066,30.199,43353,0
20161031,30.497,30.621,30.376,30.529,47693,0
20161101,30.546,30.57,29.985,30.216,143123,0
20161102,30.251,30.266,29.835,30.03,126588,0
20161103,30.065,30.156,29.878,29.962,32689,0
20161104,29.803,29.862,29.642,29.657,87741,0
20161107,30.403,30.783,30.39,30.767,392547,0
20161108,30.546,30.986,30.503,30.935,185822,0
20161109,30.275,30.404,29.971,30.082,186719,0
20161110,29.854,29.854,29.067,29.143,148273,0
20161111,28.654,28.686,28.188,28.517,174760,0
20161114,28.592,28.592,28.235,28.338,354321,0
20161115,28.539,28.924,28.539,28.847,42302,0
20161116,28.517,28.517,28.365,28.433,38246,0
20161117,28.568,28.601,28.212,28.314,178778,0
20161118,28.517,28.539,28.296,28.357,64576,0
20161121,28.745,28.838,28.682,28.762,47891,0
20161122,29.268,29.414,29.183,29.278,82102,0
20161123,29,29.108,28.854,29.023,48786,0
20161125,29.023,29.023,28.954,28.983,20006,0
20161128,29.143,29.336,29.143,29.242,29613,0
20161129,29.057,29.268,29.057,29.211,32334,0
20161130,29.177,29.276,29.152,29.226,43715,0
20161201,29.015,29.015,28.723,28.736,79341,0
20161202,28.796,28.964,28.796,28.889,22028,0
20161205,28.915,29.164,28.915,29.117,108595,0
20161206,29.183,29.319,29.169,29.311,73099,0
20161207,29.513,29.905,29.472,29.862,64736,0
20161208,29.777,29.962,29.77,29.947,31781,0
20161209,29.674,29.83,29.674,29.77,39916,0
20161212,29.683,29.734,29.539,29.626,50558,0
20161213,29.725,29.954,29.626,29.954,58332,0
20161214,29.609,29.726,28.983,28.991,69637,0
20161215,29.109,29.26,29.058,29.226,83436,0
20161216,29.211,29.264,28.965,29,73567,0
20161219,29.077,29.077,28.83,28.839,55138,0
20161220,28.847,28.956,28.847,28.871,86493,0
20161221,28.948,28.952,28.854,28.854,39207,0
20161222,28.627,28.755,28.531,28.627,93419,0
20161223,28.737,28.764,28.662,28.764,43998,0
20161227,28.848,28.899,28.813,28.848,50849,0
20161228,29.003,29.095,28.909,28.977,439663,0
20161229,29.222,29.519,29.222,29.468,203165,0
20161230,29.409,29.562,29.283,29.34,100109,0
20170103,29.578,29.739,29.519,29.605,87484,0
20170104,29.747,29.894,29.747,29.86,102859,0
20170105,29.985,30.145,29.975,30.106,124546,0
20170106,30.012,30.012,29.842,29.91,36212,0
20170109,29.842,29.956,29.783,29.851,57504,0
20170110,30.088,30.266,30.088,30.172,47326,0
20170111,30.215,30.589,30.097,30.571,68635,0
20170112,30.741,30.767,30.648,30.734,27843,0
20170113,30.791,30.91,30.715,30.91,78871,0
20170117,30.852,30.919,30.758,30.886,63613,0
20170118,30.944,30.971,30.758,30.808,83070,0
20170119,30.894,30.894,30.581,30.656,141194,0
20170120,30.886,30.886,30.734,30.86,33432,0
20170123,31.106,31.393,31.106,31.393,188787,0
20170124,31.53,31.606,31.472,31.557,43455,0
20170125,31.614,31.716,31.547,31.716,79079,0
20170126,31.724,31.724,31.553,31.657,55511,0
20170127,31.716,31.734,31.539,31.666,91069,0
20170130,31.496,31.539,31.335,31.522,76127,0
20170131,31.59,31.593,31.455,31.59,81019,0
20170201,31.641,31.734,31.581,31.666,46243,0
20170202,31.71,31.793,31.683,31.775,47150,0
20170203,31.895,32.081,31.84,31.904,87281,0
20170206,31.895,31.919,31.716,31.734,80363,0
20170207,31.674,31.774,31.564,31.583,36808,0
20170208,31.743,31.928,31.692,31.887,26905,0
20170209,32.099,32.114,31.984,32.107,34410,0
20170210,32.208,32.454,32.208,32.43,73139,0
20170213,32.489,32.743,32.489,32.719,63759,0
20170214,32.76,32.878,32.527,32.878,58813,0
20170215,33.091,33.558,33.091,33.508,129777,0
20170216,33.396,33.514,33.32,33.379,79197,0
20170217,33.277,33.422,33.186,33.422,64618,0
20170221,33.481,33.525,33.361,33.508,72738,0
20170222,33.583,33.753,33.576,33.744,66018,0
20170223,33.879,33.913,33.693,33.693,89618,0
20170224,33.388,33.388,33.262,33.304,42315,0
20170227,33.312,33.316,33.1,33.194,108961,0
20170228,33.168,33.305,32.964,32.999,65781,0
20170301,33.33,33.624,33.286,33.592,86728,0
20170302,33.304,33.32,33.009,33.009,101408,0
20170303,33.15,33.422,33.133,33.404,40637,0
20170306,33.388,33.388,33.246,33.33,42335,0
20170307,33.413,33.526,33.388,33.448,136902,0
20170308,33.422,33.431,33.109,33.116,86504,0
20170309,32.93,32.93,32.514,32.701,86211,0
20170310,32.878,32.98,32.752,32.948,43156,0
20170313,33.142,33.404,33.142,33.37,52513,0
20170314,33.262,33.319,33.144,33.159,36045,0
20170315,33.379,34.076,33.226,33.991,116161,0
20170316,34.246,34.347,34.111,34.28,76375,0
20170317,34.347,34.347,34.144,34.212,201442,0
20170320,34.185,34.339,34.149,34.298,73363,0
20170321,34.389,34.441,33.878,33.931,48902,0
20170322,34.026,34.271,33.824,34.177,84960,0
20170323,34.151,34.237,34.088,34.136,33506,0
20170324,34.214,34.341,34.162,34.264,43726,0
20170327,34.077,34.186,33.923,34.145,130330,0
20170328,33.999,34.229,33.999,34.083,34760,0
20170329,34.111,34.229,34.093,34.186,68442,0
20170330,34.186,34.29,33.999,33.999,352083,0
20170331,33.932,34.035,33.899,33.914,57045,0
20170403,34.136,34.186,33.967,34.178,58674,0
20170404,34.12,34.265,34.05,34.248,95185,0
20170405,34.254,34.366,34.035,34.035,80880,0
20170406,34.153,34.161,33.992,34.077,60438,0
20170407,33.967,34.145,33.914,33.975,34971,0
20170410,33.88,33.909,33.71,33.804,102234,0
20170411,33.864,33.864,33.611,33.846,52884,0
20170412,33.872,33.889,33.638,33.889,68185,0
20170413,33.984,34.06,33.761,33.83,83242,0
20170417,33.855,34.008,33.814,33.949,59523,0
20170418,33.719,33.855,33.623,33.719,36993,0
20170419,33.661,33.661,33.284,33.345,48562,0
20170420,33.608,33.608,33.473,33.566,51226,0
20170421,33.634,33.634,33.532,33.599,74162,0
20170424,33.949,33.999,33.837,33.906,33667,0
20170425,34.136,34.305,34.077,34.239,58038,0
20170426,34.195,34.195,34.04,34.06,35602,0
20170427,34.077,34.077,33.83,33.932,39817,0
20170428,34.093,34.093,33.959,34.068,31982,0
20170501,34.248,34.248,34.042,34.127,116347,0
20170502,34.195,34.248,34.12,34.247,117297,0
20170503,34.178,34.214,34.051,34.083,32545,0
20170504,33.967,33.967,33.644,33.686,33444,0
20170505,33.617,33.889,33.595,33.872,31679,0
20170508,33.855,33.872,33.677,33.693,37090,0
20170509,33.906,34.103,33.906,33.984,72353,0
20170510,34.042,34.203,33.984,34.162,48907,0
20170511,34.162,34.239,34.039,34.195,35843,0
20170512,34.248,34.357,34.214,34.331,40606,0
20170515,34.418,34.554,34.281,34.468,131239,0
20170516,34.707,34.707,34.503,34.639,69563,0
20170517,34.468,34.514,34.136,34.136,114417,0
20170518,33.643,33.851,33.368,33.541,55310,0
20170519,34.035,34.357,34.001,34.239,40489,0
20170522,34.254,34.348,34.223,34.281,37725,0
20170523,34.331,34.418,34.272,34.375,34365,0
20170524,34.596,34.681,34.418,34.63,53215,0
20170525,34.885,34.885,34.681,34.714,86233,0
20170526,34.723,34.808,34.589,34.751,48218,0
20170530,34.876,35.045,34.758,35.034,57377,0
20170531,34.858,34.858,34.663,34.672,39066,0
20170601,34.826,34.885,34.723,34.885,28254,0
20170602,34.919,35.013,34.881,34.97,52434,0
20170605,35.09,35.123,34.997,35.022,55379,0
20170606,35.013,35.147,35.013,35.1,27423,0
20170607,35.004,35.045,34.765,34.919,34719,0
20170608,34.858,35.004,34.858,34.979,26545,0
20170609,34.954,34.988,34.639,34.732,30561,0
20170612,34.707,34.743,34.601,34.689,138900,0
20170613,34.867,34.928,34.818,34.919,30985,0
20170614,34.867,34.883,34.528,34.604,49061,0
20170615,34.331,34.401,34.229,34.391,23497,0
20170616,34.468,34.546,34.375,34.494,161970,0
20170619,34.426,34.596,34.426,34.537,65020,0
20170620,34.468,34.59,34.141,34.167,37779,0
20170621,34.485,34.512,34.261,34.297,19045,0
20170622,34.52,34.579,34.418,34.461,36152,0
20170623,34.562,34.641,34.503,34.623,57932,0
20170626,34.813,34.899,34.709,34.804,26159,0
20170627,34.753,34.788,34.521,34.537,42980,0
20170628,34.606,34.822,34.553,34.797,31513,0
20170629,34.659,34.659,34.191,34.383,33149,0
20170630,34.537,34.659,34.512,34.641,27480,0
20170703,34.7,34.824,34.665,34.713,13358,0
20170705,34.58,34.623,34.407,34.597,41897,0
20170706,34.494,34.494,34.253,34.306,57849,0
20170707,34.347,34.419,34.226,34.347,54424,0
20170710,34.452,34.537,34.373,34.503,84127,0
20170711,34.528,34.692,34.485,34.58,50820,0
20170712,35.089,35.305,35.037,35.238,56111,0
20170713,35.192,35.305,35.154,35.261,39817,0
20170714,35.452,35.675,35.452,35.631,54864,0
20170717,35.536,35.545,35.469,35.493,74832,0
20170718,35.486,35.58,35.443,35.58,80785,0
20170719,35.83,35.883,35.763,35.857,37378,0
20170720,35.908,35.944,35.839,35.889,35145,0
20170721,35.804,35.81,35.692,35.744,31161,0
20170724,35.82,35.83,35.675,35.786,39006,0
20170725,35.796,35.874,35.701,35.727,54701,0
20170726,35.812,36.057,35.804,36.037,28364,0
20170727,36.071,36.071,35.648,35.848,54054,0
20170728,35.804,35.874,35.721,35.874,26230,0
20170731,35.812,35.865,35.675,35.82,54765,0
20170801,36.045,36.107,35.971,36.045,23605,0
20170802,36.012,36.123,35.944,36.054,25859,0
20170803,36.098,36.14,36.029,36.131,25394,0
20170804,36.209,36.271,36.118,36.253,21255,0
20170807,36.295,36.426,36.295,36.416,34187,0
20170808,36.444,36.529,36.262,36.271,359072,0
20170809,36.174,36.228,36.081,36.228,57544,0
20170810,35.975,35.975,35.452,35.486,86414,0
20170811,35.563,35.683,35.426,35.599,40268,0
20170814,35.711,35.83,35.667,35.744,59607,0
20170815,35.667,35.72,35.566,35.631,32881,0
20170816,35.839,35.967,35.839,35.944,22182,0
20170817,35.917,35.934,35.571,35.571,55792,0
20170818,35.72,35.926,35.627,35.804,46346,0
20170821,36.029,36.045,35.897,36.029,23053,0
20170822,36.167,36.37,36.167,36.307,28697,0
20170823,36.174,36.411,36.159,36.312,68987,0
20170824,36.478,36.563,36.391,36.512,31415,0
20170825,36.676,36.813,36.676,36.736,28941,0
20170828,36.838,36.838,36.651,36.805,20851,0
20170829,36.623,36.856,36.623,36.831,68536,0
20170830,36.778,36.835,36.736,36.805,46077,0
20170831,37.003,37.047,36.927,36.986,39072,0
20170901,37.159,37.39,37.159,37.305,39006,0
20170905,37.305,37.375,37.055,37.175,29682,0
20170906,37.229,37.357,37.176,37.297,25394,0
20170907,37.503,37.593,37.443,37.555,27109,0
20170908,37.434,37.445,37.241,37.313,31943,0
20170911,37.46,37.598,37.46,37.538,37550,0
20170912,37.46,37.512,37.375,37.41,21677,0
20170913,37.339,37.339,37.137,37.208,21674,0
20170914,37.391,37.452,37.306,37.452,58374,0
20170915,37.555,37.7,37.435,37.607,17151,0
20170918,37.831,37.831,37.434,37.581,37641,0
20170919,37.339,37.52,37.268,37.488,49487,0
20170920,37.588,37.588,37.081,37.382,68810,0
20170921,37.375,37.442,37.279,37.297,27585,0
20170922,37.125,37.158,36.982,37.115,75002,0
20170925,36.701,36.701,36.287,36.348,35644,0
20170926,36.497,36.594,36.315,36.326,57925,0
20170927,36.32,36.32,36.127,36.286,63880,0
20170928,36.127,36.225,35.801,36.18,53880,0
20170929,36.452,36.569,36.353,36.532,61646,0
20171002,36.516,36.573,36.439,36.462,55686,0
20171003,36.612,36.72,36.587,36.664,29031,0
20171004,36.77,36.859,36.703,36.788,26513,0
20171005,36.983,37.193,36.955,36.983,26968,0
20171006,36.859,36.975,36.824,36.946,49530,0
20171009,36.886,36.886,36.737,36.797,18623,0
20171010,37.088,37.204,37.027,37.147,32787,0
20171011,37.141,37.299,37.141,37.272,32761,0
20171012,37.415,37.415,37.281,37.3,53915,0
20171013,37.634,37.757,37.618,37.689,73459,0
20171016,37.67,37.679,37.476,37.555,38172,0
20171017,37.388,37.388,37.2,37.281,45118,0
20171018,37.371,37.422,37.291,37.335,35614,0
20171019,37.026,37.102,36.859,37.095,28184,0
20171020,37.114,37.114,36.988,37.044,19758,0
20171023,37.079,37.104,36.877,36.877,31958,0
20171024,37.099,37.135,36.983,37.008,36377,0
20171025,37,37.034,36.657,36.868,59528,0
20171026,36.806,36.946,36.674,36.674,471268,0
20171027,36.664,36.966,36.569,36.903,45425,0
20171030,36.728,36.769,36.542,36.558,24567,0
20171031,36.656,36.76,36.656,36.736,38674,0
20171101,36.886,36.937,36.674,36.725,37230,0
20171102,36.788,36.788,36.64,36.759,24454,0
20171103,36.7,36.753,36.392,36.569,58716,0
20171106,36.63,36.839,36.608,36.839,34001,0
20171107,36.728,36.728,36.461,36.516,63549,0
20171108,36.72,36.84,36.644,36.806,26550,0
20171109,36.602,36.63,36.367,36.516,41750,0
20171110,36.438,36.507,36.304,36.348,52170,0
20171113,36.2,36.291,36.164,36.258,29133,0
20171114,36.19,36.208,36.061,36.093,41574,0
20171115,35.907,36.035,35.855,35.882,70547,0
20171116,36.111,36.41,36.111,36.286,25848,0
20171117,36.438,36.587,36.33,36.527,37718,0
20171120,36.452,36.569,36.412,36.523,20097,0
20171121,36.7,36.806,36.602,36.63,28595,0
20171122,36.913,36.913,36.612,36.761,77093,0
20171124,36.868,36.894,36.78,36.859,21079,0
20171127,36.736,36.736,36.489,36.516,37048,0
20171128,36.745,36.788,36.572,36.7,39126,0
20171129,36.569,36.57,36.251,36.286,39206,0
20171130,36.357,36.387,36.127,36.225,68961,0
20171201,36.251,36.251,35.864,36.065,58929,0
20171204,36.278,36.314,36.102,36.136,85321,0
20171205,36.208,36.308,36.039,36.04,31502,0
20171206,36.014,36.014,35.6,35.768,41344,0
20171207,35.66,35.809,35.512,35.749,34230,0
20171208,35.888,35.976,35.73,35.846,58038,0
20171211,35.944,36.047,35.898,35.926,26875,0
20171212,35.784,35.784,35.644,35.784,57321,0
20171213,35.926,36.346,35.926,36.19,41840,0
20171214,36.234,36.328,36.022,36.039,54618,0
20171215,36.18,36.311,36.127,36.251,46084,0
20171218,36.418,36.682,36.418,36.559,59930,0
20171219,36.516,36.542,36.19,36.339,89855,0
20171220,36.471,36.71,36.401,36.401,46952,0
20171221,36.428,36.574,36.428,36.428,94824,0
20171222,36.623,36.732,36.428,36.667,54095,0
20171226,36.687,36.688,36.534,36.605,41356,0
20171227,36.757,36.774,36.659,36.677,43793,0
20171228,36.972,37.23,36.972,37.006,94638,0
20171229,37.65,37.65,37.273,37.273,36285,0
20180102,37.846,38.019,37.745,37.935,84007,0
20180103,38.147,38.379,38.147,38.29,51717,0
20180104,38.406,38.485,38.353,38.415,47880,0
20180105,38.547,38.661,38.388,38.621,91349,0
20180108,38.621,38.701,38.576,38.647,57747,0
20180109,38.789,38.789,38.485,38.612,248801,0
20180110,38.424,38.621,38.336,38.54,73653,0
20180111,38.621,38.797,38.621,38.777,254162,0
20180112,38.762,39.038,38.674,39.021,99990,0
20180116,39.129,39.129,38.637,38.771,85879,0
20180117,39.082,39.368,39.029,39.226,71409,0
20180118,39.377,39.519,39.353,39.457,159165,0
20180119,39.582,39.794,39.576,39.702,118811,0
20180122,40.091,40.162,39.849,40.162,94804,0
20180123,40.081,40.204,39.975,40.153,148947,0
20180124,40.51,40.599,40.286,40.535,136132,0
20180125,40.561,40.918,40.489,40.571,109173,0
20180126,40.848,41.089,40.741,41.079,78211,0
20180129,40.721,40.721,40.481,40.5,124520,0
20180130,40.313,40.313,40.016,40.108,90542,0
20180131,40.429,40.472,40.072,40.214,60131,0
20180201,40.144,40.384,40.116,40.184,96459,0
20180202,40.035,40.035,39.43,39.43,195208,0
20180205,39.396,39.645,38.306,38.353,136505,0
20180206,38.219,39.387,37.87,39.119,152761,0
20180207,38.914,39.199,38.343,38.343,107175,0
20180208,38.316,38.396,36.918,36.918,114931,0
20180209,37.685,37.916,36.747,37.612,130770,0
20180212,37.89,38.29,37.723,38.04,101431,0
20180213,38.032,38.542,38.032,38.467,33532,0
20180214,38.386,39.182,38.386,39.138,73789,0
20180215,39.734,39.824,39.229,39.715,114195,0
20180216,39.485,39.867,39.41,39.609,72361,0
20180220,39.333,39.377,39.216,39.216,76780,0
20180221,39.628,39.817,39.172,39.172,38528,0
20180222,39.412,39.644,39.265,39.324,62768,0
20180223,39.857,40.064,39.71,39.928,174827,0
20180226,40.081,40.374,39.947,40.304,74865,0
20180227,39.904,39.904,39.306,39.306,131053,0
20180228,39.387,39.422,38.843,38.843,65893,0
20180301,39.138,39.35,38.621,38.887,79226,0
20180302,38.637,39.172,38.452,39.172,47717,0
20180305,38.807,39.261,38.664,39.242,98446,0
20180306,39.377,39.448,39.06,39.138,63887,0
20180307,38.868,39.092,38.797,39.092,66809,0
20180308,39.146,39.157,38.914,39.057,44303,0
20180309,39.163,39.494,39.048,39.476,76259,0
20180312,39.377,39.467,39.207,39.298,47919,0
20180313,39.412,39.471,38.814,38.887,57920,0
20180314,39.182,39.182,38.923,38.976,18733,0
20180315,39.138,39.138,38.793,38.905,40482,0
20180316,38.868,38.973,38.816,38.878,110687,0
20180319,38.771,38.771,38.424,38.628,41939,0
20180320,38.762,38.807,38.625,38.718,47862,0
20180321,38.762,39.072,38.683,39.072,36080,0
20180322,38.663,38.681,38.198,38.323,82630,0
20180323,38.412,38.479,37.823,37.859,87631,0
20180326,38.448,38.723,38.177,38.723,54375,0
20180327,38.582,38.681,38.068,38.143,52179,0
20180328,38.181,38.288,38.001,38.117,39395,0
20180329,38.304,38.842,38.28,38.789,242991,0
20180402,38.733,38.733,38.1,38.279,58276,0
20180403,38.466,38.61,38.304,38.539,39830,0
20180404,37.822,38.619,37.822,38.619,83656,0
20180405,38.59,38.761,38.512,38.681,31799,0
20180406,38.653,38.653,37.928,38.072,22339,0
20180409,37.759,37.759,37.383,37.383,173568,0
20180410,37.526,37.813,37.492,37.759,65053,0
20180411,37.482,37.894,37.357,37.741,58930,0
20180412,37.794,37.875,37.66,37.859,37568,0
20180413,37.759,37.86,37.517,37.616,97918,0
20180416,37.654,37.759,37.473,37.759,47411,0
20180417,37.598,37.803,37.598,37.733,36401,0
20180418,37.822,38.072,37.804,37.974,39533,0
20180419,38.081,38.091,37.729,37.885,101611,0
20180420,37.866,37.866,37.51,37.581,53525,0
20180423,37.526,37.582,37.285,37.295,45636,0
20180424,37.412,37.421,36.945,37.08,54909,0
20180425,36.964,37.063,36.821,36.935,60585,0
20180426,37.08,37.303,36.961,37.295,113764,0
20180427,37.357,37.455,37.181,37.418,40329,0
20180430,37.51,37.51,37.054,37.105,62167,0
20180501,36.954,36.954,36.481,36.775,76666,0
20180502,36.865,37.08,36.78,36.803,71680,0
20180503,36.793,36.875,36.417,36.785,34674,0
20180504,36.571,37.057,36.571,37.008,30416,0
20180507,36.803,36.856,36.669,36.748,106169,0
20180508,36.633,36.633,36.401,36.633,104953,0
20180509,36.497,36.568,36.355,36.452,107923,0
20180510,36.945,37.242,36.945,37.115,104943,0
20180511,37.357,37.367,37.096,37.152,40461,0
20180514,37.383,37.526,37.255,37.275,49095,0
20180515,37,37.017,36.777,36.865,74834,0
20180516,37.096,37.393,37.096,37.312,34577,0
20180517,37.17,37.176,36.885,36.935,31645,0
20180518,36.677,36.847,36.667,36.785,33650,0
20180521,37.072,37.186,37.035,37.134,43453,0
20180522,37.339,37.428,37.206,37.206,35005,0
20180523,36.91,37.209,36.9,37.186,144562,0
20180524,36.856,37.026,36.732,36.935,23968,0
20180525,36.91,37.054,36.91,36.928,22306,0
20180529,36.633,36.633,36.06,36.149,66129,0
20180530,36.481,36.803,36.318,36.803,56902,0
20180531,36.714,36.864,36.633,36.677,605080,0
20180601,36.847,37.176,36.847,37.134,76724,0
20180604,37.464,37.644,37.464,37.644,32135,0
20180605,37.554,37.554,37.344,37.375,61709,0
20180606,37.563,37.733,37.526,37.733,28536,0
20180607,37.482,37.616,36.955,37.186,69923,0
20180608,37.249,37.473,37.115,37.473,105880,0
20180611,37.437,37.588,37.367,37.437,28509,0
20180612,37.706,37.706,37.244,37.312,23533,0
20180613,37.428,37.428,36.942,37.115,37753,0
20180614,37.072,37.191,36.91,36.919,38910,0
20180615,36.667,37.054,36.438,36.623,52169,0
20180618,36.248,36.248,35.9,36.131,219516,0
20180619,35.933,36.131,35.689,36.05,98915,0
20180620,36.457,36.457,36.049,36.05,19554,0
20180621,35.887,36.014,35.768,35.805,45576,0
20180622,36.077,36.077,35.859,35.951,35453,0
20180625,35.715,35.715,35.371,35.67,57795,0
20180626,35.589,35.689,35.48,35.543,78712,0
20180627,35.326,35.426,34.945,35.017,52218,0
20180628,34.936,35.117,34.836,35.073,79944,0
20180629,35.48,35.752,35.47,35.66,75847,0
20180702,35.226,35.398,35.226,35.326,42181,0
20180703,35.487,35.625,35.417,35.444,66420,0
20180705,35.632,35.778,35.568,35.715,38195,0
20180706,35.732,36.163,35.732,36.114,33344,0
20180709,36.368,36.521,36.168,36.449,148156,0
20180710,36.44,36.567,36.394,36.567,35368,0
20180711,36.206,36.241,35.842,35.924,57724,0
20180712,36.114,36.249,36.077,36.114,41900,0
20180713,36.041,36.245,36.001,36.159,33896,0
20180716,36.149,36.149,36.005,36.096,30073,0
20180717,35.915,36.294,35.915,36.294,53112,0
20180718,36.149,36.466,36.115,36.412,139255,0
20180719,36.077,36.086,35.862,35.942,38341,0
20180720,36.176,36.312,36.176,36.278,67528,0
20180723,36.096,36.185,36.059,36.122,51284,0
20180724,36.449,36.62,36.304,36.34,69868,0
20180725,36.757,37.047,36.585,36.975,40976,0
20180726,36.774,36.946,36.431,36.774,51437,0
20180727,36.885,37.043,36.665,36.894,21048,0
20180730,37.047,37.128,36.975,37.01,38058,0
20180731,37.272,37.312,37.029,37.21,69064,0
20180801,36.966,37.134,36.875,36.966,39099,0
20180802,36.44,36.802,36.44,36.685,24137,0
20180803,36.722,37.001,36.722,36.975,146497,0
20180806,36.685,36.835,36.621,36.712,71695,0
20180807,36.793,36.975,36.793,36.865,73258,0
20180808,36.712,36.798,36.63,36.64,75467,0
20180809,36.431,36.54,36.381,36.385,151961,0
20180810,35.77,35.832,35.632,35.715,36460,0
20180813,35.388,35.525,35.163,35.316,37038,0
20180814,35.552,35.869,35.552,35.869,214179,0
20180815,35.226,35.434,34.991,35.316,244630,0
20180816,35.452,35.66,35.38,35.461,93343,0
20180817,35.226,35.642,35.14,35.632,30769,0
20180820,35.417,35.607,35.417,35.598,124072,0
20180821,35.706,36.011,35.706,35.832,32339,0
20180822,35.688,35.95,35.633,35.905,70300,0
20180823,35.805,35.832,35.47,35.543,38281,0
20180824,35.732,35.933,35.715,35.915,49613,0
20180827,36.096,36.431,36.096,36.294,32500,0
20180828,36.385,36.445,36.222,36.241,35567,0
20180829,36.149,36.485,36.106,36.403,123586,0
20180830,35.976,35.976,35.651,35.742,219577,0
20180831,35.942,36.25,35.872,36.25,40269,0
20180904,35.778,35.788,35.543,35.552,61847,0
20180905,35.326,35.461,35.245,35.388,59908,0
20180906,35.344,35.381,35.099,35.281,91431,0
20180907,35.236,35.293,35.065,35.153,53092,0
20180910,35.09,35.153,34.827,34.901,193652,0
20180911,34.772,35.016,34.565,34.991,69054,0
20180912,35.073,35.425,35.063,35.253,37357,0
20180913,35.497,35.732,35.407,35.497,43164,0
20180914,35.688,35.688,35.417,35.517,42054,0
20180917,35.452,35.625,35.407,35.407,46078,0
20180918,35.57,35.842,35.57,35.752,99232,0
20180919,35.788,36.067,35.77,35.933,97374,0
20180920,36.096,36.096,35.944,36.033,57280,0
20180921,36.176,36.395,36.044,36.222,51499,0
20180924,35.951,36.086,35.951,36.014,34444,0
20180925,36.042,36.186,36.042,36.122,35031,0
20180926,35.982,36.244,35.913,35.928,40224,0
20180927,36.095,36.401,36.095,36.336,28154,0
20180928,36.178,36.36,36.076,36.198,42169,0
20181001,36.374,36.374,36.234,36.365,72362,0
20181002,36.178,36.336,36.078,36.299,79749,0
20181003,36.411,36.43,36.141,36.225,723437,0
20181004,36.188,36.188,35.574,35.723,206353,0
20181005,35.741,35.741,35.386,35.536,128181,0
20181008,35.621,35.928,35.545,35.899,62447,0
20181009,35.667,36.03,35.643,35.937,55234,0
20181010,35.853,35.853,35.095,35.099,155996,0
20181011,34.885,35.156,34.512,34.671,135745,0
20181012,35.434,35.434,34.924,35.286,130443,0
20181015,35.35,35.444,35.204,35.304,157465,0
20181016,35.565,35.928,35.565,35.899,110973,0
20181017,35.889,35.889,35.545,35.611,95362,0
20181018,35.536,35.611,35.099,35.183,94057,0
20181019,35.444,35.555,35.183,35.304,51675,0
20181022,35.611,35.611,35.245,35.35,98094,0
20181023,34.764,35.086,34.541,34.998,115651,0
20181024,34.885,35.044,34.16,34.177,53323,0
20181025,34.393,34.988,34.393,34.793,60149,0
20181026,34.345,34.699,34.084,34.485,160582,0
20181029,34.644,34.76,33.789,34.039,105695,0
20181030,34.243,34.793,34.234,34.671,74205,0
20181031,34.932,35.155,34.928,35.015,67799,0
20181101,35.35,35.981,35.304,35.871,2163232,0
20181102,36.178,36.244,35.732,36.039,656158,0
20181105,36.095,36.317,36.049,36.272,118962,0
20181106,36.066,36.122,35.937,35.955,93341,0
20181107,36.272,36.57,36.253,36.503,290634,0
20181108,36.208,36.486,35.751,35.824,92569,0
20181109,35.518,35.731,35.313,35.593,66702,0
20181112,35.426,35.426,35.082,35.09,77124,0
20181113,35.341,35.666,35.24,35.313,49463,0
20181114,35.545,35.686,35.332,35.545,75614,0
20181115,35.629,36.198,35.568,36.076,63982,0
20181116,35.778,36.225,35.778,36.076,69554,0
20181119,36.039,36.039,35.723,35.844,94102,0
20181120,35.545,35.788,35.064,35.155,70581,0
20181121,35.638,35.937,35.638,35.761,173434,0
20181123,35.426,35.555,35.426,35.499,49679,0
20181126,35.686,35.751,35.416,35.518,105335,0
20181127,35.518,35.815,35.466,35.797,87551,0
20181128,35.881,36.503,35.694,36.402,100940,0
20181129,36.169,36.457,36.131,36.198,91357,0
20181130,36.15,36.215,35.992,36.049,177098,0
20181203,36.728,36.832,36.661,36.755,59744,0
20181204,36.746,36.895,36.051,36.105,107019,0
20181206,35.853,36.169,35.416,36.122,115821,0
20181207,36.234,36.467,35.667,35.704,119578,0
20181210,35.741,35.761,35.186,35.518,257950,0
20181211,35.797,35.872,35.49,35.676,176156,0
20181212,36.114,36.279,35.982,36.066,120238,0
20181213,36.169,36.169,35.947,36.039,110806,0
20181214,35.863,35.889,35.621,35.647,113539,0
20181217,35.621,35.761,35.22,35.387,118827,0
20181218,35.66,35.66,35.199,35.36,194094,0
20181219,35.52,35.717,34.663,34.86,226446,0
20181220,35.378,35.437,34.879,35.191,497852,0
20181221,35.058,35.171,34.511,34.673,232087,0
20181224,34.673,34.908,34.513,34.513,203151,0
20181226,34.513,34.937,34.278,34.937,282091,0
20181227,34.701,35.021,34.515,34.899,298265,0
20181228,35.171,35.406,35.087,35.143,346204,0
20181231,35.49,35.717,35.03,35.199,193820,0
20190102,34.955,35.605,34.955,35.605,208405,0
20190103,35.463,35.538,35.119,35.293,172240,0
20190104,35.576,36.329,35.576,36.318,98783,0
20190107,36.318,36.403,36.13,36.253,107246,0
20190108,36.347,36.506,36.207,36.45,91557,0
20190109,36.694,37.025,36.686,36.938,243791,0
20190110,36.977,37.363,36.968,37.344,123668,0
20190111,37.015,37.231,36.932,37.127,95387,0
20190114,36.845,37.146,36.825,36.948,85716,0
20190115,37.053,37.203,36.921,37.015,161931,0
20190116,37.296,37.495,37.222,37.381,91132,0
20190117,37.231,37.6,37.118,37.495,119515,0
20190118,37.683,37.757,37.598,37.748,260797,0
20190122,37.372,37.757,37.094,37.156,508178,0
20190123,37.739,37.852,37.598,37.795,191560,0
20190124,37.804,38.172,37.804,38.142,299068,0
20190125,38.52,38.614,38.341,38.576,188024,0
20190128,38.162,38.37,37.993,38.37,287983,0
20190129,38.614,38.614,38.38,38.434,206747,0
20190130,38.717,39.205,38.501,39.141,276115,0
20190131,39.194,39.481,39.189,39.441,343735,0
20190201,39.422,39.422,39.186,39.215,217105,0
20190204,39.215,39.309,39.093,39.186,180660,0
20190205,39.355,39.61,39.253,39.583,177398,0
20190206,39.46,39.46,39.103,39.15,119450,0
20190207,38.952,38.971,38.604,38.802,188579,0
20190208,38.764,38.821,38.491,38.744,124636,0
20190211,38.651,38.735,38.486,38.547,248945,0
20190212,38.811,38.848,38.688,38.735,216307,0
20190213,38.556,38.556,38.181,38.218,199698,0
20190214,38.087,38.515,38.049,38.416,309484,0
20190215,38.547,38.594,38.38,38.556,236252,0
20190219,38.322,38.718,38.312,38.599,289055,0
20190220,38.849,39.026,38.778,38.839,388884,0
20190221,38.717,38.725,38.491,38.604,191705,0
20190222,38.792,38.914,38.685,38.773,351604,0
20190225,39.131,39.186,38.965,39.046,290133,0
20190226,38.895,38.989,38.783,38.914,310708,0
20190227,38.764,38.764,38.454,38.576,209775,0
20190228,38.472,38.529,38.138,38.37,305884,0
20190301,38.38,38.39,38.087,38.172,111607,0
20190304,38.481,38.501,38.087,38.35,158238,0
20190305,38.454,38.538,38.294,38.501,70239,0
20190306,38.556,38.556,38.162,38.227,115183,0
20190307,38.285,38.285,37.655,37.757,126422,0
20190308,37.588,37.852,37.522,37.795,149445,0
20190311,38.087,38.087,37.946,38.012,2137343,0
20190312,37.974,38.07,37.907,37.937,1126240,0
20190313,38.058,38.191,37.964,38.162,109075,0
20190314,38.115,38.115,37.928,38.012,106815,0
20190315,38.275,38.528,38.275,38.481,125739,0
20190318,38.725,38.914,38.556,38.895,297455,0
20190319,38.989,38.989,38.725,38.783,103430,0
20190320,38.725,39.005,38.329,38.688,66037,0
20190321,38.735,38.839,38.462,38.839,192392,0
20190322,38.357,38.357,37.648,37.648,127248,0
20190325,37.761,38.13,37.761,38.073,74781,0
20190326,38.234,38.234,37.923,38.054,176116,0
20190327,37.95,37.979,37.534,37.618,144151,0
20190328,37.666,37.856,37.618,37.827,374425,0
20190329,38.073,38.196,37.894,38.036,74395,0
20190401,38.555,38.735,38.424,38.669,107407,0
20190402,38.546,38.623,38.309,38.442,120861,0
20190403,38.717,38.829,38.565,38.623,150681,0
20190404,38.64,38.849,38.528,38.811,82384,0
20190405,38.849,39.019,38.802,38.953,64893,0
20190408,38.849,38.969,38.725,38.915,93864,0
20190409,39.095,39.095,38.754,38.792,745977,0
20190410,39.048,39.092,38.887,39.028,88088,0
20190411,38.811,38.82,38.575,38.64,40813,0
20190412,38.963,39.019,38.811,38.849,48085,0
20190415,38.944,38.963,38.773,38.963,46618,0
20190416,38.905,39.133,38.881,39.038,275996,0
20190417,39.227,39.303,39.045,39.105,154415,0
20190418,39.105,39.18,38.887,39.123,67639,0
20190422,38.981,39.075,38.895,39.01,177463,0
20190423,38.877,39.019,38.787,38.99,86660,0
20190424,38.802,38.926,38.454,38.537,157259,0
20190425,38.489,38.528,38.282,38.518,95792,0
20190426,38.725,38.725,38.433,38.537,138078,0
20190429,38.546,38.561,38.423,38.462,139619,0
20190430,38.462,38.565,38.319,38.537,123954,0
20190501,38.613,38.829,38.215,38.357,109065,0
20190502,38.357,38.38,38.115,38.262,145116,0
20190503,38.508,38.698,38.508,38.65,50308,0
20190506,37.856,38.14,37.847,38.093,75829,0
20190507,37.95,37.95,37.581,37.752,243481,0
20190508,37.808,37.894,37.591,37.648,130026,0
20190509,37.213,37.467,36.957,37.364,247809,0
20190510,37.269,37.487,36.967,37.326,139372,0
20190513,36.465,36.578,36.276,36.475,138283,0
20190514,36.967,37.032,36.815,36.929,225585,0
20190515,36.654,36.995,36.647,36.862,88114,0
20190516,36.872,37.098,36.701,36.701,98965,0
20190517,36.276,36.455,36.162,36.201,194525,0
20190520,36.229,36.39,36.153,36.238,154014,0
20190521,36.361,36.588,36.342,36.588,60917,0
20190522,36.683,36.9,36.512,36.522,143688,0
20190523,36.181,36.276,36.059,36.153,72756,0
20190524,36.38,36.408,36.171,36.171,44509,0
20190528,36.4,36.692,36.191,36.191,137209,0
20190529,36.266,36.522,36.191,36.522,63231,0
20190530,36.663,36.99,36.663,36.862,190549,0
20190531,36.891,37.288,36.862,37.222,91504,0
20190603,37.43,37.515,37.269,37.336,88958,0
20190604,37.193,37.506,37.193,37.449,158804,0
20190605,37.497,37.556,37.332,37.345,48942,0
20190606,37.534,37.601,37.392,37.477,150903,0
20190607,37.761,38.013,37.665,37.799,95640,0
20190610,38.026,38.133,37.922,38.036,65380,0
20190611,38.309,38.347,38.215,38.287,77756,0
20190612,38.14,38.158,37.884,37.922,61366,0
20190613,37.997,38.148,37.922,38.045,71213,0
20190614,37.959,37.997,37.752,37.799,43591,0
20190617,37.799,37.896,37.683,37.683,74554,0
20190618,38.07,38.499,38.07,38.428,49245,0
20190619,38.458,38.908,38.458,38.845,267944,0
20190620,39.378,39.465,39.097,39.291,59214,0
20190621,39.213,39.291,39.067,39.174,101169,0
20190624,39.281,39.303,39.184,39.261,55992,0
20190625,39.339,39.339,38.99,39.039,102766,0
20190626,39.281,39.513,39.134,39.358,61621,0
20190627,39.591,39.688,39.485,39.572,93296,0
20190628,39.426,39.582,39.388,39.513,51390,0
20190701,40.008,40.008,39.61,39.707,134269,0
20190702,39.93,39.93,39.543,39.659,67676,0
20190703,39.495,39.811,39.495,39.785,26397,0
20190705,39.697,39.737,39.426,39.737,126592,0
20190708,39.61,39.707,39.496,39.669,153806,0
20190709,39.349,39.495,39.291,39.495,174477,0
20190710,39.891,39.998,39.842,39.959,96269,0
20190711,39.959,40.036,39.814,39.949,107824,0
20190712,40.008,40.046,39.727,40.046,241638,0
20190715,40.114,40.124,39.985,40.046,276869,0
20190716,40.027,40.027,39.765,39.834,73878,0
20190717,39.852,40.031,39.834,39.834,53289,0
20190718,39.901,40.26,39.824,40.201,30410,0
20190719,40.25,40.25,39.957,39.959,40850,0
20190722,40.027,40.104,39.994,40.085,43352,0
20190723,39.998,39.998,39.74,39.882,59157,0
20190724,39.688,39.838,39.688,39.707,51849,0
20190725,39.794,39.794,39.388,39.503,59442,0
20190726,39.455,39.53,39.416,39.446,120875,0
20190729,39.495,39.495,39.266,39.436,48997,0
20190730,39.126,39.203,39.028,39.136,72812,0
20190731,39.204,39.32,38.389,38.884,64588,0
20190801,38.845,38.865,37.925,37.983,85833,0
20190802,37.983,38.157,37.683,37.751,217982,0
20190805,37.257,37.711,36.559,36.656,333211,0
20190806,37.324,37.332,37.048,37.275,118784,0
20190807,37.101,37.285,36.764,37.275,82186,0
20190808,37.547,37.606,37.323,37.606,101736,0
20190809,37.489,37.489,37.031,37.218,188280,0
20190812,36.985,36.995,36.743,36.743,65888,0
20190813,36.675,37.324,36.491,37.15,631370,0
20190814,36.685,36.685,36.143,36.239,191024,0
20190815,36.365,36.365,36.046,36.249,141640,0
20190816,36.365,36.433,36.268,36.346,142697,0
20190819,36.724,36.724,36.336,36.346,186550,0
20190820,36.462,36.462,36.298,36.326,112780,0
20190821,36.578,36.734,36.52,36.617,97079,0
20190822,36.423,36.567,36.278,36.375,91292,0
20190823,36.239,36.541,35.842,35.842,200674,0
20190826,36.046,36.104,35.939,35.959,138167,0
20190827,36.201,36.22,35.9,35.997,350306,0
20190828,35.919,36.22,35.912,36.104,169031,0
20190829,36.201,36.482,36.201,36.355,173184,0
20190830,36.811,36.868,36.637,36.656,1361708,0
20190903,36.433,36.801,36.433,36.801,102323,0
20190904,37.188,37.363,37.082,37.275,135171,0
20190905,37.606,37.702,37.44,37.44,149399,0
20190906,37.77,37.77,37.606,37.606,168838,0
20190909,37.828,37.828,37.584,37.596,50172,0
20190910,37.721,37.828,37.586,37.702,85367,0
20190911,38.109,38.109,37.891,38.06,63634,0
20190912,38.235,38.458,38.109,38.293,214994,0
20190913,38.535,38.636,38.438,38.458,52338,0
20190916,38.467,38.596,38.397,38.506,62125,0
20190917,38.235,38.322,38.07,38.244,105532,0
20190918,38.225,38.225,37.797,38.138,135099,0
20190919,37.886,37.992,37.698,37.711,57307,0
20190920,37.702,37.865,37.521,37.557,192878,0
20190923,37.586,37.76,37.537,37.731,63837,0
20190924,37.81,37.835,37.227,37.276,185282,0
20190925,37.118,37.253,36.886,37.237,79482,0
20190926,37.316,37.38,37.197,37.276,155733,0
20190927,37.158,37.266,36.802,36.94,122624,0
20190930,37.019,37.128,36.976,36.99,75383,0
20191001,37.069,37.069,36.654,36.713,291135,0
20191002,36.683,36.733,36.424,36.476,221722,0
20191003,36.466,36.803,36.466,36.772,30889,0
20191004,36.822,37.128,36.822,37.079,69463,0
20191007,36.822,37.049,36.713,36.812,147476,0
20191008,36.762,36.782,36.426,36.525,87970,0
20191009,36.871,36.871,36.535,36.574,122287,0
20191010,36.654,36.901,36.574,36.871,123032,0
20191011,37.197,37.515,37.197,37.326,115774,0
20191014,37.326,37.355,37.069,37.079,141819,0
20191015,36.99,37.247,36.927,37.128,88350,0
20191016,37.168,37.35,37.154,37.296,112370,0
20191017,37.355,37.533,37.346,37.484,80303,0
20191018,37.474,37.632,37.473,37.573,100171,0
20191021,37.741,37.741,37.573,37.692,111523,0
20191022,37.662,37.978,37.662,37.83,134845,0
20191023,37.79,38.007,37.79,37.929,82949,0
20191024,38.057,38.057,37.889,37.889,92121,0
20191025,37.8,38.018,37.78,38.018,194027,0
20191028,38.057,38.186,38.057,38.136,80376,0
20191029,38.067,38.082,37.929,38.008,112251,0
20191030,38.008,38.265,37.85,38.166,113766,0
20191031,38.146,38.146,37.682,37.761,59303,0
20191101,37.8,38.146,37.79,38.067,148819,0
20191104,38.393,38.532,38.354,38.418,185925,0
20191105,38.502,38.64,38.443,38.571,72388,0
20191106,38.601,38.618,38.403,38.463,154271,0
20191107,38.779,38.878,38.605,38.64,147050,0
20191108,38.403,38.532,38.403,38.433,49784,0
20191111,38.136,38.294,38.136,38.245,41208,0
20191112,38.235,38.245,38.008,38.008,480875,0
20191113,37.82,38.028,37.82,37.899,115329,0
20191114,37.81,37.879,37.657,37.78,182983,0
20191115,37.86,38.037,37.79,37.998,90388,0
20191118,38.057,38.087,37.929,38.008,77890,0
20191119,38.374,38.374,38.117,38.196,109007,0
20191120,38.206,38.354,38.067,38.225,82510,0
20191121,38.225,38.225,37.958,38.117,121902,0
20191122,38.206,38.334,38.122,38.206,56338,0
20191125,38.354,38.517,38.354,38.472,65688,0
20191126,38.374,38.374,38.186,38.364,52126,0
20191127,38.225,38.403,38.136,38.344,72117,0
20191129,38.186,38.245,38.067,38.156,114250,0
20191202,38.077,38.155,37.957,37.958,295358,0
20191203,37.869,37.869,37.652,37.741,500227,0
20191204,37.899,38.166,37.899,38.008,269015,0
20191205,38.196,38.255,38.082,38.255,194782,0
20191206,38.354,38.383,38.202,38.364,211060,0
20191209,38.453,38.551,38.374,38.383,140065,0
20191210,38.344,38.522,38.324,38.463,91073,0
20191211,38.561,38.868,38.561,38.769,89428,0
20191212,38.828,39.372,38.828,39.313,112305,0
20191213,39.402,39.587,39.298,39.342,72653,0
20191216,39.66,39.8657,39.66,39.77,150552,0
20191217,39.88,40.01,39.83,39.92,146751,0
20191218,40.18,40.19,40.03,40.19,112781,0
20191219,40.19,40.342,40.07,40.21,103881,0
20191220,40.29,40.29,39.96,40.12,110423,0
20191223,40.17,40.2488,40.14,40.2,154299,0
20191224,40.24,40.3203,40.0416,40.13,40417,0
20191226,40.2,40.595,40.2,40.58,170316,0
20191227,40.69,40.69,40.5049,40.58,90458,0
20191230,40.62,40.6817,40.43,40.43,56898,0
20191231,40.54,40.71,40.44,40.62,60352,0
20200102,41.07,41.37,41.01,41.37,192974,0
20200103,40.69,40.9,40.56,40.68,145680,0
20200106,40.57,40.6,40.3395,40.6,113235,0
20200107,40.5,40.5597,40.4001,40.49,53155,0
20200108,40.49,40.88,40.4407,40.76,123141,0
20200109,40.95,40.95,40.76,40.81,88358,0
20200110,41.09,41.24,41.04,41.1,133625,0
20200113,41.42,41.6292,41.24,41.62,81324,0
20200114,41.52,41.5486,41.372,41.47,89336,0
20200115,41.35,41.4614,41.27,41.32,786722,0
20200116,41.49,41.6,41.48,41.52,414438,0
20200117,41.78,41.99,41.75,41.99,172062,0
20200121,41.41,41.468,41.22,41.23,151953,0
20200122,41.27,41.3311,41.16,41.21,86929,0
20200123,40.9,41.02,40.6,41.02,111834,0
