Date,Open,High,Low,Close,Volume,OpenInt
20180822,21,21,21,21,100,0
20180906,20.97,21,20.97,21,300,0
20180911,23.75,23.75,21.161,23.75,700,0
20180913,23.97,23.97,21.17,21.17,714,0
20180919,18,18,18,18,316,0
20181012,14.76,19.75,14.76,19.75,1064,0
20181023,20,20,20,20,664,0
20181026,19.28,19.31,19.28,19.31,300,0
20181029,19.18,19.18,19.18,19.18,102,0
20181101,19.31,19.76,19.31,19.6,402,0
20181108,20.0601,20.0601,20.0601,20.0601,316,0
20181109,20.5809,20.5809,20.5809,20.5809,1205,0
20181126,18.86,19.1162,18.81,18.84,2406,0
20181206,18.59,18.59,18.59,18.59,100,0
20181210,19.235,19.235,19.235,19.235,5,0
20181211,19.445,19.445,19.445,19.445,5,0
20181212,19.6297,19.6297,19.6297,19.6297,5,0
20181213,19.455,19.455,19.455,19.455,5,0
20181214,19.0357,19.0357,19.0357,19.0357,5,0
20181219,18.3,18.3,18.3,18.3,5,0
20181220,17.9448,17.9448,17.9448,17.9448,25,0
20181231,17.93,18.2705,17.93,18.227,200,0
20190102,18.225,18.225,18.225,18.225,5,0
20190103,17.84,17.84,17.84,17.84,5,0
20190104,18.3174,18.3174,18.3174,18.3174,5,0
20190108,18.6592,18.6592,18.6592,18.6592,5,0
20190109,18.6582,18.6582,18.6582,18.6582,5,0
20190110,18.76,18.76,18.76,18.76,1,0
20190111,18.74,18.74,18.74,18.74,5,0
20190114,18.66,18.66,18.66,18.66,5,0
20190115,18.78,18.78,18.78,18.78,5,0
20190116,18.9099,18.9099,18.9099,18.9099,5,0
20190117,18.865,18.865,18.865,18.865,5,0
20190118,18.61,19.11,18.49,19.11,395,0
20190122,18.92,18.92,18.92,18.92,3,0
20190123,18.9346,18.9346,18.9346,18.9346,5,0
20190124,18.89,18.89,18.89,18.89,1,0
20190125,19.59,19.59,19.055,19.055,165,0
20190128,18.875,18.875,18.875,18.875,1,0
20190129,18.86,18.86,18.86,18.86,1,0
20190130,19.115,19.115,19.115,19.115,1,0
20190131,19.3879,19.3879,19.3879,19.3879,1,0
20190201,19.455,19.455,19.455,19.455,1,0
20190204,19.37,19.37,19.37,19.37,1,0
20190205,19.4699,19.4699,19.4699,19.4699,4,0
20190206,19.57,19.57,19.57,19.57,4,0
20190207,19.4345,19.4345,19.4345,19.4345,4,0
20190208,19.3802,19.3802,19.3802,19.3802,4,0
20190211,19.51,19.51,19.51,19.51,4,0
20190212,19.61,19.61,19.61,19.61,4,0
20190213,19.735,19.735,19.735,19.735,4,0
20190214,19.6701,19.6701,19.6701,19.6701,4,0
20190215,19.87,19.87,19.87,19.87,4,0
20190219,19.905,19.905,19.905,19.905,4,0
20190220,19.8602,19.8602,19.8602,19.8602,4,0
20190221,18.9,19.815,18.9,19.815,600,0
20190225,20.09,20.09,20.09,20.09,4,0
20190226,19.95,19.95,19.95,19.95,4,0
20190227,19.9249,19.9249,19.9249,19.9249,4,0
20190228,19.905,19.905,19.905,19.905,4,0
20190301,20.035,20.035,20.035,20.035,10,0
20190304,19.825,19.825,19.825,19.825,79,0
20190305,19.975,19.975,19.975,19.975,4,0
20190306,19.98,19.98,19.98,19.98,4,0
20190307,19.77,19.77,19.77,19.77,26,0
20190308,19.485,19.485,19.485,19.485,4,0
20190311,19.96,19.96,19.96,19.96,3,0
20190312,20.035,20.0351,20.035,20.0351,100,0
20190313,20.106,20.106,20.106,20.106,3,0
20190314,20.15,20.15,20.15,20.15,10,0
20190315,20.18,20.18,20.18,20.18,10,0
20190318,20.245,20.245,20.245,20.245,10,0
20190319,20.435,20.435,20.435,20.435,4,0
20190320,20.34,20.34,20.34,20.34,10,0
20190321,20.45,20.45,20.45,20.45,10,0
20190322,20.43,20.43,20.43,20.43,10,0
20190325,20.185,20.185,20.185,20.185,1,0
20190326,20.415,20.415,20.415,20.415,1,0
20190327,20.2451,20.2451,20.2451,20.2451,1,0
20190328,20.355,20.355,20.355,20.355,1,0
20190329,20.365,20.365,20.365,20.365,1,0
20190401,20.5251,20.5251,20.5251,20.5251,1,0
20190402,20.52,20.52,20.52,20.52,1,0
20190403,20.505,20.505,20.505,20.505,1,0
20190404,20.54,20.54,20.54,20.54,34,0
20190405,20.5602,20.5602,20.5602,20.5602,1,0
20190408,20.5605,20.5605,20.5605,20.5605,1,0
20190409,20.5251,20.5251,20.5251,20.5251,1,0
20190410,20.5957,20.5957,20.5957,20.5957,1,0
20190411,20.5954,20.5954,20.5954,20.5954,1,0
20190412,20.6405,20.6405,20.6405,20.6405,1,0
20190415,20.6661,20.6661,20.6661,20.6661,1,0
20190416,20.59,20.59,20.59,20.59,164,0
20190417,20.4499,20.4499,20.4499,20.4499,55,0
20190418,20.421,20.421,20.421,20.421,55,0
20190422,20.426,20.426,20.426,20.426,55,0
20190423,20.59,20.59,20.59,20.59,6,0
20190424,20.6208,20.6208,20.6208,20.6208,55,0
20190426,20.7502,20.7502,20.7502,20.7502,55,0
20190429,20.7809,20.7809,20.7809,20.7809,55,0
20190430,20.7745,20.7745,20.7745,20.7745,55,0
20190501,20.845,20.845,20.845,20.845,55,0
20190502,20.6801,20.6801,20.6801,20.6801,55,0
20190503,20.7906,20.7906,20.7906,20.7906,42,0
20190506,20.3714,20.785,20.3714,20.785,164,0
20190507,20.2709,20.555,20.25,20.555,500,0
20190508,20.56,20.56,20.56,20.56,13,0
20190509,20.4552,20.4552,20.4552,20.4552,13,0
20190510,20.6002,20.6002,20.6002,20.6002,13,0
20190513,20.2421,20.2421,20.2421,20.2421,33,0
20190514,20.4303,20.4303,20.4303,20.4303,33,0
20190515,20.49,20.49,20.49,20.49,33,0
20190516,20.6604,20.6604,20.6604,20.6604,33,0
20190517,20.5853,20.5853,20.5853,20.5853,33,0
20190520,20.53,20.53,20.53,20.53,33,0
20190521,20.64,20.64,20.5262,20.5262,100,0
20190522,20.6308,20.6308,20.6308,20.6308,33,0
20190523,20.5545,20.5545,20.5545,20.5545,33,0
20190524,20.616,20.616,20.616,20.616,33,0
20190528,20.5608,20.5608,20.5608,20.5608,33,0
20190529,20.2394,20.2394,20.2394,20.2394,33,0
20190530,20.2812,20.2812,20.2812,20.2812,33,0
20190531,20.07,20.07,20.07,20.07,33,0
20190603,20.01,20.01,20.01,20.01,33,0
20190604,20.2151,20.2151,20.2151,20.2151,33,0
20190605,20.3658,20.3658,20.3658,20.3658,33,0
20190606,20.5205,20.5205,20.5205,20.5205,33,0
20190607,20.41,20.7107,20.39,20.7107,700,0
20190610,20.821,20.821,20.821,20.821,33,0
20190611,20.7704,20.7704,20.7704,20.7704,33,0
20190612,20.7657,20.7657,20.7657,20.7657,33,0
20190613,20.8161,20.8161,20.8161,20.8161,33,0
20190614,20.8707,20.8707,20.8707,20.8707,33,0
20190617,20.9012,20.9012,20.9012,20.9012,33,0
20190618,20.991,20.991,20.991,20.991,33,0
20190619,21.0853,21.0853,21.0853,21.0853,33,0
20190620,21.2247,21.2247,21.2247,21.2247,33,0
20190621,21.2852,21.2852,21.2852,21.2852,33,0
20190624,21.2609,21.2609,21.2609,21.2609,33,0
20190625,21.205,21.205,21.205,21.205,33,0
20190626,21.045,21.045,21.045,21.045,33,0
20190627,20.975,20.975,20.975,20.975,33,0
20190628,20.9874,20.9874,20.9874,20.9874,33,0
20190701,21.16,21.16,21.16,21.16,33,0
20190702,21.2712,21.2712,21.2712,21.2712,33,0
20190703,21.5291,21.5291,21.5291,21.5291,33,0
20190705,21.4159,21.4159,21.4159,21.4159,33,0
20190708,21.3857,21.3857,21.3857,21.3857,33,0
20190709,21.3601,21.3601,21.3601,21.3601,33,0
20190710,21.59,21.59,21.59,21.59,33,0
20190711,21.6334,21.6334,21.6334,21.6334,5,0
20190712,21.7253,21.7253,21.7253,21.7253,33,0
20190715,21.6961,21.6961,21.6961,21.6961,33,0
20190716,21.8744,21.8744,21.8744,21.8744,5,0
20190717,21.642,21.642,21.642,21.642,33,0
20190718,21.5706,21.5706,21.5706,21.5706,33,0
20190719,21.6773,21.6773,21.6773,21.6773,33,0
20190722,21.585,21.585,21.585,21.585,33,0
20190723,21.6106,21.6106,21.6106,21.6106,33,0
20190724,21.72,21.72,21.72,21.72,33,0
20190725,21.7336,21.7336,21.7336,21.7336,33,0
20190726,21.8,21.8,21.8,21.8,33,0
20190729,21.7621,21.7621,21.7621,21.7621,33,0
20190730,21.6959,21.6959,21.6959,21.6959,33,0
20190731,21.4695,21.4695,21.4695,21.4695,33,0
20190801,21.4449,21.4449,21.4449,21.4449,33,0
20190802,21.1656,21.1656,21.1656,21.1656,33,0
20190806,20.7509,20.7509,20.7509,20.7509,33,0
20190807,20.9009,20.9009,20.9009,20.9009,33,0
20190808,21.3081,21.3081,21.3081,21.3081,33,0
20190809,21.205,21.205,21.205,21.205,33,0
20190814,20.86,20.86,20.86,20.86,33,0
20190816,21.0751,21.0751,21.0751,21.0751,33,0
20190819,21.2508,21.2508,21.2508,21.2508,33,0
20190820,21.3111,21.3111,21.3111,21.3111,33,0
20190821,21.4411,21.4411,21.4411,21.4411,33,0
20190822,21.495,21.495,21.495,21.495,33,0
20190823,20.9668,20.9668,20.9668,20.9668,24,0
20190826,21.045,21.045,21.045,21.045,24,0
20190827,21.265,21.265,21.265,21.265,24,0
20190828,21.1651,21.1651,21.1651,21.1651,24,0
20190903,21.37,21.37,21.37,21.37,24,0
20190904,21.595,21.595,21.595,21.595,24,0
20190905,22.0865,22.0865,21.865,21.865,440,0
20190906,21.7912,21.7912,21.7912,21.7912,24,0
20190909,21.71,21.7873,21.71,21.7873,440,0
20190910,21.6999,21.6999,21.6999,21.6999,44,0
20190911,21.6541,21.6541,21.6541,21.6541,44,0
20190912,21.305,21.9995,21.305,21.9995,100,0
20190913,21.94,21.94,21.94,21.94,44,0
20190916,21.845,21.845,21.845,21.845,44,0
20190917,21.87,21.87,21.87,21.87,44,0
20190918,21.9,21.9,21.9,21.9,44,0
20190919,21.9915,21.9915,21.9915,21.9915,44,0
20190920,21.8931,21.8931,21.8931,21.8931,44,0
20190923,21.8168,21.8168,21.8168,21.8168,96,0
20190924,21.8239,21.8239,21.8239,21.8239,44,0
20190925,21.8651,21.8651,21.8651,21.8651,44,0
20190926,21.885,21.885,21.885,21.885,44,0
20190927,21.7747,21.7747,21.7747,21.7747,44,0
20190930,22.34,22.34,21.8446,21.8446,100,0
20191001,21.8387,21.8387,21.8387,21.8387,44,0
20191002,21.265,21.265,21.265,21.265,1,0
20191003,21.3462,21.3462,21.3462,21.3462,5,0
20191004,21.66,21.66,21.66,21.66,1,0
20191007,21.7627,21.7627,21.7627,21.7627,1,0
20191008,21.485,21.55,21.485,21.55,100,0
20191009,21.57,21.57,21.57,21.57,1,0
20191010,21.5555,21.5555,21.5555,21.5555,1,0
20191014,21.845,21.845,21.845,21.845,1,0
20191015,21.895,21.895,21.895,21.895,1,0
20191016,21.915,21.915,21.915,21.915,1,0
20191017,22.05,22.05,22.05,22.05,1,0
20191018,21.915,21.915,21.915,21.915,1,0
20191021,21.99,21.99,21.99,21.99,1,0
20191022,22.005,22.005,22.005,22.005,1,0
20191023,21.9049,21.9049,21.9049,21.9049,1,0
20191024,22.09,22.09,22.09,22.09,1,0
20191025,22.1198,22.1198,22.1198,22.1198,1,0
20191028,22.205,22.205,22.205,22.205,1,0
20191029,22.07,22.07,22.07,22.07,1,0
20191030,22.1453,22.1453,22.1453,22.1453,1,0
20191031,22.08,22.08,22.08,22.08,1,0
20191101,22.27,22.27,22.27,22.27,26,0
20191104,21.995,21.995,21.995,21.995,25,0
20191105,21.825,22.1614,21.743,22.1614,1420,0
20191106,22.15,22.15,22.15,22.15,25,0
20191107,22.34,22.34,22.34,22.34,1,0
20191108,22.31,22.31,22.31,22.31,50,0
20191111,22.225,22.225,22.225,22.225,4,0
20191112,21.7669,22.27,21.7669,22.27,192,0
20191113,22.4099,22.4099,22.4099,22.4099,1,0
20191114,22.445,22.445,22.445,22.445,1,0
20191115,22.53,22.53,22.53,22.53,1,0
20191118,22.63,22.63,22.63,22.63,1,0
20191119,22.58,22.58,22.58,22.58,1,0
20191120,22.57,22.57,22.57,22.57,1,0
20191121,22.41,22.41,22.41,22.41,1,0
20191122,22.46,22.46,22.46,22.46,1,0
20191125,22.54,22.54,22.54,22.54,1,0
20191126,22.6353,22.6353,22.6353,22.6353,1,0
20191127,22.6,22.72,22.6,22.72,193,0
20191129,22.785,22.785,22.785,22.785,1,0
20191202,22.52,22.52,22.52,22.52,1,0
20191203,22.319,22.319,22.319,22.319,1,0
20191204,22.5448,22.5448,22.5448,22.5448,8,0
20191205,22.435,22.435,22.435,22.435,4,0
20191206,22.67,22.67,22.67,22.67,4,0
20191209,22.715,22.715,22.715,22.715,4,0
20191210,22.635,22.635,22.635,22.635,4,0
20191211,22.58,22.58,22.58,22.58,4,0
20191212,22.77,22.77,22.77,22.77,4,0
20191213,22.82,22.82,22.82,22.82,2,0
20191216,23.071,23.071,23.071,23.071,4,0
20191217,23.04,23.04,23.04,23.04,4,0
20191218,23.195,23.195,23.195,23.195,5,0
20191219,23.06,23.06,23.06,23.06,4,0
20191220,23.235,23.235,23.235,23.235,4,0
20191223,23.295,23.295,23.295,23.295,4,0
20191224,23.235,23.235,23.235,23.235,100,0
20191226,23.42,23.42,23.42,23.42,4,0
20191227,23.3,23.3,23.3,23.3,4,0
20191230,23.1599,23.1599,23.1599,23.1599,4,0
20191231,23.185,23.185,23.185,23.185,4,0
20200102,23.295,23.295,23.295,23.295,4,0
20200103,23.26,23.26,23.26,23.26,4,0
20200106,23.25,23.25,23.25,23.25,4,0
20200107,23.225,23.225,23.225,23.225,4,0
20200108,22.74,22.74,22.7298,22.7298,262,0
20200109,23.5516,23.5516,23.5516,23.5516,15,0
20200110,23.6853,23.6853,23.6853,23.6853,15,0
20200113,23.81,23.81,23.81,23.81,2,0
20200114,24.66,24.66,23.94,23.94,835,0
20200115,23.96,23.96,23.96,23.96,2,0
20200116,24.125,24.125,24.125,24.125,2,0
20200117,24.2499,24.2499,24.2499,24.2499,2,0
20200121,24.275,24.275,24.275,24.275,3,0
20200122,24.305,24.305,24.305,24.305,2,0
