Date,Open,High,Low,Close,Volume,OpenInt
20110512,17.012,17.093,17.012,17.093,4894,0
20110513,17.085,17.121,17.063,17.085,14393,0
20110516,18.728,18.728,17.041,17.055,48991,0
20110517,17.115,17.115,17.072,17.093,6229,0
20110518,17.123,17.191,17.123,17.164,4752,0
20110519,17.134,17.195,17.134,17.195,9203,0
20110520,17.143,17.17,17.122,17.155,11881,0
20110523,17.094,17.094,17.049,17.049,6980,0
20110524,17.049,17.049,17.049,17.049,115,0
20110525,16.985,17.04,16.969,17.04,6231,0
20110526,17.021,17.049,17.021,17.049,5347,0
20110527,17.093,17.149,17.093,17.149,8308,0
20110531,17.172,17.192,17.158,17.172,3862,0
20110601,17.215,17.215,17.203,17.203,1480,0
20110602,17.168,17.203,17.162,17.203,9202,0
20110603,17.21,17.223,17.21,17.223,437,0
20110606,17.253,17.253,17.203,17.203,9202,0
20110607,17.185,17.216,17.177,17.21,5490,0
20110608,17.208,17.215,17.196,17.203,2223,0
20110609,17.19,17.21,17.19,17.21,2082,0
20110610,17.19,17.19,17.053,17.085,20187,0
20110613,17.078,17.085,17.038,17.085,2223,0
20110614,17.093,17.093,17.093,17.093,115,0
20110615,17.099,17.099,17.006,17.034,5347,0
20110616,16.968,17.012,16.968,16.979,3862,0
20110617,17.002,17.002,17.002,17.002,437,0
20110621,17.009,17.126,17.009,17.126,437,0
20110622,17.143,17.163,17.143,17.149,895,0
20110623,17.048,17.053,17.04,17.04,3712,0
20110624,17.136,17.136,17.093,17.093,437,0
20110627,17.077,17.077,17.077,17.077,437,0
20110628,17.195,17.195,17.195,17.195,298,0
20110629,17.246,17.268,17.23,17.268,2225,0
20110630,17.219,17.243,17.219,17.243,2672,0
20110701,17.312,17.34,17.312,17.34,889,0
20110705,17.268,17.268,17.268,17.268,115,0
20110706,17.308,17.308,17.308,17.308,434,0
20110707,17.37,17.37,17.37,17.37,115,0
20110708,17.34,17.34,17.34,17.34,1470,0
20110711,17.29,17.298,17.229,17.229,7374,0
20110712,17.223,17.223,17.223,17.223,889,0
20110713,17.243,17.243,17.243,17.243,115,0
20110714,17.333,17.333,17.276,17.276,7817,0
20110715,17.313,17.313,17.263,17.282,7817,0
20110718,17.302,17.302,17.252,17.252,59593,0
20110719,17.278,17.306,17.263,17.29,6635,0
20110720,17.322,17.322,17.29,17.29,2502,0
20110721,17.334,17.347,17.334,17.347,889,0
20110722,17.334,17.382,17.334,17.347,5755,0
20110725,17.36,17.36,17.27,17.347,19757,0
20110726,17.383,17.431,17.383,17.431,3094,0
20110727,17.419,17.419,17.285,17.37,8703,0
20110728,17.351,17.394,17.351,17.394,1769,0
20110729,17.361,17.361,17.29,17.354,10467,0
20110801,17.456,17.456,17.414,17.449,3965,0
20110802,17.562,17.562,17.478,17.522,17470,0
20110803,17.577,17.635,17.577,17.629,51380,0
20110804,17.609,17.609,17.506,17.506,30537,0
20110805,17.423,17.523,17.414,17.457,5141,0
20110808,17.335,17.335,17.172,17.229,13797,0
20110809,17.11,17.11,17.11,17.11,295,0
20110810,17.409,17.409,17.241,17.282,2056,0
20110811,17.031,17.195,17.023,17.195,8657,0
20110812,17.267,17.267,17.26,17.26,728,0
20110815,17.188,17.377,17.188,17.377,3371,0
20110816,17.377,17.42,17.273,17.377,9981,0
20110817,17.417,17.417,17.298,17.354,9689,0
20110818,17.278,17.29,17.271,17.29,3819,0
20110819,17.324,17.337,17.252,17.252,16590,0
20110822,17.238,17.268,17.168,17.268,7341,0
20110823,17.136,17.276,17.128,17.276,2492,0
20110824,17.219,17.219,17.05,17.055,6022,0
20110825,17.108,17.108,17.078,17.085,3819,0
20110826,17.117,17.13,17.04,17.04,2354,0
20110829,17.118,17.212,17.118,17.181,3963,0
20110830,17.123,17.229,17.123,17.229,2944,0
20110831,17.219,17.308,17.219,17.243,4694,0
20110901,17.316,17.377,17.173,17.308,40033,0
20110902,17.256,17.263,17.217,17.223,4379,0
20110906,17.181,17.181,17.048,17.181,3212,0
20110907,17.177,17.216,17.078,17.216,3357,0
20110908,17.201,17.201,17.188,17.188,3509,0
20110909,17.113,17.134,17.113,17.134,1312,0
20110912,17.031,17.031,16.818,16.88,11545,0
20110913,16.904,16.904,16.837,16.853,8185,0
20110914,16.79,16.818,16.767,16.818,3800,0
20110915,16.771,16.799,16.723,16.723,7739,0
20110916,16.787,16.853,16.787,16.853,3798,0
20110919,16.634,16.645,16.614,16.614,7601,0
20110920,16.615,16.615,16.515,16.553,3213,0
20110921,16.398,16.398,16.316,16.316,3651,0
20110922,16.196,16.278,16.126,16.147,20315,0
20110923,16.048,16.132,16.048,16.132,10958,0
20110926,16.05,16.05,15.97,16.008,2188,0
20110927,16.13,16.261,16.11,16.254,2343,0
20110929,16.122,16.122,16.109,16.109,1167,0
20110930,16.038,16.043,16.017,16.017,3798,0
20111003,15.842,15.842,15.828,15.828,2758,0
20111004,15.788,15.788,15.642,15.642,12945,0
20111005,15.766,15.928,15.766,15.928,879,0
20111006,16.037,16.073,16.023,16.073,6402,0
20111007,16.246,16.246,16.179,16.179,2035,0
20111010,16.094,16.226,16.094,16.226,1016,0
20111012,16.426,16.437,16.426,16.437,1601,0
20111014,16.405,16.56,16.405,16.437,3777,0
20111018,16.354,16.354,16.354,16.354,723,0
20111020,16.4,16.4,16.4,16.4,113,0
20111024,16.466,16.559,16.466,16.5,5521,0
20111025,16.614,16.614,16.614,16.614,1742,0
20111026,16.512,16.649,16.508,16.512,9162,0
20111027,16.74,16.787,16.74,16.787,723,0
20111028,16.944,17.015,16.944,16.944,586,0
20111031,16.912,16.912,16.912,16.912,2628,0
20111101,16.552,16.634,16.552,16.605,5209,0
20111102,16.63,16.787,16.63,16.787,6369,0
20111103,16.649,16.649,16.649,16.649,1595,0
20111108,16.776,16.776,16.776,16.776,112,0
20111109,16.936,16.936,16.936,16.936,876,0
20111110,16.705,16.705,16.649,16.649,719,0
20111111,16.895,16.895,16.895,16.895,112,0
20111114,16.892,16.892,16.723,16.723,3037,0
20111115,16.723,16.723,16.723,16.723,112,0
20111116,16.819,16.845,16.804,16.834,6079,0
20111117,16.725,16.725,16.53,16.553,3037,0
20111118,16.716,16.716,16.716,16.716,424,0
20111121,16.635,16.635,16.635,16.635,1442,0
20111122,16.6,16.609,16.412,16.566,12302,0
20111123,16.297,16.5,16.29,16.5,875,0
20111128,16.266,16.475,16.087,16.444,50074,0
20111129,16.278,16.278,16.278,16.278,292,0
20111130,16.206,16.502,16.206,16.444,13312,0
20111205,16.544,16.614,16.544,16.614,4607,0
20111206,16.596,16.596,16.596,16.596,1150,0
20111207,16.642,16.642,16.642,16.642,716,0
20111208,16.64,16.64,16.545,16.545,3020,0
20111209,16.635,16.635,16.635,16.635,872,0
20111212,16.614,16.621,16.614,16.614,5044,0
20111213,16.564,16.579,16.553,16.553,6912,0
20111214,16.528,16.528,16.495,16.528,2733,0
20111215,16.566,16.566,16.566,16.566,4035,0
20111216,16.587,16.587,16.587,16.587,1006,0
20111219,16.559,16.559,16.559,16.559,1297,0
20111220,16.613,16.613,16.535,16.596,1150,0
20111221,16.528,16.536,16.52,16.536,2308,0
20111223,16.596,16.596,16.596,16.596,423,0
20111227,16.508,16.581,16.508,16.581,6053,0
20111228,16.516,16.566,16.516,16.566,421,0
20111229,16.508,16.618,16.508,16.559,3298,0
20120103,16.638,16.675,16.638,16.666,9024,0
20120104,16.716,16.716,16.716,16.716,290,0
20120105,16.708,16.768,16.708,16.768,1001,0
20120106,16.741,16.741,16.415,16.729,2580,0
20120109,16.757,16.757,16.742,16.742,1291,0
20120110,16.878,16.878,16.781,16.781,1863,0
20120111,16.773,16.818,16.773,16.818,713,0
20120112,16.874,16.874,16.801,16.81,6021,0
20120117,16.842,16.853,16.842,16.853,3298,0
20120118,16.85,16.895,16.85,16.895,713,0
20120119,16.962,17.035,16.962,16.994,5301,0
20120120,17.009,17.009,17.009,17.009,111,0
20120123,17.081,17.119,17.081,17.119,579,0
20120124,17.049,17.049,17.049,17.049,290,0
20120125,17.05,17.061,17.05,17.061,713,0
20120126,17.156,17.309,17.143,17.234,15041,0
20120127,17.196,17.216,17.096,17.216,6870,0
20120130,17.175,17.21,17.175,17.21,421,0
20120131,17.306,17.314,17.246,17.282,6450,0
20120201,17.347,17.347,17.347,17.347,420,0
20120202,17.428,17.457,17.414,17.457,2141,0
20120203,17.49,17.49,17.49,17.49,708,0
20120206,17.427,17.551,17.427,17.529,3854,0
20120207,17.531,17.531,17.473,17.473,289,0
20120208,17.566,17.566,17.544,17.544,4989,0
20120209,17.535,17.535,17.442,17.529,7129,0
20120210,17.445,17.511,17.445,17.49,2706,0
20120213,17.589,17.606,17.573,17.606,7983,0
20120214,17.609,17.617,17.553,17.559,11982,0
20120215,17.627,17.627,17.551,17.606,8556,0
20120216,17.553,17.553,17.452,17.473,1575,0
20120217,17.582,17.677,17.582,17.613,4419,0
20120221,17.684,17.684,17.652,17.652,998,0
20120222,17.701,17.701,17.687,17.694,3285,0
20120223,17.754,17.754,17.636,17.636,708,0
20120224,17.659,17.734,17.659,17.734,4284,0
20120227,17.777,17.813,17.678,17.813,1998,0
20120228,17.841,17.911,17.841,17.896,708,0
20120229,17.793,17.886,17.793,17.849,3422,0
20120301,17.824,17.873,17.824,17.873,1704,0
20120302,17.873,17.873,17.873,17.873,417,0
20120305,17.851,17.866,17.851,17.866,4969,0
20120306,17.772,17.772,17.734,17.748,6392,0
20120307,17.952,17.952,17.888,17.888,1706,0
20120308,17.877,18.009,17.877,18.009,8239,0
20120309,17.955,17.955,17.927,17.95,1984,0
20120312,17.865,17.865,17.849,17.849,1419,0
20120313,17.881,17.888,17.846,17.888,3692,0
20120314,17.808,17.815,17.748,17.748,994,0
20120315,17.798,17.813,17.761,17.813,7386,0
20120316,17.788,17.881,17.788,17.881,705,0
20120319,17.863,17.992,17.818,17.992,27700,0
20120320,17.894,17.894,17.78,17.78,2982,0
20120321,17.958,17.958,17.797,17.797,417,0
20120322,17.801,17.836,17.801,17.836,417,0
20120323,17.963,17.963,17.956,17.956,288,0
20120326,17.843,17.843,17.843,17.843,110,0
20120328,17.84,17.881,17.84,17.881,4832,0
20120329,17.874,17.881,17.874,17.881,1566,0
20120330,17.788,17.788,17.788,17.788,110,0
20120403,17.78,17.78,17.78,17.78,702,0
20120404,17.866,17.866,17.774,17.774,414,0
20120405,17.859,17.859,17.859,17.859,287,0
20120409,17.742,17.742,17.742,17.742,287,0
20120410,17.746,17.78,17.746,17.78,1698,0
20120411,17.747,17.747,17.681,17.694,4095,0
20120417,17.725,17.725,17.687,17.694,851,0
20120418,17.717,17.783,17.711,17.711,3538,0
20120419,17.679,17.679,17.679,17.679,2403,0
20120420,17.805,17.805,17.805,17.805,110,0
20120423,17.788,17.788,17.788,17.788,110,0
20120424,17.805,17.805,17.805,17.805,287,0
20120425,17.786,17.843,17.786,17.843,1129,0
20120427,17.921,17.963,17.81,17.963,16825,0
20120430,17.966,17.966,17.805,17.805,1129,0
20120501,17.9,17.94,17.9,17.94,3940,0
20120502,17.977,17.977,17.95,17.95,570,0
20120503,17.869,18.009,17.869,18.009,3802,0
20120504,18.004,18.032,17.95,17.95,7326,0
20120507,17.939,17.939,17.864,17.932,1407,0
20120508,17.952,17.952,17.881,17.881,5354,0
20120509,17.802,17.802,17.674,17.674,2678,0
20120510,17.75,17.765,17.75,17.765,1551,0
20120511,17.613,17.613,17.613,17.613,700,0
20120514,17.627,17.627,17.467,17.506,3377,0
20120515,17.475,17.492,17.408,17.408,849,0
20120516,17.33,17.33,17.116,17.188,14785,0
20120517,16.994,17.29,16.994,17.29,29005,0
20120518,17.298,17.298,17.114,17.172,1967,0
20120521,17.203,17.203,17.203,17.203,700,0
20120522,17.242,17.242,17.191,17.229,1833,0
20120523,17.06,17.06,16.834,17.034,18309,0
20120524,17.136,17.186,17.049,17.155,30419,0
20120525,17.081,17.141,17.074,17.134,7605,0
20120529,17.094,17.094,17.016,17.016,1407,0
20120530,17.094,17.094,17.016,17.016,9995,0
20120531,16.837,16.974,16.837,16.974,3243,0
20120601,17.009,17.168,17.002,17.11,8271,0
20120604,17.055,17.207,17.055,17.172,4203,0
20120605,17.043,17.317,17.023,17.317,6733,0
20120606,17.375,17.375,17.059,17.354,6306,0
20120607,17.385,17.385,17.385,17.385,842,0
20120611,17.385,17.385,17.385,17.385,3505,0
20120612,17.385,17.385,17.329,17.377,4203,0
20120613,17.417,17.417,17.372,17.417,6304,0
20120614,17.405,17.405,17.171,17.377,568,0
20120615,17.417,17.417,17.417,17.417,2241,0
20120618,17.417,17.417,17.417,17.417,3782,0
20120619,17.411,17.584,17.374,17.442,34061,0
20120620,17.695,17.747,17.481,17.481,3360,0
20120621,17.615,17.615,17.417,17.417,4620,0
20120625,17.519,17.519,17.414,17.473,2241,0
20120626,17.478,17.516,17.403,17.442,30132,0
20120627,17.507,17.636,17.446,17.636,8550,0
20120628,17.445,17.497,17.428,17.481,17653,0
20120629,17.688,17.892,17.627,17.718,31104,0
20120702,17.795,18.001,17.735,17.888,16745,0
20120703,17.968,18.002,17.911,17.911,4605,0
20120705,18,18,17.944,17.983,8516,0
20120706,17.978,17.978,17.978,17.978,1398,0
20120709,17.794,17.935,17.765,17.881,18694,0
20120710,17.729,18.09,17.729,17.904,11721,0
20120711,17.856,18.056,17.856,17.932,4605,0
20120712,17.841,18.055,17.789,17.805,5858,0
20120713,18.114,18.114,17.907,17.95,1115,0
20120716,18.206,18.206,17.942,17.963,6701,0
20120717,18.192,18.268,18.059,18.206,5577,0
20120718,18.066,18.206,18.066,18.206,6701,0
20120719,18.08,18.137,18.08,18.08,3629,0
20120720,18.277,18.277,18.089,18.118,6424,0
20120723,18.127,18.127,17.911,17.911,6143,0
20120724,17.968,17.968,17.752,17.805,12704,0
20120725,17.779,17.788,17.765,17.765,3346,0
20120726,18.157,18.157,18.087,18.087,1816,0
20120727,18.124,18.124,17.831,17.859,2940,0
20120730,17.849,18.065,17.836,17.836,46755,0
20120731,17.939,18.092,17.856,17.932,4883,0
20120801,18.078,18.078,18.039,18.039,401,0
20120802,17.865,18.095,17.865,18.095,283,0
20120803,18.202,18.202,18.147,18.147,693,0
20120806,18.127,18.28,18.046,18.28,6392,0
20120807,18.196,18.196,18.065,18.184,5280,0
20120808,18.121,18.183,18.121,18.168,4167,0
20120810,18.191,18.205,18.184,18.184,1255,0
20120813,18.237,18.237,18.025,18.126,8889,0
20120814,18.018,18.018,18.018,18.018,1391,0
20120815,18.146,18.146,17.992,18.126,3334,0
20120816,18.168,18.168,18.168,18.168,283,0
20120817,18.14,18.14,17.959,18.001,7224,0
20120820,18.206,18.206,18.206,18.206,401,0
20120821,18.17,18.206,18.014,18.08,6252,0
20120822,17.988,18.073,17.988,18.073,401,0
20120823,18.133,18.133,18.06,18.101,2220,0
20120824,18.021,18.08,18.014,18.08,4585,0
20120827,18.206,18.206,18.08,18.08,1806,0
20120828,18.161,18.161,18.161,18.161,283,0
20120829,18.071,18.154,18.071,18.154,401,0
20120830,18.067,18.138,17.991,18.101,8056,0
20120831,18.06,18.101,18.06,18.101,834,0
20120904,17.952,18.303,17.923,18.286,1660,0
20120906,18.254,18.285,18.254,18.254,2763,0
20120907,18.258,18.45,18.258,18.45,1935,0
20120910,18.317,18.323,18.289,18.323,4425,0
20120911,18.482,18.535,18.289,18.331,3735,0
20120912,18.33,18.427,18.287,18.427,3183,0
20120913,18.535,18.535,18.458,18.458,1250,0
20120914,18.484,18.491,18.334,18.372,6220,0
20120918,18.424,18.424,18.284,18.372,4017,0
20120919,18.424,18.424,18.301,18.382,2485,0
20120920,18.394,18.394,18.331,18.331,3182,0
20120921,18.338,18.346,18.313,18.346,1522,0
20120924,18.313,18.331,18.289,18.331,3041,0
20120925,18.36,18.499,18.36,18.499,6364,0
20120926,18.444,18.444,18.288,18.317,7891,0
20120927,18.37,18.47,18.37,18.398,6640,0
20120928,18.429,18.458,18.429,18.458,689,0
20121001,18.539,18.539,18.539,18.539,107,0
20121002,18.576,18.595,18.511,18.582,686,0
20121003,18.578,18.614,18.578,18.614,1514,0
20121004,18.523,18.523,18.523,18.523,281,0
20121005,18.584,18.621,18.584,18.621,2200,0
20121008,18.59,18.596,18.45,18.45,3171,0
20121009,18.523,18.551,18.523,18.523,561,0
20121010,18.438,18.475,18.438,18.475,686,0
20121012,18.545,18.545,18.545,18.545,827,0
20121015,18.619,18.744,18.546,18.744,3310,0
20121016,18.762,18.776,18.691,18.722,6882,0
20121017,18.765,18.793,18.724,18.793,5787,0
20121018,18.8,18.8,18.8,18.8,1102,0
20121019,18.818,18.818,18.818,18.818,686,0
20121022,18.728,18.728,18.728,18.728,561,0
20121023,18.729,18.749,18.729,18.749,1102,0
20121024,18.767,18.767,18.689,18.689,6613,0
20121025,18.72,19.236,18.61,18.85,10468,0
20121026,18.845,19.228,18.804,19.023,12398,0
20121031,18.726,18.977,18.726,18.977,3171,0
20121101,18.724,18.8,18.724,18.8,1781,0
20121102,18.787,18.81,18.673,18.673,1374,0
20121105,18.583,19.233,18.583,18.596,3157,0
20121106,18.814,19.288,18.814,18.911,7679,0
20121107,18.947,18.947,18.54,18.771,12213,0
20121108,18.879,18.879,18.772,18.793,14269,0
20121109,18.812,19.158,18.804,18.881,3156,0
20121112,19.059,19.059,18.8,18.8,2191,0
20121113,18.684,18.946,18.546,18.749,14002,0
20121114,19.101,19.101,18.728,18.728,1645,0
20121115,18.663,18.942,18.663,18.942,3297,0
20121116,18.96,18.96,18.911,18.911,1647,0
20121119,18.758,18.764,18.758,18.764,1374,0
20121120,19.353,19.353,18.523,18.85,19752,0
20121121,18.729,19.003,18.729,18.911,2880,0
20121126,18.737,18.866,18.737,18.737,27848,0
20121127,18.818,18.949,18.549,18.648,25107,0
20121128,18.94,18.94,18.575,18.575,21687,0
20121129,18.781,18.81,18.681,18.681,3704,0
20121130,18.586,18.754,18.586,18.698,3156,0
20121203,18.991,18.991,18.751,18.8,18604,0
20121204,18.936,18.991,18.694,18.8,10121,0
20121205,18.928,18.99,18.799,18.955,6289,0
20121206,18.759,18.955,18.759,18.955,1236,0
20121207,18.991,19.176,18.765,18.977,36929,0
20121210,19.013,19.16,18.954,19.089,16821,0
20121211,19.016,19.36,18.87,18.985,30918,0
20121212,19.144,19.144,18.887,19.029,59632,0
20121213,19.14,19.239,18.984,19.119,200269,0
20121214,19.225,19.337,19.049,19.262,126951,0
20121217,19.263,19.464,19.248,19.299,69355,0
20121218,19.213,19.466,18.828,19.009,57448,0
20121219,19.154,19.225,18.841,18.942,35567,0
20121220,18.836,19.342,18.836,19.029,75498,0
20121221,18.954,19.123,18.839,19.089,31724,0
20121224,19.237,19.318,19.158,19.206,15728,0
20121226,19.082,19.299,18.997,19.299,37349,0
20121227,19.018,19.497,18.986,19.224,55312,0
20121228,19.231,19.42,19.069,19.412,36653,0
20121231,19.293,19.396,19.115,19.191,64852,0
20130102,19.523,19.587,19.12,19.544,69902,0
20130103,19.269,19.435,19.162,19.353,45781,0
20130104,19.398,19.398,19.16,19.273,64713,0
20130107,19.365,19.393,19.133,19.141,18531,0
20130108,19.264,19.378,19.154,19.308,79714,0
20130109,19.371,19.399,19.168,19.315,192817,0
20130110,19.366,19.366,19.311,19.366,4629,0
20130111,19.398,19.398,19.308,19.308,33933,0
20130114,19.285,19.395,19.222,19.366,6812,0
20130115,19.305,19.438,19.185,19.438,5583,0
20130116,19.528,19.563,19.299,19.299,23439,0
20130117,19.22,19.759,19.203,19.34,692215,0
20130118,19.449,19.577,19.339,19.487,13355,0
20130122,19.489,19.585,19.315,19.315,6001,0
20130123,19.321,19.555,19.262,19.267,36782,0
20130124,19.459,19.466,19.301,19.366,15259,0
20130125,19.628,19.628,19.236,19.347,14311,0
20130128,19.287,19.412,19.253,19.412,18122,0
20130129,19.403,19.403,19.266,19.397,13350,0
20130130,19.393,19.52,19.263,19.299,4086,0
20130131,19.191,19.483,19.191,19.191,6132,0
20130201,19.28,19.602,19.232,19.232,3538,0
20130204,19.34,19.49,19.155,19.155,33186,0
20130205,19.26,19.354,19.177,19.177,4076,0
20130206,19.238,19.254,19.193,19.254,8842,0
20130207,19.237,19.266,19.107,19.191,22029,0
20130208,19.187,19.488,19.096,19.096,15641,0
20130211,19.094,19.267,19.063,19.063,11011,0
20130212,19.369,19.369,19.122,19.262,14954,0
20130213,19.234,19.282,19.234,19.273,3810,0
20130214,19.084,19.381,19.084,19.177,8021,0
20130215,19.387,19.387,19.123,19.123,1088,0
20130219,19.395,19.395,19.12,19.162,1907,0
20130220,19.299,19.407,19.096,19.096,19451,0
20130221,19.121,19.266,19.121,19.215,8021,0
20130222,19.186,19.201,19.026,19.071,9244,0
20130225,19.274,19.274,19.103,19.103,14411,0
20130226,19.129,19.129,18.993,19.037,6392,0
20130227,18.97,19.374,18.97,19,10607,0
20130228,19.313,19.313,19.018,19.018,3269,0
20130301,19.078,19.11,19.024,19.047,5020,0
20130304,19.023,19.245,18.93,19.009,31612,0
20130305,19.03,19.137,19.03,19.047,11934,0
20130306,19.181,19.3,19.089,19.103,8951,0
20130307,19.185,19.273,19.093,19.238,5830,0
20130308,19.322,19.322,19.031,19.071,26182,0
20130311,19.2,19.287,19.022,19.191,7599,0
20130312,19.236,19.236,19.071,19.103,8948,0
20130313,19.27,19.277,19.114,19.162,36637,0
20130314,19.281,19.281,19.037,19.037,82888,0
20130315,19.096,19.123,19.04,19.103,19404,0
20130318,19,19.137,19,19.023,14652,0
20130319,19.193,19.207,19,19.018,54270,0
20130320,19.197,19.197,18.954,19.133,16963,0
20130321,18.956,19.222,18.956,19.177,123063,0
20130322,19.113,19.14,18.975,19.119,19950,0
20130325,19.027,19.123,19.014,19.123,13840,0
20130326,18.999,19.092,18.977,18.977,24283,0
20130327,18.985,18.985,18.936,18.977,18045,0
20130328,18.975,18.989,18.92,18.935,40298,0
20130401,18.888,19.019,18.888,18.888,3651,0
20130402,19,19.017,18.943,19,2433,0
20130403,18.998,18.998,18.955,18.955,4868,0
20130404,19,19.159,19,19.029,15968,0
20130405,19.098,19.363,19.098,19.191,7038,0
20130408,18.953,19.465,18.91,19.315,9472,0
20130409,19.443,19.443,19.347,19.347,4059,0
20130410,19.477,19.477,19.374,19.412,7708,0
20130411,19.775,19.775,19.397,19.412,5144,0
20130412,19.755,19.755,19.381,19.388,25575,0
20130415,19.701,19.701,19.29,19.29,20430,0
20130416,19.395,19.402,19.366,19.366,2302,0
20130417,19.361,19.361,19.141,19.141,21658,0
20130418,19.25,19.347,19.123,19.123,6361,0
20130419,19.027,19.632,19.027,19.632,1486,0
20130422,19.446,19.446,19.192,19.2,7708,0
20130423,19.407,19.637,19.268,19.514,1002255,0
20130424,19.628,19.669,19.494,19.528,80226,0
20130425,19.462,19.672,19.42,19.658,11096,0
20130426,19.6,19.613,19.522,19.522,31387,0
20130429,19.632,19.664,19.531,19.632,16915,0
20130430,19.594,19.594,19.553,19.581,26931,0
20130501,19.623,19.641,19.575,19.632,7424,0
20130502,19.673,19.699,19.549,19.682,29968,0
20130503,19.679,19.679,19.435,19.588,7833,0
20130506,19.528,19.613,19.441,19.528,25920,0
20130507,19.441,19.579,19.441,19.507,5263,0
20130508,19.48,19.613,19.48,19.537,12016,0
20130509,19.537,19.601,19.523,19.558,50772,0
20130510,19.582,19.589,19.347,19.361,123136,0
20130513,19.36,19.36,19.291,19.331,11070,0
20130514,19.353,19.436,19.3,19.361,78720,0
20130515,19.426,19.426,19.202,19.353,66970,0
20130516,19.34,19.353,19.268,19.299,7022,0
20130517,19.327,19.344,19.2,19.2,49406,0
20130520,19.297,19.338,19.233,19.254,6347,0
20130521,19.183,19.294,19.12,19.183,40496,0
20130522,19.146,19.284,19.096,19.096,82370,0
20130523,19.052,19.149,18.935,18.935,108002,0
20130524,18.954,19.12,18.904,18.911,50088,0
20130528,18.943,19,18.749,18.758,32678,0
20130529,18.671,18.724,18.576,18.582,19439,0
20130530,18.485,18.582,18.485,18.575,30925,0
20130531,18.405,18.519,18.348,18.389,14442,0
20130603,18.403,18.417,18.331,18.331,34168,0
20130604,18.398,18.481,18.39,18.419,30536,0
20130605,18.425,18.503,18.289,18.355,10491,0
20130606,18.223,18.335,18.198,18.229,6583,0
20130607,18.263,18.378,18.263,18.28,14386,0
20130610,18.174,18.224,18.087,18.087,25022,0
20130611,17.852,18.035,17.852,17.95,16542,0
20130612,17.957,17.957,17.687,17.718,63611,0
20130613,17.735,18.101,17.735,18.101,13587,0
20130614,18.235,18.359,18.213,18.213,73301,0
20130617,18.413,18.413,18.035,18.168,17350,0
20130618,18.055,18.055,17.958,18.018,23801,0
20130619,17.894,18.442,17.781,17.813,26230,0
20130620,17.644,17.644,16.655,16.84,303934,0
20130621,16.882,17.344,16.85,16.979,276293,0
20130624,17.062,17.134,16.559,16.84,19096,0
20130625,17.083,17.26,16.89,16.979,44660,0
20130626,17.06,17.374,17.06,17.282,10628,0
20130627,17.379,17.528,17.379,17.425,32414,0
20130628,17.353,17.606,17.137,17.595,82176,0
20130701,17.567,17.648,17.482,17.514,135485,0
20130702,17.563,17.726,17.54,17.687,92176,0
20130703,17.599,17.599,17.552,17.552,803,0
20130705,17.47,17.54,17.354,17.354,66715,0
20130708,17.457,17.602,17.432,17.464,137231,0
20130709,17.46,17.6,17.46,17.595,50117,0
20130710,17.555,17.601,17.431,17.431,39140,0
20130711,17.506,17.67,17.498,17.522,71694,0
20130712,17.536,17.558,17.498,17.514,800974,0
20130715,17.54,17.756,17.54,17.734,65512,0
20130716,17.849,17.917,17.789,17.836,30016,0
20130717,17.906,18.025,17.906,17.95,6163,0
20130718,18.065,18.126,18.065,18.101,5889,0
20130719,18.048,18.094,18.048,18.056,2953,0
20130722,18.11,18.141,18.102,18.141,3078,0
20130723,18.197,18.213,18.161,18.197,8445,0
20130724,18.147,18.22,18.066,18.109,9918,0
20130725,18.016,18.016,17.917,17.926,36040,0
20130726,17.903,17.962,17.873,17.873,9514,0
20130729,17.997,17.997,17.844,17.859,3485,0
20130730,17.789,17.818,17.789,17.818,1879,0
20130731,17.704,17.804,17.704,17.78,44492,0
20130801,17.788,17.909,17.718,17.718,36242,0
20130802,17.75,17.873,17.744,17.836,51047,0
20130805,17.75,17.866,17.75,17.866,3465,0
20130806,17.889,17.95,17.889,17.95,545,0
20130807,17.865,17.91,17.797,17.797,38923,0
20130808,17.819,18.044,17.819,17.866,17060,0
20130809,17.874,17.932,17.874,17.917,1732,0
20130812,17.948,18.023,17.866,17.873,8802,0
20130813,17.742,17.742,17.742,17.742,5065,0
20130814,17.788,17.909,17.734,17.734,6001,0
20130815,17.587,17.642,17.587,17.619,2667,0
20130816,17.641,17.801,17.559,17.559,3465,0
20130819,17.354,17.354,17.354,17.354,2667,0
20130820,17.417,17.489,17.409,17.437,18260,0
20130821,17.399,17.47,17.347,17.347,1061,0
20130822,17.252,17.252,17.252,17.252,274,0
20130823,17.439,17.536,17.439,17.536,17592,0
20130826,17.473,17.49,17.473,17.49,545,0
20130827,17.37,17.456,17.363,17.363,1201,0
20130828,17.37,17.463,17.37,17.4,68241,0
20130829,17.377,17.437,17.301,17.377,18926,0
20130830,17.407,17.407,17.301,17.363,120224,0
20130903,17.276,17.346,17.229,17.317,100732,0
20130904,17.276,17.398,17.276,17.29,54739,0
20130905,17.281,17.281,17.21,17.21,1594,0
20130906,17.354,17.354,17.354,17.354,1324,0
20130909,17.457,17.457,17.457,17.457,1858,0
20130910,17.552,17.552,17.45,17.464,8616,0
20130911,17.536,17.536,17.465,17.522,2251,0
20130912,17.686,17.686,17.587,17.587,384,0
20130913,17.587,17.587,17.587,17.587,101,0
20130916,17.748,17.803,17.711,17.711,1324,0
20130917,17.728,17.818,17.728,17.805,13124,0
20130919,18.169,18.286,18.169,18.286,927,0
20130920,18.31,18.31,18.087,18.095,59662,0
20130923,18.11,18.184,18.11,18.184,539,0
20130924,18.101,18.117,18.095,18.095,1594,0
20130926,18.011,18.011,17.473,17.473,3712,0
20130927,17.851,17.95,17.851,17.95,383,0
20130930,17.859,17.873,17.849,17.849,794,0
20131002,17.917,17.917,17.896,17.896,1588,0
20131003,17.918,18.026,17.889,18.026,2504,0
20131004,17.932,17.971,17.932,17.956,1186,0
20131007,17.956,18.039,17.956,18.039,1186,0
20131009,17.932,17.932,17.932,17.932,1716,0
20131010,17.993,18.118,17.993,18.118,654,0
20131011,18.118,18.118,18.118,18.118,101,0
20131014,18.338,18.338,18.338,18.338,3307,0
20131015,18.127,18.168,18.127,18.168,382,0
20131016,18.161,18.206,18.161,18.206,1186,0
20131017,18.388,18.388,18.263,18.304,70660,0
20131018,18.369,18.411,18.305,18.346,14129,0
20131023,18.369,18.389,18.369,18.389,6077,0
20131024,18.372,18.372,18.372,18.372,101,0
20131025,18.398,18.405,18.382,18.382,3172,0
20131028,18.372,18.382,18.36,18.36,792,0
20131029,18.346,18.36,18.346,18.346,4355,0
20131030,18.369,18.419,18.355,18.355,7532,0
20131031,18.331,18.331,18.331,18.331,1979,0
20131101,18.175,18.206,18.168,18.168,33015,0
20131104,18.198,18.236,18.198,18.236,922,0
20131105,18.094,18.147,17.963,17.983,89182,0
20131107,17.963,17.963,17.963,17.963,272,0
20131108,17.837,17.956,17.837,17.956,1181,0
20131112,17.727,17.765,17.727,17.765,536,0
20131113,17.687,17.718,17.687,17.718,1583,0
20131114,17.774,17.818,17.774,17.788,10130,0
20131115,17.866,17.866,17.843,17.843,788,0
20131118,17.95,18.087,17.95,18.073,11839,0
20131119,18.065,18.065,17.926,17.95,2234,0
20131120,17.926,18.009,17.912,17.978,3944,0
20131121,17.813,17.932,17.813,17.932,1181,0
20131122,17.956,17.956,17.956,17.956,272,0
20131125,18.125,18.125,17.926,17.926,922,0
20131126,17.94,18.001,17.926,17.932,13941,0
20131129,17.828,17.866,17.828,17.843,1968,0
20131202,17.881,17.896,17.805,17.805,1043,0
20131203,17.702,17.866,17.702,17.805,17166,0
20131205,17.734,17.849,17.734,17.734,1043,0
20131206,17.836,17.843,17.78,17.828,3010,0
20131209,17.734,17.983,17.734,17.983,9316,0
20131210,17.932,18.118,17.932,18.118,16250,0
20131212,18.032,18.032,18.018,18.018,534,0
20131213,17.95,17.956,17.917,17.95,649,0
20131216,18.101,18.126,18.009,18.126,6638,0
20131217,18.026,18.154,17.983,18.154,2446,0
20131218,17.774,18.436,17.774,18.436,716,0
20131219,17.992,18.286,17.983,18.286,3541,0
20131220,17.813,17.866,17.813,17.859,1607,0
20131223,17.866,17.866,17.243,17.243,9874,0
20131224,17.805,17.805,17.788,17.788,801,0
20131226,17.377,17.718,17.377,17.718,1250,0
20131227,17.774,17.774,17.774,17.774,223,0
20131230,17.393,18.11,17.393,17.912,2625,0
20131231,17.734,18.081,17.71,18.081,3741,0
20140102,17.819,18.089,17.221,18.089,1685,0
20140103,17.78,17.78,17.78,17.78,539,0
20140106,17.558,17.558,17.558,17.558,490,0
20140107,17.78,17.788,17.743,17.743,1201,0
20140108,17.289,17.926,17.289,17.926,1687,0
20140109,17.687,17.694,17.666,17.674,1671,0
20140110,18.032,18.032,18.032,18.032,143,0
20140114,17.619,18.026,17.619,17.78,20938,0
20140115,17.743,17.743,17.743,17.743,1079,0
20140116,17.881,17.881,17.881,17.881,474,0
20140121,17.888,17.926,17.888,17.897,2949,0
20140122,17.95,17.95,17.578,17.702,4848,0
20140123,17.837,17.837,17.578,17.578,739,0
20140124,17.513,17.558,17.513,17.513,7439,0
20140127,17.711,17.749,17.659,17.687,1327,0
20140128,17.829,17.941,17.25,17.489,22739,0
20140129,17.489,17.619,17.489,17.613,4576,0
20140130,17.108,17.711,17.108,17.711,3131,0
20140203,17.678,17.748,17.611,17.685,16525,0
20140204,17.603,17.764,17.575,17.716,8201,0
20140205,17.817,18.192,17.693,18.073,17707,0
20140206,17.896,17.911,17.865,17.911,4040,0
20140207,17.827,17.993,17.827,17.963,18214,0
20140210,17.817,18.216,17.804,18.216,25283,0
20140211,18.142,18.17,18.127,18.148,14328,0
20140212,18.2,18.231,18.073,18.231,5769,0
20140214,18.136,18.231,18.136,18.2,55029,0
20140218,17.984,17.984,17.984,17.984,449,0
20140219,18.266,18.266,18.156,18.156,14022,0
20140220,18.148,18.266,18.136,18.177,14651,0
20140224,18.142,18.626,18.142,18.618,27766,0
20140225,18.565,18.573,18.529,18.565,2732,0
20140226,18.687,18.687,18.687,18.687,469,0
20140228,18.695,18.695,18.447,18.462,32415,0
20140303,18.407,18.478,18.4,18.478,6870,0
20140304,18.504,18.504,18.274,18.318,4581,0
20140305,18.307,18.736,18.298,18.727,6593,0
20140306,18.573,18.573,17.631,17.73,124300,0
20140307,17.73,18.199,17.73,18.127,896,0
20140310,17.738,18.23,17.69,18.224,17545,0
20140311,18.155,18.161,17.825,17.825,26201,0
20140312,17.623,18.026,17.623,18.026,1919,0
20140317,17.678,18.056,17.678,18.056,745,0
20140318,18.095,18.109,17.617,17.706,9718,0
20140319,18.101,18.109,17.931,18,1645,0
20140320,17.655,17.655,17.655,17.655,693,0
20140321,17.816,17.902,17.706,17.706,3313,0
20140324,17.879,17.982,17.786,17.982,10501,0
20140325,17.793,17.97,17.793,17.917,2217,0
20140326,17.902,17.902,17.902,17.902,100,0
20140328,17.917,18,17.917,17.977,1114,0
20140331,18.038,18.23,18.038,18.23,1303,0
20140401,18.126,18.126,18.126,18.126,317,0
20140402,18.046,18.135,17.955,17.962,5054,0
20140403,18.025,18.037,18.007,18.007,1857,0
20140404,18.386,18.394,18.064,18.064,1874,0
20140407,18.046,18.126,17.93,17.93,3691,0
20140408,18.046,18.046,17.999,18.031,1169,0
20140410,18.142,18.247,18.135,18.247,5872,0
20140416,17.947,17.977,17.947,17.955,1665,0
20140421,18.08,18.282,18.055,18.109,5899,0
20140422,18.109,18.274,18.109,18.23,22874,0
20140423,18.238,18.238,18.117,18.208,20475,0
20140424,18.409,18.441,18.224,18.342,12006,0
20140425,18.409,18.409,18.334,18.352,843,0
20140428,18.298,18.334,18.099,18.099,1161,0
20140429,18.03,18.523,18.03,18.513,2440,0
20140501,18.265,18.298,18.265,18.265,428,0
20140506,18.334,18.334,18.199,18.208,1949,0
20140507,18.538,18.56,18.441,18.497,2323,0
20140508,18.798,18.798,18.798,18.798,581,0
20140509,18.74,18.74,18.545,18.642,5141,0
20140512,18.532,18.715,18.532,18.65,2830,0
20140513,18.76,18.76,18.76,18.76,215,0
20140515,18.863,18.87,18.753,18.855,7606,0
20140516,18.629,18.87,18.629,18.87,6480,0
20140520,18.789,18.789,18.782,18.782,2376,0
20140522,18.707,18.879,18.707,18.879,1566,0
20140523,18.798,18.798,18.7,18.7,2600,0
20140527,18.7,18.7,18.7,18.7,808,0
20140530,18.824,18.831,18.814,18.814,4802,0
20140602,18.807,18.807,18.807,18.807,1274,0
20140605,18.85,18.85,18.85,18.85,289,0
20140609,18.958,18.98,18.958,18.98,2732,0
20140610,18.943,18.971,18.936,18.971,900,0
20140611,18.994,18.994,18.986,18.986,2179,0
20140613,18.986,18.986,18.928,18.928,373,0
20140617,18.798,18.816,18.784,18.816,689,0
20140618,18.842,18.857,18.842,18.85,1563,0
20140619,18.943,18.95,18.943,18.95,4354,0
20140624,18.911,18.911,18.911,18.911,255,0
20140625,18.936,19.012,18.936,19.012,794,0
20140626,18.964,18.98,18.964,18.98,656,0
20140627,19.154,19.176,19.099,19.169,3332,0
20140630,19.16,19.169,18.748,18.748,6499,0
20140701,19.183,19.183,19.183,19.183,1405,0
20140702,19.183,19.183,19.183,19.183,100,0
20140703,19.032,19.032,19.027,19.027,1278,0
20140707,18.895,19.162,18.895,19.162,5750,0
20140708,19.032,19.263,19.032,19.183,1802,0
20140710,19.201,19.201,19.123,19.123,1805,0
20140711,18.98,19.013,18.98,19.013,491,0
20140714,18.951,19.042,18.936,18.944,7659,0
20140716,19.132,19.263,19.132,19.263,1678,0
20140717,19.132,19.132,19.123,19.123,6005,0
20140718,19.11,19.11,19.11,19.11,517,0
20140721,19.155,19.183,19.155,19.183,9835,0
20140722,19.101,19.14,19.101,19.132,5111,0
20140728,19.263,19.269,19.224,19.256,9014,0
20140729,19.256,19.256,19.06,19.076,3550,0
20140730,19.052,19.177,19.052,19.177,4677,0
20140731,19.123,19.123,18.965,18.965,6566,0
20140801,18.749,18.859,18.735,18.735,3717,0
20140804,18.989,18.989,18.989,18.989,481,0
20140805,18.843,18.967,18.843,18.866,8033,0
20140811,18.827,18.876,18.827,18.85,619,0
20140814,18.897,19.006,18.897,18.939,2969,0
20140815,18.923,19.028,18.923,19.028,1602,0
20140820,18.897,18.914,18.883,18.907,1797,0
20140821,18.907,18.907,18.907,18.907,103,0
20140822,18.923,18.923,18.923,18.923,312,0
20140825,18.67,18.914,18.67,18.914,1264,0
20140828,19.055,19.055,18.897,19.055,378,0
20140829,18.763,18.808,18.763,18.808,1381,0
20140902,18.936,18.936,18.936,18.936,865,0
20140904,18.928,18.98,18.894,18.894,2648,0
20140905,19.026,19.026,18.871,18.871,1132,0
20140908,19.019,19.019,18.871,18.887,802,0
20140909,18.902,18.902,18.902,18.902,651,0
20140910,18.73,18.774,18.723,18.739,3025,0
20140911,18.602,18.656,18.602,18.647,6527,0
20140915,18.541,18.672,18.517,18.586,1544,0
20140916,18.548,18.602,18.541,18.602,1799,0
20140918,18.593,18.593,18.593,18.593,935,0
20140919,18.64,18.64,18.64,18.64,100,0
20140926,18.501,18.501,18.501,18.501,184,0
20140930,18.517,18.534,18.379,18.379,17262,0
20141003,18.366,18.425,18.36,18.36,2841,0
20141008,18.475,18.475,18.466,18.475,2240,0
20141010,18.611,18.611,18.611,18.611,794,0
20141013,18.611,18.611,18.611,18.611,1750,0
20141014,18.502,18.573,18.502,18.573,550,0
20141015,18.484,18.556,18.484,18.541,1364,0
20141016,18.549,18.549,18.466,18.549,1310,0
20141017,18.673,18.69,18.665,18.681,2035,0
20141020,18.69,18.699,18.681,18.681,14648,0
20141021,18.641,18.641,18.579,18.579,1754,0
20141027,18.593,18.593,18.593,18.593,178,0
20141029,18.665,18.673,18.665,18.673,1767,0
20141030,18.732,18.732,18.732,18.732,195,0
20141031,18.69,18.69,18.681,18.681,5013,0
20141103,18.641,18.641,18.641,18.641,1877,0
20141105,18.442,18.526,18.442,18.517,6097,0
20141106,18.517,18.548,18.517,18.548,13294,0
20141110,18.333,18.387,18.333,18.387,974,0
20141112,18.526,18.526,18.526,18.526,253,0
20141113,18.517,18.526,18.517,18.526,1259,0
20141114,18.424,18.465,18.424,18.465,819,0
20141117,18.501,18.572,18.491,18.572,1048,0
20141118,18.491,18.491,18.465,18.474,848,0
20141119,18.564,18.564,18.564,18.564,1771,0
20141121,18.69,18.69,18.541,18.541,1747,0
20141124,18.378,18.378,18.378,18.378,300,0
20141125,18.699,18.783,18.69,18.783,22089,0
20141126,18.564,18.602,18.564,18.602,539,0
20141128,18.312,18.474,18.305,18.341,1317,0
20141201,18.591,18.607,18.429,18.607,44051,0
20141202,18.497,18.497,18.497,18.497,1030,0
20141203,18.369,18.506,18.275,18.275,21506,0
20141204,18.506,18.523,18.345,18.523,4291,0
20141205,18.345,18.345,18.238,18.238,11293,0
20141208,18.123,18.123,18.123,18.123,272,0
20141209,18.191,18.191,18.191,18.191,7163,0
20141210,18.183,18.183,17.977,18.017,3757,0
20141211,18.007,18.04,17.99,18.017,2354,0
20141212,17.562,17.945,17.555,17.572,3733,0
20141216,17.547,17.86,17.355,17.355,64340,0
20141217,17.555,17.746,17.428,17.736,2308,0
20141218,18.067,18.067,17.92,18.067,832,0
20141222,17.99,18.007,17.99,18.007,3638,0
20141223,18.097,18.429,18.083,18.083,11502,0
20141224,18.105,18.373,18.083,18.373,3296,0
20141226,17.92,17.92,17.92,17.92,214,0
20141229,17.865,18.183,17.726,18.183,23112,0
20141230,18.025,18.103,17.981,17.981,3121,0
20141231,17.988,17.988,17.809,17.809,3327,0
20150102,18.103,18.103,17.942,17.942,309,0
20150105,17.733,17.742,17.716,17.716,5564,0
20150106,17.912,17.912,17.757,17.757,693,0
20150107,17.623,17.685,17.578,17.595,3379,0
20150108,17.841,17.857,17.7,17.7,2026,0
20150112,17.742,17.742,17.742,17.742,100,0
20150115,17.904,17.904,17.848,17.848,1335,0
20150116,17.647,17.733,17.647,17.733,1750,0
20150120,17.733,17.733,17.733,17.733,2745,0
20150122,17.967,17.967,17.967,17.967,250,0
20150123,17.841,17.841,17.782,17.841,3088,0
20150127,17.671,17.709,17.671,17.709,1313,0
20150129,17.834,17.975,17.816,17.816,2035,0
20150130,17.776,17.776,17.776,17.776,503,0
20150202,17.825,17.825,17.825,17.825,758,0
20150203,17.834,18.104,17.834,17.888,22057,0
20150205,17.88,17.88,17.88,17.88,38480,0
20150206,17.79,17.79,17.79,17.79,189,0
20150209,17.79,17.857,17.782,17.857,9466,0
20150210,17.88,17.88,17.709,17.749,881,0
20150211,17.726,17.79,17.726,17.79,521,0
20150212,17.692,17.834,17.685,17.816,2773,0
20150213,17.857,17.857,17.848,17.848,328,0
20150217,17.919,17.927,17.757,17.927,2775,0
20150219,17.782,17.782,17.766,17.766,4880,0
20150220,17.685,17.685,17.685,17.685,1044,0
20150223,17.678,17.816,17.671,17.816,928,0
20150225,17.982,17.982,17.816,17.816,630,0
20150303,17.813,17.813,17.813,17.813,100,0
20150305,17.813,17.813,17.813,17.813,100,0
20150306,17.504,17.626,17.504,17.626,619,0
20150309,17.478,17.521,17.478,17.521,872,0
20150310,17.329,17.329,17.329,17.329,8922,0
20150311,17.329,17.329,17.329,17.329,100,0
20150312,17.47,17.47,17.439,17.439,1243,0
20150316,17.253,17.284,17.207,17.222,30247,0
20150317,17.27,17.27,17.27,17.27,100,0
20150318,17.293,17.409,17.253,17.409,504,0
20150319,17.571,17.589,17.512,17.545,80578,0
20150320,17.675,17.675,17.675,17.675,100,0
20150323,17.787,17.838,17.747,17.83,9423,0
20150324,17.884,17.884,17.884,17.884,504,0
20150325,17.964,17.964,17.964,17.964,100,0
20150326,17.884,17.884,17.687,17.845,5333,0
20150327,17.813,17.813,17.813,17.813,100,0
20150330,17.813,17.813,17.813,17.813,100,0
20150331,17.696,17.82,17.595,17.82,1020,0
20150401,17.747,17.747,17.747,17.747,100,0
20150402,17.721,17.721,17.721,17.721,504,0
20150406,18.054,18.054,18.054,18.054,100,0
20150407,17.83,17.83,17.83,17.83,303,0
20150408,17.83,17.83,17.83,17.83,100,0
20150409,17.83,17.83,17.83,17.83,35,0
20150410,17.83,17.83,17.83,17.83,100,0
20150413,17.916,17.916,17.916,17.916,256,0
20150414,17.916,17.916,17.916,17.916,100,0
20150415,18.136,18.136,18.136,18.136,280,0
20150416,17.916,18.157,17.916,17.916,429,0
20150420,17.949,17.964,17.83,17.964,2407,0
20150421,17.869,17.923,17.869,17.923,961,0
20150422,17.994,18.08,17.862,18.08,1326,0
20150423,17.994,18.072,17.994,17.994,504,0
20150424,17.994,17.994,17.994,17.994,100,0
20150427,17.994,17.994,17.994,17.994,100,0
20150428,17.994,17.994,17.994,17.994,100,0
20150429,18.1,18.1,17.986,18.022,619,0
20150430,18.022,18.022,18.022,18.022,100,0
20150501,18.022,18.022,18.022,18.022,100,0
20150504,17.986,17.986,17.986,17.986,100,0
20150505,17.956,18.003,17.956,17.956,1237,0
20150506,18.329,18.329,18.329,18.329,214,0
20150507,18.329,18.329,18.329,18.329,8,0
20150508,17.9,18.175,17.9,18.175,1481,0
20150511,18.175,18.175,18.175,18.175,100,0
20150512,18.175,18.175,18.175,18.175,98,0
20150513,18.175,18.175,18.175,18.175,100,0
20150514,18.175,18.175,18.175,18.175,100,0
20150515,18.213,18.213,18.213,18.213,535,0
20150518,18.213,18.213,18.213,18.213,10,0
20150519,18.213,18.213,18.213,18.213,100,0
20150520,18.213,18.213,18.213,18.213,100,0
20150521,18.213,18.213,18.213,18.213,100,0
20150522,18.022,18.022,17.964,17.964,617,0
20150526,17.777,17.777,17.777,17.777,194,0
20150527,17.752,17.752,17.736,17.746,3461,0
20150528,17.956,17.956,17.956,17.956,403,0
20150529,17.956,17.956,17.956,17.956,100,0
20150601,17.952,17.952,17.952,17.952,51,0
20150602,17.839,17.839,17.839,17.839,795,0
20150603,17.839,17.839,17.839,17.839,100,0
20150604,17.839,17.839,17.839,17.839,100,0
20150605,17.839,17.839,17.839,17.839,100,0
20150608,17.487,17.487,17.487,17.487,358,0
20150609,17.723,17.723,17.445,17.47,1402,0
20150610,17.545,17.545,17.545,17.545,316,0
20150611,17.512,17.626,17.487,17.487,1133,0
20150612,17.487,17.487,17.487,17.487,100,0
20150615,17.487,17.634,17.487,17.634,984,0
20150617,17.618,17.618,17.487,17.487,736,0
20150618,17.755,17.755,17.626,17.634,358,0
20150619,17.634,17.634,17.634,17.634,100,0
20150622,17.764,17.764,17.764,17.764,100,0
20150623,17.618,17.618,17.618,17.618,268,0
20150624,17.618,17.618,17.618,17.618,100,0
20150625,17.618,17.618,17.618,17.618,100,0
20150626,17.676,17.788,17.545,17.788,866,0
20150630,17.504,17.634,17.504,17.504,520,0
20150706,17.457,17.457,17.457,17.457,100,0
20150707,17.531,17.702,17.435,17.702,733,0
20150708,17.702,17.702,17.702,17.702,100,0
20150709,17.702,17.702,17.702,17.702,100,0
20150710,17.515,17.614,17.508,17.614,4656,0
20150714,17.734,17.734,17.734,17.734,336,0
20150715,17.508,17.539,17.508,17.539,321,0
20150716,17.539,17.539,17.539,17.539,100,0
20150717,17.539,17.539,17.539,17.539,100,0
20150720,17.539,17.539,17.539,17.539,100,0
20150721,17.539,17.539,17.539,17.539,253,0
20150722,17.539,17.539,17.539,17.539,100,0
20150727,17.395,17.395,17.353,17.353,253,0
20150728,17.353,17.353,17.353,17.353,100,0
20150730,17.353,17.353,17.353,17.353,100,0
20150731,17.678,17.678,17.678,17.678,613,0
20150803,17.678,17.678,17.678,17.678,54,0
20150804,17.678,17.678,17.678,17.678,100,0
20150805,17.678,17.678,17.678,17.678,100,0
20150806,17.343,17.393,17.343,17.393,797,0
20150807,17.343,17.343,17.343,17.343,495,0
20150810,17.343,17.343,17.282,17.282,610,0
20150811,17.282,17.282,17.282,17.282,4,0
20150813,17.282,17.282,17.282,17.282,100,0
20150814,17.276,17.276,17.171,17.242,3298,0
20150817,17.242,17.242,17.242,17.242,354,0
20150818,17.113,17.211,17.104,17.113,97656,0
20150819,17.113,17.113,17.113,17.113,100,0
20150820,17.015,17.094,17.008,17.07,4762,0
20150825,17.07,17.07,17.07,17.07,100,0
20150826,17.07,17.07,17.07,17.07,100,0
20150831,16.916,16.974,16.848,16.934,1343,0
20150901,16.955,16.955,16.955,16.955,100,0
20150902,16.894,16.894,16.639,16.639,1214,0
20150903,16.701,16.701,16.701,16.701,100,0
20150904,16.646,16.655,16.646,16.655,607,0
20150908,16.655,16.655,16.655,16.655,100,0
20150909,16.655,16.655,16.655,16.655,100,0
20150910,16.949,16.949,16.949,16.949,101,0
20150917,16.86,16.86,16.709,16.709,1678,0
20150921,16.709,16.985,16.709,16.985,251,0
20150924,16.985,16.985,16.985,16.985,16,0
20150928,16.618,16.725,16.618,16.725,661,0
20150929,16.725,16.725,16.725,16.725,100,0
20150930,16.725,16.725,16.725,16.725,100,0
20151001,16.721,16.721,16.721,16.721,100,0
20151005,16.883,16.935,16.883,16.935,1333,0
20151006,16.926,17.063,16.926,17.063,1697,0
20151007,17.063,17.063,17.063,17.063,100,0
20151008,17.063,17.063,17.063,17.063,100,0
20151009,17.063,17.063,17.063,17.063,100,0
20151012,17.063,17.063,17.063,17.063,1,0
20151014,16.974,17.183,16.974,17.183,491,0
20151016,17.245,17.245,17.245,17.245,1209,0
20151019,17.245,17.245,17.245,17.245,100,0
20151020,17.354,17.468,17.354,17.468,7513,0
20151021,17.166,17.166,17.166,17.166,100,0
20151022,17.166,17.166,17.166,17.166,100,0
20151023,17.166,17.166,17.166,17.166,100,0
20151026,17.198,17.198,16.917,16.926,726,0
20151029,17.166,17.286,17.166,17.286,491,0
20151102,17.279,17.294,17.279,17.294,338,0
20151103,17.204,17.204,17.204,17.204,351,0
20151105,17.204,17.204,17.204,17.204,100,0
20151106,17.204,17.204,17.204,17.204,100,0
20151109,17.204,17.204,17.204,17.204,51,0
20151110,17.204,17.204,17.204,17.204,100,0
20151117,16.923,17.062,16.904,16.997,3861,0
20151119,16.988,17.022,16.988,17.006,601,0
20151127,16.957,17.031,16.952,16.978,2657,0
20151130,16.914,16.914,16.914,16.914,249,0
20151202,16.845,16.845,16.845,16.845,2,0
20151203,16.845,16.845,16.845,16.845,24,0
20151204,16.845,16.845,16.845,16.845,100,0
20151207,16.845,16.845,16.845,16.845,100,0
20151208,16.845,16.845,16.845,16.845,13,0
20151209,16.845,16.845,16.845,16.845,100,0
20151211,16.684,16.684,16.598,16.598,2527,0
20151216,16.598,16.598,16.598,16.598,100,0
20151217,16.523,16.523,16.515,16.515,601,0
20151221,16.515,16.515,16.515,16.515,100,0
20151222,16.515,16.515,16.515,16.515,56,0
20151223,16.647,16.647,16.647,16.647,351,0
20151224,16.617,16.617,16.617,16.617,1543,0
20151230,16.567,16.649,16.559,16.649,5078,0
20151231,16.491,16.491,16.491,16.491,234,0
20160104,16.5,16.5,16.5,16.5,998,0
20160106,16.72,16.72,16.695,16.695,351,0
20160108,16.407,16.594,16.407,16.594,600,0
20160113,16.634,16.634,16.634,16.634,100,0
20160119,16.203,16.352,16.203,16.203,1200,0
20160120,16.049,16.218,16.04,16.04,3470,0
20160121,16.194,16.194,16.194,16.194,350,0
20160122,16.234,16.234,16.234,16.234,962,0
20160126,16.336,16.336,16.336,16.336,248,0
20160127,16.3,16.309,16.3,16.309,248,0
20160201,16.601,16.648,16.601,16.648,349,0
20160202,16.501,16.501,16.501,16.501,215,0
20160204,16.714,16.714,16.714,16.714,517,0
20160219,16.74,16.74,16.678,16.678,752,0
20160222,16.885,16.976,16.877,16.885,13494,0
20160301,16.82,16.82,16.657,16.723,1666,0
20160303,17.128,17.128,17.12,17.12,6125,0
20160304,17.12,17.196,17.12,17.196,18039,0
20160308,17.097,17.097,17.097,17.097,113,0
20160310,17.196,17.196,17.196,17.196,1271,0
20160314,17.149,17.149,17.149,17.149,774,0
20160317,17.445,17.445,17.077,17.431,3818,0
20160318,17.331,17.331,17.331,17.331,298,0
20160328,17.278,17.278,17.278,17.278,162,0
20160329,17.332,17.332,17.332,17.332,1189,0
20160330,17.583,17.583,17.555,17.583,1429,0
20160401,18.061,18.061,18.061,18.061,100,0
20160404,17.667,17.678,17.66,17.678,524,0
20160406,17.498,17.498,17.498,17.498,578,0
20160408,17.507,17.609,17.507,17.601,844,0
20160412,17.634,17.733,17.634,17.634,890,0
20160414,17.811,17.82,17.811,17.82,480,0
20160415,17.699,17.82,17.699,17.82,246,0
20160418,17.854,17.854,17.699,17.811,1799,0
20160419,17.733,17.895,17.733,17.895,295,0
20160420,18.056,18.056,17.913,17.913,480,0
20160427,17.699,17.864,17.699,17.864,245,0
20160503,18.049,18.09,17.898,17.915,5115,0
20160510,18.084,18.084,18.084,18.084,1084,0
20160513,17.955,17.955,17.955,17.955,100,0
20160516,17.77,17.93,17.77,17.847,2959,0
20160517,17.84,17.921,17.752,17.804,37972,0
20160518,17.778,17.88,17.669,17.669,15855,0
20160519,17.595,17.761,17.595,17.626,8635,0
20160520,17.661,17.856,17.516,17.77,35132,0
20160523,17.587,17.761,17.542,17.71,56558,0
20160524,17.587,17.778,17.587,17.77,73577,0
20160525,17.661,17.813,17.635,17.669,217778,0
20160526,17.752,17.804,17.626,17.778,79988,0
20160527,17.678,17.734,17.678,17.701,1893,0
20160531,17.542,17.661,17.503,17.661,8695,0
20160602,17.609,17.727,17.587,17.587,4596,0
20160603,17.734,17.916,17.668,17.865,7566,0
20160606,17.907,17.93,17.771,17.847,6596,0
20160607,17.922,18.093,17.865,18.033,4015,0
20160608,18.033,18.12,17.974,18.017,2371,0
20160609,18.078,18.12,17.949,18.017,3422,0
20160613,17.84,17.847,17.833,17.847,476,0
20160614,17.755,17.755,17.755,17.755,223,0
20160615,17.734,17.823,17.734,17.805,1649,0
20160616,17.684,17.857,17.684,17.684,476,0
20160617,17.753,17.788,17.734,17.734,345,0
20160620,17.823,17.823,17.823,17.823,297,0
20160621,17.734,18.078,17.734,17.795,7419,0
20160622,17.823,18.093,17.823,17.956,1338,0
20160623,17.949,18.158,17.949,18.158,9968,0
20160624,17.49,17.49,17.49,17.49,672,0
20160627,17.653,17.762,17.545,17.545,1206,0
20160629,17.956,18.051,17.956,17.989,939,0
20160630,18.033,18.033,18.033,18.033,243,0
20160705,18.346,18.355,18.346,18.355,735,0
20160714,18.313,18.314,18.313,18.314,1254,0
20160715,18.566,18.584,18.481,18.584,1775,0
20160719,18.509,18.526,18.346,18.386,5047,0
20160720,18.312,18.386,18.312,18.386,530,0
20160721,18.346,18.346,18.346,18.346,242,0
20160725,18.187,18.187,18.187,18.187,123,0
20160726,18.386,18.411,18.313,18.346,1834,0
20160808,18.534,18.534,18.534,18.534,401,0
20160812,18.32,18.51,18.32,18.472,13921,0
20160817,18.329,18.329,18.329,18.329,291,0
20160818,18.288,18.288,18.288,18.288,241,0
20160831,18.243,18.243,18.243,18.243,640,0
20160914,18.131,18.278,18.095,18.131,3356,0
20160915,18.312,18.312,18.312,18.312,250,0
20160919,18.165,18.165,18.165,18.165,290,0
20160920,18.112,18.112,18.112,18.112,581,0
20160923,18.671,18.671,18.671,18.671,260,0
20161007,18.503,18.503,18.503,18.503,511,0
20161013,18.333,18.333,18.333,18.333,2145,0
20161014,18.359,18.359,18.359,18.359,100,0
20161017,18.659,18.659,18.659,18.659,203,0
20161020,18.669,18.677,18.669,18.677,579,0
20161031,18.548,18.548,18.292,18.487,10034,0
20161103,18.192,18.192,18.192,18.192,267,0
20161104,18.21,18.21,18.21,18.21,292,0
20161107,18.341,18.462,18.341,18.462,470,0
20161110,18.619,18.619,18.057,18.084,4370,0
20161111,17.735,18.162,17.564,17.593,2299,0
20161117,17.539,17.623,17.539,17.593,2901,0
20161121,17.539,17.952,17.539,17.667,3354,0
20161123,17.859,17.902,17.81,17.81,1133,0
20161129,17.167,17.314,17.124,17.314,1182,0
20161130,17.201,17.226,17.201,17.226,254,0
20161201,17.279,17.279,17.279,17.279,340,0
20161205,17.279,17.279,17.279,17.279,1151,0
20161206,17.362,17.362,17.362,17.362,170,0
20161212,17.383,17.383,17.357,17.357,521,0
20161219,17.522,17.522,17.522,17.522,1623,0
20161220,17.251,17.251,17.251,17.251,340,0
20161221,17.652,17.827,17.652,17.817,2080,0
20161222,18.079,18.079,18.079,18.079,193,0
20161228,18.099,18.099,18.099,18.099,100,0
20161229,17.716,17.716,17.716,17.716,149,0
20170103,17.762,17.762,17.759,17.761,805,0
20170104,17.762,17.762,17.762,17.762,524,0
20170109,17.518,17.518,17.518,17.518,143,0
20170113,17.545,17.545,17.545,17.545,149,0
20170117,18.224,18.37,18.224,18.37,342,0
20170118,17.562,17.962,17.562,17.849,3099,0
20170124,18.432,18.432,18.432,18.432,155,0
20170130,17.867,17.867,17.867,17.867,529,0
20170201,17.937,17.937,17.937,17.937,237,0
20170209,18.218,18.218,18.2,18.2,1440,0
20170221,18.655,18.655,18.378,18.378,709,0
20170223,18.457,18.518,18.454,18.466,1203,0
20170302,18.396,18.396,18.352,18.352,1834,0
20170306,18.376,18.553,18.376,18.553,3127,0
20170307,18.587,18.587,18.266,18.464,1168,0
20170309,18.561,18.561,18.365,18.365,854,0
20170320,18.536,18.536,18.536,18.536,432,0
20170321,18.606,18.615,18.606,18.615,233,0
20170324,18.664,18.713,18.649,18.694,1760,0
20170331,18.905,18.905,18.798,18.798,3786,0
20170404,18.4,18.78,18.4,18.78,1592,0
20170405,18.914,18.914,18.737,18.737,1838,0
20170407,18.694,18.694,18.694,18.694,239,0
20170411,18.569,18.569,18.569,18.569,126,0
20170413,18.962,18.962,18.962,18.962,209,0
20170425,18.769,18.922,18.758,18.758,1157,0
20170426,18.723,18.723,18.723,18.723,360,0
20170427,18.823,18.853,18.702,18.853,898,0
20170428,18.855,18.883,18.746,18.883,4917,0
20170504,18.779,19.076,18.749,19.076,1789,0
20170511,18.986,19.058,18.953,19.021,13921,0
20170512,18.773,19.172,18.773,18.865,1489,0
20170516,19.26,19.26,19.26,19.26,100,0
20170522,19.217,19.242,18.847,18.847,4459,0
20170523,19.226,19.242,19.226,19.242,1148,0
20170524,18.914,18.914,18.914,18.914,229,0
20170526,19.267,19.277,19.267,19.277,2448,0
20170530,19.277,19.277,19.26,19.26,976,0
20170601,19.014,19.014,19.014,19.014,396,0
20170606,19.276,19.276,19.266,19.266,278,0
20170608,19.036,19.036,19.036,19.036,231,0
20170609,19.274,19.274,19.274,19.274,102,0
20170612,19.296,19.296,19.207,19.207,694,0
20170622,18.935,18.935,18.935,18.935,1127,0
20170629,19.094,19.257,19.094,19.257,426,0
20170706,19.266,19.286,19.266,19.286,1218,0
20170707,19.25,19.276,18.896,18.896,1739,0
20170711,18.967,18.967,18.967,18.967,118,0
20170718,19.231,19.367,19.231,19.366,779,0
20170719,19.377,19.475,19.377,19.475,967,0
20170721,19.437,19.437,19.437,19.437,228,0
20170724,19.237,19.237,19.237,19.237,897,0
20170727,19.415,19.415,19.415,19.415,438,0
20170731,19.421,19.563,19.421,19.563,420,0
20170801,19.5,19.5,19.5,19.5,450,0
20170802,19.506,19.506,19.506,19.506,222,0
20170803,19.323,19.323,19.323,19.323,501,0
20170809,19.603,19.603,19.603,19.603,107,0
20170810,19.615,19.615,19.615,19.615,100,0
20170811,19.501,19.501,19.501,19.501,767,0
20170815,19.62,19.62,19.582,19.591,1634,0
20170821,19.5,19.625,19.5,19.625,1315,0
20170823,19.5,19.5,19.5,19.5,130,0
20170824,19.632,19.632,19.632,19.632,132,0
20170825,19.619,19.619,19.595,19.595,229,0
20170829,19.654,19.654,19.654,19.654,146,0
20170831,19.553,19.553,19.537,19.537,504,0
20170906,19.734,19.734,19.734,19.734,340,0
20170907,19.796,19.796,19.761,19.761,555,0
20170911,19.806,19.806,19.806,19.806,962,0
20170912,19.745,19.774,19.744,19.774,615,0
20170921,19.769,19.933,19.61,19.61,3809,0
20170927,19.548,19.826,19.548,19.826,2674,0
20170928,19.796,19.816,19.759,19.816,5129,0
20170929,19.823,19.823,19.823,19.823,183,0
20171005,19.816,19.816,19.777,19.777,851,0
20171006,19.728,19.779,19.728,19.779,1911,0
20171009,19.57,19.57,19.57,19.57,208,0
20171010,19.703,19.796,19.703,19.787,409,0
20171012,19.834,19.834,19.834,19.834,110,0
20171013,19.878,19.878,19.778,19.778,1007,0
20171016,19.826,19.826,19.779,19.779,2205,0
20171023,19.652,19.652,19.437,19.437,766,0
20171026,19.32,19.32,19.32,19.32,786,0
20171027,19.555,19.59,19.466,19.546,3328,0
20171030,19.328,19.328,19.328,19.328,451,0
20171101,19.34,19.519,19.34,19.519,338,0
20171107,19.518,19.518,19.518,19.518,226,0
20171108,19.568,19.569,19.568,19.569,600,0
20171109,19.563,19.563,19.525,19.525,425,0
20171110,19.563,19.563,19.563,19.563,301,0
20171113,19.437,19.453,19.285,19.285,559,0
20171114,19.255,19.475,19.183,19.475,1337,0
20171116,19.6,19.616,19.561,19.616,725,0
20171117,19.616,19.661,19.616,19.661,493,0
20171120,19.6,19.6,19.6,19.6,310,0
20171121,19.323,19.323,19.323,19.323,225,0
20171128,19.747,19.747,19.747,19.747,225,0
20171129,19.735,19.735,19.735,19.735,950,0
20171204,19.78,19.78,19.78,19.78,224,0
20171205,19.762,19.781,19.762,19.781,950,0
20171207,19.688,19.688,19.688,19.688,2028,0
20171211,19.735,19.735,19.661,19.661,750,0
20171213,19.653,19.744,19.653,19.744,2562,0
20171215,19.744,19.744,19.449,19.449,573,0
20171220,19.509,19.53,19.509,19.53,1839,0
20171221,19.517,19.517,19.517,19.517,295,0
20171222,19.509,19.509,19.484,19.507,358,0
20171229,19.887,19.887,19.887,19.887,911,0
20180102,19.79,19.79,19.79,19.79,223,0
20180103,19.809,19.809,19.809,19.809,219,0
20180109,19.9,20.055,19.9,20.055,10210,0
20180110,19.867,19.888,19.867,19.888,537,0
20180111,19.817,19.982,19.817,19.982,611,0
20180112,19.79,19.833,19.79,19.833,1244,0
20180116,19.855,19.855,19.829,19.829,2483,0
20180117,19.982,19.982,19.915,19.915,3259,0
20180123,19.982,19.982,19.959,19.982,1169,0
20180124,19.938,20.35,19.938,20.35,1339,0
20180125,20.447,20.447,20.312,20.317,6346,0
20180126,20.036,20.074,19.992,20.01,10066,0
20180129,19.947,19.947,19.947,19.947,391,0
20180130,20.209,20.209,20.209,20.209,2477,0
20180131,19.942,20.321,19.942,20.253,1028,0
20180201,20.355,20.355,20.355,20.355,5448,0
20180202,19.955,20.238,19.955,20.238,339,0
20180206,19.888,20.2,19.863,20.187,3914,0
20180207,20.063,20.063,20.063,20.063,317,0
20180208,19.78,19.89,19.69,19.89,4601,0
20180209,19.89,19.967,19.859,19.859,1083,0
20180212,19.946,20.035,19.946,20.035,2404,0
20180214,19.927,19.927,19.927,19.927,175,0
20180226,19.753,19.753,19.753,19.753,447,0
20180302,19.896,19.896,19.852,19.852,277,0
20180306,19.762,19.762,19.762,19.762,223,0
20180312,19.735,19.909,19.728,19.909,2405,0
20180313,20.056,20.108,20.056,20.108,311,0
20180314,19.762,20.147,19.762,20.03,1341,0
20180316,20.079,20.079,20.079,20.079,272,0
20180319,20.018,20.064,19.971,20.064,936,0
20180320,19.737,19.737,19.737,19.737,461,0
20180321,19.737,19.737,19.737,19.737,128,0
20180323,20.055,20.055,20.043,20.055,571,0
20180326,20.055,20.055,20.055,20.055,469,0
20180327,20.157,20.157,20.011,20.011,984,0
20180328,20.129,20.129,19.946,20.101,3726,0
20180329,20.117,20.12,20.117,20.12,1507,0
20180402,20.157,20.157,19.955,20.111,10010,0
20180403,20.12,20.12,20.12,20.12,115,0
20180404,20.111,20.157,20.018,20.157,10652,0
20180405,20.193,20.22,20.098,20.157,7055,0
20180406,20.147,20.147,19.769,20.101,7621,0
20180410,20.064,20.064,20.01,20.055,3830,0
20180412,20.101,20.129,20.083,20.083,2505,0
20180413,20.091,20.091,20.043,20.053,1937,0
20180416,20.083,20.101,20.083,20.083,2060,0
20180417,20.111,20.111,19.742,20.091,1682,0
20180419,20.111,20.111,20.064,20.074,1237,0
20180423,19.889,19.908,19.889,19.889,1487,0
20180424,19.558,19.575,19.539,19.539,2219,0
20180426,19.501,19.677,19.457,19.466,6809,0
20180502,19.649,19.654,19.61,19.61,2128,0
20180508,19.319,19.319,19.142,19.19,662,0
20180509,19.133,19.418,19.107,19.418,6930,0
20180510,19.16,19.16,19.16,19.16,539,0
20180511,19.252,19.289,19.252,19.289,620,0
20180518,19.115,19.115,19.115,19.115,126,0
20180521,19.021,19.069,19.021,19.059,7723,0
20180530,19.206,19.206,19.206,19.206,189,0
20180531,19.243,19.243,19.243,19.243,190,0
20180601,19.319,19.319,19.22,19.319,1091,0
20180605,19.048,19.048,19.048,19.048,303,0
20180607,19.058,19.193,19.051,19.193,1903,0
20180608,19.278,19.278,19.278,19.278,333,0
20180612,19.252,19.252,19.158,19.252,1993,0
20180613,19.215,19.216,19.207,19.216,482,0
20180614,19.123,19.123,19.048,19.048,659,0
20180618,19.115,19.115,19.115,19.115,319,0
20180622,19.147,19.147,19.147,19.147,174,0
20180626,19.142,19.188,18.933,18.933,102642,0
20180627,19.078,19.16,18.829,19.058,200339,0
20180628,18.789,18.858,18.789,18.858,648,0
20180629,18.911,19.038,18.761,18.775,26576,0
20180702,18.992,18.992,18.899,18.899,249,0
20180703,19.124,19.142,19.116,19.116,3013,0
20180705,19.04,19.04,19.04,19.04,238,0
20180706,19.049,19.097,19.049,19.097,5818,0
20180709,19.262,19.271,19.262,19.271,930,0
20180710,19.17,19.179,19.17,19.179,6698,0
20180711,19.049,19.152,19.012,19.152,2425,0
20180712,19.301,19.301,19.301,19.301,515,0
20180713,19.253,19.253,19.124,19.124,318,0
20180716,19.059,19.059,19.03,19.03,1934,0
20180717,19.392,19.392,19.172,19.172,2072,0
20180718,19.34,19.34,19.079,19.079,429,0
20180719,19.059,19.107,19.021,19.107,14504,0
20180720,19.152,19.347,19.152,19.273,286521,0
20180723,19.34,19.34,19.199,19.34,1324,0
20180724,19.152,19.161,19.152,19.161,4843,0
20180725,19.021,19.021,19.021,19.021,248,0
20180726,19.412,19.412,19.412,19.412,1123,0
20180730,19.42,19.42,19.352,19.352,1270,0
20180731,19.44,19.44,19.292,19.44,7345,0
20180801,19.392,19.397,19.392,19.397,617,0
20180802,19.229,19.229,19.229,19.229,495,0
20180803,19.347,19.347,19.347,19.347,448,0
20180806,19.319,19.329,19.31,19.31,2427,0
20180807,19.365,19.365,19.365,19.365,103,0
20180808,19.319,19.319,19.319,19.319,343,0
20180809,19.061,19.061,19.061,19.061,111,0
20180813,18.815,18.871,18.804,18.871,5042,0
20180814,18.973,18.973,18.809,18.809,434,0
20180815,18.898,18.898,18.666,18.674,1291,0
20180822,18.871,18.871,18.871,18.871,858,0
20180823,19.057,19.057,19.057,19.057,317,0
20180824,18.941,18.941,18.941,18.941,724,0
20180827,18.749,18.749,18.749,18.749,1350,0
20180828,18.787,18.787,18.787,18.787,186,0
20180829,18.684,18.847,18.684,18.847,1998,0
20180830,19,19,18.721,18.898,1200,0
20180911,18.498,18.498,18.498,18.498,359,0
20180913,18.795,18.795,18.795,18.795,219,0
20180914,18.646,18.765,18.646,18.765,356,0
20180919,18.795,18.889,18.795,18.889,1447,0
20180920,18.889,18.889,18.889,18.889,1339,0
20180924,18.955,19.066,18.834,18.936,694,0
20180925,18.982,19.106,18.982,19.106,352,0
20180926,19.133,19.133,19.029,19.029,1172,0
20180927,19,19.176,19,19.059,1608,0
20181001,18.842,18.842,18.842,18.842,218,0
20181003,19.123,19.123,19.123,19.123,315,0
20181004,19.078,19.078,19.078,19.078,359,0
20181009,18.643,18.643,18.643,18.643,294,0
20181010,19.048,19.048,19.048,19.048,373,0
20181016,19.19,19.19,19.19,19.19,1244,0
20181022,19.19,19.19,18.86,19.133,4986,0
20181029,19,19,19,19,549,0
20181030,18.728,18.728,18.728,18.728,960,0
20181031,18.908,18.908,18.908,18.908,629,0
20181101,18.727,18.893,18.727,18.893,996,0
20181102,19.088,19.088,19.088,19.088,314,0
20181106,19.143,19.143,19.143,19.143,417,0
20181108,19.143,19.143,19.143,19.143,1611,0
20181112,18.915,18.915,18.915,18.915,257,0
20181116,19.124,19.143,19.124,19.143,1497,0
20181120,18.809,18.809,18.809,18.809,419,0
20181126,18.737,18.99,18.737,18.99,29728,0
20181128,18.877,19.01,18.877,19.01,704,0
20181129,19.107,19.107,19.107,19.107,100,0
20181130,18.964,19.107,18.964,19.107,20304,0
20181203,19.027,19.027,19.027,19.027,246,0
20181206,18.918,18.918,18.918,18.918,505,0
20181207,19.107,19.162,19.107,19.162,332554,0
20181210,19.079,19.153,18.986,18.986,174878,0
20181211,19.134,19.153,18.879,19.01,1370,0
20181212,19.191,19.191,19,19.054,3039,0
20181213,19.034,19.034,19.034,19.034,404,0
20181214,19.134,19.134,19.02,19.02,101,0
20181217,19.181,19.181,18.906,19.049,218,0
20181218,18.936,19.088,18.936,19.088,3977,0
20181219,19.097,19.097,19.097,19.097,15,0
20181220,19.286,19.296,18.981,19.138,1898,0
20181221,18.995,19.237,18.99,18.995,133747,0
20181224,18.887,19.069,18.887,19.069,82738,0
20181226,19.257,19.257,19.102,19.102,261,0
20181227,18.973,19.124,18.947,19.049,15145,0
20181228,18.981,19.064,18.965,19.064,891,0
20181231,19.114,19.114,19.092,19.092,221,0
20190102,19.141,19.141,19.074,19.074,312,0
20190103,19.107,19.171,19.107,19.171,331,0
20190104,19.277,19.277,19.277,19.277,68,0
20190107,19.322,19.358,19.322,19.358,1632,0
20190108,19.399,19.419,19.367,19.367,1490,0
20190109,19.487,19.497,19.307,19.487,5942,0
20190110,19.487,19.487,19.487,19.487,26,0
20190111,19.472,19.472,19.472,19.472,35,0
20190114,19.492,19.492,19.492,19.492,5,0
20190115,19.497,19.497,19.497,19.497,90,0
20190116,19.372,19.706,19.372,19.515,32960,0
20190117,19.638,19.666,19.471,19.545,10004,0
20190118,19.55,19.55,19.55,19.55,1,0
20190122,19.619,19.619,19.619,19.619,1,0
20190123,19.691,19.691,19.601,19.601,508,0
20190124,19.754,19.772,19.47,19.686,1905,0
20190125,19.759,19.759,19.759,19.759,1,0
20190128,19.733,19.733,19.733,19.733,32,0
20190129,19.772,19.772,19.772,19.772,1,0
20190130,19.842,19.842,19.842,19.842,1,0
20190131,19.944,19.944,19.944,19.944,1,0
20190201,19.809,20.096,19.799,19.954,6326,0
20190204,19.964,19.964,19.964,19.964,1,0
20190205,19.977,19.977,19.977,19.977,66,0
20190206,20.144,20.144,19.972,19.972,7060,0
20190207,19.954,19.954,19.954,19.954,111,0
20190208,20.015,20.015,20.015,20.015,93,0
20190211,19.846,19.846,19.846,19.846,67,0
20190212,19.725,19.872,19.725,19.872,299428,0
20190213,19.867,19.867,19.867,19.867,1,0
20190214,19.847,19.847,19.847,19.847,2,0
20190215,19.895,19.895,19.895,19.895,62,0
20190219,19.807,19.807,19.807,19.807,1,0
20190220,19.872,19.872,19.872,19.872,101,0
20190221,19.964,19.982,19.872,19.872,659,0
20190222,19.907,19.966,19.887,19.966,483,0
20190225,19.936,19.98,19.936,19.98,231,0
20190226,19.992,19.992,19.992,19.992,16,0
20190227,20.162,20.162,20.021,20.021,1618,0
20190228,19.964,19.964,19.964,19.964,314,0
20190301,19.967,19.967,19.967,19.967,8,0
20190304,19.94,19.94,19.8,19.91,540,0
20190305,19.992,19.992,19.929,19.929,601,0
20190306,19.915,19.954,19.915,19.954,2116,0
20190307,19.887,19.895,19.732,19.732,1074,0
20190308,19.872,19.872,19.872,19.872,72,0
20190311,19.887,19.887,19.887,19.887,24,0
20190312,19.916,19.954,19.916,19.954,1100,0
20190313,19.949,19.949,19.949,19.949,96,0
20190314,19.924,19.924,19.924,19.924,69,0
20190315,19.895,20.068,19.895,20.068,57500,0
20190318,20.045,20.107,20.045,20.107,876,0
20190319,20.078,20.078,20.078,20.078,1,0
20190320,20.298,20.308,20.255,20.255,871,0
20190321,20.232,20.232,20.232,20.232,1,0
20190322,20.066,20.066,20.005,20.005,324,0
20190325,20.193,20.193,20.193,20.193,1,0
20190326,20.102,20.102,20.102,20.102,1,0
20190327,20.085,20.085,20.033,20.033,145,0
20190328,20.038,20.038,20.038,20.038,2,0
20190329,19.944,20.063,19.944,20.063,571,0
20190401,20.151,20.151,20.151,20.151,81,0
20190402,20.057,20.057,20.053,20.053,253,0
20190403,20.155,20.155,20.155,20.155,47,0
20190404,20.14,20.14,20.14,20.14,22,0
20190405,20.189,20.189,20.189,20.189,194,0
20190408,20.198,20.198,20.198,20.198,13,0
20190409,20.201,20.313,20.201,20.247,635,0
20190410,20.328,20.328,20.328,20.328,19,0
20190411,20.078,20.259,20.078,20.194,1100,0
20190412,20.319,20.319,20.319,20.319,33,0
20190415,20.198,20.198,20.198,20.198,8,0
20190416,20.15,20.15,20.15,20.15,21,0
20190417,20.242,20.242,20.242,20.242,19,0
20190418,20.16,20.16,20.16,20.16,24,0
20190422,20.188,20.188,20.188,20.188,25,0
20190423,20.126,20.126,20.126,20.126,1,0
20190424,20.038,20.053,20.038,20.053,100,0
20190426,20.15,20.15,20.15,20.15,38,0
20190429,20.116,20.116,20.116,20.116,1,0
20190430,20.175,20.175,20.175,20.175,54,0
20190501,20.32,20.32,20.189,20.189,15650,0
20190502,20.063,20.063,20.063,20.063,4,0
20190503,20.213,20.213,20.213,20.213,39,0
20190506,20.213,20.213,20.213,20.213,62,0
20190507,20.194,20.203,20.184,20.198,4292,0
20190508,20.29,20.29,20.243,20.243,296,0
20190509,20.184,20.184,20.116,20.116,2448,0
20190510,20.338,20.338,20.207,20.223,3481,0
20190513,20.082,20.082,20.082,20.082,1,0
20190514,20.17,20.17,20.17,20.17,139,0
20190515,20.136,20.136,20.136,20.136,1,0
20190516,20.092,20.092,20.092,20.092,38,0
20190517,20.097,20.136,20.023,20.023,12290,0
20190520,20.111,20.111,20.097,20.097,225,0
20190521,20.102,20.102,20.102,20.102,1,0
20190522,20.145,20.145,20.145,20.145,114,0
20190523,20.107,20.107,20.107,20.107,86,0
20190524,20.298,20.298,20.298,20.298,1,0
20190528,20.126,20.126,20.126,20.126,1,0
20190529,20.165,20.165,20.165,20.165,107,0
20190530,20.198,20.198,20.198,20.198,1,0
20190531,20.223,20.223,20.223,20.223,1,0
20190603,20.315,20.315,20.315,20.315,1,0
20190604,20.349,20.349,20.349,20.349,3,0
20190605,20.334,20.334,20.334,20.334,42,0
20190606,20.398,20.398,20.398,20.398,1,0
20190607,20.461,20.461,20.461,20.461,81,0
20190610,20.495,20.495,20.495,20.495,12,0
20190611,20.572,20.572,20.572,20.572,31,0
20190612,20.529,20.529,20.529,20.529,28,0
20190613,20.539,20.539,20.539,20.539,28,0
20190614,20.529,20.529,20.529,20.529,4,0
20190617,20.52,20.52,20.52,20.52,32,0
20190618,20.515,20.646,20.486,20.646,3119,0
20190619,20.719,20.719,20.719,20.719,28,0
20190620,20.913,20.913,20.913,20.913,12,0
20190621,20.855,20.855,20.855,20.855,2,0
20190624,20.86,20.86,20.86,20.86,28,0
20190625,20.865,20.865,20.865,20.865,28,0
20190626,20.891,20.891,20.885,20.885,517,0
20190627,20.999,20.999,20.819,20.825,449,0
20190628,21.007,21.007,20.938,20.938,623,0
20190701,20.967,20.967,20.967,20.967,11,0
20190702,20.925,20.958,20.925,20.958,287,0
20190703,21.045,21.045,21.045,21.045,126,0
20190705,21.026,21.026,21.026,21.026,1,0
20190708,20.913,21.069,20.913,21.069,333,0
20190709,21.016,21.016,21.016,21.016,10,0
20190710,20.894,21.026,20.894,21.026,158,0
20190711,21.064,21.084,21.064,21.084,100,0
20190712,21.064,21.064,21.064,21.064,1,0
20190715,21.074,21.074,21.074,21.074,1,0
20190716,21.036,21.036,21.036,21.036,1,0
20190717,20.97,21.055,20.97,21.055,412,0
20190718,21.054,21.152,21.054,21.152,388,0
20190719,21.152,21.152,21.152,21.152,1,0
20190722,21.076,21.142,21.076,21.142,192,0
20190723,21.167,21.167,21.167,21.167,5,0
20190724,21.089,21.241,21.089,21.241,510,0
20190725,21.089,21.089,21.089,21.089,277,0
20190726,21.089,21.172,21.089,21.172,552,0
20190729,21.129,21.129,21.129,21.129,75,0
20190730,21.138,21.138,21.138,21.138,1,0
20190731,21.074,21.074,21.074,21.074,1,0
20190801,20.884,20.952,20.884,20.952,205,0
20190802,20.824,20.912,20.795,20.912,21812,0
20190805,20.906,20.907,20.906,20.907,325,0
20190806,21.016,21.016,21.016,21.016,8,0
20190807,20.982,21.011,20.982,20.996,578,0
20190808,21.263,21.263,21.124,21.124,575,0
20190809,21.151,21.151,21.089,21.089,564,0
20190812,20.986,20.986,20.986,20.986,1,0
20190813,21.114,21.114,21.114,21.114,1,0
20190814,21.053,21.053,20.986,20.986,293,0
20190815,21.073,21.073,21.006,21.006,179,0
20190816,21.262,21.262,21.036,21.036,290,0
20190819,20.977,20.977,20.977,20.977,2,0
20190820,21.187,21.187,21.011,21.011,261,0
20190821,21.055,21.055,21.055,21.055,1,0
20190822,20.957,21.011,20.957,21.011,145,0
20190823,21.015,21.015,21.015,21.015,1,0
20190826,21.021,21.021,21.021,21.021,5,0
20190827,20.977,20.977,20.977,20.977,5,0
20190828,20.746,20.952,20.746,20.952,1635,0
20190829,21.001,21.001,21.001,21.001,1,0
20190830,21.016,21.016,21.016,21.016,1,0
20190903,20.794,21.194,20.794,21.059,248,0
20190904,21.243,21.243,21.243,21.243,1,0
20190905,21.188,21.188,21.188,21.188,39,0
20190906,21.243,21.243,21.243,21.243,1,0
20190909,21.183,21.183,21.183,21.183,28,0
20190910,21.153,21.153,21.153,21.153,13,0
20190911,21.129,21.129,21.129,21.129,35,0
20190912,21.223,21.223,21.223,21.223,24,0
20190913,21.213,21.213,21.213,21.213,24,0
20190916,21.069,21.069,21.069,21.069,24,0
20190917,21.104,21.104,21.104,21.104,8,0
20190918,21.138,21.139,21.138,21.139,249,0
20190919,21.134,21.134,21.134,21.134,24,0
20190920,21.114,21.114,21.114,21.114,24,0
20190923,21.134,21.134,21.134,21.134,1,0
20190924,21.268,21.268,21.183,21.183,100,0
20190925,21.089,21.089,21.089,21.089,55,0
20190926,21.114,21.114,21.114,21.114,24,0
20190927,21.094,21.094,21.094,21.094,24,0
20190930,21.188,21.188,21.188,21.188,106,0
20191001,21.203,21.203,21.203,21.203,31,0
20191002,21.233,21.233,21.233,21.233,21,0
20191003,21.366,21.366,21.182,21.311,1367,0
20191004,21.293,21.321,21.293,21.321,100,0
20191007,21.252,21.252,21.252,21.252,61,0
20191008,21.181,21.198,21.181,21.198,242,0
20191009,21.247,21.291,21.247,21.291,1320,0
20191010,21.306,21.306,21.306,21.306,14,0
20191011,21.335,21.335,21.335,21.335,26,0
20191014,21.301,21.301,21.301,21.301,20,0
20191015,21.277,21.277,21.277,21.277,20,0
20191016,21.291,21.291,21.291,21.291,1,0
20191017,21.515,21.515,21.515,21.515,1055,0
20191018,21.336,21.336,21.336,21.336,34,0
20191021,21.321,21.321,21.321,21.321,34,0
20191022,21.4,21.4,21.4,21.4,34,0
20191023,21.395,21.395,21.395,21.395,2,0
20191024,21.41,21.41,21.41,21.41,55,0
20191025,21.43,21.43,21.43,21.43,34,0
20191028,21.455,21.455,21.455,21.455,24,0
20191029,21.39,21.39,21.39,21.39,14,0
20191030,21.524,21.524,21.524,21.524,15,0
20191031,21.232,21.593,21.232,21.386,2808,0
20191101,21.455,21.455,21.455,21.455,1,0
20191104,21.412,21.412,21.376,21.376,537,0
20191105,21.475,21.574,21.425,21.425,26168,0
20191106,21.584,21.584,21.405,21.405,422,0
20191107,21.415,21.415,21.415,21.415,27,0
20191108,21.371,21.371,21.371,21.371,47,0
20191111,21.371,21.371,21.371,21.371,18,0
20191112,21.227,21.321,21.227,21.321,202,0
20191113,21.285,21.326,21.285,21.326,113,0
20191114,21.356,21.356,21.356,21.356,23,0
20191115,21.584,21.584,21.405,21.405,3290,0
20191118,21.389,21.389,21.361,21.361,115,0
20191119,21.376,21.376,21.366,21.366,638,0
20191120,21.326,21.326,21.326,21.326,1,0
20191121,21.298,21.298,21.298,21.298,1739,0
20191122,21.465,21.475,21.351,21.351,598,0
20191125,21.231,21.331,21.231,21.331,223,0
20191126,21.411,21.534,21.411,21.534,908,0
20191127,21.376,21.376,21.376,21.376,26,0
20191129,21.564,21.564,21.564,21.564,22,0
20191202,21.889,21.889,21.401,21.401,201,0
20191203,21.262,21.262,21.262,21.262,22,0
20191204,21.321,21.321,21.321,21.321,943,0
20191205,21.467,21.467,21.331,21.331,643,0
20191206,21.371,21.371,21.371,21.371,28,0
20191209,21.429,21.476,21.429,21.476,3377,0
20191210,21.391,21.391,21.391,21.391,39,0
20191211,21.461,21.461,21.461,21.461,23,0
20191212,21.411,21.411,21.411,21.411,1,0
20191213,21.53,21.53,21.53,21.53,8,0
20191216,21.71,21.71,21.59,21.59,277,0
20191217,21.59,21.59,21.59,21.59,18,0
20191218,21.55,21.55,21.55,21.55,101,0
20191219,21.61,21.61,21.61,21.61,18,0
20191220,21.411,21.575,21.411,21.575,202,0
20191223,21.461,21.6,21.461,21.6,1008,0
20191224,21.635,21.635,21.635,21.635,25,0
20191226,21.67,21.67,21.67,21.67,3,0
20191227,21.491,21.645,21.491,21.645,194,0
20191230,21.76,21.76,21.76,21.76,43,0
20191231,21.7367,21.79,21.7367,21.79,239,0
20200102,21.645,21.645,21.645,21.645,47,0
20200103,21.9,21.9,21.5,21.7,2240,0
20200106,21.96,21.96,21.785,21.785,2451,0
20200107,21.73,21.7481,21.66,21.66,400,0
20200108,21.6238,21.9307,21.6238,21.82,690,0
20200109,21.69,21.69,21.69,21.69,181,0
20200110,21.815,21.815,21.815,21.815,3,0
20200113,21.78,21.78,21.78,21.78,14,0
20200114,21.83,21.83,21.83,21.83,59,0
20200115,21.8867,21.8867,21.836,21.836,124,0
20200116,21.845,21.845,21.845,21.845,23,0
20200117,21.855,21.855,21.855,21.855,14,0
20200121,22,22,21.805,21.805,11849,0
20200122,22.11,22.11,21.905,21.905,175,0
20200123,21.725,21.9,21.725,21.765,341,0
