Date,Open,High,Low,Close,Volume,OpenInt
20131029,23.689,23.734,23.579,23.734,31595,0
20131030,23.92,23.92,23.505,23.607,27034,0
20131031,24.513,25.023,23.553,23.651,10139,0
20131101,23.903,23.903,23.553,23.689,34456,0
20131104,23.957,23.957,23.706,23.801,67210,0
20131105,23.762,23.847,23.632,23.831,19837,0
20131106,24.04,24.04,23.715,23.724,30588,0
20131107,23.903,23.903,23.246,23.264,35348,0
20131108,23.525,23.607,23.29,23.607,33214,0
20131111,23.607,23.715,23.607,23.669,38232,0
20131112,24.013,24.013,23.562,23.625,25371,0
20131113,23.715,23.993,23.579,23.984,25993,0
20131114,24.049,24.151,24.003,24.132,31355,0
20131115,24.327,24.327,24.114,24.217,76441,0
20131118,24.307,24.307,23.993,24.013,68588,0
20131119,24.105,24.105,23.894,23.903,18800,0
20131120,24.142,24.142,23.801,23.801,31853,0
20131121,24.023,24.122,23.875,24.057,129919,0
20131122,24.364,24.364,24.04,24.246,73137,0
20131125,24.374,24.374,24.189,24.198,66854,0
20131126,24.44,24.44,24.217,24.364,27795,0
20131127,24.456,24.466,24.374,24.466,39570,0
20131129,24.653,24.653,24.448,24.476,32239,0
20131202,24.529,24.529,24.355,24.364,30735,0
20131203,24.346,24.346,24.105,24.18,34849,0
20131204,24.246,24.255,23.957,24.105,18121,0
20131205,24.189,24.189,24.066,24.122,22984,0
20131206,24.272,24.307,24.142,24.281,21259,0
20131209,24.402,24.402,24.255,24.255,62756,0
20131210,24.255,24.337,24.255,24.289,43247,0
20131211,24.355,24.355,24.04,24.04,39394,0
20131212,23.984,24.066,23.947,23.984,38779,0
20131213,24.057,24.114,24.04,24.049,48147,0
20131216,24.208,24.263,24.161,24.217,47345,0
20131217,24.246,24.246,24.057,24.161,20835,0
20131218,24.237,24.484,24.057,24.484,45915,0
20131219,24.568,24.568,24.412,24.456,28182,0
20131220,24.545,24.649,24.545,24.574,57632,0
20131223,24.751,24.805,24.649,24.733,56512,0
20131224,24.779,24.814,24.751,24.805,18599,0
20131226,24.869,24.964,24.85,24.946,56457,0
20131227,25.186,25.186,24.869,24.879,56637,0
20131230,25.002,25.002,24.869,24.955,71199,0
20131231,25.056,25.102,24.983,25.056,65712,0
20140102,25.012,25.012,24.869,24.937,103824,0
20140103,24.946,25.021,24.879,24.889,101742,0
20140106,25.039,25.039,24.704,24.743,174561,0
20140107,24.992,24.992,24.814,24.899,71806,0
20140108,24.841,24.899,24.779,24.85,76270,0
20140109,24.869,24.869,24.649,24.796,70144,0
20140110,24.889,24.889,24.743,24.879,53495,0
20140113,24.937,24.937,24.332,24.37,174158,0
20140114,24.428,24.629,24.37,24.602,41208,0
20140115,24.649,24.714,24.629,24.639,44170,0
20140116,24.714,24.714,24.5,24.536,81982,0
20140117,24.472,24.518,24.398,24.398,61855,0
20140121,24.49,24.49,24.251,24.36,76864,0
20140122,24.408,24.472,24.332,24.462,37513,0
20140123,24.481,24.481,24.137,24.259,85801,0
20140124,24.053,24.127,23.805,23.815,106543,0
20140127,23.851,23.871,23.479,23.728,64456,0
20140128,23.795,23.898,23.757,23.842,22854,0
20140129,23.61,23.682,23.45,23.479,79617,0
20140130,23.654,23.941,23.654,23.879,31545,0
20140131,23.45,23.757,23.45,23.601,46464,0
20140203,23.618,23.618,22.905,22.951,160349,0
20140204,23.117,23.258,23.03,23.221,24466,0
20140205,23.117,23.239,22.923,23.239,81979,0
20140206,23.376,23.719,23.376,23.7,32531,0
20140207,23.861,24.007,23.805,24.007,42785,0
20140210,23.997,24.017,23.916,23.987,51462,0
20140211,24.071,24.251,24.026,24.204,23608,0
20140212,24.259,24.312,24.175,24.185,13686,0
20140213,23.997,24.37,23.997,24.312,13792,0
20140214,24.39,24.51,24.312,24.445,27923,0
20140218,24.584,24.584,24.408,24.518,18180,0
20140219,24.622,24.622,24.294,24.294,79062,0
20140220,24.294,24.51,24.294,24.453,30131,0
20140221,24.629,24.629,24.526,24.536,37093,0
20140224,24.5,24.796,24.5,24.676,24674,0
20140225,24.668,24.85,24.668,24.814,17525,0
20140226,24.841,25.12,24.841,24.983,46670,0
20140227,25.159,25.251,24.946,25.082,48289,0
20140228,25.056,25.242,24.964,25.139,29489,0
20140303,24.964,25.03,24.779,24.937,41607,0
20140304,25.335,25.335,25.242,25.31,18762,0
20140305,25.485,25.485,25.31,25.34,32529,0
20140306,25.437,25.457,25.35,25.417,39849,0
20140307,25.606,25.606,25.326,25.359,30732,0
20140310,25.447,25.447,25.177,25.3,11385,0
20140311,25.437,25.437,25.112,25.168,11906,0
20140312,25.129,25.129,24.927,25.112,23350,0
20140313,25.29,25.29,24.751,24.788,64440,0
20140314,24.879,24.937,24.823,24.831,28134,0
20140317,24.973,25.048,24.937,24.992,34129,0
20140318,25.129,25.149,25.002,25.139,21967,0
20140319,25.233,25.233,24.927,24.973,25605,0
20140320,24.964,25.056,24.909,25.012,11361,0
20140321,25.139,25.159,24.869,24.869,10669,0
20140324,25.039,25.039,24.479,24.621,22134,0
20140325,24.751,24.751,24.34,24.426,23240,0
20140326,24.47,24.573,24.249,24.257,12356,0
20140327,24.434,24.434,24.014,24.115,22411,0
20140328,24.24,24.46,24.24,24.32,14475,0
20140331,24.524,24.573,24.47,24.517,13377,0
20140401,24.498,24.869,24.498,24.859,28655,0
20140402,24.946,25.056,24.879,25.039,40051,0
20140403,25.092,25.092,24.804,24.909,72171,0
20140404,24.946,24.964,24.416,24.451,25274,0
20140407,24.396,24.396,23.801,23.921,28818,0
20140408,23.921,24.172,23.904,24.153,26890,0
20140409,24.192,24.443,24.115,24.434,16935,0
20140410,24.498,24.498,23.831,23.876,21137,0
20140411,23.533,23.782,23.494,23.503,36626,0
20140414,23.64,23.762,23.523,23.562,19687,0
20140415,23.668,23.811,23.314,23.668,19364,0
20140416,23.821,23.994,23.811,23.994,11802,0
20140417,23.976,24.107,23.967,24.014,21858,0
20140421,24.078,24.107,23.948,24.097,11158,0
20140422,24.153,24.426,24.153,24.368,34274,0
20140423,24.358,24.358,24.201,24.201,9774,0
20140424,24.368,24.368,24.107,24.31,27688,0
20140425,24.153,24.153,23.904,23.913,29946,0
20140428,23.894,24.059,23.552,23.84,34737,0
20140429,23.921,23.985,23.782,23.967,19012,0
20140430,23.994,24.097,23.876,24.042,17699,0
20140501,24.059,24.274,24.059,24.172,10109,0
20140502,24.274,24.388,24.172,24.266,10926,0
20140505,24.211,24.292,24.068,24.266,14431,0
20140506,24.172,24.211,23.967,23.976,15803,0
20140507,24.088,24.088,23.734,23.894,24656,0
20140508,23.913,24.163,23.857,23.876,21534,0
20140509,23.772,24.032,23.772,24.023,4876,0
20140512,24.201,24.368,24.172,24.358,39879,0
20140513,24.443,24.443,24.266,24.284,16054,0
20140514,24.284,24.292,24.004,24.014,21133,0
20140515,24.014,24.014,23.614,23.847,19520,0
20140516,23.921,24.032,23.792,24.023,23971,0
20140519,23.985,24.134,23.967,24.124,6911,0
20140520,24.004,24.042,23.821,23.876,13762,0
20140521,23.894,24.172,23.894,24.163,35194,0
20140522,24.097,24.32,24.097,24.284,18123,0
20140523,24.23,24.517,24.23,24.488,25673,0
20140527,24.621,24.658,24.583,24.628,24069,0
20140528,24.573,24.628,24.488,24.563,1320495,0
20140529,24.648,24.667,24.544,24.667,24936,0
20140530,24.667,24.703,24.583,24.648,100474,0
20140602,24.591,24.769,24.591,24.76,19213,0
20140603,24.638,24.713,24.611,24.703,21090,0
20140604,24.621,24.84,24.573,24.822,40392,0
20140605,24.722,25.012,24.722,24.964,24316,0
20140606,24.937,25.12,24.937,25.12,26160,0
20140609,25.139,25.234,25.12,25.149,18547,0
20140610,25.187,25.187,25.048,25.092,105502,0
20140611,25.073,25.082,24.983,25.048,13471,0
20140612,25.082,25.082,24.667,24.713,18408,0
20140613,24.713,24.751,24.591,24.732,24202,0
20140616,24.76,24.831,24.675,24.831,29810,0
20140617,24.751,24.955,24.751,24.946,50172,0
20140618,24.927,25.102,24.889,25.102,19208,0
20140619,25.12,25.178,24.992,25.048,23922,0
20140620,25.059,25.075,24.967,24.985,11320,0
20140623,24.949,25.059,24.92,25.059,23102,0
20140624,25.042,25.21,24.957,24.967,17440,0
20140625,24.976,25.21,24.976,25.21,13482,0
20140626,25.042,25.19,25.024,25.19,15322,0
20140627,25.033,25.322,25.033,25.322,9204,0
20140630,25.471,25.471,25.276,25.295,12651,0
20140701,25.403,25.637,25.403,25.565,21727,0
20140702,25.673,25.673,25.556,25.556,30011,0
20140703,25.646,25.787,25.627,25.777,15656,0
20140707,25.759,25.759,25.548,25.556,15942,0
20140708,25.471,25.5,25.246,25.314,19636,0
20140709,25.413,25.594,25.33,25.594,35305,0
20140710,25.286,25.422,25.19,25.345,28986,0
20140711,25.452,25.452,25.322,25.374,19756,0
20140714,25.548,25.548,25.442,25.481,15907,0
20140715,25.646,25.646,25.256,25.355,17881,0
20140716,25.538,25.538,25.393,25.403,28116,0
20140717,25.364,25.422,25.115,25.171,24629,0
20140718,25.276,25.413,25.228,25.413,14373,0
20140721,25.33,25.355,25.22,25.305,33862,0
20140722,25.432,25.432,25.364,25.384,14521,0
20140723,25.5,25.5,25.314,25.384,14759,0
20140724,25.432,25.5,25.432,25.452,15119,0
20140725,25.384,25.384,25.162,25.162,22211,0
20140728,25.152,25.228,25.059,25.2,23234,0
20140729,25.314,25.345,25.171,25.171,6037,0
20140730,25.286,25.374,25.115,25.266,23834,0
20140731,25.142,25.305,24.806,24.824,20122,0
20140801,24.78,24.94,24.613,24.705,19509,0
20140804,24.761,25.014,24.63,24.985,18890,0
20140805,24.892,25.005,24.724,24.815,27859,0
20140806,24.668,24.902,24.63,24.771,12408,0
20140807,24.872,25.024,24.585,24.613,11369,0
20140808,24.752,24.976,24.63,24.957,6529,0
20140811,25.085,25.171,25.085,25.132,137636,0
20140812,25.05,25.162,24.976,25.014,143412,0
20140813,24.976,25.152,24.976,25.095,37745,0
20140814,25.132,25.266,25.115,25.266,9328,0
20140815,25.374,25.374,25.095,25.256,6525,0
20140818,25.452,25.51,25.442,25.491,20522,0
20140819,25.611,25.711,25.584,25.692,17488,0
20140820,25.683,25.824,25.646,25.804,52886,0
20140821,25.834,25.834,25.75,25.759,13644,0
20140822,25.72,25.862,25.72,25.814,16633,0
20140825,25.965,25.965,25.862,25.882,130458,0
20140826,25.872,25.965,25.872,25.907,73116,0
20140827,25.947,25.993,25.898,25.937,36400,0
20140828,25.795,25.956,25.795,25.927,31791,0
20140829,25.89,25.89,25.824,25.882,90025,0
20140902,26.011,26.011,25.862,25.975,1372003,0
20140903,26.114,26.114,25.89,25.898,164078,0
20140904,26.057,26.076,25.947,25.965,59050,0
20140905,26.039,26.039,25.844,26.029,59336,0
20140908,26.086,26.086,25.834,25.947,19547,0
20140909,25.844,25.882,25.692,25.701,28548,0
20140910,25.711,25.814,25.627,25.804,1272667,0
20140911,25.824,25.853,25.75,25.844,27144,0
20140912,25.853,25.853,25.692,25.759,24393,0
20140915,25.787,25.787,25.602,25.646,14891,0
20140916,25.519,25.814,25.519,25.759,58396,0
20140917,25.777,25.853,25.75,25.824,14613,0
20140918,25.947,25.947,25.824,25.872,19887,0
20140919,25.952,26.017,25.8,25.868,64819,0
20140922,25.736,25.8,25.427,25.476,45484,0
20140923,25.496,25.496,25.271,25.271,41694,0
20140924,25.326,25.514,25.205,25.505,42220,0
20140925,25.486,25.486,25.126,25.165,26757,0
20140926,25.379,25.427,25.241,25.408,38125,0
20140929,25.215,25.369,25.175,25.271,361444,0
20140930,25.35,25.35,25.126,25.175,34643,0
20141001,25.054,25.146,24.738,24.793,460410,0
20141002,24.856,24.944,24.519,24.914,38336,0
20141003,25.089,25.317,25.054,25.271,53348,0
20141006,25.417,25.417,25.117,25.117,22804,0
20141007,24.934,25.018,24.774,24.774,76187,0
20141008,24.8,25.136,24.643,25.109,49841,0
20141009,25.062,25.07,24.568,24.587,38266,0
20141010,24.529,24.643,24.304,24.304,927279,0
20141013,24.314,24.314,23.803,23.803,39710,0
20141014,23.95,24.146,23.896,23.932,56018,0
20141015,23.606,23.932,23.323,23.878,492238,0
20141016,23.417,24.016,23.417,23.95,35451,0
20141017,24.233,24.372,24.1,24.194,48230,0
20141020,24.214,24.513,24.194,24.493,1527087,0
20141021,24.689,24.989,24.662,24.944,165381,0
20141022,25.018,25.079,24.728,24.738,244796,0
20141023,25.036,25.223,24.989,25.079,35926,0
20141024,24.989,25.079,24.934,25.079,33854,0
20141027,25.009,25.146,24.971,25.117,18125,0
20141028,25.156,25.427,25.146,25.398,46108,0
20141029,25.466,25.505,25.223,25.369,51243,0
20141030,25.335,25.57,25.251,25.496,1426368,0
20141031,25.746,25.849,25.697,25.736,65862,0
20141103,25.8,25.82,25.697,25.756,90322,0
20141104,25.669,25.717,25.35,25.466,44884,0
20141105,25.679,25.679,25.486,25.57,19031,0
20141106,25.669,25.81,25.599,25.81,34514,0
20141107,25.689,25.82,25.689,25.746,13131,0
20141110,25.717,25.83,25.669,25.746,28649,0
20141111,25.756,25.868,25.736,25.868,28475,0
20141112,25.8,26.053,25.8,26.035,118428,0
20141113,26.121,26.242,26.072,26.138,42698,0
20141114,26.138,26.27,26.138,26.27,31930,0
20141117,26.203,26.288,26.138,26.185,33198,0
20141118,26.288,26.318,26.147,26.262,97503,0
20141119,26.318,26.373,26.232,26.335,249217,0
20141120,26.318,26.561,26.308,26.476,37412,0
20141121,26.746,26.773,26.512,26.532,31112,0
20141124,26.66,26.822,26.633,26.822,58157,0
20141125,26.877,26.998,26.831,26.913,33381,0
20141126,27.103,27.103,26.868,26.904,42880,0
20141128,27.026,27.259,27.026,27.194,50563,0
20141201,27.151,27.185,26.877,26.886,143899,0
20141202,26.951,27.026,26.904,26.961,68723,0
20141203,26.922,27.045,26.913,27.017,1092125,0
20141204,27.073,27.073,26.868,26.961,81753,0
20141205,27.045,27.054,26.971,26.971,262576,0
20141208,26.998,27.045,26.698,26.754,112563,0
20141209,26.437,26.783,26.418,26.773,128793,0
20141210,26.802,26.802,26.363,26.391,44596,0
20141211,26.551,26.84,26.503,26.6,58793,0
20141212,26.532,26.689,26.437,26.437,115300,0
20141215,26.642,26.642,26.166,26.298,53042,0
20141216,26.129,26.363,25.913,25.913,865633,0
20141217,26.111,26.391,25.943,26.353,36025,0
20141218,26.822,26.822,26.541,26.764,77049,0
20141219,27.051,27.051,26.742,26.92,114304,0
20141222,27.023,27.139,26.995,27.119,61010,0
20141223,27.202,27.362,27.202,27.313,728555,0
20141224,27.295,27.371,27.258,27.266,29926,0
20141226,27.447,27.457,27.352,27.39,46669,0
20141229,27.437,27.633,27.39,27.614,3029899,0
20141230,27.437,27.624,27.437,27.511,575974,0
20141231,27.652,27.691,27.39,27.41,119498,0
20150102,27.699,27.699,26.995,27.139,110940,0
20150105,27.129,27.129,26.603,26.685,142075,0
20150106,26.818,26.818,26.189,26.413,309475,0
20150107,26.704,26.827,26.595,26.827,83419,0
20150108,27.051,27.248,27.033,27.22,138166,0
20150109,27.4,27.4,26.882,26.92,118544,0
20150112,26.92,26.92,26.704,26.779,61178,0
20150113,27.033,27.228,26.603,26.798,115974,0
20150114,26.442,26.566,26.189,26.481,109581,0
20150115,26.656,26.704,26.124,26.133,165277,0
20150116,26.115,26.452,25.926,26.452,135616,0
20150120,26.556,26.556,26.066,26.256,2620052,0
20150121,26.236,26.488,26.189,26.413,1041053,0
20150122,26.595,26.968,26.566,26.902,59878,0
20150123,26.948,27.023,26.827,26.882,53949,0
20150126,26.968,27.08,26.827,27.061,135279,0
20150127,26.836,27.042,26.723,26.902,45022,0
20150128,26.968,27.023,26.546,26.575,54478,0
20150129,26.585,26.911,26.508,26.892,336971,0
20150130,26.948,26.948,26.537,26.546,53282,0
20150202,26.566,26.779,26.216,26.742,87447,0
20150203,27.051,27.352,26.827,27.343,165313,0
20150204,27.248,27.624,27.183,27.484,75371,0
20150205,27.577,27.691,27.577,27.682,67929,0
20150206,27.906,27.906,27.548,27.633,212931,0
20150209,27.577,27.633,27.437,27.529,83191,0
20150210,27.682,27.906,27.595,27.858,69530,0
20150211,27.897,27.952,27.735,27.858,33594,0
20150212,27.952,28.169,27.906,28.169,66818,0
20150213,28.252,28.347,28.196,28.347,85947,0
20150217,28.385,28.439,28.196,28.318,101936,0
20150218,28.347,28.43,28.233,28.328,112718,0
20150219,28.375,28.449,28.347,28.403,93997,0
20150220,28.375,28.599,28.271,28.59,41803,0
20150223,28.657,28.657,28.478,28.55,39927,0
20150224,28.667,28.695,28.59,28.667,42878,0
20150225,28.723,28.936,28.695,28.842,86061,0
20150226,28.852,28.862,28.714,28.797,42015,0
20150227,28.824,28.862,28.732,28.759,53546,0
20150302,28.75,29.069,28.75,29.059,3482414,0
20150303,29.059,29.182,28.815,28.995,671857,0
20150304,28.88,28.88,28.723,28.824,254585,0
20150305,28.842,28.975,28.777,28.842,55117,0
20150306,28.852,28.852,28.439,28.495,74094,0
20150309,28.55,28.667,28.495,28.647,69830,0
20150310,28.403,28.608,28.188,28.206,102987,0
20150311,28.216,28.309,28.067,28.103,59810,0
20150312,28.365,28.657,28.178,28.647,134009,0
20150313,28.608,28.608,28.309,28.449,229213,0
20150316,28.56,28.759,28.56,28.723,96162,0
20150317,28.514,28.714,28.514,28.647,62793,0
20150318,28.524,28.966,28.43,28.89,45309,0
20150319,28.89,28.966,28.767,28.862,80280,0
20150320,29.116,29.21,29.003,29.173,44992,0
20150323,29.248,29.311,29.126,29.145,105379,0
20150324,29.182,29.182,28.994,29.003,65931,0
20150325,29.003,29.003,28.522,28.53,112716,0
20150326,28.326,28.476,28.222,28.354,57954,0
20150327,28.306,28.539,28.306,28.522,37111,0
20150330,28.578,28.871,28.578,28.814,106868,0
20150331,28.655,28.965,28.655,28.713,96554,0
20150401,28.684,28.684,28.401,28.539,188106,0
20150402,28.731,28.851,28.512,28.796,49023,0
20150406,28.703,29.059,28.703,28.974,103995,0
20150407,28.984,29.049,28.776,28.776,47079,0
20150408,28.871,29.049,28.776,29.039,64547,0
20150409,29.106,29.145,28.871,29.088,64743,0
20150410,29.097,29.191,29.059,29.163,108995,0
20150413,29.163,29.201,28.984,29.003,75712,0
20150414,29.059,29.059,28.804,28.965,93681,0
20150415,29.059,29.097,28.965,28.965,89504,0
20150416,28.945,29.069,28.917,29.003,39668,0
20150417,28.917,29.049,28.512,28.597,119840,0
20150420,28.759,28.899,28.713,28.889,77716,0
20150421,28.955,28.965,28.823,28.917,70134,0
20150422,28.899,28.984,28.796,28.955,53936,0
20150423,29.003,29.191,28.965,29.116,67418,0
20150424,29.34,29.463,29.321,29.445,90173,0
20150427,29.55,29.612,29.163,29.182,52637,0
20150428,29.201,29.21,28.917,29.078,60718,0
20150429,28.974,29.078,28.759,28.917,50723,0
20150430,28.851,28.871,28.447,28.539,260525,0
20150501,28.749,28.917,28.694,28.908,69332,0
20150504,29.029,29.145,28.965,29.011,55402,0
20150505,29.039,29.039,28.684,28.713,67737,0
20150506,28.804,28.804,28.447,28.548,76478,0
20150507,28.578,28.804,28.522,28.776,169486,0
20150508,29.106,29.35,28.984,29.003,53911,0
20150511,28.965,29.106,28.899,28.908,70288,0
20150512,28.703,28.955,28.607,28.861,204957,0
20150513,28.879,28.935,28.684,28.684,173330,0
20150514,28.851,28.908,28.635,28.814,50402,0
20150515,28.926,29.003,28.861,29.003,44192,0
20150518,29.078,29.219,29.021,29.182,52591,0
20150519,29.191,29.321,29.145,29.182,71351,0
20150520,29.182,29.293,29.059,29.182,47425,0
20150521,29.135,29.35,29.078,29.293,50191,0
20150522,29.293,29.33,29.191,29.219,42428,0
20150526,29.21,29.266,28.965,29.021,106379,0
20150527,29.039,29.248,29.011,29.21,96023,0
20150528,29.173,29.201,29.097,29.145,27954,0
20150529,29.116,29.173,28.935,28.984,79116,0
20150601,28.965,29.153,28.917,29.021,124519,0
20150602,28.974,29.238,28.945,29.106,58581,0
20150603,29.201,29.369,29.097,29.321,357503,0
20150604,29.173,29.321,29.106,29.126,154293,0
20150605,29.059,29.173,28.994,29.126,24885,0
20150608,29.059,29.106,28.908,28.917,64014,0
20150609,28.879,28.984,28.703,28.871,43396,0
20150610,29.011,29.21,28.965,29.173,43023,0
20150611,29.302,29.35,29.219,29.248,28284,0
20150612,29.135,29.21,29.097,29.153,123136,0
20150615,28.917,29.039,28.871,28.994,32221,0
20150616,28.994,29.173,28.994,29.163,43386,0
20150617,29.238,29.359,29.097,29.275,108144,0
20150618,29.387,29.697,29.387,29.628,49765,0
20150619,29.698,29.698,29.551,29.569,66905,0
20150622,29.853,29.853,29.649,29.698,56512,0
20150623,29.871,29.871,29.718,29.796,41976,0
20150624,29.796,29.805,29.559,29.586,52909,0
20150625,29.777,29.777,29.532,29.577,53969,0
20150626,29.639,29.718,29.569,29.668,44109,0
20150629,29.435,29.503,28.964,28.983,55984,0
20150630,29.182,29.257,28.993,29.125,690244,0
20150701,29.405,29.435,29.257,29.405,166359,0
20150702,29.551,29.594,29.266,29.369,217783,0
20150706,29.105,29.453,29.105,29.293,970696,0
20150707,29.453,29.503,28.925,29.473,72206,0
20150708,29.275,29.415,28.907,28.944,78886,0
20150709,29.219,29.425,29.038,29.068,130839,0
20150710,29.311,29.532,29.293,29.493,92138,0
20150713,29.708,29.915,29.639,29.915,202093,0
20150714,29.915,29.98,29.881,29.933,83390,0
20150715,29.99,29.99,29.833,29.862,64499,0
20150716,29.999,30.067,29.924,30.058,114087,0
20150717,30.096,30.096,29.891,29.98,78675,0
20150720,30.086,30.106,29.933,29.98,151410,0
20150721,29.99,29.99,29.815,29.9,62982,0
20150722,29.805,30.039,29.805,29.99,43368,0
20150723,30.106,30.182,29.777,29.796,50151,0
20150724,30.135,30.211,29.698,29.737,80266,0
20150727,29.924,29.924,29.415,29.435,69343,0
20150728,29.594,29.796,29.445,29.737,76447,0
20150729,29.796,30.048,29.747,30.039,67858,0
20150730,30.048,30.192,29.9,30.173,42412,0
20150731,30.293,30.387,30.135,30.283,62242,0
20150803,30.32,30.32,29.951,30.125,359330,0
20150804,30.135,30.347,30.135,30.264,97547,0
20150805,30.302,30.32,29.99,30.058,58104,0
20150806,30.086,30.086,29.275,29.604,90718,0
20150807,29.513,29.659,29.369,29.659,69980,0
20150810,29.708,29.9,29.708,29.833,42093,0
20150811,29.415,29.698,29.369,29.503,93706,0
20150812,28.605,29.415,28.605,29.34,115149,0
20150813,29.415,29.777,29.369,29.577,70192,0
20150814,29.577,29.659,29.473,29.586,135931,0
20150817,29.493,29.881,29.473,29.881,51320,0
20150818,29.909,29.999,29.824,29.891,75598,0
20150819,29.862,29.97,29.629,29.815,46653,0
20150820,29.678,29.678,28.954,28.954,85778,0
20150821,28.586,28.757,28.02,28.134,418074,0
20150824,24.839,27.86,22.163,27.03,530908,0
20150825,28.653,28.653,26.841,26.841,424650,0
20150826,27.37,27.822,26.936,27.785,141975,0
20150827,28.284,28.537,28.05,28.435,201455,0
20150828,28.399,28.653,28.37,28.483,147063,0
20150831,28.454,28.566,28.22,28.38,414999,0
20150901,27.736,28.04,27.492,27.615,768395,0
20150902,27.971,28.106,27.718,28.106,221602,0
20150903,28.256,28.483,28.124,28.228,104649,0
20150904,27.889,28.06,27.775,27.899,98606,0
20150908,28.39,28.576,28.247,28.566,649640,0
20150909,28.784,28.898,28.21,28.265,62875,0
20150910,28.182,28.444,28.144,28.275,69310,0
20150911,28.191,28.464,28.144,28.464,47182,0
20150914,28.492,28.492,28.247,28.332,392201,0
20150915,28.39,28.682,28.256,28.595,141233,0
20150916,28.692,28.983,28.614,28.964,86521,0
20150917,28.954,29.415,28.954,29.038,43155,0
20150918,28.734,28.921,28.524,28.58,44277,0
20150921,28.725,28.94,28.56,28.734,494296,0
20150922,28.421,28.477,28.203,28.394,142752,0
20150923,28.438,28.468,28.213,28.326,180791,0
20150924,28.118,28.25,27.852,28.203,64999,0
20150925,28.524,28.524,28.062,28.193,68576,0
20150928,28.042,28.052,27.303,27.322,100495,0
20150929,27.389,27.465,27.057,27.265,72380,0
20150930,27.559,27.93,27.51,27.91,83898,0
20151001,27.948,28.032,27.616,28.002,72166,0
20151002,27.709,28.402,27.606,28.394,58010,0
20151005,28.638,28.96,28.618,28.903,195845,0
20151006,28.875,28.96,28.59,28.697,42477,0
20151007,28.779,28.903,28.57,28.807,136199,0
20151008,28.76,29.217,28.752,29.159,68997,0
20151009,29.159,29.226,29.007,29.179,153849,0
20151012,29.159,29.375,29.159,29.263,94939,0
20151013,29.131,29.402,29.092,29.111,87489,0
20151014,29.188,29.217,28.769,28.807,55155,0
20151015,28.94,29.207,28.743,29.207,37300,0
20151016,29.235,29.337,29.188,29.318,46597,0
20151019,29.254,29.491,29.254,29.451,161137,0
20151020,29.412,29.575,29.337,29.432,154883,0
20151021,29.481,29.558,29.188,29.217,56743,0
20151022,29.384,29.592,29.347,29.549,146874,0
20151023,29.915,29.915,29.481,29.62,140006,0
20151026,29.627,29.908,29.611,29.87,761522,0
20151027,29.776,29.776,29.53,29.657,58961,0
20151028,29.776,29.999,29.627,29.989,219991,0
20151029,29.932,30.077,29.804,30.039,74809,0
20151030,30.135,30.254,29.959,30.115,137153,0
20151102,30.33,30.33,29.999,30.284,624698,0
20151103,30.239,30.465,30.22,30.388,317203,0
20151104,30.465,30.484,30.048,30.202,128041,0
20151105,30.192,30.311,30.048,30.284,72801,0
20151106,30.211,30.311,30.096,30.245,69736,0
20151109,30.182,30.182,29.657,29.88,456181,0
20151110,29.804,30.096,29.786,30.048,710062,0
20151111,30.106,30.182,29.87,29.923,60123,0
20151112,29.776,29.9,29.602,29.602,53784,0
20151113,29.451,29.481,28.817,28.836,165261,0
20151116,28.817,29.179,28.677,29.179,493874,0
20151117,29.327,29.442,29.083,29.188,387048,0
20151118,29.29,29.686,29.226,29.676,133877,0
20151119,29.627,29.776,29.627,29.676,41740,0
20151120,29.832,30.019,29.832,30.019,65512,0
20151123,30.029,30.239,30.029,30.143,92454,0
20151124,29.915,30.173,29.795,30.086,76499,0
20151125,30.125,30.311,30.067,30.254,54207,0
20151127,30.254,30.33,30.135,30.182,26202,0
20151130,30.311,30.311,29.88,29.932,111793,0
20151201,30.096,30.22,29.999,30.22,75159,0
20151202,30.211,30.264,29.94,29.979,56836,0
20151203,30.086,30.086,29.402,29.511,53351,0
20151204,29.575,30.086,29.575,30.029,51139,0
20151207,30.019,30.019,29.756,29.9,49345,0
20151208,29.627,29.94,29.567,29.795,48235,0
20151209,29.726,29.989,29.337,29.451,88545,0
20151210,29.511,29.736,29.451,29.558,77982,0
20151211,29.198,29.282,28.845,28.912,154056,0
20151214,28.931,29.044,28.618,28.94,68949,0
20151215,29.226,29.412,29.159,29.159,130603,0
20151216,29.356,29.696,29.273,29.666,32546,0
20151217,29.756,29.786,29.217,29.217,57903,0
20151218,29.088,29.103,28.763,28.783,70212,0
20151221,28.926,28.926,28.691,28.879,240400,0
20151222,29.011,29.185,28.888,29.069,288958,0
20151223,29.26,29.314,29.146,29.296,59496,0
20151224,29.269,29.301,29.209,29.269,15407,0
20151228,29.232,29.287,29.059,29.287,43405,0
20151229,29.39,29.635,29.39,29.599,80356,0
20151230,29.546,29.564,29.363,29.363,493665,0
20151231,29.278,29.409,29.136,29.136,33959,0
20160104,28.728,28.728,28.309,28.622,222116,0
20160105,28.681,28.749,28.405,28.544,95738,0
20160106,28.139,28.405,27.911,28.215,148374,0
20160107,27.27,28.09,27.27,27.634,392335,0
20160108,27.882,27.926,27.255,27.302,83396,0
20160111,27.492,27.616,27.109,27.539,443305,0
20160112,27.748,27.95,27.446,27.787,279018,0
20160113,27.902,27.902,26.779,26.836,202468,0
20160114,26.885,27.254,26.382,27.018,902047,0
20160115,26.448,26.629,26.138,26.457,173515,0
20160119,26.742,26.827,26.269,26.554,512921,0
20160120,26.21,26.534,25.47,26.306,171435,0
20160121,26.399,26.917,26.269,26.62,161015,0
20160122,27.008,27.2,26.961,27.133,92487,0
20160125,27.084,27.133,26.746,26.788,287006,0
20160126,26.876,27.226,26.805,27.179,138578,0
20160127,27.153,27.302,26.684,26.808,44996,0
20160128,27.104,27.171,26.66,27.064,40897,0
20160129,26.885,27.465,26.885,27.465,61007,0
20160201,27.302,27.692,27.174,27.588,322573,0
20160202,27.388,27.578,26.913,27.027,1262922,0
20160203,27.217,27.229,26.467,26.951,79599,0
20160204,26.836,26.98,26.655,26.866,168412,0
20160205,26.723,26.723,25.926,26.002,71952,0
20160208,25.62,25.744,25.015,25.451,105283,0
20160209,25.116,25.64,25.069,25.327,49274,0
20160210,25.412,25.734,25.336,25.392,62201,0
20160211,25.069,25.451,25.022,25.319,47760,0
20160212,25.577,25.821,25.387,25.811,44077,0
20160216,26.163,26.494,26.067,26.467,119060,0
20160217,26.742,27.179,26.742,27.086,98940,0
20160218,27.143,27.143,26.827,26.895,42711,0
20160219,26.733,26.961,26.574,26.943,23312,0
20160222,27.188,27.52,27.188,27.483,50242,0
20160223,27.474,27.59,27.311,27.369,142305,0
20160224,27.084,27.552,26.868,27.529,54233,0
20160225,27.597,27.834,27.474,27.834,13817,0
20160226,27.994,27.994,27.786,27.872,22475,0
20160229,27.834,28.028,27.767,27.767,25659,0
20160301,27.964,28.451,27.872,28.424,51368,0
20160302,28.415,28.428,28.205,28.405,34659,0
20160303,28.367,28.622,28.299,28.593,49998,0
20160304,28.671,28.733,28.512,28.652,46231,0
20160307,28.508,28.716,28.406,28.544,1519895,0
20160308,28.441,28.51,28.271,28.299,48488,0
20160309,28.47,28.47,28.252,28.377,45528,0
20160310,28.47,28.622,28.044,28.396,93556,0
20160311,28.603,28.84,28.592,28.822,82084,0
20160314,28.773,29.011,28.773,28.974,49315,0
20160315,28.812,28.908,28.756,28.85,41201,0
20160316,28.822,29.175,28.822,29.127,39650,0
20160317,29.059,29.333,29.021,29.269,63011,0
20160318,29.355,29.442,29.256,29.298,34592,0
20160321,29.252,29.335,29.108,29.298,49365,0
20160322,29.128,29.306,29.08,29.205,40787,0
20160323,29.089,29.133,28.898,28.975,86930,0
20160324,28.84,28.999,28.728,28.985,32235,0
20160328,29.012,29.243,29.011,29.187,41177,0
20160329,29.08,29.481,29.08,29.481,21088,0
20160330,29.639,29.708,29.521,29.602,159053,0
20160331,29.639,29.708,29.567,29.584,32918,0
20160401,29.451,29.797,29.379,29.768,171255,0
20160404,29.825,29.825,29.422,29.451,272358,0
20160405,29.271,29.34,29.177,29.205,86736,0
20160406,29.234,29.538,29.209,29.53,57473,0
20160407,29.374,29.461,29.012,29.187,54545,0
20160408,29.298,29.298,29.031,29.118,49868,0
20160411,29.224,29.37,28.995,28.995,289698,0
20160412,29.003,29.306,28.898,29.224,103350,0
20160413,29.374,29.696,29.374,29.688,35606,0
20160414,29.738,29.748,29.611,29.646,25379,0
20160415,29.678,29.792,29.58,29.718,86244,0
20160418,29.778,29.996,29.743,29.983,60159,0
20160419,30.071,30.071,29.778,29.844,29936,0
20160420,29.953,30.004,29.788,29.883,569597,0
20160421,29.963,29.994,29.748,29.758,34538,0
20160422,29.834,29.834,29.549,29.698,92550,0
20160425,29.659,29.738,29.539,29.718,319082,0
20160426,29.758,29.894,29.678,29.834,41038,0
20160427,29.825,29.917,29.688,29.854,43316,0
20160428,29.708,29.936,29.422,29.501,41701,0
20160429,29.688,29.698,29.395,29.567,37882,0
20160502,29.708,30.003,29.668,29.983,33058,0
20160503,29.806,29.844,29.639,29.678,361933,0
20160504,29.471,29.644,29.422,29.549,39951,0
20160505,29.501,29.53,29.306,29.335,32380,0
20160506,29.243,29.512,29.162,29.501,27988,0
20160509,29.539,29.698,29.539,29.62,160486,0
20160510,29.659,29.947,29.659,29.944,40260,0
20160511,29.748,29.748,29.326,29.335,80026,0
20160512,29.432,29.503,29.196,29.365,27276,0
20160513,29.262,29.359,29.003,29.05,82887,0
20160516,29.03,29.298,29.016,29.215,60799,0
20160517,29.157,29.224,28.793,28.86,55360,0
20160518,28.724,28.856,28.573,28.649,30618,0
20160519,28.646,28.723,28.488,28.692,68095,0
20160520,28.72,28.975,28.72,28.898,42831,0
20160523,28.87,29.001,28.773,28.783,37356,0
20160524,28.985,29.224,28.956,29.167,31942,0
20160525,29.215,29.365,29.215,29.345,58134,0
20160526,29.432,29.432,29.293,29.335,56279,0
20160527,29.393,29.548,29.393,29.521,14111,0
20160531,29.53,29.558,29.375,29.511,71094,0
20160601,29.298,29.549,29.298,29.53,24560,0
20160602,29.402,29.698,29.335,29.698,45620,0
20160603,29.539,29.602,29.355,29.549,30829,0
20160606,29.539,29.668,29.501,29.592,30356,0
20160607,29.62,29.797,29.62,29.668,38751,0
20160608,29.708,29.768,29.602,29.748,133105,0
20160609,29.575,29.668,29.511,29.629,24516,0
20160610,29.402,29.418,29.205,29.271,39158,0
20160613,29.177,29.383,29.05,29.07,80633,0
20160614,28.995,29.07,28.802,28.975,55003,0
20160615,29.05,29.316,29.05,29.075,15395,0
20160616,29.012,29.205,28.774,29.157,42318,0
20160617,29.243,29.243,29.118,29.128,43281,0
20160620,29.423,29.675,29.394,29.394,33512,0
20160621,29.452,29.452,29.271,29.326,98203,0
20160622,29.366,29.512,29.243,29.262,72813,0
20160623,29.472,29.594,29.443,29.55,46055,0
20160624,28.495,28.926,28.362,28.551,56788,0
20160627,28.276,28.284,27.673,27.922,142141,0
20160628,28.161,28.428,28.161,28.392,42598,0
20160629,28.699,29.003,28.669,28.945,436069,0
20160630,28.994,29.175,28.836,29.157,47977,0
20160701,29.224,29.522,29.224,29.433,123506,0
20160705,29.299,29.326,29.011,29.137,20431,0
20160706,29.04,29.413,29.018,29.413,32068,0
20160707,29.423,29.56,29.384,29.54,183304,0
20160708,29.77,30.094,29.77,30.055,47978,0
20160711,30.172,30.37,30.152,30.303,57510,0
20160712,30.41,30.525,30.38,30.489,1563195,0
20160713,30.496,30.496,30.27,30.35,57839,0
20160714,30.506,30.585,30.419,30.439,63034,0
20160715,30.534,30.534,30.285,30.33,115231,0
20160718,30.34,30.525,30.303,30.429,63721,0
20160719,30.33,30.4,30.292,30.355,41239,0
20160720,30.439,30.553,30.321,30.506,31739,0
20160721,30.496,30.599,30.37,30.447,34149,0
20160722,30.496,30.629,30.4,30.599,35595,0
20160725,30.619,30.668,30.572,30.619,156749,0
20160726,30.619,30.746,30.516,30.619,33112,0
20160727,30.696,30.696,30.43,30.496,21882,0
20160728,30.486,30.619,30.321,30.572,38108,0
20160729,30.599,30.673,30.468,30.619,29596,0
20160801,30.581,30.717,30.502,30.589,32177,0
20160802,30.581,30.581,30.094,30.142,61224,0
20160803,30.064,30.261,29.77,30.22,168478,0
20160804,30.211,30.32,30.142,30.244,58355,0
20160805,30.41,30.569,30.41,30.503,43227,0
20160808,30.572,30.587,30.43,30.448,20957,0
20160809,30.429,30.551,30.36,30.439,213718,0
20160810,30.458,30.534,30.39,30.39,21699,0
20160811,30.619,30.804,30.616,30.754,32398,0
20160812,30.696,30.814,30.668,30.744,103395,0
20160815,30.824,30.935,30.824,30.879,78189,0
20160816,30.814,30.816,30.658,30.696,60400,0
20160817,30.563,30.619,30.419,30.599,34905,0
20160818,30.619,30.658,30.534,30.629,159333,0
20160819,30.563,30.658,30.534,30.581,18732,0
20160822,30.599,30.617,30.468,30.589,37958,0
20160823,30.714,30.812,30.686,30.724,26245,0
20160824,30.744,30.744,30.521,30.535,26711,0
20160825,30.458,30.581,30.42,30.468,23731,0
20160826,30.506,30.647,30.245,30.37,38143,0
20160829,30.419,30.543,30.38,30.474,23950,0
20160830,30.458,30.475,30.26,30.321,35744,0
20160831,30.294,30.35,30.134,30.284,27225,0
20160901,30.34,30.36,30.205,30.35,18328,0
20160902,30.439,30.525,30.34,30.4,23919,0
20160906,30.448,30.448,30.256,30.429,48083,0
20160907,30.448,30.525,30.382,30.516,23873,0
20160908,30.4,30.434,30.243,30.274,18719,0
20160909,30.104,30.163,29.612,29.612,65750,0
20160912,29.423,30.016,29.366,29.956,40792,0
20160913,29.71,29.916,29.443,29.522,113629,0
20160914,29.54,29.73,29.443,29.531,33543,0
20160915,29.472,29.79,29.472,29.71,35982,0
20160916,29.685,29.725,29.617,29.695,20647,0
20160919,29.785,29.872,29.627,29.695,32216,0
20160920,29.823,29.823,29.636,29.725,20609,0
20160921,29.755,30.012,29.641,29.962,116358,0
20160922,30.09,30.29,30.09,30.218,43863,0
20160923,30.149,30.252,30.12,30.169,18373,0
20160926,30.051,30.051,29.803,29.832,25061,0
20160927,29.842,30.09,29.842,30.09,18677,0
20160928,30.1,30.139,29.972,30.127,32338,0
20160929,30.139,30.261,29.884,29.953,50889,0
20160930,30.07,30.291,30.029,30.218,45659,0
20161003,30.139,30.281,30.139,30.236,22925,0
20161004,30.252,30.327,30.031,30.139,54966,0
20161005,30.227,30.342,30.227,30.243,46765,0
20161006,30.179,30.272,30.1,30.243,19813,0
20161007,30.291,30.296,30.005,30.11,24044,0
20161010,30.199,30.281,30.12,30.159,54264,0
20161011,30.1,30.1,29.743,29.791,107376,0
20161012,29.813,30.024,29.804,29.91,26043,0
20161013,29.725,29.827,29.486,29.785,38423,0
20161014,29.862,29.911,29.725,29.768,32217,0
20161017,29.656,29.692,29.499,29.516,39120,0
20161018,29.795,29.795,29.627,29.646,45971,0
20161019,29.695,29.892,29.665,29.852,89250,0
20161020,29.785,29.795,29.636,29.745,24378,0
20161021,29.636,29.972,29.636,29.943,16398,0
20161024,30.11,30.166,30.09,30.153,33966,0
20161025,30.032,30.032,29.775,29.832,1910177,0
20161026,29.695,29.822,29.656,29.685,35741,0
20161027,29.803,29.803,29.36,29.423,25367,0
20161028,29.293,29.589,29.293,29.378,41232,0
20161031,29.437,29.486,29.378,29.437,169914,0
20161101,29.516,29.516,29.014,29.18,87932,0
20161102,29.131,29.23,28.996,29.024,60838,0
20161103,29.053,29.213,28.871,28.904,26132,0
20161104,28.919,29.189,28.871,28.889,48669,0
20161107,29.236,29.544,29.236,29.526,56264,0
20161108,29.526,29.8,29.437,29.665,35390,0
20161109,28.515,29.818,28.515,29.785,181295,0
20161110,29.901,30.243,29.803,29.926,104078,0
20161111,29.862,30.209,29.853,30.11,23203,0
20161114,30.271,30.379,30.175,30.199,150216,0
20161115,30.291,30.335,30.182,30.291,189223,0
20161116,30.236,30.466,30.236,30.427,62485,0
20161117,30.532,30.823,30.497,30.823,69183,0
20161118,30.878,30.878,30.723,30.762,42354,0
20161121,30.83,30.949,30.763,30.944,99528,0
20161122,31.041,31.36,31.012,31.359,89362,0
20161123,31.32,31.433,31.297,31.377,179132,0
20161125,31.463,31.513,31.426,31.482,43620,0
20161128,31.387,31.433,31.164,31.193,90553,0
20161129,31.213,31.339,31.213,31.28,305851,0
20161130,31.349,31.349,31.012,31.041,124595,0
20161201,31.012,31.213,30.934,31.032,62198,0
20161202,31.09,31.09,30.813,30.839,72317,0
20161205,30.964,31.241,30.964,31.203,58688,0
20161206,31.241,31.329,31.152,31.329,62052,0
20161207,31.349,31.944,31.29,31.886,71670,0
20161208,31.944,32.058,31.886,31.934,89884,0
20161209,32.001,32.01,31.896,31.953,92883,0
20161212,31.972,31.972,31.65,31.702,62667,0
20161213,31.799,32.067,31.799,31.934,92110,0
20161214,31.991,31.991,31.733,31.76,36687,0
20161215,31.877,31.904,31.626,31.645,78401,0
20161216,31.702,31.779,31.482,31.527,33702,0
20161219,31.624,31.769,31.547,31.614,41411,0
20161220,31.692,31.922,31.692,31.876,192122,0
20161221,31.848,31.918,31.818,31.876,45273,0
20161222,31.828,31.828,31.45,31.478,197537,0
20161223,31.46,31.509,31.384,31.432,44815,0
20161227,31.44,31.663,31.44,31.556,42504,0
20161228,31.59,31.63,31.351,31.351,34797,0
20161229,31.408,31.456,31.242,31.321,42538,0
20161230,31.351,31.351,30.983,31.056,72476,0
20170103,31.341,31.399,31.052,31.214,202832,0
20170104,31.361,31.721,31.361,31.688,98450,0
20170105,31.59,31.667,31.475,31.619,82638,0
20170106,31.783,31.853,31.614,31.697,152754,0
20170109,31.754,31.774,31.639,31.726,41277,0
20170110,31.688,31.947,31.688,31.823,178853,0
20170111,31.853,31.918,31.707,31.899,37993,0
20170112,31.872,31.872,31.58,31.865,64447,0
20170113,31.908,31.999,31.899,31.977,83145,0
20170117,31.918,32.091,31.918,31.967,44668,0
20170118,32.026,32.026,31.862,31.948,28159,0
20170119,31.996,32.092,31.783,31.823,37303,0
20170120,31.996,32.026,31.833,31.918,49080,0
20170123,31.957,31.957,31.774,31.948,42473,0
20170124,32.026,32.265,32.026,32.227,53061,0
20170125,32.402,32.5,32.352,32.45,67931,0
20170126,32.529,32.575,32.44,32.47,38279,0
20170127,32.47,32.47,32.26,32.331,70602,0
20170130,32.324,32.324,32.006,32.314,104470,0
20170131,32.142,32.266,32.026,32.266,84419,0
20170201,32.362,32.411,32.092,32.2,127853,0
20170202,32.218,32.288,32.132,32.161,27300,0
20170203,32.17,32.18,32.04,32.142,87967,0
20170206,32.092,32.123,32.006,32.042,70378,0
20170207,32.237,32.237,31.977,31.996,44163,0
20170208,31.967,32.227,31.967,32.18,274269,0
20170209,32.342,32.5,32.261,32.43,146674,0
20170210,32.538,32.642,32.5,32.626,159953,0
20170213,32.788,32.788,32.642,32.642,102007,0
20170214,32.67,32.838,32.67,32.838,39699,0
20170215,32.769,33.029,32.769,32.999,224449,0
20170216,32.97,33.046,32.778,32.828,101396,0
20170217,32.778,32.923,32.75,32.913,108493,0
20170221,33.249,33.249,33.029,33.146,299844,0
20170222,33.213,33.213,33.068,33.128,49555,0
20170223,33.24,33.258,32.838,32.838,46400,0
20170224,32.769,32.989,32.719,32.987,39590,0
20170227,32.979,33.068,32.913,33.039,107117,0
20170228,33.048,33.048,32.761,32.808,53575,0
20170301,33.137,33.222,33.039,33.145,237106,0
20170302,33.155,33.185,33.029,33.088,53437,0
20170303,33.098,33.119,32.885,33.029,46510,0
20170306,32.95,32.95,32.802,32.903,61646,0
20170307,32.903,32.903,32.769,32.798,38746,0
20170308,32.808,32.999,32.808,32.923,35874,0
20170309,32.913,33.009,32.818,32.894,46983,0
20170310,32.999,33.087,32.906,32.95,55989,0
20170313,33.029,33.058,32.95,33.029,37543,0
20170314,32.999,33.096,32.923,33.058,27409,0
20170315,33.118,33.347,33.029,33.258,41097,0
20170316,33.327,33.367,33.246,33.308,28299,0
20170317,33.371,33.381,33.243,33.331,56748,0
20170320,33.361,33.361,33.188,33.212,58770,0
20170321,33.361,33.401,32.721,32.781,106384,0
20170322,32.741,32.851,32.626,32.841,41066,0
20170323,32.801,33.051,32.772,32.858,30056,0
20170324,32.926,33.071,32.831,32.973,21370,0
20170327,32.761,33.022,32.672,32.982,37209,0
20170328,32.992,33.312,32.992,33.282,88006,0
20170329,33.243,33.488,33.243,33.449,65526,0
20170330,33.43,33.564,33.379,33.564,74785,0
20170331,33.593,33.632,33.537,33.574,56219,0
20170403,33.612,33.612,33.257,33.43,62413,0
20170404,33.321,33.411,33.282,33.321,70359,0
20170405,33.478,33.642,33.226,33.252,74803,0
20170406,33.292,33.478,33.292,33.411,34247,0
20170407,33.381,33.401,33.253,33.302,68173,0
20170410,33.351,33.537,33.272,33.381,33599,0
20170411,33.421,33.432,33.169,33.381,63384,0
20170412,33.401,33.411,33.208,33.272,44140,0
20170413,33.226,33.263,33.039,33.051,43713,0
20170417,33.081,33.351,33.061,33.312,33281,0
20170418,33.262,33.384,33.198,33.381,27932,0
20170419,33.488,33.603,33.401,33.401,38682,0
20170420,33.555,33.855,33.555,33.798,53706,0
20170421,33.798,33.874,33.659,33.729,57288,0
20170424,34.088,34.098,33.874,33.952,55515,0
20170425,34.098,34.262,34.085,34.227,158835,0
20170426,34.347,34.53,34.268,34.407,84307,0
20170427,34.572,34.591,34.46,34.572,76983,0
20170428,34.737,34.737,34.339,34.397,71531,0
20170501,34.562,34.61,34.385,34.437,375424,0
20170502,34.803,34.803,34.271,34.446,98215,0
20170503,34.485,34.591,34.147,34.262,85806,0
20170504,34.377,34.377,34.078,34.185,89070,0
20170505,34.28,34.407,34.175,34.407,49220,0
20170508,34.466,34.475,34.309,34.417,55519,0
20170509,34.504,34.671,34.462,34.649,92868,0
20170510,34.542,34.582,34.427,34.552,38064,0
20170511,34.466,34.501,34.139,34.367,49281,0
20170512,34.387,34.387,34.222,34.242,31038,0
20170515,34.427,34.427,34.222,34.271,42894,0
20170516,34.387,34.387,34.097,34.128,56225,0
20170517,34,34,33.562,33.572,71480,0
20170518,33.517,33.883,33.517,33.768,42507,0
20170519,33.788,34.03,33.775,33.946,20390,0
20170522,34.128,34.175,34.027,34.157,58581,0
20170523,34.185,34.227,33.969,34.008,105031,0
20170524,33.991,34.142,33.883,34.108,33814,0
20170525,34.232,34.466,34.232,34.407,57451,0
20170526,34.437,34.542,34.397,34.533,35722,0
20170530,34.562,34.649,34.542,34.576,104458,0
20170531,34.61,34.629,34.339,34.596,49761,0
20170601,34.737,34.989,34.659,34.94,59273,0
20170602,35.093,35.196,35,35.123,32748,0
20170605,35.123,35.123,34.969,35.055,66163,0
20170606,34.96,34.96,34.765,34.765,29734,0
20170607,34.862,34.88,34.765,34.832,26835,0
20170608,34.88,34.88,34.639,34.717,79466,0
20170609,34.746,34.774,34.299,34.524,42083,0
20170612,34.475,34.61,34.438,34.533,29650,0
20170613,34.669,34.793,34.646,34.793,26337,0
20170614,34.88,34.88,34.601,34.756,26034,0
20170615,34.542,34.621,34.367,34.619,29285,0
20170616,34.663,34.737,34.39,34.556,40846,0
20170619,34.75,34.857,34.606,34.818,47290,0
20170620,34.798,34.827,34.37,34.43,43521,0
20170621,34.459,34.517,34.332,34.459,29462,0
20170622,34.566,34.566,34.36,34.44,143363,0
20170623,34.37,34.44,34.245,34.4,34796,0
20170626,34.527,34.653,34.445,34.553,34028,0
20170627,34.508,34.623,34.322,34.33,25779,0
20170628,34.42,34.677,34.39,34.605,62151,0
20170629,34.595,34.595,34.02,34.293,35754,0
20170630,34.449,34.623,34.43,34.479,39484,0
20170703,34.623,34.712,34.4,34.4,149188,0
20170705,34.459,34.459,34.188,34.302,371892,0
20170706,34.159,34.159,33.856,33.934,178300,0
20170707,34.001,34.234,33.983,34.211,57958,0
20170710,34.208,34.322,34.128,34.255,28236,0
20170711,34.235,34.264,34.05,34.198,62997,0
20170712,34.39,34.537,34.39,34.44,31662,0
20170713,34.479,34.576,34.44,34.503,37819,0
20170714,34.586,34.623,34.459,34.566,34092,0
20170717,34.595,34.731,34.566,34.653,39267,0
20170718,34.673,34.788,34.605,34.788,32549,0
20170719,34.847,35.003,34.798,34.964,60339,0
20170720,35.032,35.032,34.799,34.885,53138,0
20170721,34.847,34.955,34.788,34.955,29602,0
20170724,34.935,34.935,34.808,34.837,28979,0
20170725,34.984,35.158,34.915,35.099,33338,0
20170726,35.158,35.158,35.042,35.08,25290,0
20170727,35.246,35.486,35.05,35.296,38696,0
20170728,35.003,35.07,34.929,35.07,47940,0
20170731,35.187,35.187,34.915,35.05,41835,0
20170801,35.158,35.158,35.003,35.089,27367,0
20170802,35.099,35.099,34.801,34.984,55992,0
20170803,34.974,35.08,34.875,34.915,54032,0
20170804,34.979,34.979,34.788,34.945,32904,0
20170807,34.994,35.099,34.955,35.023,33232,0
20170808,35.07,35.236,34.999,35.06,31781,0
20170809,34.702,34.84,34.546,34.818,69536,0
20170810,34.692,34.759,34.324,34.39,95217,0
20170811,34.302,34.546,34.273,34.452,50135,0
20170814,34.702,34.875,34.586,34.721,41519,0
20170815,34.779,34.779,34.416,34.459,27548,0
20170816,34.508,34.652,34.479,34.566,22482,0
20170817,34.459,34.512,34.001,34.001,90702,0
20170818,33.964,34.03,33.809,33.828,30909,0
20170821,33.838,33.927,33.662,33.866,70823,0
20170822,33.964,34.312,33.964,34.235,34476,0
20170823,34.04,34.06,33.949,34.01,23387,0
20170824,34.12,34.255,33.927,33.964,30875,0
20170825,34.09,34.149,33.985,34.045,19471,0
20170828,34.13,34.13,33.993,34.07,117550,0
20170829,33.846,34.01,33.846,33.954,88560,0
20170830,34.01,34.245,34.01,34.198,15813,0
20170831,34.332,34.426,34.332,34.41,20044,0
20170901,34.614,34.661,34.499,34.657,53959,0
20170905,34.537,34.614,34.208,34.428,77913,0
20170906,34.546,34.673,34.43,34.595,54850,0
20170907,34.731,34.731,34.302,34.37,43293,0
20170908,34.302,34.31,34.178,34.235,24081,0
20170911,34.43,34.518,34.39,34.449,62506,0
20170912,34.527,34.677,34.508,34.638,44181,0
20170913,34.643,34.886,34.643,34.885,28679,0
20170914,34.808,34.808,34.721,34.731,38945,0
20170915,34.75,34.75,34.674,34.702,30208,0
20170918,34.779,34.83,34.536,34.595,205832,0
20170919,34.614,34.653,34.458,34.545,38519,0
20170920,34.605,34.692,34.526,34.663,28310,0
20170921,34.683,34.683,34.585,34.595,13606,0
20170922,34.595,34.692,34.595,34.653,19095,0
20170925,34.653,34.737,34.531,34.614,25569,0
20170926,34.702,34.742,34.595,34.643,26943,0
20170927,34.712,34.936,34.585,34.846,134575,0
20170928,34.798,34.847,34.759,34.812,11571,0
20170929,34.857,34.995,34.854,34.946,111959,0
20171002,35.004,35.071,34.98,35.033,43692,0
20171003,35.08,35.189,35.08,35.159,31653,0
20171004,35.199,35.383,35.199,35.35,62241,0
20171005,35.402,35.559,35.392,35.539,46306,0
20171006,35.48,35.598,35.48,35.598,39897,0
20171009,35.628,35.666,35.373,35.389,51654,0
20171010,35.49,35.522,35.288,35.373,31766,0
20171011,35.412,35.412,35.288,35.373,54464,0
20171012,35.288,35.288,35.08,35.127,34505,0
20171013,35.238,35.325,35.15,35.288,37007,0
20171016,35.335,35.364,35.208,35.296,76140,0
20171017,35.288,35.416,35.288,35.298,21618,0
20171018,35.238,35.383,35.238,35.278,46560,0
20171019,35.159,35.298,34.868,35.262,28887,0
20171020,35.461,35.48,35.372,35.412,23087,0
20171023,35.461,35.5,35.154,35.154,40165,0
20171024,35.274,35.344,35.238,35.298,24512,0
20171025,35.228,35.228,34.905,35.08,35455,0
20171026,35.11,35.325,35.09,35.238,20897,0
20171027,35.412,35.658,35.248,35.638,34409,0
20171030,35.569,35.578,35.451,35.52,45160,0
20171031,35.53,35.588,35.491,35.539,27068,0
20171101,35.706,35.765,35.51,35.578,130825,0
20171102,35.461,35.49,35.14,35.315,43439,0
20171103,35.306,35.422,35.228,35.344,104278,0
20171106,35.364,35.628,35.355,35.614,80956,0
20171107,35.539,35.656,35.326,35.348,35672,0
20171108,35.325,35.442,35.283,35.412,29898,0
20171109,35.208,35.5,35.08,35.484,27739,0
20171110,35.48,35.647,35.48,35.608,50826,0
20171113,35.52,35.755,35.52,35.725,31028,0
20171114,35.656,35.715,35.549,35.685,47115,0
20171115,35.52,35.666,35.373,35.549,112497,0
20171116,35.725,35.939,35.628,35.879,35907,0
20171117,35.997,36.153,35.988,36.115,45089,0
20171120,36.154,36.241,36.125,36.169,60553,0
20171121,36.29,36.405,36.227,36.377,59363,0
20171122,36.426,36.475,36.377,36.436,36544,0
20171124,36.495,36.515,36.427,36.481,18595,0
20171127,36.709,36.709,36.455,36.515,49750,0
20171128,36.571,36.942,36.495,36.942,33886,0
20171129,37.04,37.255,37.022,37.141,60148,0
20171130,37.225,37.438,37.109,37.295,48828,0
20171201,37.294,37.411,36.75,37.324,636458,0
20171204,37.694,37.918,37.646,37.646,100464,0
20171205,37.694,37.737,37.457,37.477,130656,0
20171206,37.43,37.439,37.225,37.255,40702,0
20171207,37.245,37.462,37.216,37.392,38488,0
20171208,37.516,37.619,37.467,37.556,37500,0
20171211,37.675,37.675,37.498,37.665,54339,0
20171212,37.789,37.809,37.566,37.646,48402,0
20171213,37.694,37.751,37.655,37.694,131285,0
20171214,37.76,37.858,37.684,37.723,115374,0
20171215,37.947,38.026,37.852,37.931,35651,0
20171218,38.18,38.368,38.089,38.269,86752,0
20171219,38.473,38.473,38.191,38.259,58595,0
20171220,38.473,38.473,38.131,38.206,59673,0
20171221,38.309,38.502,38.244,38.416,51129,0
20171222,38.416,38.416,38.289,38.319,62433,0
20171226,38.349,38.454,38.349,38.41,72252,0
20171227,38.444,38.468,38.299,38.313,43009,0
20171228,38.406,38.435,38.339,38.416,171056,0
20171229,38.473,38.497,38.19,38.19,86355,0
20180102,38.397,38.729,38.299,38.729,190910,0
20180103,38.815,38.909,38.766,38.894,212365,0
20180104,39.061,39.061,38.815,39.011,181240,0
20180105,39.137,39.294,39.051,39.294,95792,0
20180108,39.294,39.398,39.246,39.373,82728,0
20180109,39.451,39.508,39.284,39.412,112375,0
20180110,39.274,39.441,39.186,39.373,70591,0
20180111,39.489,40.038,39.441,40.038,76103,0
20180112,40.125,40.513,40.125,40.488,96145,0
20180116,40.779,40.827,40.066,40.191,335767,0
20180117,40.349,40.484,40.153,40.398,1472473,0
20180118,40.457,40.475,40.28,40.379,71976,0
20180119,40.611,40.769,40.418,40.769,71524,0
20180122,40.799,41.15,40.711,41.13,84737,0
20180123,41.306,41.51,41.285,41.491,130876,0
20180124,41.638,41.861,41.276,41.618,176944,0
20180125,41.724,41.724,41.354,41.501,67810,0
20180126,41.676,41.88,41.482,41.88,130641,0
20180129,41.813,41.969,41.647,41.774,278325,0
20180130,41.501,41.647,41.354,41.519,109412,0
20180131,41.704,41.796,41.306,41.402,78106,0
20180201,41.168,41.452,40.76,41.003,108103,0
20180202,41.052,41.382,40.428,40.513,281755,0
20180205,40.171,40.602,38.805,39.236,324941,0
20180206,38.397,40.171,38.026,40.008,390192,0
20180207,40.095,40.631,40.028,40.038,221087,0
20180208,40.095,40.095,38.463,38.483,137356,0
20180209,38.815,38.953,37.314,38.71,537463,0
20180212,39.051,39.421,38.739,39.167,92580,0
20180213,39.099,39.489,39.08,39.412,95319,0
20180214,39.264,40.134,39.226,40.056,164968,0
20180215,40.349,40.408,39.968,40.408,135948,0
20180216,40.309,40.572,40.153,40.26,254091,0
20180220,40.056,40.485,40.056,40.056,309886,0
20180221,40.211,40.651,40.047,40.047,95077,0
20180222,40.181,40.349,39.928,40.076,77327,0
20180223,40.28,40.591,40.125,40.591,73632,0
20180226,40.759,40.934,40.601,40.924,93184,0
20180227,40.904,40.904,40.085,40.105,101501,0
20180228,40.24,40.621,39.83,39.83,57837,0
20180301,39.811,40.066,38.982,39.451,103557,0
20180302,39.001,39.561,38.71,39.547,145229,0
20180305,39.393,39.998,39.291,39.938,187371,0
20180306,40.095,40.251,39.876,40.25,66253,0
20180307,39.868,40.115,39.705,40.038,63025,0
20180308,40.171,40.201,40.013,40.066,53371,0
20180309,40.359,40.691,40.28,40.691,91886,0
20180312,40.818,41.003,40.75,40.855,89956,0
20180313,41.042,41.12,40.493,40.533,96800,0
20180314,40.72,40.734,40.405,40.448,49249,0
20180315,40.523,40.598,40.329,40.408,32762,0
20180316,40.398,40.612,40.359,40.379,76438,0
20180319,40.23,40.263,39.654,39.897,125920,0
20180320,39.957,40.124,39.957,40.055,87462,0
20180321,40.075,40.329,39.95,40.065,58293,0
20180322,39.693,39.857,39.193,39.193,84568,0
20180323,39.35,39.429,38.468,38.498,113767,0
20180326,39.134,39.604,38.696,39.604,87309,0
20180327,39.752,39.771,38.637,38.831,61958,0
20180328,38.616,38.807,38.127,38.372,175270,0
20180329,38.44,39.067,38.204,38.919,50694,0
20180402,38.685,38.789,37.469,37.812,614024,0
20180403,38.04,38.478,37.851,38.273,91509,0
20180404,37.489,39.047,37.469,39.017,296865,0
20180405,39.3,39.662,39.154,39.564,55753,0
20180406,39.252,39.535,38.544,38.772,56353,0
20180409,39.057,39.219,38.606,38.606,93427,0
20180410,39.173,39.203,38.881,39.125,83395,0
20180411,38.978,39.349,38.949,38.988,87440,0
20180412,39.213,39.36,39.057,39.134,59159,0
20180413,39.34,39.41,38.811,38.919,162266,0
20180416,39.164,39.362,38.978,39.223,99358,0
20180417,39.594,39.927,39.545,39.857,260536,0
20180418,40.055,40.23,39.967,40.037,140926,0
20180419,40.084,40.114,39.713,39.907,71251,0
20180420,39.907,39.987,39.331,39.448,92566,0
20180423,39.634,39.785,39.38,39.554,43294,0
20180424,39.781,39.81,38.821,38.963,95357,0
20180425,38.9,39.213,38.637,39.109,47860,0
20180426,39.399,39.772,39.261,39.703,41430,0
20180427,40.22,40.22,39.752,39.829,110157,0
20180430,40.007,40.16,39.664,39.664,122421,0
20180501,39.564,39.742,39.252,39.742,1870066,0
20180502,39.614,39.857,39.477,39.506,59867,0
20180503,39.34,39.399,38.85,39.32,61680,0
20180504,39.183,39.937,39.105,39.848,57058,0
20180507,40.027,40.077,39.857,39.997,56535,0
20180508,39.907,39.987,39.664,39.819,113089,0
20180509,39.917,39.994,39.644,39.987,316023,0
20180510,39.977,40.143,39.937,40.114,100012,0
20180511,40.133,40.22,40.065,40.19,64900,0
20180514,40.27,40.359,40.21,40.25,54146,0
20180515,40.065,40.065,39.857,40.017,62603,0
20180516,40.075,40.467,40.075,40.398,49692,0
20180517,40.438,40.563,40.19,40.309,40190,0
20180518,40.28,40.309,40.16,40.25,33504,0
20180521,40.467,40.563,40.357,40.457,92863,0
20180522,40.592,40.652,40.23,40.26,57320,0
20180523,40.143,40.503,40.133,40.503,96973,0
20180524,40.448,40.622,40.27,40.563,38510,0
20180525,40.523,40.76,40.523,40.632,30573,0
20180529,40.523,40.602,40.21,40.364,69190,0
20180530,40.572,40.78,40.503,40.751,74594,0
20180531,40.77,40.77,40.44,40.553,47292,0
20180601,40.711,40.865,40.711,40.819,54209,0
20180604,41.005,41.308,40.98,41.298,315794,0
20180605,41.308,41.592,41.288,41.542,123673,0
20180606,41.65,42.003,41.504,41.993,79281,0
20180607,42.091,42.276,42.002,42.101,104918,0
20180608,42.375,42.375,41.955,42.237,96622,0
20180611,42.237,42.473,42.237,42.385,225181,0
20180612,42.502,42.707,42.453,42.639,89645,0
20180613,42.825,42.845,42.569,42.639,83158,0
20180614,42.787,43.05,42.777,43.015,109614,0
20180615,42.931,43.158,42.835,43.119,77607,0
20180618,42.855,43.181,42.835,43.11,115313,0
20180619,42.835,43.03,42.618,43.03,195180,0
20180620,43.245,43.335,43.088,43.245,97139,0
20180621,43.295,43.309,42.863,42.922,122197,0
20180622,43.159,43.245,42.835,42.835,65000,0
20180625,42.648,42.648,41.715,41.961,155270,0
20180626,42.089,42.324,42,42.245,74081,0
20180627,42.373,42.521,41.666,41.666,99891,0
20180628,41.676,42.034,41.49,41.951,81814,0
20180629,42.274,42.378,42.039,42.039,86580,0
20180702,41.715,42.039,41.608,42.039,573933,0
20180703,42.205,42.334,41.794,41.824,92877,0
20180705,41.99,42.129,41.775,42.069,118311,0
20180706,42.069,42.468,42.005,42.437,131186,0
20180709,42.686,42.912,42.588,42.912,143160,0
20180710,42.971,43.02,42.799,42.981,77216,0
20180711,42.716,42.93,42.658,42.845,58651,0
20180712,42.991,43.11,42.815,43.06,121891,0
20180713,43.09,43.265,43.06,43.217,99870,0
20180716,43.315,43.315,43.139,43.197,171334,0
20180717,42.864,43.414,42.549,43.354,96185,0
20180718,43.354,43.491,43.178,43.334,120228,0
20180719,43.265,43.469,43.263,43.285,68535,0
20180720,43.235,43.284,43.03,43.05,92226,0
20180723,43.02,43.045,42.766,42.961,147656,0
20180724,43.197,43.284,42.667,42.776,143812,0
20180725,42.696,43.05,42.515,43.02,128366,0
20180726,43.01,43.131,42.742,42.828,87807,0
20180727,43.265,43.315,42.432,42.618,96171,0
20180730,42.658,42.658,42.177,42.271,187960,0
20180731,42.294,42.658,42.215,42.491,457921,0
20180801,42.511,42.559,42.099,42.274,113398,0
20180802,42.059,42.638,42.01,42.598,71532,0
20180803,42.676,42.815,42.628,42.746,93394,0
20180806,42.815,43.07,42.706,43.03,115361,0
20180807,43.13,43.354,43.11,43.275,167878,0
20180808,43.275,43.394,43.178,43.344,85829,0
20180809,43.324,43.599,43.265,43.471,71488,0
20180810,43.275,43.344,43.07,43.168,85292,0
20180813,43.235,43.285,42.885,42.931,93083,0
20180814,43.12,43.414,43.05,43.341,101576,0
20180815,43.1,43.1,42.555,42.825,133516,0
20180816,43.11,43.227,42.974,43.02,69809,0
20180817,42.961,43.081,42.756,43.04,96288,0
20180820,43.139,43.353,43.066,43.305,65725,0
20180821,43.444,43.845,43.444,43.698,124224,0
20180822,43.708,43.923,43.688,43.737,125770,0
20180823,43.757,43.885,43.608,43.648,97777,0
20180824,43.717,43.933,43.709,43.885,98379,0
20180827,44.149,44.248,44.07,44.139,125374,0
20180828,44.276,44.276,44.051,44.219,127339,0
20180829,44.305,44.629,44.197,44.62,101901,0
20180830,44.493,44.583,44.225,44.345,100010,0
20180831,44.345,44.592,44.335,44.552,82331,0
20180904,44.463,44.659,44.306,44.592,175516,0
20180905,44.562,44.562,44.09,44.129,187779,0
20180906,44.248,44.351,43.777,43.963,78778,0
20180907,43.747,44.169,43.491,43.927,165835,0
20180910,44.209,44.247,44.001,44.12,68545,0
20180911,44.07,44.434,43.953,44.384,64147,0
20180912,44.384,44.535,44.138,44.522,78435,0
20180913,44.668,44.748,44.502,44.562,132871,0
20180914,44.62,44.62,44.315,44.483,69566,0
20180917,44.483,44.483,43.914,43.973,123175,0
20180918,44.021,44.502,44.011,44.473,78800,0
20180919,44.483,44.541,44.335,44.483,89374,0
20180920,44.748,44.823,44.6,44.777,123983,0
20180921,44.973,44.983,44.571,44.62,102576,0
20180924,44.472,44.472,44.098,44.354,114656,0
20180925,44.443,44.551,44.369,44.531,92762,0
20180926,44.561,45.032,44.561,44.708,134011,0
20180927,44.718,44.988,44.678,44.866,87214,0
20180928,44.777,44.964,44.734,44.777,58823,0
20181001,45.023,45.112,44.659,44.708,152880,0
20181002,44.678,44.688,44.187,44.187,175629,0
20181003,44.393,44.438,44.078,44.088,115199,0
20181004,44.019,44.019,43.212,43.41,154323,0
20181005,43.39,43.497,42.602,42.917,161468,0
20181008,42.8,43.143,42.504,42.995,118132,0
20181009,42.956,43.423,42.868,42.936,262620,0
20181010,42.849,42.852,41.304,41.361,1190324,0
20181011,41.116,41.658,40.349,40.644,417513,0
20181012,41.638,41.671,40.939,41.519,153099,0
20181015,41.529,41.796,41.234,41.481,106736,0
20181016,41.756,42.484,41.638,42.455,436167,0
20181017,42.602,42.602,41.903,42.327,168675,0
20181018,42.238,42.251,41.428,41.539,160672,0
20181019,41.716,41.933,41.096,41.244,116510,0
20181022,41.401,41.565,41.136,41.314,476884,0
20181023,40.723,41.431,40.408,41.294,241576,0
20181024,41.324,41.371,39.69,39.734,196991,0
20181025,40.23,41.209,40.2,40.969,2928664,0
20181026,39.975,40.455,39.395,39.817,241605,0
20181029,40.28,40.564,38.803,39.414,325719,0
20181030,39.207,40.088,39.148,40.063,1208269,0
20181031,40.584,41.066,40.545,40.664,193334,0
20181101,40.849,41.599,40.634,41.559,316676,0
20181102,41.845,42.091,41.155,41.5,299154,0
20181105,41.549,41.648,41.152,41.529,225989,0
20181106,41.539,41.81,41.481,41.766,2649172,0
20181107,42.131,42.829,41.972,42.809,372352,0
20181108,42.68,43.005,42.596,42.78,188591,0
20181109,42.562,42.584,41.948,42.179,102157,0
20181112,42.051,42.073,41.284,41.324,239448,0
20181113,41.481,41.825,41.224,41.304,655940,0
20181114,41.696,41.883,40.889,41.087,3250912,0
20181115,40.83,41.195,40.123,41.155,221009,0
20181116,40.782,41.081,40.594,40.939,180545,0
20181119,40.879,40.913,39.836,39.945,467328,0
20181120,38.942,39.62,38.726,39.04,2165085,0
20181121,39.444,39.822,39.444,39.483,92851,0
20181123,39.265,39.541,39.265,39.325,23574,0
20181126,39.778,40.19,39.769,40.16,168406,0
20181127,40.035,40.342,39.925,40.29,92309,0
20181128,40.545,41.5,40.359,41.5,109449,0
20181129,41.371,41.677,41.116,41.421,107342,0
20181130,41.451,41.599,41.314,41.549,66976,0
20181203,42.455,42.73,42.179,42.445,455718,0
20181204,42.277,42.445,40.783,40.859,1442767,0
20181206,40.083,40.999,39.865,40.998,365243,0
20181207,40.899,41.223,39.69,39.739,95997,0
20181210,39.7,39.955,38.932,39.729,284881,0
20181211,40.359,40.457,39.434,39.739,1548694,0
20181212,40.22,40.654,40.113,40.113,177431,0
20181213,40.28,40.428,39.71,39.885,71796,0
20181214,39.483,39.831,39.03,39.128,146812,0
20181217,38.872,39.01,37.829,38.076,277034,0
20181218,38.42,38.774,38.104,38.381,465025,0
20181219,38.381,38.922,37.398,37.593,427392,0
20181220,37.368,37.583,36.273,36.757,300662,0
20181221,36.964,37.31,35.701,35.769,313858,0
20181224,35.463,35.858,34.939,35.077,221582,0
20181226,35.413,37.25,35.344,37.25,241587,0
20181227,36.718,37.36,35.927,37.36,190566,0
20181228,37.546,38.071,37.112,37.497,281050,0
20181231,37.823,37.953,37.487,37.852,133460,0
20190102,37.21,38.328,37.142,38.159,68597,0
20190103,37.833,37.972,37.28,37.35,88827,0
20190104,37.932,38.89,37.847,38.653,126426,0
20190107,38.84,39.813,38.84,39.611,112735,0
20190108,40.076,40.223,39.473,40.056,126724,0
20190109,40.155,40.471,39.96,40.323,251691,0
20190110,39.81,40.253,39.651,40.213,142841,0
20190111,40.066,40.329,40.007,40.203,89912,0
20190114,39.877,40.233,39.78,39.917,397847,0
20190115,39.967,40.382,39.967,40.333,51726,0
20190116,40.422,40.629,40.303,40.303,101339,0
20190117,40.163,40.708,40.096,40.589,85624,0
20190118,40.945,41.241,40.783,41.044,87588,0
20190122,40.875,40.899,40.017,40.343,158704,0
20190123,40.509,40.62,39.966,40.382,61159,0
20190124,40.402,40.629,40.334,40.609,49916,0
20190125,40.995,41.201,40.994,41.015,182961,0
20190128,40.649,40.817,40.412,40.817,77916,0
20190129,40.777,40.777,40.273,40.491,59117,0
20190130,40.777,41.389,40.759,41.251,78355,0
20190131,41.341,41.795,41.225,41.676,84332,0
20190201,41.341,41.439,41.015,41.113,105569,0
20190204,41.083,41.389,40.975,41.389,131868,0
20190205,41.508,41.848,41.488,41.775,1896497,0
20190206,41.844,41.844,41.429,41.587,115028,0
20190207,41.291,41.291,40.846,41.201,62843,0
20190208,40.905,40.995,40.728,40.985,72651,0
20190211,41.152,41.211,41.054,41.123,90125,0
20190212,41.389,41.814,41.37,41.765,116951,0
20190213,41.953,42.081,41.795,41.982,133584,0
20190214,41.705,42.031,41.479,41.824,156340,0
20190215,42.061,42.16,41.962,42.061,73069,0
20190219,41.953,42.357,41.953,42.229,750516,0
20190220,42.249,42.387,42.17,42.298,72305,0
20190221,42.229,42.334,42.021,42.18,53912,0
20190222,42.288,42.476,42.288,42.447,59815,0
20190225,42.713,42.753,42.338,42.347,133810,0
20190226,42.229,42.479,42.194,42.417,90638,0
20190227,42.417,42.567,42.19,42.467,57432,0
20190228,42.347,42.397,42.131,42.278,62204,0
20190301,42.614,42.751,42.318,42.594,84326,0
20190304,42.803,42.832,42.17,42.476,74465,0
20190305,42.564,42.703,42.417,42.506,112399,0
20190306,42.536,42.693,42.229,42.229,53018,0
20190307,42.17,42.17,41.587,41.686,109358,0
20190308,41.341,41.459,41.139,41.449,145773,0
20190311,41.567,42.091,41.567,42.061,46282,0
20190312,42.141,42.19,41.943,42.131,342341,0
20190313,42.259,42.526,42.239,42.298,53179,0
20190314,42.268,42.298,42.051,42.111,42739,0
20190315,42.269,42.388,42.165,42.299,84644,0
20190318,42.368,42.765,42.368,42.705,69722,0
20190319,42.864,43.243,42.735,42.844,161373,0
20190320,42.864,43.145,42.497,42.903,59376,0
20190321,42.814,43.548,42.765,43.478,69931,0
20190322,43.26,43.314,42.576,42.576,92858,0
20190325,42.438,43.003,42.368,42.785,142443,0
20190326,43.122,43.31,42.824,43.022,107454,0
20190327,43.062,43.23,42.675,42.973,54920,0
20190328,43.161,43.459,43.062,43.29,48642,0
20190329,43.488,43.538,43.389,43.478,42846,0
20190401,43.805,44.003,43.728,43.983,169271,0
20190402,43.993,44.003,43.835,43.964,143202,0
20190403,44.192,44.459,44.142,44.287,92751,0
20190404,44.271,44.579,44.271,44.549,68077,0
20190405,44.677,44.895,44.657,44.846,130651,0
20190408,44.777,44.994,44.762,44.994,176894,0
20190409,44.846,44.866,44.535,44.589,76591,0
20190410,44.687,44.876,44.558,44.846,86389,0
20190411,44.916,44.935,44.816,44.906,165378,0
20190412,45.084,45.248,45.084,45.163,71870,0
20190415,45.183,45.273,44.955,45.243,94721,0
20190416,45.381,45.52,45.273,45.46,99025,0
20190417,45.59,45.707,45.48,45.53,70689,0
20190418,45.58,45.638,45.366,45.5,86121,0
20190422,45.361,45.465,45.213,45.351,128729,0
20190423,45.47,45.975,45.47,45.907,89136,0
20190424,45.927,46.144,45.927,45.937,72367,0
20190425,45.946,45.946,45.51,45.628,76937,0
20190426,45.817,46.035,45.57,46.035,103242,0
20190429,46.055,46.06,45.847,45.946,122794,0
20190430,45.867,45.917,45.45,45.778,105374,0
20190501,45.887,45.907,45.331,45.331,61933,0
20190502,45.351,45.56,45.055,45.351,79327,0
20190503,45.797,46.109,45.738,46.025,173051,0
20190506,45.253,45.837,45.173,45.728,89019,0
20190507,45.391,45.545,44.697,45.044,175091,0
20190508,44.945,45.273,44.846,44.984,70528,0
20190509,44.647,44.886,44.28,44.826,100500,0
20190510,44.628,44.994,44.003,44.787,90509,0
20190513,43.885,43.905,43.29,43.468,165843,0
20190514,43.637,44.056,43.464,43.845,62869,0
20190515,43.607,44.269,43.58,44.192,68616,0
20190516,44.35,44.846,44.35,44.569,54587,0
20190517,44.222,44.762,44.172,44.182,44528,0
20190520,43.865,43.983,43.676,43.885,65790,0
20190521,44.033,44.266,43.895,44.132,34151,0
20190522,43.885,43.964,43.667,43.726,47484,0
20190523,43.349,43.349,42.939,43.151,109299,0
20190524,43.379,43.459,43.082,43.24,40210,0
20190528,43.339,43.616,42.993,43.022,198767,0
20190529,42.735,42.864,42.289,42.556,277785,0
20190530,42.666,42.971,42.626,42.765,109779,0
20190531,42.229,42.404,42.071,42.209,86481,0
20190603,42.121,42.209,41.595,41.794,297419,0
20190604,42.17,42.933,42.17,42.923,329572,0
20190605,43.211,43.211,42.715,43.132,58429,0
20190606,43.122,43.429,42.968,43.3,38210,0
20190607,43.478,44.092,43.478,43.983,62556,0
20190610,44.301,44.846,44.301,44.44,99870,0
20190611,44.787,44.965,44.42,44.579,371683,0
20190612,44.569,44.673,44.45,44.52,35565,0
20190613,44.717,44.995,44.717,44.926,63571,0
20190614,44.945,45.094,44.865,44.984,26220,0
20190617,45.064,45.218,45.064,45.076,37840,0
20190618,45.46,45.748,45.341,45.411,65676,0
20190619,45.51,45.58,45.194,45.49,53795,0
20190620,45.927,45.946,45.411,45.774,75880,0
20190621,45.658,45.793,45.539,45.549,49085,0
20190624,45.589,45.589,45.311,45.33,63311,0
20190625,45.36,45.41,44.774,44.843,96402,0
20190626,44.982,45.112,44.966,44.982,41178,0
20190627,45.102,45.331,45.092,45.33,73990,0
20190628,45.42,45.549,45.38,45.439,40399,0
20190701,45.996,46.215,45.646,45.797,89412,0
20190702,45.797,45.897,45.609,45.897,100612,0
20190703,46.056,46.298,46.056,46.285,42461,0
20190705,46.086,46.404,45.947,46.354,50274,0
20190708,46.215,46.424,46.153,46.394,51715,0
20190709,46.235,46.513,46.235,46.503,61619,0
20190710,46.652,46.732,46.468,46.672,93230,0
20190711,46.811,46.911,46.623,46.722,61160,0
20190712,46.851,47.279,46.851,47.239,71739,0
20190715,47.388,47.418,47.139,47.378,74137,0
20190716,47.319,47.466,47.219,47.378,47547,0
20190717,47.378,47.378,46.981,46.99,65049,0
20190718,46.821,46.951,46.553,46.891,40444,0
20190719,47.07,47.086,46.598,46.613,50707,0
20190722,46.672,46.752,46.483,46.623,445977,0
20190723,46.881,46.951,46.593,46.951,74786,0
20190724,46.752,47.279,46.752,47.239,48801,0
20190725,47.149,47.169,46.886,46.917,53228,0
20190726,46.921,47.08,46.764,47.053,99202,0
20190729,46.971,46.971,46.615,46.821,64807,0
20190730,46.493,46.619,46.374,46.563,45244,0
20190731,46.523,46.523,45.583,46.006,104456,0
20190801,46.086,46.493,45.161,45.37,112726,0
20190802,45.112,45.117,44.718,44.893,100533,0
20190805,44.028,44.237,43.402,43.65,154580,0
20190806,43.958,44.356,43.77,44.336,109654,0
20190807,43.879,44.505,43.68,44.446,66143,0
20190808,44.734,45.43,44.734,45.41,148632,0
20190809,45.271,45.38,44.803,45.012,73004,0
20190812,44.654,44.654,44.127,44.286,48897,0
20190813,44.177,45.374,44.177,45.002,112475,0
20190814,44.237,44.306,43.531,43.6,145204,0
20190815,43.75,43.877,43.173,43.501,63894,0
20190816,43.78,44.098,43.73,43.988,46555,0
20190819,44.594,44.688,44.442,44.525,46817,0
20190820,44.594,44.744,44.406,44.515,61566,0
20190821,45.121,45.271,45.107,45.261,97346,0
20190822,45.42,45.519,45.032,45.271,46102,0
20190823,45.012,45.161,43.869,44.058,80729,0
20190826,44.386,44.462,44.092,44.406,71861,0
20190827,44.644,44.684,44.181,44.276,75590,0
20190828,44.098,44.762,44.098,44.704,57856,0
20190829,45.231,45.462,45.206,45.36,66905,0
20190830,45.579,45.605,45.062,45.181,38957,0
20190903,44.893,45.226,44.764,44.942,101912,0
20190904,45.231,45.43,45.08,45.35,46363,0
20190905,45.847,46.354,45.847,46.295,163802,0
20190906,46.394,46.523,46.268,46.354,55553,0
20190909,46.523,46.67,46.424,46.593,55766,0
20190910,46.374,46.434,46.036,46.434,65730,0
20190911,46.434,46.702,46.295,46.652,86336,0
20190912,46.851,47.117,46.722,46.871,66540,0
20190913,46.981,47.052,46.771,46.811,55538,0
20190916,46.473,46.513,46.191,46.245,42559,0
20190917,46.155,46.483,45.976,46.472,39429,0
20190918,46.374,46.432,45.927,46.374,40364,0
20190919,46.483,46.515,46.265,46.275,45690,0
20190920,46.304,46.393,45.726,45.746,37702,0
20190923,45.636,45.961,45.377,45.816,54358,0
20190924,46.035,46.145,45.178,45.248,70476,0
20190925,45.377,45.756,45.088,45.676,45434,0
20190926,45.706,45.736,45.238,45.417,32214,0
20190927,45.447,45.605,45.058,45.287,49829,0
20190930,45.357,45.708,45.351,45.617,41271,0
20191001,45.826,45.975,45.297,45.3,139336,0
20191002,45.088,45.088,44.31,44.55,67575,0
20191003,44.4,44.699,43.897,44.699,91968,0
20191004,44.849,45.118,44.739,45.098,66995,0
20191007,45.008,45.188,44.829,44.988,46623,0
20191008,44.57,44.849,44.42,44.42,58708,0
20191009,44.749,44.968,44.645,44.799,41786,0
20191010,44.819,45.279,44.819,45.068,44224,0
20191011,45.587,46.037,45.587,45.666,93127,0
20191014,45.626,45.746,45.518,45.656,24899,0
20191015,45.776,46.249,45.776,46.155,38079,0
20191016,46.105,46.354,46.105,46.304,36485,0
20191017,46.574,46.648,46.414,46.514,30645,0
20191018,46.344,46.474,46.115,46.295,27662,0
20191021,46.574,46.602,46.413,46.522,36552,0
20191022,46.514,46.52,46.245,46.255,43595,0
20191023,46.165,46.165,45.936,46.055,30187,0
20191024,46.085,46.324,46.045,46.185,33742,0
20191025,45.716,46.374,45.648,46.226,63195,0
20191028,46.324,46.519,46.304,46.374,54581,0
20191029,46.374,46.374,46.085,46.125,156949,0
20191030,46.025,46.304,45.866,46.265,41765,0
20191031,46.265,46.312,45.827,46.015,43988,0
20191101,46.324,46.344,46.145,46.245,56500,0
20191104,46.474,46.497,46.311,46.344,77255,0
20191105,46.414,46.564,46.364,46.424,76324,0
20191106,46.454,46.494,46.265,46.454,805296,0
20191107,46.624,46.673,46.265,46.314,77348,0
20191108,46.314,46.364,46.135,46.314,77381,0
20191111,46.225,46.275,46.065,46.275,49720,0
20191112,46.354,46.463,46.185,46.235,197974,0
20191113,46.095,46.185,45.965,46.065,84239,0
20191114,46.055,46.331,46.055,46.275,45715,0
20191115,46.504,46.514,46.275,46.334,64806,0
20191118,46.314,46.514,46.234,46.494,51406,0
20191119,46.414,46.414,45.985,46.115,97515,0
20191120,46.135,46.253,45.748,45.936,56800,0
20191121,46.055,46.059,45.676,45.725,49405,0
20191122,45.926,45.995,45.776,45.995,32555,0
20191125,46.165,46.484,46.165,46.474,93616,0
20191126,46.444,46.813,46.444,46.813,53026,0
20191127,46.873,47.202,46.873,47.172,56658,0
20191129,47.172,47.202,46.823,46.826,29071,0
20191202,46.873,46.907,46.377,46.484,117527,0
20191203,46.065,46.065,45.766,46.005,57705,0
20191204,46.145,46.394,46.145,46.225,80426,0
20191205,46.275,46.348,46.115,46.185,55170,0
20191206,46.504,46.693,46.504,46.609,77429,0
20191209,46.534,46.782,46.528,46.624,52467,0
20191210,46.663,46.683,46.489,46.564,28218,0
20191211,46.624,46.733,46.474,46.713,45179,0
20191212,46.833,47.212,46.763,47.142,59947,0
20191213,47.142,47.232,46.878,47.112,48762,0
20191216,47.351,47.472,47.261,47.361,41030,0
20191217,47.461,47.611,47.461,47.601,52153,0
20191218,47.73,47.751,47.589,47.67,40328,0
20191219,47.68,47.841,47.611,47.84,44897,0
20191220,48,48,47.882,47.9202,65368,0
20191223,48.03,48.03,47.852,47.88,45876,0
20191224,47.83,47.995,47.83,47.96,40827,0
20191226,48.11,48.52,48.11,48.52,45408,0
20191227,48.65,48.814,48.472,48.54,87482,0
20191230,48.55,48.55,48.091,48.21,62796,0
20191231,48.08,48.3028,48.08,48.25,41685,0
20200102,48.61,48.85,48.4097,48.85,242956,0
20200103,48.26,48.6193,48.2005,48.52,106710,0
20200106,48.14,48.665,48.14,48.665,564129,0
20200107,48.67,48.7306,48.4569,48.63,234000,0
20200108,48.63,49.05,48.6,48.82,49235,0
20200109,49.1,49.1823,48.8799,49.01,57718,0
20200110,49.03,49.03,48.671,48.74,80334,0
20200113,48.86,49.06,48.76,49.05,35358,0
20200114,48.99,49.195,48.9377,49.01,56980,0
20200115,48.9,49.0991,48.8,48.88,48879,0
20200116,49.16,49.3201,49.1303,49.32,60258,0
20200117,49.45,49.61,49.35,49.4301,44886,0
20200121,49.23,49.42,49.1581,49.4154,57490,0
20200122,49.5,49.7842,49.36,49.44,52458,0
20200123,49.2,49.5789,48.941,49.5003,48637,0
