Date,Open,High,Low,Close,Volume,OpenInt
20131029,23.028,23.057,22.948,23.057,35291,0
20131030,23.271,23.271,22.895,22.948,32094,0
20131031,23.128,23.128,22.867,22.948,29467,0
20131101,23.019,23.128,22.904,23.094,41150,0
20131104,23.153,23.2,23.112,23.2,42935,0
20131105,23.2,23.2,22.972,23.134,24306,0
20131106,23.254,23.254,23.085,23.173,24196,0
20131107,23.352,23.352,22.885,22.895,30372,0
20131108,22.931,23.216,22.922,23.216,57549,0
20131111,23.191,23.226,23.173,23.206,28299,0
20131112,23.191,23.254,23.094,23.226,14707,0
20131113,23.173,23.352,23.134,23.352,24987,0
20131114,23.451,23.497,23.352,23.469,22172,0
20131115,23.702,23.702,23.479,23.57,39975,0
20131118,23.848,23.848,23.514,23.542,72766,0
20131119,23.575,23.595,23.387,23.387,27387,0
20131120,23.532,23.532,23.262,23.3,36884,0
20131121,23.396,23.497,23.361,23.497,44056,0
20131122,23.631,23.712,23.497,23.676,65349,0
20131125,23.721,23.73,23.604,23.613,36552,0
20131126,23.685,23.769,23.621,23.702,57394,0
20131127,23.759,23.876,23.759,23.829,41661,0
20131129,23.936,23.936,23.749,23.759,31143,0
20131202,23.786,23.795,23.631,23.631,18291,0
20131203,23.658,23.658,23.435,23.479,34262,0
20131204,23.459,23.522,23.134,23.416,29191,0
20131205,23.442,23.469,23.352,23.406,26920,0
20131206,23.641,23.769,23.621,23.73,50043,0
20131209,23.848,23.848,23.749,23.795,106356,0
20131210,23.759,23.892,23.749,23.778,52759,0
20131211,23.786,23.786,23.369,23.387,83952,0
20131212,23.406,23.459,23.361,23.378,38788,0
20131213,23.497,23.532,23.416,23.514,44385,0
20131216,23.693,23.802,23.604,23.73,167414,0
20131217,23.819,23.819,23.676,23.739,77449,0
20131218,23.819,24.118,23.667,24.047,121686,0
20131219,24.1,24.126,23.965,24.047,148332,0
20131220,24.146,24.349,24.094,24.32,108371,0
20131223,24.48,24.48,24.366,24.42,156257,0
20131224,24.47,24.545,24.437,24.527,103904,0
20131226,24.629,24.705,24.594,24.678,79162,0
20131227,24.753,24.753,24.637,24.642,76399,0
20131230,24.753,24.753,24.637,24.649,106111,0
20131231,24.733,24.79,24.696,24.762,123196,0
20140102,24.753,24.753,24.42,24.437,305535,0
20140103,24.498,24.602,24.47,24.527,215664,0
20140106,24.668,24.668,24.359,24.373,275066,0
20140107,24.454,24.545,24.41,24.498,140071,0
20140108,24.537,24.611,24.373,24.461,139221,0
20140109,24.584,24.594,24.42,24.564,58158,0
20140110,24.611,24.637,24.498,24.629,70655,0
20140113,24.678,24.696,24.31,24.339,148677,0
20140114,24.48,24.602,24.392,24.602,97773,0
20140115,24.668,24.834,24.658,24.808,60306,0
20140116,24.781,24.781,24.668,24.733,73412,0
20140117,24.705,24.705,24.584,24.611,87494,0
20140121,24.743,24.808,24.518,24.629,95240,0
20140122,24.733,24.733,24.619,24.705,53716,0
20140123,24.594,24.594,24.339,24.42,234184,0
20140124,24.31,24.31,23.66,23.66,219395,0
20140127,23.752,23.805,23.48,23.653,105695,0
20140128,23.762,23.886,23.742,23.831,42696,0
20140129,23.733,23.796,23.534,23.606,142112,0
20140130,23.733,23.86,23.696,23.796,60521,0
20140131,23.516,23.805,23.48,23.66,89955,0
20140203,23.733,23.733,22.955,22.99,241750,0
20140204,23.103,23.2,22.875,23.164,67695,0
20140205,23.121,23.191,22.867,23.129,85377,0
20140206,23.182,23.426,23.182,23.417,138045,0
20140207,23.553,23.762,23.553,23.733,53985,0
20140210,23.724,23.724,23.578,23.633,46858,0
20140211,23.66,23.969,23.66,23.904,35775,0
20140212,24.041,24.068,23.95,24.005,44259,0
20140213,23.904,24.138,23.78,24.077,33113,0
20140214,24.077,24.284,24.031,24.284,40807,0
20140218,24.42,24.42,24.192,24.274,42168,0
20140219,24.237,24.366,24.058,24.058,86873,0
20140220,24.041,24.339,24.041,24.31,29372,0
20140221,24.265,24.373,24.265,24.3,38162,0
20140224,24.373,24.637,24.359,24.48,41278,0
20140225,24.428,24.489,24.339,24.366,24023,0
20140226,24.454,24.518,24.33,24.41,56737,0
20140227,24.428,24.574,24.392,24.537,39911,0
20140228,24.594,24.733,24.48,24.637,33348,0
20140303,24.47,24.527,24.284,24.428,46116,0
20140304,24.705,24.877,24.705,24.85,28871,0
20140305,24.868,24.905,24.843,24.877,18867,0
20140306,24.877,25.032,24.877,25.025,36111,0
20140307,25.187,25.187,25.016,25.052,24612,0
20140310,25.112,25.112,24.79,24.941,32659,0
20140311,24.97,24.979,24.687,24.753,18100,0
20140312,24.537,24.687,24.508,24.668,21074,0
20140313,24.828,24.834,24.246,24.33,34576,0
20140314,24.349,24.42,24.256,24.256,17963,0
20140317,24.47,24.649,24.437,24.574,20156,0
20140318,24.696,24.762,24.642,24.733,24396,0
20140319,24.733,24.743,24.42,24.537,11291,0
20140320,24.527,24.584,24.454,24.555,31745,0
20140321,24.701,24.767,24.579,24.589,18162,0
20140324,25.1,25.1,24.334,24.475,36705,0
20140325,24.645,24.804,24.54,24.632,17187,0
20140326,24.759,24.884,24.377,24.377,28350,0
20140327,24.26,24.334,24.149,24.278,28953,0
20140328,24.432,24.569,24.432,24.475,22477,0
20140331,24.645,24.786,24.624,24.767,34004,0
20140401,24.874,24.967,24.814,24.967,20494,0
20140402,25.039,25.139,25.039,25.11,26015,0
20140403,25.213,25.213,25.049,25.119,37642,0
20140404,25.205,25.274,24.786,24.824,19864,0
20140407,24.786,24.824,24.386,24.414,41221,0
20140408,24.368,24.532,24.334,24.465,36672,0
20140409,24.599,24.795,24.493,24.786,22980,0
20140410,24.929,24.929,24.295,24.343,24671,0
20140411,24.097,24.343,24.051,24.051,33252,0
20140414,24.178,24.314,23.989,24.168,144029,0
20140415,24.222,24.362,23.942,24.334,81902,0
20140416,24.579,24.674,24.432,24.674,31323,0
20140417,24.759,24.976,24.729,24.892,32766,0
20140421,24.929,25.004,24.892,24.995,100159,0
20140422,25.064,25.175,25.064,25.064,26700,0
20140423,25.039,25.148,25.039,25.073,17565,0
20140424,25.266,25.266,24.902,25.039,27955,0
20140425,24.874,24.911,24.739,24.786,24853,0
20140428,24.92,24.92,24.503,24.739,27544,0
20140429,24.865,24.865,24.701,24.814,10560,0
20140430,24.855,25.03,24.814,25.004,1385714,0
20140501,25.049,25.11,24.892,24.929,46044,0
20140502,24.995,25.119,24.948,24.976,38129,0
20140505,24.839,25.156,24.759,24.986,23150,0
20140506,24.759,24.902,24.759,24.759,32006,0
20140507,24.884,24.967,24.683,24.967,43651,0
20140508,25.013,25.1,24.884,24.911,26053,0
20140509,24.892,24.976,24.786,24.957,16032,0
20140512,25.148,25.366,25.09,25.356,46108,0
20140513,25.42,25.438,25.327,25.356,105326,0
20140514,25.375,25.375,25.082,25.11,196566,0
20140515,25.11,25.119,24.692,24.884,45923,0
20140516,24.976,24.976,24.795,24.911,19779,0
20140519,24.902,25.073,24.902,25.073,20019,0
20140520,25.1,25.1,24.624,24.729,17529,0
20140521,24.833,24.939,24.795,24.92,28923,0
20140522,24.939,25.064,24.939,24.995,20262,0
20140523,24.948,25.195,24.948,25.166,31871,0
20140527,25.24,25.385,25.24,25.337,16488,0
20140528,25.375,25.402,25.327,25.327,415676,0
20140529,25.402,25.42,25.309,25.412,17316,0
20140530,25.412,25.42,25.327,25.412,72649,0
20140602,25.385,25.511,25.299,25.501,29173,0
20140603,25.394,25.476,25.385,25.412,16703,0
20140604,25.385,25.448,25.385,25.438,22271,0
20140605,25.428,25.767,25.428,25.747,34988,0
20140606,25.809,25.983,25.799,25.974,37391,0
20140609,26.216,26.245,25.974,26.137,55154,0
20140610,26.035,26.082,25.992,26.072,20960,0
20140611,26.016,26.072,25.837,25.856,104368,0
20140612,25.892,25.892,25.537,25.574,56096,0
20140613,25.448,25.675,25.448,25.627,44407,0
20140616,25.574,25.637,25.501,25.601,21272,0
20140617,25.528,25.711,25.52,25.684,45075,0
20140618,25.656,25.827,25.61,25.827,23982,0
20140619,25.873,25.892,25.767,25.883,31147,0
20140620,25.974,25.993,25.921,25.984,33074,0
20140623,26.037,26.064,25.783,25.865,50105,0
20140624,25.838,25.911,25.555,25.61,28985,0
20140625,25.555,25.647,25.537,25.61,674962,0
20140626,25.656,25.684,25.437,25.574,14287,0
20140627,25.584,25.675,25.547,25.647,14369,0
20140630,25.701,25.701,25.574,25.637,789013,0
20140701,25.692,25.884,25.692,25.8,500517,0
20140702,25.857,25.857,25.729,25.739,96584,0
20140703,25.774,25.984,25.757,25.947,41245,0
20140707,25.884,25.884,25.72,25.739,50759,0
20140708,25.729,25.783,25.491,25.564,41162,0
20140709,25.675,25.767,25.527,25.584,22821,0
20140710,25.289,25.491,25.265,25.419,38777,0
20140711,25.447,25.527,25.393,25.527,34183,0
20140714,25.601,25.767,25.547,25.684,38696,0
20140715,25.684,25.792,25.584,25.656,42197,0
20140716,25.729,25.792,25.647,25.757,22617,0
20140717,25.61,25.684,25.365,25.393,23484,0
20140718,25.447,25.601,25.437,25.592,40934,0
20140721,25.537,25.592,25.401,25.555,46748,0
20140722,25.647,25.729,25.637,25.701,149751,0
20140723,25.8,25.8,25.592,25.601,22439,0
20140724,25.547,25.656,25.437,25.484,23951,0
20140725,25.484,25.484,25.336,25.336,14094,0
20140728,25.298,25.427,25.071,25.173,1390470,0
20140729,25.5,25.5,24.917,24.917,155259,0
20140730,24.983,25.062,24.83,24.936,41819,0
20140731,24.81,24.81,24.436,24.436,67982,0
20140801,24.436,24.518,24.235,24.409,54158,0
20140804,24.508,24.545,24.29,24.537,44262,0
20140805,24.391,24.612,24.337,24.409,16977,0
20140806,24.29,24.391,24.235,24.318,1325469,0
20140807,24.48,24.498,24.282,24.337,30293,0
20140808,24.347,24.642,24.308,24.637,16666,0
20140811,24.801,24.899,24.745,24.783,45263,0
20140812,24.82,24.862,24.66,24.697,13331,0
20140813,24.82,24.955,24.764,24.917,32000,0
20140814,24.992,25.055,24.964,25.055,20225,0
20140815,25.137,25.137,24.83,25.01,16722,0
20140818,25.117,25.374,25.055,25.374,27816,0
20140819,25.475,25.475,25.411,25.467,10238,0
20140820,25.401,25.666,25.401,25.647,30370,0
20140821,25.747,25.747,25.555,25.656,48510,0
20140822,25.656,25.656,25.484,25.564,15198,0
20140825,25.701,25.747,25.627,25.656,119666,0
20140826,25.701,25.701,25.601,25.61,19815,0
20140827,25.574,25.627,25.537,25.574,17383,0
20140828,25.484,25.527,25.447,25.5,14300,0
20140829,25.527,25.547,25.427,25.519,82214,0
20140902,25.527,25.666,25.5,25.584,1367960,0
20140903,25.729,25.729,25.527,25.555,45422,0
20140904,25.637,25.747,25.537,25.564,78518,0
20140905,25.564,25.637,25.457,25.637,89469,0
20140908,25.627,25.701,25.601,25.637,11189,0
20140909,25.692,25.692,25.475,25.484,300082,0
20140910,25.527,25.555,25.374,25.527,1311649,0
20140911,25.484,25.574,25.393,25.547,34725,0
20140912,25.527,25.527,25.393,25.437,16629,0
20140915,25.437,25.437,25.308,25.401,13612,0
20140916,25.326,25.564,25.298,25.519,41831,0
20140917,25.491,25.739,25.491,25.647,46139,0
20140918,25.666,25.767,25.656,25.747,82023,0
20140919,25.844,25.844,25.623,25.698,25963,0
20140922,25.569,25.589,25.331,25.36,30820,0
20140923,25.284,25.303,25.167,25.167,38414,0
20140924,25.167,25.284,25.075,25.26,67811,0
20140925,25.158,25.224,24.884,24.911,81075,0
20140926,24.929,25.141,24.884,25.112,40216,0
20140929,24.892,25.058,24.738,25.023,627705,0
20140930,25.102,25.121,24.902,24.967,48277,0
20141001,24.644,24.813,24.401,24.438,278119,0
20141002,24.392,24.529,24.264,24.446,128633,0
20141003,24.672,24.785,24.576,24.758,92651,0
20141006,24.892,24.902,24.631,24.681,20041,0
20141007,24.373,24.472,24.091,24.091,77068,0
20141008,24.118,24.5,23.908,24.5,47692,0
20141009,24.245,24.438,23.899,23.945,38219,0
20141010,23.826,23.916,23.553,23.553,1110849,0
20141013,23.553,23.798,23.186,23.195,68865,0
20141014,23.368,23.764,23.305,23.534,115077,0
20141015,23.323,23.598,22.868,23.524,121488,0
20141016,23.305,23.835,23.08,23.698,26902,0
20141017,24.028,24.245,23.972,24.109,1135447,0
20141020,24.064,24.154,24,24.136,1550398,0
20141021,24.348,24.738,24.348,24.7,483513,0
20141022,24.785,24.929,24.373,24.401,60438,0
20141023,24.776,25.066,24.748,24.892,46189,0
20141024,24.986,25.075,24.832,25.075,35791,0
20141027,25.014,25.05,24.848,25.05,31871,0
20141028,25.242,25.569,25.158,25.542,51724,0
20141029,25.589,25.633,25.267,25.415,61785,0
20141030,25.379,25.606,25.26,25.542,478552,0
20141031,25.87,25.87,25.745,25.825,33045,0
20141103,25.87,25.87,25.716,25.77,82844,0
20141104,25.806,25.853,25.689,25.735,64245,0
20141105,25.88,25.928,25.763,25.88,41396,0
20141106,25.944,26.162,25.908,26.153,82158,0
20141107,26.144,26.226,26.071,26.18,69547,0
20141110,26.153,26.302,26.153,26.293,65804,0
20141111,26.31,26.32,26.18,26.255,81487,0
20141112,26.226,26.335,26.199,26.32,44495,0
20141113,26.4,26.4,26.136,26.199,56013,0
20141114,26.216,26.335,26.153,26.236,92416,0
20141117,26.18,26.226,26.136,26.19,38308,0
20141118,26.246,26.438,26.226,26.37,163628,0
20141119,26.236,26.353,26.18,26.246,150745,0
20141120,26.18,26.37,26.117,26.343,50075,0
20141121,26.483,26.675,26.483,26.573,93622,0
20141124,26.665,26.713,26.61,26.683,82701,0
20141125,26.802,26.802,26.675,26.747,53523,0
20141126,26.73,26.83,26.656,26.703,43500,0
20141128,26.703,26.703,26.38,26.38,33191,0
20141201,26.38,26.38,25.972,26.015,43285,0
20141202,26.109,26.263,26.071,26.226,45209,0
20141203,26.464,26.61,26.353,26.583,467790,0
20141204,26.483,26.593,26.32,26.438,34067,0
20141205,26.529,26.583,26.464,26.493,53284,0
20141208,26.473,26.519,26.109,26.171,41075,0
20141209,25.87,26.263,25.815,26.263,114281,0
20141210,26.153,26.226,25.698,25.716,24575,0
20141211,25.853,26.025,25.77,25.77,33074,0
20141212,25.579,25.643,25.303,25.36,69595,0
20141215,25.523,25.55,25.084,25.276,32330,0
20141216,25.36,25.725,25.187,25.242,35114,0
20141217,25.415,25.569,25.023,25.569,49374,0
20141218,26.136,26.153,25.861,26.153,43483,0
20141219,26.26,26.404,26.194,26.315,29889,0
20141222,26.414,26.562,26.404,26.552,41351,0
20141223,26.634,26.771,26.634,26.69,40520,0
20141224,26.727,26.808,26.7,26.781,48921,0
20141226,26.902,26.902,26.771,26.781,24318,0
20141229,26.69,26.847,26.69,26.808,42043,0
20141230,26.745,26.745,26.607,26.69,52709,0
20141231,26.69,26.847,26.357,26.404,43536,0
20150102,26.525,26.525,26.103,26.297,32057,0
20150105,26.13,26.23,25.644,25.727,40875,0
20150106,25.873,25.873,25.223,25.462,781777,0
20150107,25.543,25.781,25.452,25.56,31151,0
20150108,25.808,26.047,25.781,26.047,33567,0
20150109,26.065,26.12,25.755,25.791,33528,0
20150112,25.864,25.864,25.543,25.589,19119,0
20150113,25.791,25.974,25.331,25.543,63334,0
20150114,25.266,25.423,25.14,25.388,149127,0
20150115,25.379,25.524,25.206,25.206,149328,0
20150116,25.176,25.423,25.038,25.415,243632,0
20150120,25.516,25.58,25.276,25.497,98321,0
20150121,25.388,25.746,25.388,25.69,26446,0
20150122,25.781,26.139,25.709,26.095,20582,0
20150123,25.957,26.103,25.94,25.94,17909,0
20150126,25.846,26.002,25.836,26.002,18440,0
20150127,25.682,25.836,25.56,25.699,27327,0
20150128,25.846,25.855,25.423,25.423,73242,0
20150129,25.206,25.727,25.206,25.709,25439,0
20150130,25.57,25.598,25.293,25.321,27656,0
20150202,25.388,25.699,25.186,25.69,21593,0
20150203,25.836,26.184,25.772,26.184,103721,0
20150204,26.056,26.095,25.901,25.957,43662,0
20150205,26.037,26.24,26.002,26.23,31243,0
20150206,26.21,26.375,26.13,26.175,983787,0
20150209,26.095,26.26,26.095,26.165,304103,0
20150210,26.24,26.331,26.139,26.288,17984,0
20150211,26.324,26.366,26.22,26.306,72639,0
20150212,26.414,26.57,26.414,26.552,23870,0
20150213,26.598,26.745,26.598,26.735,33632,0
20150217,26.69,26.808,26.634,26.727,36133,0
20150218,26.68,26.92,26.68,26.884,219263,0
20150219,26.827,27,26.781,26.964,19260,0
20150220,26.946,27.184,26.754,27.175,29924,0
20150223,27.085,27.148,27.037,27.075,18377,0
20150224,27.114,27.211,27.085,27.184,16235,0
20150225,27.131,27.267,27.131,27.192,30355,0
20150226,27.167,27.192,27.056,27.104,13682,0
20150227,27.114,27.211,27.008,27.008,63079,0
20150302,27.008,27.248,27.008,27.238,185138,0
20150303,27.192,27.192,26.982,27.056,48519,0
20150304,26.893,26.982,26.735,26.847,83953,0
20150305,26.837,26.874,26.781,26.874,37396,0
20150306,26.672,27.008,26.479,26.499,40340,0
20150309,26.634,26.771,26.552,26.754,59531,0
20150310,26.534,26.579,26.26,26.26,55823,0
20150311,26.324,26.375,26.24,26.306,24425,0
20150312,26.534,26.607,26.433,26.607,16139,0
20150313,26.534,26.589,26.201,26.404,1037439,0
20150316,26.479,26.727,26.47,26.719,30311,0
20150317,26.634,26.719,26.589,26.68,63350,0
20150318,26.515,27.065,26.479,26.973,36962,0
20150319,26.874,26.928,26.71,26.799,22679,0
20150320,26.994,27.02,26.876,27.02,32648,0
20150323,26.886,26.994,26.848,26.867,31388,0
20150324,26.783,26.886,26.663,26.729,28779,0
20150325,26.763,26.773,26.288,26.306,41381,0
20150326,26.147,26.324,26.055,26.23,26826,0
20150327,26.23,26.348,26.23,26.324,890093,0
20150330,26.563,26.755,26.48,26.737,44096,0
20150331,26.635,26.635,26.433,26.516,34214,0
20150401,26.471,26.471,26.22,26.297,251550,0
20150402,26.375,26.508,26.306,26.395,21504,0
20150406,26.268,26.702,26.268,26.635,21942,0
20150407,26.663,26.682,26.534,26.543,24299,0
20150408,26.59,26.608,26.443,26.553,27478,0
20150409,26.654,26.712,26.461,26.702,62082,0
20150410,26.886,27.117,26.876,27.117,31933,0
20150413,27.039,27.078,26.848,26.895,19443,0
20150414,26.829,26.93,26.645,26.93,23568,0
20150415,26.985,27.117,26.939,27.02,72953,0
20150416,26.949,27.011,26.886,26.922,42512,0
20150417,26.839,26.867,26.508,26.59,34104,0
20150420,26.783,26.922,26.783,26.858,32183,0
20150421,26.904,26.912,26.737,26.82,95306,0
20150422,26.801,26.93,26.673,26.895,41738,0
20150423,26.783,26.949,26.755,26.876,34322,0
20150424,27.02,27.02,26.682,26.729,23894,0
20150427,26.829,26.839,26.692,26.702,27696,0
20150428,26.663,26.773,26.608,26.773,14554,0
20150429,26.712,26.792,26.599,26.702,23568,0
20150430,26.534,26.635,26.331,26.404,166722,0
20150501,26.526,26.729,26.404,26.692,115674,0
20150504,26.801,26.876,26.746,26.773,81569,0
20150505,26.737,26.848,26.414,26.461,19659,0
20150506,26.375,26.516,26.268,26.357,42714,0
20150507,26.414,26.599,26.414,26.508,19428,0
20150508,26.839,26.904,26.682,26.801,48226,0
20150511,26.746,26.886,26.702,26.801,45618,0
20150512,26.608,26.81,26.563,26.729,16522,0
20150513,26.93,26.93,26.755,26.829,59955,0
20150514,26.985,27.107,26.957,27.088,38234,0
20150515,27.078,27.133,27.002,27.049,19563,0
20150518,27.088,27.161,27.02,27.141,18114,0
20150519,27.107,27.187,27.068,27.088,13034,0
20150520,27.141,27.151,27.02,27.117,17053,0
20150521,27.133,27.271,27.133,27.223,14554,0
20150522,27.187,27.214,27.088,27.125,20747,0
20150526,27.059,27.059,26.746,26.829,24086,0
20150527,26.858,27.002,26.81,26.975,21399,0
20150528,26.867,26.886,26.729,26.858,14122,0
20150529,26.721,26.839,26.543,26.635,34647,0
20150601,26.543,26.746,26.516,26.682,143910,0
20150602,26.59,26.867,26.563,26.746,16217,0
20150603,26.801,27.011,26.783,26.922,20421,0
20150604,26.773,26.858,26.599,26.608,122733,0
20150605,26.499,26.692,26.461,26.635,39971,0
20150608,26.625,26.645,26.516,26.526,38994,0
20150609,26.453,26.59,26.385,26.508,19832,0
20150610,26.616,26.82,26.571,26.773,17972,0
20150611,26.848,26.912,26.81,26.867,18067,0
20150612,26.82,26.848,26.692,26.729,21290,0
20150615,26.616,26.616,26.395,26.563,26501,0
20150616,26.543,26.571,26.453,26.553,25089,0
20150617,26.608,26.663,26.461,26.616,15856,0
20150618,26.702,26.949,26.692,26.895,16185,0
20150619,26.836,26.919,26.743,26.789,20001,0
20150622,26.928,26.955,26.873,26.901,21298,0
20150623,26.892,26.928,26.826,26.864,14689,0
20150624,26.798,26.855,26.613,26.641,36972,0
20150625,26.669,26.669,26.409,26.438,36972,0
20150626,26.458,26.531,26.419,26.475,13296,0
20150629,26.361,26.361,26.002,26.011,27132,0
20150630,26.214,26.234,25.921,26.039,1221749,0
20150701,26.204,26.204,25.994,26.077,67567,0
20150702,26.186,26.186,26.011,26.087,17081,0
20150706,25.855,26.049,25.817,25.931,1313367,0
20150707,25.975,26.087,25.642,26.077,36431,0
20150708,25.797,25.873,25.577,25.622,26483,0
20150709,25.873,25.957,25.726,25.736,35025,0
20150710,25.966,25.985,25.846,25.957,58159,0
20150713,26.141,26.224,26.122,26.214,21621,0
20150714,26.186,26.335,26.186,26.301,21505,0
20150715,26.214,26.309,26.105,26.15,63806,0
20150716,26.272,26.328,26.244,26.282,43998,0
20150717,26.282,26.319,26.214,26.282,26918,0
20150720,26.272,26.328,26.254,26.254,429391,0
20150721,26.096,26.132,25.947,25.994,18919,0
20150722,25.994,25.994,25.807,25.826,34704,0
20150723,25.817,25.883,25.567,25.605,70268,0
20150724,25.53,25.622,25.254,25.308,30485,0
20150727,25.16,25.217,25.066,25.143,124104,0
20150728,25.326,25.605,25.263,25.557,55782,0
20150729,25.614,25.966,25.605,25.957,25619,0
20150730,25.864,25.947,25.79,25.947,11783,0
20150731,25.966,26.02,25.931,25.931,30161,0
20150803,25.846,25.901,25.632,25.746,292909,0
20150804,25.746,25.883,25.689,25.736,77187,0
20150805,25.911,26.029,25.846,25.883,20106,0
20150806,25.901,25.901,25.671,25.726,42733,0
20150807,25.698,25.698,25.53,25.595,11460,0
20150810,25.826,26.122,25.79,26.087,20323,0
20150811,25.921,25.921,25.698,25.826,22907,0
20150812,25.614,25.846,25.411,25.807,35025,0
20150813,25.726,25.846,25.726,25.754,65295,0
20150814,25.754,25.966,25.754,25.94,12972,0
20150817,25.836,26.077,25.681,26.049,161724,0
20150818,26.011,26.049,25.966,26.011,11242,0
20150819,25.901,25.957,25.671,25.764,21621,0
20150820,25.587,25.587,25.189,25.199,28000,0
20150821,24.975,25.014,24.551,24.57,45190,0
20150824,23.571,24.392,18.629,23.766,1186641,0
20150825,24.234,24.234,23.431,23.431,104645,0
20150826,23.921,24.088,23.439,24.061,33836,0
20150827,24.32,24.677,24.254,24.626,96645,0
20150828,24.561,24.744,24.541,24.715,17081,0
20150831,24.59,24.706,24.464,24.59,18809,0
20150901,24.097,24.189,23.746,23.884,49186,0
20150902,24.143,24.215,23.969,24.215,205292,0
20150903,24.402,24.57,24.31,24.402,22917,0
20150904,24.097,24.125,23.996,24.107,12540,0
20150908,24.43,24.667,24.402,24.667,288315,0
20150909,24.838,24.928,24.383,24.412,33945,0
20150910,24.412,24.59,24.374,24.43,27744,0
20150911,24.374,24.533,24.31,24.533,11135,0
20150914,24.551,24.551,24.366,24.366,29294,0
20150915,24.474,24.863,24.474,24.81,367989,0
20150916,24.83,25.066,24.83,25.066,30702,0
20150917,25.004,25.226,24.863,24.863,10376,0
20150918,24.535,24.628,24.32,24.361,14756,0
20150921,24.485,24.618,24.367,24.456,7627,0
20150922,24.134,24.244,23.967,24.096,16762,0
20150923,24.143,24.18,23.865,23.928,226923,0
20150924,23.714,23.789,23.463,23.773,61620,0
20150925,23.948,23.948,23.773,23.797,33523,0
20150928,23.65,23.734,23.304,23.304,34685,0
20150929,23.352,23.416,23.277,23.416,26861,0
20150930,23.62,23.753,23.518,23.753,18482,0
20151001,23.789,23.797,23.5,23.714,17729,0
20151002,23.444,24.003,23.396,24.003,7733,0
20151005,24.215,24.776,24.215,24.766,24394,0
20151006,24.747,24.905,24.747,24.757,19340,0
20151007,24.913,25.185,24.913,25.1,20522,0
20151008,25.055,25.576,25.055,25.538,21489,0
20151009,25.586,25.66,25.492,25.586,256150,0
20151012,25.576,25.594,25.456,25.548,28870,0
20151013,25.381,25.511,25.26,25.26,26001,0
20151014,25.241,25.26,24.961,24.961,20090,0
20151015,25.081,25.241,24.961,25.222,8704,0
20151016,25.295,25.333,25.028,25.119,11280,0
20151019,25.019,25.156,24.999,25.129,20522,0
20151020,25.081,25.323,25.032,25.277,307621,0
20151021,25.39,25.548,25.286,25.305,18912,0
20151022,25.566,25.986,25.566,25.865,16439,0
20151023,26.041,26.05,25.826,25.941,212526,0
20151026,25.941,26.013,25.856,25.922,139678,0
20151027,25.746,25.746,25.538,25.576,16976,0
20151028,25.68,25.912,25.586,25.912,359835,0
20151029,25.846,25.931,25.771,25.893,18587,0
20151030,25.912,25.976,25.856,25.856,21381,0
20151102,25.958,26.247,25.912,26.217,557693,0
20151103,26.143,26.275,26.124,26.18,269579,0
20151104,26.247,26.275,26.097,26.152,28372,0
20151105,26.143,26.227,25.995,26.189,15580,0
20151106,26.189,26.199,25.922,26.17,33309,0
20151109,26.107,26.116,25.754,25.948,19063,0
20151110,25.874,26.041,25.826,25.995,1050814,0
20151111,26.05,26.116,25.967,26.013,72742,0
20151112,25.79,25.931,25.586,25.586,21813,0
20151113,25.501,25.688,25.456,25.492,23424,0
20151116,25.436,25.836,25.436,25.836,20738,0
20151117,25.807,25.893,25.736,25.764,22348,0
20151118,25.865,26.134,25.826,26.124,26861,0
20151119,26.134,26.257,26.116,26.247,15904,0
20151120,26.313,26.49,26.313,26.365,24820,0
20151123,26.337,26.423,26.18,26.275,85418,0
20151124,26.116,26.356,26.097,26.294,19662,0
20151125,26.331,26.373,26.294,26.323,17298,0
20151127,26.313,26.393,26.294,26.373,11391,0
20151130,26.383,26.393,26.199,26.217,20953,0
20151201,26.265,26.432,26.189,26.373,41344,0
20151202,26.356,26.356,26.013,26.031,45528,0
20151203,26.152,26.152,25.631,25.716,27390,0
20151204,25.78,26.05,25.736,26.013,23207,0
20151207,25.948,25.948,25.764,25.826,13001,0
20151208,25.604,25.622,25.409,25.466,23671,0
20151209,25.417,25.68,25.241,25.4,414954,0
20151210,25.538,25.641,25.381,25.484,40614,0
20151211,25.39,25.39,24.999,25.081,38893,0
20151214,25.119,25.119,24.824,25.11,23224,0
20151215,25.156,25.205,25.081,25.156,39109,0
20151216,25.251,25.613,25.222,25.528,20090,0
20151217,25.651,25.651,25.175,25.175,9670,0
20151218,25.078,25.078,24.771,24.771,16919,0
20151221,24.901,25.024,24.837,24.948,630436,0
20151222,25.059,25.351,24.967,25.239,624288,0
20151223,25.398,25.63,25.398,25.585,58839,0
20151224,25.482,25.64,25.482,25.593,7811,0
20151228,25.482,25.547,25.351,25.51,137292,0
20151229,25.611,25.796,25.611,25.763,24206,0
20151230,25.715,25.766,25.537,25.564,999252,0
20151231,25.509,25.626,25.379,25.443,52620,0
20160104,25.014,25.15,24.808,25.067,656198,0
20160105,25.106,25.11,24.956,25.086,34137,0
20160106,24.78,24.9,24.574,24.664,74174,0
20160107,24.284,24.37,23.937,23.984,212104,0
20160108,24.171,24.171,23.656,23.693,44083,0
20160111,23.815,23.815,23.511,23.741,343685,0
20160112,23.881,23.918,23.554,23.873,255929,0
20160113,23.947,23.947,23.209,23.31,104245,0
20160114,23.367,23.712,23.152,23.564,46009,0
20160115,22.983,23.227,22.844,23.161,55708,0
20160119,23.367,23.385,22.862,23.124,430563,0
20160120,22.742,23.021,22.227,22.824,107440,0
20160121,22.853,23.152,22.732,22.939,28576,0
20160122,23.217,23.293,22.965,23.178,22357,0
20160125,23.116,23.116,22.805,22.862,307039,0
20160126,22.939,23.366,22.911,23.31,15781,0
20160127,23.227,23.455,23.021,23.059,14232,0
20160128,23.227,23.264,23.021,23.235,19002,0
20160129,23.329,23.854,23.329,23.85,114609,0
20160201,23.722,23.89,23.574,23.784,293929,0
20160202,23.582,23.582,23.235,23.283,16463,0
20160203,23.441,23.618,23.04,23.574,19622,0
20160204,23.592,24.197,23.592,24.041,16318,0
20160205,23.947,23.966,23.688,23.78,12377,0
20160208,23.489,23.507,23.245,23.507,20078,0
20160209,23.273,23.741,23.273,23.554,43000,0
20160210,23.751,23.778,23.49,23.492,14445,0
20160211,23.089,23.264,22.762,23.03,55812,0
20160212,23.207,23.489,23.207,23.46,32682,0
20160216,23.78,24.021,23.648,23.966,42396,0
20160217,24.125,24.478,24.125,24.375,18374,0
20160218,24.415,24.415,24.292,24.322,11512,0
20160219,24.199,24.284,24.06,24.274,22346,0
20160222,24.508,24.742,24.508,24.645,23877,0
20160223,24.556,24.598,24.361,24.459,313075,0
20160224,24.171,24.493,24.026,24.488,15427,0
20160225,24.575,24.731,24.476,24.731,17357,0
20160226,24.909,25.031,24.836,24.862,15006,0
20160229,24.881,24.988,24.722,24.731,72935,0
20160301,24.881,25.219,24.86,25.153,19242,0
20160302,25.162,25.33,25.153,25.33,146056,0
20160303,25.312,25.526,25.312,25.481,22167,0
20160304,25.499,25.806,25.466,25.658,12910,0
20160307,25.584,25.775,25.546,25.763,1538475,0
20160308,25.574,25.574,25.355,25.406,48049,0
20160309,25.481,25.517,25.35,25.473,52024,0
20160310,25.518,25.55,25.125,25.378,20898,0
20160311,25.574,25.789,25.564,25.779,53985,0
20160314,25.668,25.796,25.647,25.753,107967,0
20160315,25.546,25.695,25.546,25.686,30047,0
20160316,25.686,25.929,25.627,25.928,15416,0
20160317,25.948,26.528,25.915,26.463,55921,0
20160318,26.592,26.717,26.572,26.663,43146,0
20160321,26.649,26.724,26.56,26.717,26499,0
20160322,26.62,26.742,26.582,26.649,266082,0
20160323,26.602,26.602,26.433,26.453,23921,0
20160324,26.264,26.404,26.198,26.404,72390,0
20160328,26.462,26.493,26.294,26.404,502386,0
20160329,26.366,26.687,26.226,26.64,29784,0
20160330,26.759,26.889,26.697,26.751,79263,0
20160331,26.808,26.922,26.602,26.668,48886,0
20160401,26.481,26.808,26.322,26.763,208351,0
20160404,26.759,26.759,26.462,26.47,331014,0
20160405,26.284,26.414,26.2,26.303,49221,0
20160406,26.331,26.453,26.096,26.453,231641,0
20160407,26.687,26.687,26.122,26.198,43742,0
20160408,26.374,26.564,26.303,26.346,30756,0
20160411,26.433,26.602,26.322,26.322,257592,0
20160412,26.331,26.595,26.331,26.528,21152,0
20160413,26.697,26.959,26.697,26.958,182280,0
20160414,26.996,27.004,26.856,26.911,143428,0
20160415,26.93,26.986,26.903,26.958,35211,0
20160418,26.894,27.101,26.864,27.052,37906,0
20160419,27.111,27.288,27.092,27.189,45614,0
20160420,27.231,27.307,27.141,27.183,329075,0
20160421,27.174,27.268,27.072,27.082,41883,0
20160422,27.174,27.249,27.072,27.204,68904,0
20160425,27.192,27.192,26.922,27.004,251763,0
20160426,27.101,27.312,27.101,27.307,36435,0
20160427,27.37,27.594,27.326,27.538,45973,0
20160428,27.38,27.561,27.211,27.221,32669,0
20160429,27.156,27.217,26.954,27.101,36836,0
20160502,27.174,27.269,27.026,27.24,190152,0
20160503,27.111,27.111,26.808,26.94,572353,0
20160504,26.866,26.866,26.544,26.649,57132,0
20160505,26.751,26.789,26.592,26.592,21497,0
20160506,26.527,26.837,26.527,26.789,20945,0
20160509,26.724,26.769,26.649,26.678,131497,0
20160510,26.751,27.166,26.751,27.156,31409,0
20160511,27.146,27.186,26.94,26.94,60848,0
20160512,27.023,27.023,26.76,26.885,29488,0
20160513,26.856,26.866,26.509,26.572,45271,0
20160516,26.612,26.93,26.612,26.857,20188,0
20160517,26.779,26.976,26.602,26.678,23773,0
20160518,26.668,26.866,26.534,26.602,14130,0
20160519,26.443,26.534,26.226,26.424,24593,0
20160520,26.554,26.697,26.545,26.586,23411,0
20160523,26.62,26.629,26.517,26.517,17779,0
20160524,26.789,26.927,26.789,26.866,18806,0
20160525,26.996,27.128,26.974,27.052,166819,0
20160526,27.128,27.156,27.004,27.023,26198,0
20160527,27.023,27.111,27.023,27.101,24998,0
20160531,27.146,27.211,27.062,27.146,23822,0
20160601,26.996,27.174,26.93,27.128,29586,0
20160602,27.146,27.211,27.062,27.192,27854,0
20160603,27.174,27.216,26.996,27.202,27785,0
20160606,27.249,27.485,27.249,27.468,14295,0
20160607,27.512,27.664,27.512,27.576,31048,0
20160608,27.673,27.773,27.673,27.754,88481,0
20160609,27.654,27.728,27.528,27.71,18572,0
20160610,27.538,27.538,27.307,27.38,18199,0
20160613,27.288,27.409,27.101,27.101,111554,0
20160614,27.082,27.158,26.968,27.128,23343,0
20160615,27.24,27.352,27.138,27.138,11316,0
20160616,27.023,27.249,26.848,27.192,17761,0
20160617,27.234,27.33,27.169,27.244,19855,0
20160620,27.509,27.751,27.509,27.544,29526,0
20160621,27.525,27.534,27.433,27.481,37860,0
20160622,27.525,27.591,27.392,27.404,70749,0
20160623,27.707,27.735,27.601,27.735,15574,0
20160624,26.734,27.045,26.433,26.641,79744,0
20160627,26.424,26.424,25.791,25.925,119080,0
20160628,26.283,26.481,26.126,26.311,123237,0
20160629,26.631,26.887,26.589,26.801,152514,0
20160630,26.887,27.348,26.887,27.348,30604,0
20160701,27.331,27.575,27.331,27.467,101281,0
20160705,27.357,27.36,27.036,27.177,19274,0
20160706,27.177,27.348,27.007,27.34,34674,0
20160707,27.348,27.546,27.284,27.384,224599,0
20160708,27.582,27.989,27.582,27.922,57769,0
20160711,28.053,28.208,28.053,28.13,38250,0
20160712,28.281,28.4,28.208,28.348,174433,0
20160713,28.423,28.435,28.29,28.394,97054,0
20160714,28.602,28.712,28.546,28.602,183132,0
20160715,28.762,28.762,28.54,28.62,26327,0
20160718,28.64,28.649,28.498,28.592,66105,0
20160719,28.546,28.64,28.404,28.562,24731,0
20160720,28.592,28.743,28.565,28.669,20888,0
20160721,28.64,28.678,28.384,28.471,33103,0
20160722,28.29,28.481,28.026,28.471,33133,0
20160725,28.461,28.461,28.243,28.318,137139,0
20160726,28.328,28.546,28.328,28.546,25427,0
20160727,28.64,28.64,28.378,28.442,22106,0
20160728,28.394,28.482,28.309,28.452,26867,0
20160729,28.377,28.452,28.273,28.423,20327,0
20160801,28.489,28.489,28.279,28.348,64970,0
20160802,28.309,28.309,28.023,28.133,30936,0
20160803,28.083,28.27,28.054,28.208,35241,0
20160804,28.281,28.384,28.234,28.262,23462,0
20160805,28.404,28.592,28.404,28.555,26873,0
20160808,28.649,28.697,28.545,28.565,50886,0
20160809,28.612,28.659,28.526,28.592,63218,0
20160810,28.62,28.62,28.489,28.546,16098,0
20160811,28.64,28.781,28.63,28.761,25901,0
20160812,28.724,28.724,28.615,28.64,19507,0
20160815,28.697,28.884,28.697,28.849,63477,0
20160816,28.801,28.801,28.678,28.678,75013,0
20160817,28.682,28.781,28.619,28.733,23216,0
20160818,28.753,28.866,28.753,28.866,15558,0
20160819,28.781,28.931,28.781,28.902,11967,0
20160822,28.866,28.916,28.801,28.902,12783,0
20160823,28.969,29.037,28.94,28.949,51678,0
20160824,28.949,28.949,28.819,28.849,15330,0
20160825,28.829,28.902,28.793,28.81,13620,0
20160826,28.893,29.046,28.702,28.743,13177,0
20160829,28.81,28.969,28.81,28.94,34971,0
20160830,28.94,28.94,28.829,28.858,15926,0
20160831,28.849,28.849,28.602,28.706,19036,0
20160901,28.743,28.81,28.517,28.708,26735,0
20160902,28.858,28.978,28.791,28.902,33773,0
20160906,28.912,28.912,28.706,28.801,39931,0
20160907,28.753,28.818,28.695,28.772,61978,0
20160908,28.753,28.772,28.659,28.762,45367,0
20160909,28.575,28.592,27.981,27.981,33866,0
20160912,27.78,28.318,27.76,28.265,24455,0
20160913,28.063,28.073,27.77,27.818,27670,0
20160914,27.838,27.97,27.741,27.751,31990,0
20160915,27.79,28.033,27.79,28.004,46343,0
20160916,27.948,27.948,27.747,27.785,13695,0
20160919,27.9,28.113,27.89,27.918,38872,0
20160920,28.059,28.059,27.928,27.928,34071,0
20160921,28.005,28.316,27.986,28.268,25000,0
20160922,28.431,28.601,28.431,28.539,31703,0
20160923,28.488,28.488,28.317,28.346,14855,0
20160926,28.223,28.306,28.171,28.195,16165,0
20160927,28.214,28.382,28.118,28.356,11307,0
20160928,28.402,28.596,28.298,28.592,34061,0
20160929,28.564,28.649,28.298,28.479,10213,0
20160930,28.459,28.706,28.459,28.658,42302,0
20161003,28.516,28.629,28.476,28.616,133786,0
20161004,28.658,28.658,28.336,28.375,23391,0
20161005,28.511,28.629,28.507,28.554,20994,0
20161006,28.545,28.619,28.431,28.592,26930,0
20161007,28.459,28.459,28.11,28.25,26244,0
20161010,28.346,28.421,28.227,28.26,44641,0
20161011,28.214,28.214,27.813,27.938,123325,0
20161012,27.938,28.05,27.851,27.995,23180,0
20161013,27.843,27.952,27.648,27.877,113916,0
20161014,28.014,28.122,27.91,27.918,31715,0
20161017,27.871,27.989,27.863,27.89,66677,0
20161018,28.099,28.099,27.915,27.928,21704,0
20161019,27.995,28.089,27.948,28.054,17139,0
20161020,27.958,27.958,27.813,27.843,24117,0
20161021,27.538,27.843,27.528,27.843,32505,0
20161024,27.948,28.099,27.903,27.928,33956,0
20161025,27.853,27.88,27.761,27.78,108376,0
20161026,27.654,27.981,27.654,27.91,29792,0
20161027,27.948,27.948,27.634,27.702,19690,0
20161028,27.747,28.014,27.747,27.834,26690,0
20161031,27.938,27.995,27.91,27.91,74936,0
20161101,27.948,27.953,27.494,27.634,75791,0
20161102,27.605,27.72,27.445,27.527,49082,0
20161103,27.567,27.567,27.398,27.445,35208,0
20161104,27.502,27.74,27.408,27.502,39305,0
20161107,27.91,28.147,27.813,28.147,46841,0
20161108,28.109,28.375,28.059,28.288,49967,0
20161109,28.25,29.208,28.25,29.103,239549,0
20161110,29.379,29.797,29.324,29.728,311691,0
20161111,29.635,29.889,29.635,29.889,271996,0
20161114,30.108,30.326,29.979,30.052,321045,0
20161115,30.204,30.204,29.853,30.135,368039,0
20161116,30.126,30.126,29.899,29.947,270153,0
20161117,30.116,30.116,29.986,30.043,214612,0
20161118,30.145,30.145,29.957,30.042,230102,0
20161121,30.155,30.37,30.064,30.194,316270,0
20161122,30.44,30.44,30.26,30.391,244339,0
20161123,30.658,30.658,30.468,30.638,219194,0
20161125,30.893,30.893,30.648,30.78,74671,0
20161128,30.771,30.8,30.515,30.553,158901,0
20161129,30.582,30.638,30.451,30.535,231598,0
20161130,30.648,30.78,30.562,30.618,159847,0
20161201,30.648,30.819,30.63,30.79,182849,0
20161202,30.819,30.829,30.648,30.734,134348,0
20161205,30.951,30.961,30.741,30.8,182817,0
20161206,30.942,30.942,30.684,30.903,212785,0
20161207,30.979,31.416,30.893,31.398,169547,0
20161208,31.689,31.689,31.209,31.291,192227,0
20161209,31.351,31.444,31.283,31.426,188347,0
20161212,31.426,31.426,31.13,31.311,157075,0
20161213,31.51,31.51,31.109,31.201,112371,0
20161214,31.217,31.274,30.847,30.847,104829,0
20161215,30.933,31.104,30.857,30.892,157438,0
20161216,30.966,31.075,30.824,30.852,81796,0
20161219,31.034,31.062,30.899,31.006,71108,0
20161220,31.156,31.232,31.043,31.204,91415,0
20161221,31.194,31.227,31.109,31.121,94888,0
20161222,31.072,31.117,30.957,31.043,65241,0
20161223,31.034,31.091,30.985,31.062,56992,0
20161227,31.09,31.204,31.082,31.109,176548,0
20161228,31.204,31.251,30.795,30.815,73864,0
20161229,30.918,30.93,30.718,30.807,67275,0
20161230,30.834,30.842,30.604,30.666,93503,0
20170103,30.928,31.1,30.747,30.888,179479,0
20170104,31.053,31.117,30.985,31.1,178545,0
20170105,31.1,31.222,30.834,30.974,132092,0
20170106,31.024,31.204,30.915,31.08,189086,0
20170109,31.126,31.126,30.805,30.834,109134,0
20170110,30.805,31.069,30.805,30.966,217590,0
20170111,30.984,31.117,30.933,31.1,115155,0
20170112,31.126,31.126,30.699,31.014,82730,0
20170113,31.109,31.186,31.081,31.146,61289,0
20170117,31.09,31.09,30.785,30.825,133980,0
20170118,30.938,31.053,30.844,31.014,171153,0
20170119,31.194,31.324,30.993,31.146,59862,0
20170120,31.1,31.176,30.978,31.113,116585,0
20170123,31.072,31.125,30.802,30.953,68245,0
20170124,31.004,31.401,31.004,31.355,96754,0
20170125,31.606,31.746,31.511,31.723,256332,0
20170126,31.764,31.837,31.572,31.707,127937,0
20170127,31.697,31.774,31.606,31.661,206003,0
20170130,31.576,31.576,31.146,31.433,255974,0
20170131,31.328,31.328,30.994,31.176,139590,0
20170201,31.28,31.327,30.974,31.166,185077,0
20170202,31.109,31.126,30.956,31.024,93999,0
20170203,31.176,31.366,31.109,31.353,161427,0
20170206,31.348,31.423,31.218,31.271,102149,0
20170207,31.423,31.589,31.307,31.358,311259,0
20170208,31.348,31.348,31.186,31.29,122498,0
20170209,31.358,31.586,31.308,31.537,77991,0
20170210,31.641,31.803,31.591,31.774,140409,0
20170213,31.918,32.099,31.918,32.041,228880,0
20170214,32.002,32.06,31.889,32.031,125348,0
20170215,32.031,32.242,32.002,32.203,320204,0
20170216,32.213,32.223,32.022,32.223,112319,0
20170217,32.154,32.223,32.051,32.213,83232,0
20170221,32.317,32.433,32.283,32.423,357832,0
20170222,32.336,32.356,32.223,32.298,97352,0
20170223,32.385,32.432,31.983,32.065,89989,0
20170224,31.918,32.233,31.889,32.233,67516,0
20170227,32.193,32.423,32.136,32.423,173625,0
20170228,32.403,32.425,32.145,32.213,111797,0
20170301,32.527,32.866,32.527,32.795,223028,0
20170302,32.795,32.795,32.423,32.451,437137,0
20170303,32.442,32.493,32.32,32.459,78336,0
20170306,32.327,32.403,32.259,32.385,95955,0
20170307,32.327,32.403,32.223,32.259,72363,0
20170308,32.278,32.313,32.099,32.126,73010,0
20170309,32.099,32.193,31.822,31.945,82069,0
20170310,32.145,32.213,31.945,32.203,115436,0
20170313,32.213,32.244,32.128,32.213,84064,0
20170314,32.118,32.118,31.87,31.983,49354,0
20170315,32.031,32.451,32.022,32.356,55750,0
20170316,32.459,32.459,32.193,32.233,98493,0
20170317,32.312,32.46,32.255,32.419,70953,0
20170320,32.428,32.428,32.255,32.293,101806,0
20170321,32.381,32.429,31.709,31.748,155320,0
20170322,31.758,31.921,31.643,31.855,112082,0
20170323,31.845,32.018,31.777,31.816,67633,0
20170324,31.873,31.987,31.588,31.699,59730,0
20170327,31.47,31.672,31.222,31.616,146231,0
20170328,31.529,32.026,31.367,31.95,150292,0
20170329,31.912,31.997,31.806,31.977,26175,0
20170330,31.977,32.198,31.977,32.179,58046,0
20170331,32.094,32.238,32.094,32.094,41688,0
20170403,32.169,32.246,31.796,31.949,161974,0
20170404,31.93,32.016,31.904,31.977,25784,0
20170405,32.132,32.38,31.848,31.855,59654,0
20170406,31.921,32.128,31.87,31.997,46588,0
20170407,32.064,32.14,31.998,32.045,50986,0
20170410,32.045,32.332,32.027,32.122,139922,0
20170411,32.113,32.211,31.921,32.169,71252,0
20170412,32.179,32.179,31.689,31.709,86536,0
20170413,31.681,31.777,31.5,31.5,53931,0
20170417,31.598,31.825,31.529,31.801,76147,0
20170418,31.699,31.825,31.643,31.806,51523,0
20170419,31.902,31.983,31.787,31.835,48847,0
20170420,31.967,32.312,31.967,32.198,42457,0
20170421,32.198,32.311,32.132,32.246,56343,0
20170424,32.602,32.694,32.503,32.666,63452,0
20170425,32.763,32.924,32.743,32.82,166471,0
20170426,32.859,33.031,32.841,32.877,77533,0
20170427,32.934,33.021,32.801,32.906,65387,0
20170428,32.963,32.963,32.674,32.713,51838,0
20170501,32.803,32.84,32.562,32.666,225284,0
20170502,32.694,32.752,32.639,32.708,64550,0
20170503,32.674,32.743,32.547,32.743,68607,0
20170504,32.773,32.808,32.542,32.694,77346,0
20170505,32.713,32.915,32.694,32.915,42188,0
20170508,32.906,32.906,32.758,32.767,37467,0
20170509,32.82,32.859,32.743,32.82,96204,0
20170510,32.763,32.803,32.602,32.694,27967,0
20170511,32.612,32.694,32.362,32.656,36319,0
20170512,32.562,32.562,32.399,32.409,43039,0
20170515,32.542,32.644,32.473,32.621,55737,0
20170516,32.639,32.639,32.454,32.532,38977,0
20170517,32.274,32.274,31.873,31.902,111124,0
20170518,31.787,32.09,31.608,31.949,63923,0
20170519,32.045,32.493,32.016,32.342,53130,0
20170522,32.523,32.621,32.465,32.602,58548,0
20170523,32.666,32.674,32.499,32.621,44999,0
20170524,32.656,32.779,32.572,32.666,33760,0
20170525,32.704,32.84,32.675,32.803,46742,0
20170526,32.763,32.84,32.733,32.82,30725,0
20170530,32.723,32.84,32.657,32.83,94675,0
20170531,32.811,32.886,32.632,32.849,41935,0
20170601,32.924,33.171,32.89,33.031,110823,0
20170602,33.2,33.439,33.171,33.269,52138,0
20170605,33.308,33.311,33.154,33.154,107589,0
20170606,33.04,33.04,32.906,32.906,35424,0
20170607,32.943,32.956,32.733,32.82,32505,0
20170608,32.849,33.04,32.822,32.982,32766,0
20170609,33.049,33.202,32.991,33.171,36534,0
20170612,33.269,33.393,33.163,33.345,65748,0
20170613,33.383,33.487,33.335,33.479,110509,0
20170614,33.498,33.498,33.327,33.39,33045,0
20170615,33.19,33.556,33.19,33.556,26652,0
20170616,33.615,33.669,33.498,33.669,79913,0
20170619,33.777,33.872,33.706,33.826,61988,0
20170620,33.816,33.816,33.459,33.459,60007,0
20170621,33.536,33.556,33.133,33.161,42376,0
20170622,33.133,33.179,33.067,33.114,50156,0
20170623,33.161,33.29,33.114,33.268,32755,0
20170626,33.334,33.439,33.219,33.248,33652,0
20170627,33.248,33.258,33.019,33.019,35763,0
20170628,33.161,33.43,33.161,33.382,26703,0
20170629,33.412,33.535,32.903,33.067,34555,0
20170630,33.189,33.459,33.189,33.382,44594,0
20170703,33.459,33.679,33.439,33.595,103436,0
20170705,33.615,33.643,33.489,33.643,93117,0
20170706,33.439,33.508,33.199,33.278,77431,0
20170707,33.317,33.565,33.268,33.526,70904,0
20170710,33.479,33.718,33.469,33.575,41420,0
20170711,33.536,33.642,33.382,33.595,62757,0
20170712,33.787,33.93,33.708,33.767,96234,0
20170713,33.757,33.777,33.643,33.767,31625,0
20170714,33.777,33.968,33.777,33.901,27663,0
20170717,33.863,33.948,33.803,33.891,33610,0
20170718,33.844,33.863,33.691,33.826,36137,0
20170719,33.835,33.938,33.767,33.901,57570,0
20170720,33.968,33.968,33.757,33.806,61461,0
20170721,33.585,33.747,33.526,33.727,34901,0
20170724,33.605,33.634,33.556,33.605,49273,0
20170725,33.747,33.806,33.507,33.643,142687,0
20170726,33.727,33.727,33.605,33.615,32533,0
20170727,33.669,33.679,33.344,33.489,70229,0
20170728,33.459,33.57,33.372,33.556,37474,0
20170731,33.615,33.654,33.536,33.536,123472,0
20170801,33.643,33.643,33.364,33.42,122184,0
20170802,33.43,33.536,33.392,33.526,160655,0
20170803,33.556,33.646,33.479,33.646,48742,0
20170804,33.685,33.767,33.652,33.767,36408,0
20170807,33.767,33.767,33.652,33.737,53845,0
20170808,33.727,33.896,33.651,33.688,51186,0
20170809,33.605,33.698,33.565,33.619,69549,0
20170810,33.507,33.548,33.153,33.153,94758,0
20170811,33.199,33.344,33.123,33.207,43725,0
20170814,33.42,33.615,33.412,33.556,43242,0
20170815,33.605,33.605,33.43,33.489,46558,0
20170816,33.507,33.624,33.489,33.498,73448,0
20170817,33.43,33.449,32.989,32.999,52683,0
20170818,32.903,33.019,32.644,32.847,62005,0
20170821,32.827,32.877,32.71,32.865,39506,0
20170822,32.942,33.278,32.942,33.229,52751,0
20170823,33.133,33.133,32.989,33.019,33973,0
20170824,33.057,33.057,32.903,32.922,102042,0
20170825,33.067,33.143,32.981,33.067,21669,0
20170828,33.114,33.114,32.989,33.029,63910,0
20170829,32.883,33.298,32.883,33.288,35341,0
20170830,33.298,33.449,33.275,33.439,41168,0
20170831,33.516,33.678,33.498,33.595,51004,0
20170901,33.679,33.806,33.65,33.737,56251,0
20170905,33.669,33.669,33.307,33.354,48286,0
20170906,33.469,33.517,33.392,33.43,28339,0
20170907,33.382,33.439,33.263,33.402,44626,0
20170908,33.354,33.605,33.248,33.536,39398,0
20170911,33.688,33.816,33.679,33.787,52348,0
20170912,33.882,33.998,33.835,33.988,46174,0
20170913,33.998,33.998,33.91,33.939,19052,0
20170914,33.901,34.094,33.864,34.094,33580,0
20170915,34.104,34.247,34.087,34.242,52669,0
20170918,34.364,34.547,34.326,34.547,48232,0
20170919,34.566,34.595,34.527,34.566,48429,0
20170920,34.604,34.826,34.572,34.797,60762,0
20170921,34.826,34.972,34.779,34.942,44065,0
20170922,35.039,35.077,34.962,35.059,60963,0
20170925,35.059,35.077,34.864,35.068,57306,0
20170926,35.096,35.144,35.068,35.096,56394,0
20170927,35.174,35.27,35.052,35.221,54750,0
20170928,35.184,35.213,35.068,35.194,30803,0
20170929,35.184,35.289,35.125,35.261,42170,0
20171002,35.348,35.527,35.309,35.527,148356,0
20171003,35.581,35.655,35.532,35.635,69688,0
20171004,35.744,35.744,35.571,35.626,58096,0
20171005,35.645,35.744,35.561,35.665,92825,0
20171006,35.635,35.704,35.561,35.675,51030,0
20171009,35.684,35.704,35.522,35.559,86544,0
20171010,35.684,35.743,35.542,35.591,50984,0
20171011,35.542,35.561,35.482,35.561,44783,0
20171012,35.502,35.753,35.502,35.744,46782,0
20171013,35.821,35.845,35.618,35.645,34324,0
20171016,35.831,35.831,35.611,35.714,90010,0
20171017,35.626,35.694,35.551,35.601,45510,0
20171018,35.675,35.724,35.571,35.645,49750,0
20171019,35.542,35.734,35.415,35.704,55735,0
20171020,35.734,36.101,35.734,36.101,38441,0
20171023,36.177,36.177,35.859,35.887,59305,0
20171024,36.054,36.177,35.994,36.042,73945,0
20171025,36.081,36.081,35.512,35.714,93567,0
20171026,35.878,35.959,35.793,35.916,55181,0
20171027,35.907,35.96,35.841,35.878,63178,0
20171030,35.821,35.821,35.571,35.594,37815,0
20171031,35.675,35.675,35.551,35.551,56261,0
20171101,35.694,35.708,35.444,35.462,301837,0
20171102,35.462,35.704,35.397,35.703,53016,0
20171103,35.704,35.754,35.611,35.655,89315,0
20171106,35.744,35.754,35.636,35.695,92594,0
20171107,35.714,35.754,35.655,35.694,145297,0
20171108,35.645,35.665,35.542,35.645,44304,0
20171109,35.424,35.462,35.077,35.174,80913,0
20171110,35.144,35.3,35.096,35.261,151852,0
20171113,35.144,35.163,35.029,35.077,88969,0
20171114,34.981,34.985,34.749,34.922,103750,0
20171115,34.779,34.962,34.306,34.701,111508,0
20171116,34.874,35.125,34.759,35.049,58133,0
20171117,34.981,35.039,34.884,34.963,49187,0
20171120,34.991,35.144,34.962,35.125,57542,0
20171121,35.241,35.396,35.221,35.363,52804,0
20171122,35.443,35.502,35.416,35.443,36369,0
20171124,35.502,35.512,35.415,35.434,17494,0
20171127,35.482,35.55,35.434,35.492,59792,0
20171128,35.551,36.032,35.551,36.032,35640,0
20171129,36.051,36.31,36.051,36.287,43121,0
20171130,36.428,36.91,36.38,36.854,91499,0
20171201,36.845,36.845,35.97,36.428,179024,0
20171204,36.825,37.127,36.65,36.65,166291,0
20171205,36.786,36.989,36.375,36.399,189583,0
20171206,36.332,36.53,36.283,36.428,57287,0
20171207,36.38,36.766,36.38,36.66,94083,0
20171208,36.845,36.845,36.688,36.815,51307,0
20171211,36.815,36.845,36.65,36.679,94150,0
20171212,36.776,36.854,36.718,36.737,73479,0
20171213,36.776,37.122,36.737,36.92,202703,0
20171214,36.979,37.057,36.603,36.613,73371,0
20171215,36.757,37.047,36.737,36.951,62266,0
20171218,37.184,37.27,37.144,37.204,82042,0
20171219,37.375,37.375,37.144,37.201,84989,0
20171220,37.424,37.483,37.275,37.348,94372,0
20171221,37.542,37.542,37.271,37.375,91013,0
20171222,37.414,37.473,37.25,37.384,76832,0
20171226,37.394,37.532,37.358,37.38,134460,0
20171227,37.473,37.527,37.424,37.523,89121,0
20171228,37.627,37.627,37.424,37.599,92535,0
20171229,37.686,37.764,37.473,37.473,99872,0
20180102,37.793,37.793,37.493,37.735,259928,0
20180103,37.861,37.918,37.716,37.908,184934,0
20180104,38.045,38.228,38.021,38.189,236047,0
20180105,38.356,38.441,38.161,38.412,182849,0
20180108,38.511,38.619,38.392,38.614,166557,0
20180109,38.693,38.881,38.644,38.799,152959,0
20180110,38.703,38.809,38.54,38.713,134934,0
20180111,38.876,39.235,38.79,39.235,189310,0
20180112,39.39,39.575,39.321,39.537,178756,0
20180116,39.74,39.769,38.974,39.167,425289,0
20180117,39.235,39.37,39.09,39.323,2365663,0
20180118,39.342,39.439,39.127,39.148,165869,0
20180119,39.265,39.332,39.1,39.332,64982,0
20180122,39.217,39.314,39.004,39.275,128873,0
20180123,39.285,39.352,39.138,39.305,243678,0
20180124,39.43,39.556,39.13,39.361,134674,0
20180125,39.507,39.55,39.119,39.42,160775,0
20180126,39.527,39.855,39.43,39.855,117493,0
20180129,39.894,39.972,39.565,39.584,161894,0
20180130,39.265,39.4,39.072,39.245,243867,0
20180131,39.604,39.75,39.187,39.342,149184,0
20180201,39.11,39.546,38.791,39.275,213884,0
20180202,39.052,39.052,38.382,38.441,338886,0
20180205,38.075,38.461,36.524,36.698,508148,0
20180206,35.943,37.414,35.662,37.319,452936,0
20180207,37.241,37.9,37.156,37.404,227607,0
20180208,37.424,37.424,36.002,36.002,205939,0
20180209,36.361,36.606,35.256,36.321,539717,0
20180212,36.603,37.134,36.358,36.901,159720,0
20180213,36.66,37.058,36.66,36.98,148494,0
20180214,36.806,37.503,36.748,37.473,135199,0
20180215,37.754,37.977,37.424,37.977,178180,0
20180216,37.9,38.374,37.861,38.031,187621,0
20180220,37.627,38.026,37.627,37.627,358862,0
20180221,37.647,38.296,37.647,37.657,132689,0
20180222,37.803,38.209,37.793,37.88,84596,0
20180223,38.055,38.161,37.852,38.084,143557,0
20180226,38.327,38.654,38.161,38.606,107453,0
20180227,38.644,38.847,38.151,38.151,72582,0
20180228,38.297,38.355,37.589,37.589,100718,0
20180301,37.58,37.774,36.708,36.911,146072,0
20180302,36.613,37.048,36.407,36.941,222464,0
20180305,36.718,37.449,36.619,37.338,212970,0
20180306,37.551,37.647,37.271,37.599,84301,0
20180307,37.144,37.696,37.144,37.599,82033,0
20180308,37.726,37.823,37.424,37.726,52548,0
20180309,37.996,38.579,37.9,38.579,91360,0
20180312,38.654,38.654,38.122,38.219,102364,0
20180313,38.287,38.471,37.919,37.996,66060,0
20180314,38.219,38.219,37.561,37.657,51112,0
20180315,37.716,37.873,37.532,37.686,45381,0
20180316,37.696,38.017,37.696,37.852,55443,0
20180319,37.764,37.774,37.308,37.637,132063,0
20180320,37.676,37.935,37.676,37.706,83374,0
20180321,37.744,38.181,37.706,37.843,78981,0
20180322,37.531,37.593,36.617,36.666,107415,0
20180323,36.704,36.898,36.023,36.072,250192,0
20180326,36.589,36.918,36.208,36.861,251128,0
20180327,37.006,37.191,36.179,36.345,123449,0
20180328,36.412,36.499,35.995,36.238,184080,0
20180329,36.393,37.025,36.393,36.783,95350,0
20180402,36.656,36.704,35.578,36.013,432989,0
20180403,36.248,36.529,36.013,36.509,91542,0
20180404,35.792,36.733,35.643,36.714,156274,0
20180405,36.928,37.162,36.812,37.095,72072,0
20180406,36.704,36.869,35.792,36.092,109277,0
20180409,36.355,36.549,35.956,35.966,183168,0
20180410,36.499,36.733,36.345,36.589,83521,0
20180411,36.316,36.598,36.218,36.373,92539,0
20180412,36.608,36.982,36.549,36.812,124345,0
20180413,37.095,37.095,36.569,36.704,233229,0
20180416,36.908,37.205,36.908,37.105,298665,0
20180417,37.384,37.58,37.317,37.442,267248,0
20180418,37.657,37.909,37.627,37.774,156308,0
20180419,37.735,37.832,37.442,37.666,89288,0
20180420,37.803,37.825,37.357,37.452,107440,0
20180423,37.599,37.617,37.249,37.423,59468,0
20180424,37.647,37.647,36.056,36.462,186006,0
20180425,36.509,36.608,36.061,36.509,67025,0
20180426,36.49,36.529,36.102,36.364,94630,0
20180427,36.296,36.364,36.062,36.306,92593,0
20180430,36.335,36.452,35.83,35.83,88976,0
20180501,35.753,35.83,35.178,35.673,1430423,0
20180502,35.578,35.825,35.42,35.43,68731,0
20180503,35.295,35.663,34.866,35.513,110315,0
20180504,35.334,36.044,35.295,35.926,97272,0
20180507,36.052,36.325,36.026,36.218,261136,0
20180508,36.199,36.568,36.199,36.481,183031,0
20180509,36.656,36.958,36.481,36.889,118686,0
20180510,36.958,37.168,36.957,37.095,64175,0
20180511,37.132,37.31,37.085,37.172,56487,0
20180514,37.298,37.344,37.035,37.122,66290,0
20180515,36.908,37.005,36.793,36.987,82693,0
20180516,36.958,37.249,36.958,37.076,34512,0
20180517,37.191,37.421,37.15,37.308,66855,0
20180518,37.327,37.572,37.327,37.531,39903,0
20180521,37.862,38.191,37.818,38.037,120688,0
20180522,38.114,38.114,37.557,37.594,65764,0
20180523,37.365,37.522,37.173,37.512,334828,0
20180524,37.442,37.735,37.403,37.676,97845,0
20180525,37.686,37.696,37.482,37.599,67621,0
20180529,37.384,37.432,36.928,37.105,61212,0
20180530,37.308,37.676,37.274,37.608,52813,0
20180531,37.541,37.541,36.996,37.105,72333,0
20180601,37.278,37.56,37.278,37.462,97011,0
20180604,37.589,37.774,37.402,37.462,295214,0
20180605,37.462,37.603,37.374,37.589,70272,0
20180606,37.637,37.909,37.56,37.909,65409,0
20180607,37.949,38.092,37.833,37.997,55964,0
20180608,37.997,38.191,37.949,38.191,60833,0
20180611,38.211,38.355,38.125,38.251,59261,0
20180612,38.32,38.332,38.134,38.221,107452,0
20180613,38.251,38.251,37.901,37.919,70166,0
20180614,38.047,38.124,37.693,37.784,46055,0
20180615,37.616,37.783,37.345,37.735,75637,0
20180618,37.461,37.687,37.382,37.636,42175,0
20180619,37.316,37.316,36.779,36.984,213325,0
20180620,37.092,37.295,36.89,37.023,101144,0
20180621,37.092,37.092,36.485,36.594,115769,0
20180622,36.789,36.885,36.661,36.689,89617,0
20180625,36.446,36.475,35.958,36.162,1313376,0
20180626,36.31,36.466,36.206,36.3,98989,0
20180627,36.387,36.798,35.987,35.987,82385,0
20180628,35.958,36.192,35.735,36.046,110471,0
20180629,36.172,36.525,36.172,36.201,46908,0
20180702,35.918,36.221,35.774,36.221,126555,0
20180703,36.29,36.534,36.095,36.105,65384,0
20180705,36.192,36.368,36.026,36.349,140732,0
20180706,36.26,36.584,36.162,36.485,122040,0
20180709,36.621,37.143,36.621,37.111,71023,0
20180710,37.179,37.345,37.042,37.227,147858,0
20180711,36.848,36.934,36.603,36.651,152011,0
20180712,36.944,37.082,36.709,37.042,77979,0
20180713,37.003,37.296,36.857,37.247,86192,0
20180716,37.306,37.355,36.984,37.013,59211,0
20180717,37.003,37.212,36.954,37.169,47673,0
20180718,37.256,37.559,37.256,37.521,44378,0
20180719,37.363,37.626,37.286,37.569,47281,0
20180720,37.461,37.665,37.401,37.521,37555,0
20180723,37.421,37.441,37.27,37.296,40998,0
20180724,37.401,37.656,37.256,37.411,116645,0
20180725,37.296,37.891,37.222,37.891,84312,0
20180726,37.901,38.214,37.891,38.155,70858,0
20180727,38.213,38.272,37.92,38.097,57752,0
20180730,38.106,38.302,37.726,37.726,327027,0
20180731,37.969,38.605,37.969,38.557,801464,0
20180801,38.537,38.537,38.038,38.145,112100,0
20180802,37.871,38.174,37.843,38.125,75807,0
20180803,38.097,38.178,37.94,38.145,70511,0
20180806,38.155,38.272,38.048,38.262,95522,0
20180807,38.378,38.586,38.378,38.514,45676,0
20180808,38.437,38.442,38.282,38.342,32766,0
20180809,38.361,38.408,38.136,38.155,59969,0
20180810,37.978,38.053,37.774,37.901,52648,0
20180813,37.95,37.979,37.54,37.676,151903,0
20180814,37.754,38.068,37.735,37.929,59338,0
20180815,37.716,37.744,37.325,37.706,99398,0
20180816,37.94,38.233,37.803,38.125,83696,0
20180817,38.106,38.437,38.106,38.388,53817,0
20180820,38.418,38.681,38.418,38.586,60865,0
20180821,38.661,38.973,38.661,38.936,77419,0
20180822,38.857,38.857,38.593,38.632,121568,0
20180823,38.557,38.612,38.398,38.457,51336,0
20180824,38.537,38.652,38.473,38.612,42830,0
20180827,38.78,39.102,38.78,39.048,86134,0
20180828,39.189,39.189,38.964,38.984,55329,0
20180829,38.984,39.116,38.934,39.053,83144,0
20180830,38.974,39.041,38.731,38.788,71956,0
20180831,38.711,38.857,38.632,38.818,52310,0
20180904,38.681,38.798,38.537,38.741,144978,0
20180905,38.741,39.033,38.652,39.033,41230,0
20180906,39.053,39.267,39.025,39.16,56334,0
20180907,39.053,39.169,38.818,39.033,77306,0
20180910,39.179,39.364,39.177,39.219,55449,0
20180911,39.121,39.317,38.994,39.199,28901,0
20180912,39.14,39.424,39.013,39.316,54464,0
20180913,39.473,39.623,39.364,39.453,55517,0
20180914,39.522,39.714,39.453,39.691,53170,0
20180917,39.687,39.786,39.61,39.639,205382,0
20180918,39.727,40.02,39.609,39.981,63356,0
20180919,39.922,40.146,39.857,39.893,68905,0
20180920,40.068,40.179,39.854,39.988,55105,0
20180921,40.117,40.205,40.04,40.04,65239,0
20180924,39.991,39.991,39.52,39.608,77417,0
20180925,39.706,39.706,39.481,39.49,60171,0
20180926,39.5,39.658,39.372,39.378,43082,0
20180927,39.461,39.588,39.357,39.422,22759,0
20180928,39.353,39.5,39.275,39.412,50435,0
20181001,39.825,39.93,39.527,39.628,309158,0
20181002,39.666,39.785,39.55,39.686,120470,0
20181003,39.815,40.07,39.795,39.862,79723,0
20181004,39.805,39.92,39.451,39.686,61283,0
20181005,39.726,39.843,39.206,39.461,65529,0
20181008,39.402,39.53,39.118,39.49,60743,0
20181009,39.432,39.432,38.929,38.952,291549,0
20181010,38.813,38.823,37.607,37.617,193311,0
20181011,37.401,37.726,36.628,36.736,368103,0
20181012,37.324,37.344,36.51,36.873,104078,0
20181015,36.835,37.224,36.835,36.982,111418,0
20181016,37.138,37.667,36.982,37.657,822802,0
20181017,37.647,37.647,37.157,37.354,74223,0
20181018,37.138,37.188,36.5,36.638,68834,0
20181019,36.726,36.867,36.354,36.481,74079,0
20181022,36.51,36.546,36.226,36.334,210834,0
20181023,35.628,35.991,35.246,35.757,318373,0
20181024,35.806,35.886,34.472,34.511,179773,0
20181025,34.707,35.04,34.627,34.824,236465,0
20181026,34.423,34.864,34.04,34.511,124311,0
20181029,34.942,35.06,33.57,33.982,329344,0
20181030,33.894,34.697,33.871,34.687,178314,0
20181031,35.03,35.335,34.972,34.972,62687,0
20181101,35.139,35.717,35.06,35.647,249962,0
20181102,35.922,36.059,35.431,35.611,142546,0
20181105,35.647,35.893,35.531,35.757,125575,0
20181106,35.717,36.138,35.717,36.119,76790,0
20181107,36.452,36.706,36.064,36.706,127883,0
20181108,36.599,36.792,36.49,36.628,60898,0
20181109,36.393,36.431,35.991,36.236,61607,0
20181112,36.216,36.216,35.451,35.471,76600,0
20181113,35.501,36.059,35.444,35.619,288189,0
20181114,35.844,36.03,35.256,35.481,111107,0
20181115,35.198,36.118,35.138,35.932,72806,0
20181116,35.806,36.04,35.657,35.942,48499,0
20181119,35.882,35.882,35.236,35.394,53275,0
20181120,34.874,34.979,34.481,34.599,202031,0
20181121,34.785,35.134,34.744,34.884,80565,0
20181123,34.647,35.034,34.647,34.795,11171,0
20181126,35.07,35.27,34.863,35.129,58982,0
20181127,34.942,34.982,34.697,34.962,59971,0
20181128,35.129,35.835,34.922,35.825,51345,0
20181129,35.787,35.981,35.555,35.796,29572,0
20181130,35.727,36.177,35.677,36.119,51728,0
20181203,36.805,37.05,36.364,36.53,94890,0
20181204,36.452,36.452,34.932,34.962,201627,0
20181206,34.365,34.717,33.732,34.697,333442,0
20181207,34.647,34.893,33.736,33.855,69116,0
20181210,33.826,33.971,33.207,33.895,97500,0
20181211,34.394,34.468,33.482,33.697,70562,0
20181212,34.13,34.364,33.889,33.889,93574,0
20181213,34.149,34.149,33.659,33.736,59574,0
20181214,33.384,33.736,33.187,33.286,65733,0
20181217,33.207,33.394,32.541,32.727,169295,0
20181218,33.022,33.305,32.737,32.875,66775,0
20181219,32.826,33.433,32.06,32.247,97969,0
20181220,32.09,32.325,31.362,31.659,396422,0
20181221,31.767,32.033,31.107,31.127,267037,0
20181224,30.871,30.93,30.22,30.22,114438,0
20181226,30.338,31.639,30.063,31.639,210563,0
20181227,31.137,32.033,30.841,32.033,232145,0
20181228,32.092,32.379,31.846,31.944,181964,0
20181231,32.112,32.289,31.915,32.289,122190,0
20190102,31.757,32.428,31.684,32.347,35819,0
20190103,32.181,32.181,31.394,31.531,85252,0
20190104,31.994,32.718,31.994,32.703,378483,0
20190107,32.773,33.157,32.582,32.94,78243,0
20190108,33.423,33.543,33.157,33.452,224339,0
20190109,33.631,33.837,33.502,33.698,62499,0
20190110,33.541,34.182,33.541,34.172,57541,0
20190111,33.985,34.153,33.828,34.153,37383,0
20190114,33.837,34.241,33.808,34.074,80242,0
20190115,34.054,34.129,33.808,33.985,43273,0
20190116,33.985,34.192,33.985,34.054,69207,0
20190117,33.935,34.774,33.935,34.625,108813,0
20190118,34.901,35.414,34.873,35.247,111730,0
20190122,35.019,35.019,34.381,34.596,121481,0
20190123,34.832,34.951,34.222,34.547,66423,0
20190124,34.635,34.871,34.526,34.754,48090,0
20190125,35.099,35.316,35.037,35.178,67726,0
20190128,34.764,34.862,34.576,34.862,79540,0
20190129,34.981,35.331,34.981,35.271,51178,0
20190130,35.612,35.899,35.246,35.75,174908,0
20190131,35.829,36.104,35.739,35.977,67394,0
20190201,36.114,36.244,35.897,36.035,57808,0
20190204,36.064,36.459,35.976,36.459,97697,0
20190205,36.538,36.794,36.459,36.794,282125,0
20190206,36.765,36.932,36.713,36.794,55011,0
20190207,36.578,36.705,36.222,36.498,91544,0
20190208,36.291,36.508,36.153,36.508,133522,0
20190211,36.617,36.792,36.617,36.745,240375,0
20190212,37.031,37.394,37.011,37.365,116665,0
20190213,37.494,37.688,37.404,37.602,143546,0
20190214,37.404,37.573,37.179,37.464,93352,0
20190215,37.641,37.977,37.514,37.967,80067,0
20190219,37.849,38.096,37.809,37.996,864639,0
20190220,38.046,38.203,37.982,38.183,91545,0
20190221,38.183,38.183,37.938,38.066,93086,0
20190222,38.223,38.33,38.066,38.323,75756,0
20190225,38.676,38.725,38.4,38.41,303407,0
20190226,38.313,38.48,38.273,38.273,87121,0
20190227,38.243,38.48,38.096,38.46,52693,0
20190228,38.47,38.47,38.293,38.313,55864,0
20190301,38.597,38.637,38.223,38.43,64906,0
20190304,38.579,38.71,37.977,38.233,82987,0
20190305,38.183,38.303,37.957,37.957,81212,0
20190306,37.908,37.957,37.583,37.583,90468,0
20190307,37.543,37.543,37.081,37.336,175022,0
20190308,36.991,37.25,36.854,37.228,178222,0
20190311,36.834,37.611,36.794,37.611,253434,0
20190312,37.592,37.602,37.307,37.326,369572,0
20190313,37.484,37.771,37.434,37.631,127179,0
20190314,37.631,37.691,37.444,37.484,62389,0
20190315,37.612,37.657,37.364,37.444,88595,0
20190318,37.384,37.796,37.384,37.791,61117,0
20190319,37.94,38.029,37.514,37.603,119936,0
20190320,37.543,37.682,37.177,37.374,72530,0
20190321,37.256,37.821,37.256,37.751,66090,0
20190322,37.533,37.533,36.781,36.811,98327,0
20190325,36.751,37.103,36.672,36.89,98096,0
20190326,37.207,37.316,36.959,37.177,42628,0
20190327,37.237,37.335,36.932,37.197,48283,0
20190328,37.306,37.524,37.216,37.514,56215,0
20190329,37.741,37.866,37.677,37.841,56331,0
20190401,38.158,38.653,38.138,38.593,123725,0
20190402,38.593,38.672,38.465,38.535,92211,0
20190403,38.682,38.762,38.405,38.515,63273,0
20190404,38.525,38.87,38.525,38.742,51820,0
20190405,38.752,38.934,38.752,38.87,85531,0
20190408,38.633,38.757,38.445,38.752,88826,0
20190409,38.495,38.495,38.167,38.197,125938,0
20190410,38.237,38.292,38.019,38.247,48743,0
20190411,38.277,38.593,38.247,38.575,46296,0
20190412,38.86,39.079,38.815,39.069,83146,0
20190415,39.069,39.088,38.85,38.92,68473,0
20190416,39.049,39.168,38.96,39.109,50022,0
20190417,39.356,39.426,39.168,39.178,94904,0
20190418,39.366,39.614,39.343,39.594,55236,0
20190422,39.455,39.524,39.307,39.465,68829,0
20190423,39.594,39.891,39.565,39.813,72167,0
20190424,39.881,39.936,39.737,39.753,64750,0
20190425,39.396,39.406,38.782,39,88644,0
20190426,39.029,39.297,38.925,39.297,133614,0
20190429,39.307,39.495,39.237,39.406,111569,0
20190430,39.515,39.584,39.213,39.515,199367,0
20190501,39.634,39.713,39.236,39.247,79268,0
20190502,39.148,39.267,38.871,39.247,59318,0
20190503,39.416,39.783,39.416,39.773,58976,0
20190506,38.98,39.505,38.881,39.455,66642,0
20190507,39,39.088,38.356,38.662,94316,0
20190508,38.623,38.869,38.547,38.603,48937,0
20190509,38.267,38.584,38.009,38.555,92540,0
20190510,38.327,38.73,37.876,38.672,51512,0
20190513,37.791,37.936,37.369,37.593,104443,0
20190514,37.702,38.197,37.683,37.95,59403,0
20190515,37.662,38.167,37.612,38.059,61267,0
20190516,38.177,38.49,38.145,38.346,48446,0
20190517,37.959,38.322,37.929,37.93,29746,0
20190520,37.662,37.925,37.662,37.821,43710,0
20190521,38.108,38.327,38.029,38.277,69581,0
20190522,38.167,38.167,37.989,37.989,52838,0
20190523,37.593,37.62,37.157,37.374,117655,0
20190524,37.593,37.682,37.325,37.404,60235,0
20190528,37.454,37.563,37.099,37.099,229185,0
20190529,36.899,37.089,36.721,36.919,81099,0
20190530,36.999,37.247,36.959,37.059,43407,0
20190531,36.672,36.781,36.503,36.583,54178,0
20190603,36.533,36.989,36.533,36.841,109529,0
20190604,37.157,37.738,37.108,37.722,643002,0
20190605,37.89,38.084,37.743,38.069,44191,0
20190606,38.099,38.187,37.841,38.108,34167,0
20190607,38.227,38.535,38.227,38.395,35914,0
20190610,38.692,38.88,38.495,38.495,44844,0
20190611,38.742,38.763,38.111,38.217,631221,0
20190612,38.207,38.297,38.101,38.297,90590,0
20190613,38.415,38.505,38.261,38.505,37674,0
20190614,38.505,38.505,38.189,38.307,28874,0
20190617,38.337,38.337,38.148,38.149,27216,0
20190618,38.385,38.92,38.385,38.84,76932,0
20190619,38.87,38.921,38.722,38.85,70146,0
20190620,39.237,39.525,39.06,39.455,65051,0
20190621,39.445,39.515,39.236,39.236,37591,0
20190624,39.256,39.366,39.107,39.107,34238,0
20190625,39.127,39.127,38.878,38.888,42604,0
20190626,39.008,39.057,38.898,38.948,73540,0
20190627,39.037,39.173,38.933,39.137,27287,0
20190628,39.147,39.595,39.147,39.525,61745,0
20190701,39.973,40.043,39.495,39.644,64985,0
20190702,39.644,39.674,39.435,39.52,63328,0
20190703,39.625,39.754,39.545,39.754,24851,0
20190705,39.565,39.585,39.167,39.585,73276,0
20190708,39.416,39.457,39.197,39.276,30575,0
20190709,39.087,39.217,38.968,39.207,41975,0
20190710,39.336,39.406,39.047,39.047,48834,0
20190711,39.037,39.266,38.969,39.246,64660,0
20190712,39.366,39.953,39.366,39.953,71731,0
20190715,39.893,39.91,39.714,39.784,54458,0
20190716,39.814,40.141,39.814,40.062,41918,0
20190717,39.863,39.863,39.256,39.276,51282,0
20190718,39.287,39.342,39.099,39.306,22252,0
20190719,39.535,39.773,39.416,39.495,37854,0
20190722,39.555,39.66,39.431,39.515,21426,0
20190723,39.764,40.023,39.684,40.003,44258,0
20190724,39.784,40.32,39.784,40.32,46781,0
20190725,40.35,40.35,40.018,40.151,42894,0
20190726,40.151,40.221,40.062,40.191,79983,0
20190729,40.141,40.149,39.972,40.013,48719,0
20190730,39.794,40.186,39.679,40.186,76615,0
20190731,40.191,40.348,39.654,39.844,50155,0
20190801,39.804,40.005,38.978,39.054,75875,0
20190802,38.958,38.958,38.521,38.779,51070,0
20190805,38.103,38.103,37.366,37.675,131269,0
20190806,37.944,38.272,37.794,38.252,92593,0
20190807,37.784,38.292,37.545,38.222,94802,0
20190808,38.431,38.916,38.431,38.908,25035,0
20190809,38.789,38.789,38.362,38.541,100898,0
20190812,38.302,38.481,37.894,37.973,41900,0
20190813,37.874,38.848,37.874,38.411,76003,0
20190814,37.884,37.895,37.238,37.307,168127,0
20190815,37.326,37.346,36.939,37.218,44063,0
20190816,37.486,38.003,37.486,37.944,39306,0
20190819,38.342,38.463,38.277,38.322,78012,0
20190820,38.272,38.282,38.083,38.083,82850,0
20190821,38.401,38.471,38.292,38.342,32952,0
20190822,38.431,38.575,38.123,38.373,38254,0
20190823,38.123,38.322,37.148,37.287,51296,0
20190826,37.725,37.766,37.286,37.575,37796,0
20190827,37.754,37.76,37.326,37.406,40673,0
20190828,37.297,37.818,37.163,37.784,34713,0
20190829,38.182,38.521,38.182,38.441,78500,0
20190830,38.709,38.84,38.585,38.652,24714,0
20190903,38.312,38.342,37.834,38.053,136345,0
20190904,38.411,38.562,38.362,38.541,95884,0
20190905,38.968,39.513,38.968,39.246,39411,0
20190906,39.346,39.434,39.281,39.296,28318,0
20190909,39.416,39.607,39.366,39.455,26244,0
20190910,39.396,39.814,39.187,39.814,28891,0
20190911,39.913,40.271,39.696,40.271,35513,0
20190912,40.35,40.402,40.093,40.271,40138,0
20190913,40.43,40.659,40.43,40.47,54037,0
20190916,40.37,40.511,40.34,40.453,18964,0
20190917,40.36,40.459,40.229,40.44,20476,0
20190918,40.29,40.35,39.923,40.346,32651,0
20190919,40.38,40.48,40.131,40.171,30712,0
20190920,40.281,40.291,39.852,39.932,26330,0
20190923,39.722,39.98,39.562,39.852,33234,0
20190924,39.972,40.071,39.419,39.542,69750,0
20190925,39.672,39.962,39.542,39.912,30256,0
20190926,39.962,40.022,39.722,39.892,22176,0
20190927,40.002,40.061,39.549,39.692,31044,0
20190930,39.752,39.932,39.752,39.832,21786,0
20191001,39.982,40.101,38.843,38.872,70401,0
20191002,38.563,38.563,37.906,38.163,60097,0
20191003,38.073,38.393,37.613,38.393,38285,0
20191004,38.473,38.832,38.443,38.832,24395,0
20191007,38.712,38.892,38.553,38.613,22049,0
20191008,38.243,38.355,37.953,37.993,36019,0
20191009,38.263,38.448,38.125,38.313,108844,0
20191010,38.313,38.799,38.313,38.623,76843,0
20191011,39.102,39.731,39.102,39.412,105822,0
20191014,39.322,39.402,39.232,39.292,50999,0
20191015,39.402,39.772,39.4,39.642,68086,0
20191016,39.522,39.802,39.522,39.632,40923,0
20191017,39.782,40.116,39.782,39.882,50920,0
20191018,39.792,39.808,39.536,39.622,45333,0
20191021,39.742,39.903,39.742,39.822,23927,0
20191022,39.912,40.237,39.792,40.131,45489,0
20191023,40.111,40.138,39.968,40.131,36772,0
20191024,40.181,40.213,39.916,40.191,25065,0
20191025,40.181,40.5,40.181,40.361,33734,0
20191028,40.491,40.721,40.491,40.501,48347,0
20191029,40.371,40.741,40.321,40.671,94733,0
20191030,40.781,40.781,40.475,40.771,34505,0
20191031,40.601,40.601,40.161,40.321,72231,0
20191101,40.581,41.211,40.581,41.211,64684,0
20191104,41.441,41.66,41.211,41.63,99056,0
20191105,41.76,41.87,41.6,41.73,125779,0
20191106,41.74,41.74,41.521,41.74,32717,0
20191107,41.97,42.13,41.79,41.84,103404,0
20191108,41.77,41.92,41.54,41.9,55086,0
20191111,41.7,41.986,41.64,41.92,90382,0
20191112,42.02,42.125,41.88,41.97,136347,0
20191113,41.77,41.931,41.68,41.79,34673,0
20191114,41.69,42.018,41.69,41.93,30940,0
20191115,42.18,42.29,42.11,42.17,41128,0
20191118,42.15,42.15,41.97,42.09,48853,0
20191119,42.18,42.18,41.958,42.03,47614,0
20191120,41.9,41.99,41.58,41.73,61266,0
20191121,41.79,41.79,41.57,41.66,23831,0
20191122,41.79,41.87,41.66,41.86,41668,0
20191125,42.04,42.289,41.941,42.2,42625,0
20191126,42.25,42.444,42.24,42.37,33257,0
20191127,42.37,42.37,42.22,42.355,52126,0
20191129,42.28,42.28,42.05,42.108,13216,0
20191202,42.2,42.2,41.502,41.502,52171,0
20191203,41.051,41.101,40.832,41.091,68416,0
20191204,41.251,41.64,41.201,41.201,50858,0
20191205,41.291,41.328,41.133,41.321,38041,0
20191206,41.55,41.91,41.55,41.81,55587,0
20191209,41.76,41.8,41.64,41.66,22953,0
20191210,41.6,41.718,41.513,41.57,43438,0
20191211,41.62,41.85,41.53,41.84,37610,0
20191212,41.9,42.29,41.78,42.22,53445,0
20191213,42.26,42.441,41.97,42.065,81496,0
20191216,42.25,42.271,42.06,42.06,64592,0
20191217,42.09,42.127,42,42.062,25449,0
20191218,42.08,42.08,41.808,41.889,27418,0
20191219,41.86,42,41.85,41.942,37959,0
20191220,41.93,42.087,41.86,42.076,50261,0
20191223,42.2,42.31,42.145,42.24,34109,0
20191224,42.3,42.3,42.128,42.149,28718,0
20191226,42.22,42.22,42.044,42.195,49308,0
20191227,42.24,42.31,42.15,42.17,112414,0
20191230,42.2,42.2,41.921,42.04,59191,0
20191231,42.03,42.1192,41.89,42.04,39419,0
20200102,42.31,42.73,42.1509,42.73,131276,0
20200103,42.3,42.72,42.198,42.69,141392,0
20200106,42.49,42.65,42.352,42.65,83927,0
20200107,42.56,42.7395,42.42,42.63,64955,0
20200108,42.6,42.9,42.58,42.69,39601,0
20200109,42.88,42.952,42.792,42.91,51223,0
20200110,42.97,42.97,42.56,42.58,35089,0
20200113,42.67,42.9986,42.641,42.985,35337,0
20200114,42.98,43.24,42.8839,42.98,35604,0
20200115,43.01,43.195,42.9446,43.07,29155,0
20200116,43.28,43.52,43.26,43.52,43712,0
20200117,43.52,43.628,43.45,43.504,43199,0
20200121,43.35,43.3784,42.9191,43.085,147205,0
20200122,43.22,43.29,42.851,42.86,39938,0
20200123,42.86,43.3,42.66,43.27,158822,0
