Date,Open,High,Low,Close,Volume,OpenInt
20130215,13.708,13.708,13.589,13.628,84118,0
20130219,13.671,13.671,13.646,13.654,27078,0
20130220,13.671,13.7,13.628,13.662,29734,0
20130221,13.646,13.671,13.641,13.654,40660,0
20130222,13.671,13.778,13.662,13.679,116814,0
20130225,13.679,13.8,13.679,13.7,105078,0
20130226,13.793,13.793,13.654,13.716,69976,0
20130227,13.771,13.771,13.693,13.708,231514,0
20130228,13.72,13.72,13.699,13.715,118392,0
20130301,13.684,13.708,13.679,13.708,83928,0
20130304,13.733,13.733,13.708,13.733,58108,0
20130305,13.8,13.864,13.725,13.752,270216,0
20130306,13.775,13.791,13.741,13.791,115568,0
20130307,13.888,13.893,13.722,13.742,105740,0
20130308,13.877,13.908,13.722,13.765,121451,0
20130311,13.765,13.786,13.722,13.722,28915,0
20130312,13.752,13.752,13.722,13.733,93287,0
20130313,13.87,13.87,13.733,13.752,140337,0
20130314,13.842,13.842,13.759,13.771,320116,0
20130315,13.877,13.88,13.752,13.786,55591,0
20130318,13.8,13.803,13.778,13.8,120547,0
20130319,13.956,14.44,13.771,13.803,278187,0
20130320,13.827,13.834,13.786,13.8,138899,0
20130321,13.839,13.853,13.802,13.845,366335,0
20130322,13.939,14.14,13.831,13.853,108344,0
20130325,13.868,13.879,13.825,13.853,74858,0
20130326,13.802,13.873,13.802,13.845,92090,0
20130327,13.839,13.868,13.825,13.86,127393,0
20130328,13.868,13.898,13.868,13.879,212387,0
20130401,14.405,14.405,13.853,13.91,88696,0
20130402,14.045,14.045,13.847,13.912,73716,0
20130403,13.997,13.997,13.873,13.892,46288,0
20130404,13.956,13.956,13.887,13.901,31791,0
20130405,13.893,13.908,13.863,13.893,29328,0
20130408,13.961,13.961,13.868,13.886,74458,0
20130409,13.961,13.961,13.845,13.886,47837,0
20130410,13.964,13.964,13.87,13.887,34304,0
20130411,13.845,13.925,13.791,13.898,211563,0
20130412,13.998,13.998,13.887,13.935,47366,0
20130415,13.975,13.975,13.898,13.918,97018,0
20130416,14.001,14.001,13.918,13.954,122243,0
20130417,14.041,14.041,13.94,13.971,43194,0
20130418,13.99,14.014,13.969,13.983,92210,0
20130419,14.052,14.052,13.964,13.972,99450,0
20130422,13.964,14.491,13.919,13.928,40133,0
20130423,13.94,13.978,13.908,13.956,31864,0
20130424,13.998,13.998,13.956,13.964,82107,0
20130425,13.992,14.025,13.956,13.964,63236,0
20130426,13.948,14.01,13.948,14.01,92966,0
20130429,14.025,14.045,13.992,14.041,90867,0
20130430,14.049,14.062,14.037,14.062,43285,0
20130501,14.106,14.113,14.052,14.066,56379,0
20130502,14.085,14.141,14.059,14.136,110846,0
20130503,14.065,14.149,14.051,14.141,78434,0
20130506,14.18,14.18,14.1,14.141,95390,0
20130507,14.188,14.2,14.141,14.2,75329,0
20130508,14.113,14.249,14.113,14.224,127111,0
20130509,14.285,14.285,14.2,14.265,100789,0
20130510,14.291,14.291,14.2,14.236,158142,0
20130513,14.236,14.243,14.188,14.224,124156,0
20130514,14.265,14.265,14.121,14.141,62017,0
20130515,14.284,14.284,14.071,14.141,186777,0
20130516,14.149,14.149,14.094,14.127,119244,0
20130517,14.175,14.175,14.113,14.149,101099,0
20130520,14.149,14.162,14.106,14.141,154627,0
20130521,14.188,14.188,14.113,14.162,82122,0
20130522,14.2,14.2,14.127,14.136,141886,0
20130523,14.162,14.17,14.059,14.1,146285,0
20130524,14.106,14.141,14.085,14.141,84785,0
20130528,14.162,14.175,14.1,14.1,92173,0
20130529,13.886,14.3,13.348,13.998,149236,0
20130530,14.01,14.016,13.971,14.01,82989,0
20130531,14.035,14.035,13.808,13.808,134690,0
20130603,13.998,13.998,13.625,13.731,73280,0
20130604,13.803,13.803,13.646,13.651,60748,0
20130605,13.587,13.691,13.558,13.633,269120,0
20130606,13.567,13.678,13.567,13.651,81970,0
20130607,13.738,13.738,13.66,13.699,93913,0
20130610,13.826,13.826,13.607,13.621,81017,0
20130611,13.493,13.508,13.382,13.434,74321,0
20130612,13.317,13.454,13.119,13.14,80596,0
20130613,13.204,13.324,12.964,13.302,48747,0
20130614,13.453,13.493,13.276,13.493,33178,0
20130617,13.613,13.613,13.493,13.558,34329,0
20130618,13.493,13.594,13.493,13.594,36307,0
20130619,13.587,13.587,13.453,13.477,59605,0
20130620,13.22,13.315,13.144,13.244,32265,0
20130621,13.283,13.302,13.144,13.23,244506,0
20130624,13.002,13.084,12.454,13.031,85698,0
20130625,12.985,13.13,12.945,13.091,18445,0
20130626,13.244,13.29,13.208,13.23,36721,0
20130627,13.23,13.395,13.23,13.395,17649,0
20130628,13.277,13.473,13.252,13.473,202045,0
20130701,13.423,13.477,13.414,13.477,27167,0
20130702,13.384,13.479,13.355,13.355,65507,0
20130703,13.238,13.41,13.221,13.334,31194,0
20130705,13.271,13.271,13.124,13.124,101737,0
20130708,13.124,13.23,13.084,13.084,77627,0
20130709,13.333,13.333,13.091,13.137,95135,0
20130710,13.002,13.214,12.969,13.188,54298,0
20130711,13.296,13.296,13.27,13.27,9592,0
20130712,13.271,13.355,13.259,13.259,18746,0
20130715,13.315,13.353,13.251,13.339,48871,0
20130716,13.389,13.389,13.291,13.348,78194,0
20130717,13.215,13.385,13.215,13.356,25328,0
20130718,13.291,13.377,13.291,13.324,29167,0
20130719,13.348,13.371,13.302,13.362,117765,0
20130722,13.434,13.455,13.348,13.377,31468,0
20130723,13.441,13.486,13.389,13.416,405684,0
20130724,13.681,13.681,13.317,13.355,44527,0
20130725,13.277,13.302,13.245,13.298,39575,0
20130726,13.221,13.309,13.221,13.271,24747,0
20130729,13.324,13.324,13.188,13.188,32546,0
20130730,13.165,13.238,13.165,13.203,22864,0
20130731,13.188,13.277,13.117,13.252,92700,0
20130801,13.188,13.221,13.117,13.13,18235,0
20130802,13.153,13.188,13.117,13.145,6750,0
20130805,13.209,13.209,13.058,13.096,26781,0
20130806,13.036,13.052,12.984,13.052,121638,0
20130807,13.052,13.052,12.939,12.981,12970,0
20130808,13.044,13.044,12.939,12.945,4217,0
20130809,12.98,12.98,12.904,12.967,77408,0
20130812,12.952,13.007,12.939,12.939,74392,0
20130813,13.029,13.029,11.763,12.779,50375,0
20130814,12.874,12.897,12.674,12.71,38594,0
20130815,12.585,12.686,12.566,12.599,44459,0
20130816,12.542,12.664,12.498,12.585,106204,0
20130819,12.483,12.483,12.341,12.379,166265,0
20130820,12.61,12.61,12.312,12.373,285033,0
20130821,12.312,12.526,12.312,12.42,455917,0
20130822,12.557,12.61,12.506,12.522,26007,0
20130823,12.566,12.686,12.566,12.633,76229,0
20130826,12.756,12.756,12.651,12.678,24867,0
20130827,12.551,12.686,12.551,12.645,51953,0
20130828,12.571,12.715,12.571,12.678,48419,0
20130829,12.728,12.75,12.658,12.701,19133,0
20130830,12.645,12.756,12.455,12.701,272506,0
20130903,12.823,12.823,12.606,12.646,97304,0
20130904,12.617,12.752,12.617,12.723,56721,0
20130905,12.766,12.766,12.566,12.566,60115,0
20130906,12.606,12.672,12.585,12.585,140797,0
20130909,12.606,12.651,12.599,12.616,27389,0
20130910,12.606,12.633,12.585,12.6,49393,0
20130911,12.606,12.651,12.585,12.616,56000,0
20130912,12.645,12.645,12.566,12.566,44119,0
20130913,12.491,12.61,12.435,12.556,25904,0
20130916,12.464,12.633,12.464,12.514,38343,0
20130917,12.397,12.592,12.397,12.585,60727,0
20130918,12.61,12.71,12.383,12.71,166730,0
20130919,12.672,12.752,12.665,12.703,25606,0
20130920,12.639,12.672,12.617,12.633,12149,0
20130923,12.633,12.703,12.633,12.659,11920,0
20130924,12.639,12.687,12.633,12.672,7652,0
20130925,12.695,12.703,12.651,12.659,15407,0
20130926,12.703,12.717,12.639,12.687,41682,0
20130927,12.665,12.745,12.625,12.625,54637,0
20130930,12.617,12.788,12.617,12.646,11789,0
20131001,12.672,12.695,12.633,12.639,9013,0
20131002,12.625,12.687,12.625,12.646,15501,0
20131003,12.672,12.672,12.617,12.639,30182,0
20131004,12.687,12.703,12.646,12.646,21213,0
20131007,12.606,12.672,12.606,12.659,8660,0
20131008,12.729,12.729,12.592,12.633,11675,0
20131009,12.651,12.651,12.566,12.585,12323,0
20131010,12.6,12.633,12.577,12.6,3437,0
20131011,12.659,12.659,12.6,12.606,12658,0
20131014,12.659,12.659,12.566,12.651,20291,0
20131015,12.571,12.577,12.482,12.482,20343,0
20131016,12.556,12.577,12.491,12.491,55586,0
20131017,12.476,12.665,12.476,12.646,134714,0
20131018,12.672,12.729,12.639,12.71,18016,0
20131021,12.617,12.723,12.505,12.695,39272,0
20131022,12.683,12.874,12.683,12.874,14757,0
20131023,12.922,12.922,12.733,12.868,39643,0
20131024,12.896,12.896,12.778,12.86,13422,0
20131025,12.959,12.959,12.762,12.846,13589,0
20131028,12.771,12.806,12.762,12.798,20552,0
20131029,12.771,12.84,12.771,12.833,98110,0
20131030,12.778,12.874,12.75,12.778,77692,0
20131031,12.833,12.939,12.741,12.741,8812,0
20131101,12.712,12.84,12.712,12.755,84127,0
20131104,12.922,13.339,12.712,12.922,18043,0
20131105,12.868,13.331,12.662,12.727,37199,0
20131106,12.72,12.819,12.72,12.75,35139,0
20131107,12.811,12.819,12.741,12.75,10925,0
20131108,12.712,12.778,12.707,12.741,13175,0
20131111,12.62,12.811,12.62,12.669,31491,0
20131112,12.604,12.75,12.604,12.669,56307,0
20131113,12.755,12.755,12.662,12.669,95965,0
20131114,12.636,12.75,12.636,12.669,32908,0
20131115,12.755,12.755,12.707,12.712,35735,0
20131118,12.785,12.785,12.707,12.741,15774,0
20131119,12.669,12.778,12.669,12.778,21735,0
20131120,12.819,12.819,12.698,12.707,19512,0
20131121,12.848,12.848,12.677,12.677,142192,0
20131122,12.744,12.814,12.677,12.802,82459,0
20131125,12.744,12.802,12.744,12.765,33576,0
20131126,12.693,12.831,12.693,12.78,21784,0
20131127,12.793,12.848,12.793,12.793,30879,0
20131129,12.757,12.855,12.757,12.807,6283,0
20131202,12.842,12.855,12.793,12.831,7897,0
20131203,12.765,12.893,12.765,12.807,26165,0
20131204,12.855,12.855,12.774,12.793,15484,0
20131205,12.883,12.883,12.728,12.757,35253,0
20131206,12.715,12.774,12.657,12.757,91856,0
20131209,12.75,12.787,12.735,12.744,70166,0
20131210,12.728,12.793,12.61,12.774,431962,0
20131211,12.715,12.97,12.685,12.709,62965,0
20131212,12.693,12.757,12.663,12.693,154451,0
20131213,12.643,12.774,12.577,12.693,117917,0
20131216,12.774,12.807,12.715,12.715,59031,0
20131217,12.67,12.787,12.67,12.735,59809,0
20131218,12.764,12.802,12.58,12.721,68776,0
20131219,12.764,12.774,12.642,12.67,112619,0
20131220,12.764,12.764,12.656,12.721,352118,0
20131223,13.618,13.618,12.447,12.756,243969,0
20131224,12.744,12.756,12.714,12.721,29562,0
20131226,12.642,12.721,12.58,12.656,71577,0
20131227,12.656,12.774,12.613,12.684,45123,0
20131230,13.508,13.508,12.621,12.764,156290,0
20131231,12.708,12.793,12.662,12.75,90033,0
20140102,12.656,12.793,12.656,12.764,41636,0
20140103,12.926,12.926,12.836,12.863,7870,0
20140106,12.87,12.9,12.836,12.849,59458,0
20140107,12.894,12.935,12.842,12.9,25952,0
20140108,12.842,12.875,12.699,12.856,27439,0
20140109,12.926,12.926,12.849,12.926,21361,0
20140110,12.948,12.99,12.941,12.99,22968,0
20140113,12.978,13.043,12.978,12.99,63537,0
20140114,12.941,13.035,12.802,12.978,44791,0
20140115,12.956,13.035,12.956,12.99,14866,0
20140116,13.019,13.057,12.849,13.057,71572,0
20140117,13.012,13.065,13.012,13.028,49315,0
20140121,13.072,13.08,13.043,13.052,57113,0
20140122,13.083,13.104,13.057,13.063,30869,0
20140123,13.078,13.138,13.072,13.083,295717,0
20140124,13.057,13.104,13.026,13.063,57395,0
20140127,13.026,13.274,13.017,13.042,99025,0
20140128,13.057,13.111,13.033,13.072,219196,0
20140129,13.537,13.537,13.05,13.083,29893,0
20140130,13.09,13.124,13.09,13.124,7927,0
20140131,13.063,13.111,13.063,13.072,15283,0
20140203,13.13,13.537,13.004,13.033,143276,0
20140204,13.05,13.095,13.033,13.095,66136,0
20140205,13.063,13.095,13.033,13.095,84976,0
20140206,13.552,13.552,13.05,13.072,219501,0
20140207,13.205,13.205,13.072,13.09,95506,0
20140210,13.13,13.138,13.09,13.095,47746,0
20140211,13.154,13.154,13.09,13.111,34792,0
20140212,13.174,13.184,13.138,13.138,100814,0
20140213,13.124,13.205,13.124,13.198,25779,0
20140214,13.174,13.211,13.167,13.205,8339,0
20140218,13.184,13.233,13.174,13.174,26725,0
20140219,13.205,13.263,13.198,13.218,27499,0
20140220,13.198,13.378,13.138,13.218,24530,0
20140221,13.28,13.28,13.196,13.196,32887,0
20140224,13.287,13.287,13.223,13.223,100506,0
20140225,13.172,13.287,13.172,13.254,48630,0
20140226,13.307,13.321,13.262,13.268,32906,0
20140227,13.268,13.346,13.268,13.314,49929,0
20140228,13.301,13.353,13.293,13.307,9771,0
20140303,13.254,13.377,13.074,13.362,20817,0
20140304,13.389,13.389,13.301,13.307,137974,0
20140305,13.346,13.37,13.307,13.37,3709,0
20140306,13.353,13.377,13.314,13.353,37317,0
20140307,13.384,13.397,13.33,13.397,29996,0
20140310,13.37,13.388,13.321,13.321,34714,0
20140311,13.321,13.388,13.321,13.321,30113,0
20140312,13.362,13.403,13.346,13.383,15399,0
20140313,13.37,13.426,13.362,13.376,36705,0
20140314,13.475,13.475,13.346,13.418,10728,0
20140317,13.383,13.43,13.37,13.403,14713,0
20140318,13.444,13.458,13.403,13.43,17948,0
20140319,13.43,13.475,13.426,13.449,73995,0
20140320,13.41,13.491,13.41,13.458,34493,0
20140321,13.43,13.481,13.426,13.444,157691,0
20140324,13.436,13.475,13.426,13.466,84708,0
20140325,13.505,13.512,13.414,13.488,65114,0
20140326,13.496,13.496,13.455,13.496,15962,0
20140327,13.429,13.558,13.429,13.496,8388,0
20140328,13.479,13.488,13.429,13.488,32558,0
20140331,13.472,13.53,13.463,13.53,65015,0
20140401,13.53,13.558,13.512,13.551,67073,0
20140402,13.512,13.572,13.512,13.567,34558,0
20140403,13.479,13.596,13.479,13.516,34192,0
20140404,13.536,13.567,13.523,13.567,14284,0
20140407,13.516,13.572,13.516,13.558,33372,0
20140408,13.558,13.558,13.512,13.544,36133,0
20140409,13.579,13.596,13.536,13.596,37518,0
20140410,13.609,13.642,13.558,13.588,36116,0
20140411,13.609,13.622,13.53,13.596,60654,0
20140414,13.622,13.629,13.588,13.629,21353,0
20140415,13.622,13.666,13.536,13.572,92767,0
20140416,13.588,13.648,13.588,13.616,10274,0
20140417,13.616,13.642,13.596,13.642,17584,0
20140421,13.609,13.69,13.579,13.642,27194,0
20140422,13.702,13.702,13.613,13.64,28687,0
20140423,13.633,13.662,13.621,13.662,23256,0
20140424,13.737,13.737,13.64,13.695,30668,0
20140425,13.671,13.717,13.646,13.717,19680,0
20140428,13.695,13.702,13.653,13.671,17074,0
20140429,13.717,13.737,13.686,13.702,12229,0
20140430,13.686,13.717,13.662,13.702,53045,0
20140501,13.758,13.758,13.711,13.73,119823,0
20140502,13.737,13.902,13.717,13.73,45434,0
20140505,13.724,13.765,13.724,13.758,7779,0
20140506,13.741,13.765,13.737,13.737,14858,0
20140507,13.737,13.778,13.737,13.778,18651,0
20140508,13.786,13.794,13.737,13.778,19137,0
20140509,13.794,13.794,13.778,13.794,4975,0
20140512,13.741,13.8,13.741,13.77,9112,0
20140513,13.805,13.805,13.741,13.786,97455,0
20140514,13.914,13.914,13.77,13.831,16369,0
20140515,13.838,13.838,13.778,13.805,13923,0
20140516,13.786,13.815,13.786,13.815,31341,0
20140519,13.914,13.914,13.794,13.838,19981,0
20140520,13.914,13.914,13.794,13.824,16457,0
20140521,13.833,13.833,13.801,13.833,25065,0
20140522,13.808,13.818,13.801,13.818,10712,0
20140523,13.818,13.84,13.801,13.84,8414,0
20140527,13.818,13.847,13.801,13.847,28902,0
20140528,13.84,13.864,13.825,13.864,11234,0
20140529,13.896,13.896,13.84,13.882,19220,0
20140530,13.878,13.896,13.856,13.896,9807,0
20140602,13.909,13.909,13.889,13.905,37923,0
20140603,14.152,14.152,13.864,13.87,154452,0
20140604,13.882,13.905,13.801,13.864,134534,0
20140605,13.856,13.882,13.787,13.864,63882,0
20140606,13.909,13.909,13.864,13.896,21094,0
20140609,13.882,13.939,13.878,13.939,14106,0
20140610,13.896,13.933,13.896,13.933,15435,0
20140611,13.878,13.933,13.856,13.909,17079,0
20140612,13.933,13.946,13.909,13.946,14099,0
20140613,13.946,13.946,13.933,13.933,13175,0
20140616,13.955,13.955,13.896,13.916,7242,0
20140617,13.896,13.939,13.896,13.939,6987,0
20140618,13.946,13.963,13.924,13.963,48557,0
20140619,13.916,14.029,13.916,13.955,128426,0
20140620,13.978,14.045,13.955,14.045,72647,0
20140623,14.05,14.05,13.978,14.02,40149,0
20140624,14.067,14.067,13.965,14.041,43547,0
20140625,14.032,14.046,13.996,14.046,32342,0
20140626,14.041,14.041,14.024,14.041,74278,0
20140627,14.483,14.483,14.015,14.041,23396,0
20140630,14.053,14.067,14.024,14.067,20569,0
20140701,14.191,14.191,13.98,14.041,89033,0
20140702,14.009,14.053,14.001,14.024,33002,0
20140703,14.067,14.067,13.988,14.024,70406,0
20140707,14.001,14.041,14.001,14.032,16241,0
20140708,14.001,14.041,14.001,14.001,157817,0
20140709,13.988,14.059,13.988,14.009,84290,0
20140710,13.973,14.024,13.973,13.996,52418,0
20140711,13.973,14.046,13.973,14.046,34613,0
20140714,14.009,14.067,14.009,14.053,18443,0
20140715,14.009,14.053,14.009,14.053,29148,0
20140716,14.046,14.053,14.015,14.046,77079,0
20140717,13.996,14.053,13.996,14.024,36911,0
20140718,13.949,14.041,13.949,14.024,26566,0
20140721,14.046,14.046,14.001,14.041,94296,0
20140722,14.151,14.151,13.992,14.018,101874,0
20140723,13.984,14.045,13.984,14.045,21949,0
20140724,14.045,14.062,14.018,14.056,33786,0
20140725,14.093,14.093,14.045,14.056,59417,0
20140728,14.035,14.084,14.035,14.062,176099,0
20140729,14.1,14.1,14.048,14.069,33900,0
20140730,14.143,14.143,14.035,14.048,47478,0
20140731,14.157,14.157,13.969,13.992,93180,0
20140801,13.943,14.651,13.922,13.943,13642,0
20140804,13.914,13.952,13.908,13.914,14494,0
20140805,13.922,13.922,13.901,13.901,17678,0
20140806,14.018,14.018,13.879,13.908,33320,0
20140807,13.914,13.952,13.887,13.952,76089,0
20140808,13.952,13.952,13.901,13.914,26717,0
20140811,13.887,13.96,13.887,13.922,22712,0
20140812,14.494,14.494,13.937,13.943,53563,0
20140813,14.056,14.056,13.96,13.992,98663,0
20140814,13.937,14.048,13.937,14.048,55304,0
20140815,14.048,14.069,14.027,14.069,22143,0
20140818,14.444,14.444,14.048,14.106,37941,0
20140819,14.084,14.106,14.069,14.106,73716,0
20140820,14.177,14.177,14.048,14.076,48238,0
20140821,14.085,14.174,14.07,14.174,55578,0
20140822,14.534,14.534,14.094,14.13,33694,0
20140825,14.201,14.201,14.085,14.13,29508,0
20140826,14.241,14.241,14.101,14.152,158207,0
20140827,14.21,14.21,14.115,14.159,30997,0
20140828,14.201,14.201,14.094,14.189,45381,0
20140829,14.195,14.195,14.107,14.159,46840,0
20140902,14.152,14.152,14.085,14.123,72516,0
20140903,14.115,14.13,14.094,14.13,47688,0
20140904,14.152,14.152,14.057,14.085,21588,0
20140905,14.094,14.094,13.998,14.063,39422,0
20140908,13.992,14.101,13.992,13.998,16212,0
20140909,14.011,14.063,13.969,14.036,54095,0
20140910,14.045,14.049,13.984,13.998,27757,0
20140911,13.998,14.036,13.992,14.019,35215,0
20140912,14.063,14.063,13.992,14.028,26995,0
20140915,13.969,14.036,13.937,14.019,94158,0
20140916,14.005,14.011,13.984,14.011,44096,0
20140917,14.045,14.085,13.984,14.045,44350,0
20140918,14.085,14.085,14.045,14.07,32407,0
20140919,14.07,14.077,14.036,14.07,40657,0
20140922,14.063,14.123,14.049,14.077,142757,0
20140923,14.059,14.125,14.045,14.105,120961,0
20140924,14.059,14.072,14.022,14.059,42356,0
20140925,14.022,14.105,14.013,14.089,69100,0
20140926,14.514,14.514,14.008,14.072,107398,0
20140929,14.08,14.097,13.995,14.072,15840,0
20140930,14.031,14.059,13.963,13.963,44255,0
20141001,14.097,14.097,13.995,13.995,26798,0
20141002,14.013,14.051,13.986,14.051,64173,0
20141003,14.184,14.184,14.008,14.045,24430,0
20141006,14.031,14.105,14.031,14.105,9904,0
20141007,14.08,14.097,14.045,14.08,83806,0
20141008,14.072,14.148,14.045,14.11,44081,0
20141009,14.184,14.184,14.066,14.097,52549,0
20141010,14.097,14.097,14.051,14.059,19060,0
20141013,14.051,14.089,14.031,14.08,8346,0
20141014,14.031,14.133,14.031,14.066,19814,0
20141015,14.066,14.268,14.013,14.039,80455,0
20141016,13.995,14.051,13.995,14.051,139031,0
20141017,14.039,14.051,14,14.008,34603,0
20141020,14.031,14.059,14.013,14.059,29190,0
20141021,14.172,14.172,14.051,14.066,31761,0
20141022,14.09,14.105,14.059,14.105,61226,0
20141023,14.185,14.185,14.081,14.111,56283,0
20141024,14.111,14.134,14.081,14.134,68183,0
20141027,14.149,14.155,14.105,14.141,26076,0
20141028,14.185,14.185,14.126,14.141,28569,0
20141029,14.172,14.245,14.141,14.176,144785,0
20141030,14.206,14.206,14.126,14.176,19193,0
20141031,14.215,14.215,14.118,14.176,42450,0
20141103,14.185,14.23,14.163,14.2,38287,0
20141104,14.194,14.245,14.155,14.185,469956,0
20141105,14.176,14.26,14.155,14.155,42608,0
20141106,14.141,14.185,14.126,14.163,52057,0
20141107,14.491,14.491,14.149,14.2,43914,0
20141110,14.237,14.237,14.134,14.194,38338,0
20141111,14.194,14.194,14.141,14.194,27403,0
20141112,14.194,14.86,14.149,14.2,30561,0
20141113,14.185,14.475,14.155,14.185,34235,0
20141114,14.149,14.194,14.149,14.185,27762,0
20141117,14.224,14.23,14.163,14.224,65938,0
20141118,14.215,14.245,14.194,14.245,34560,0
20141119,14.206,14.224,14.185,14.215,49716,0
20141120,14.163,14.215,14.163,14.194,64243,0
20141121,14.227,14.255,14.196,14.22,261428,0
20141124,14.18,14.227,14.18,14.227,102344,0
20141125,14.247,14.247,14.202,14.247,72619,0
20141126,14.264,14.264,14.211,14.264,156536,0
20141128,14.227,14.272,14.227,14.255,9208,0
20141201,14.28,14.285,14.227,14.264,65475,0
20141202,14.227,14.247,14.22,14.233,62006,0
20141203,14.202,14.247,14.18,14.211,107304,0
20141204,14.22,14.242,14.174,14.196,78880,0
20141205,14.22,14.22,14.168,14.196,37494,0
20141208,14.227,14.227,14.18,14.211,33004,0
20141209,14.255,14.255,14.159,14.189,97016,0
20141210,14.211,14.233,14.138,14.138,71846,0
20141211,14.233,14.233,14.145,14.145,93143,0
20141212,14.168,14.242,14.123,14.152,40305,0
20141215,14.18,14.18,14.061,14.069,141795,0
20141216,13.591,14.115,13.591,14.069,56925,0
20141217,14.055,14.272,14.016,14.106,31282,0
20141218,14.189,14.189,14.061,14.1,31267,0
20141219,14.043,14.202,14.043,14.145,94020,0
20141222,14.084,14.174,14.069,14.069,66369,0
20141223,14.283,14.283,14.118,14.155,61876,0
20141224,14.064,14.26,14.064,14.148,63269,0
20141226,14.206,14.206,14.118,14.148,19812,0
20141229,14.148,14.224,14.148,14.2,31244,0
20141230,14.133,14.29,14.125,14.206,26260,0
20141231,14.231,14.26,14.215,14.238,70779,0
20150102,14.206,14.26,14.206,14.246,181343,0
20150105,14.298,14.298,14.2,14.252,41959,0
20150106,14.283,14.283,14.2,14.26,63281,0
20150107,14.252,14.26,14.215,14.252,127565,0
20150108,14.306,14.694,14.224,14.298,67810,0
20150109,14.346,14.389,14.27,14.298,107625,0
20150112,14.276,14.313,14.252,14.306,85611,0
20150113,14.322,14.339,14.231,14.252,77797,0
20150114,14.246,14.276,14.224,14.26,42652,0
20150115,14.29,14.29,14.194,14.2,33703,0
20150116,14.238,14.283,14.206,14.283,151542,0
20150120,14.298,14.298,14.231,14.276,30451,0
20150121,14.341,14.341,14.226,14.226,595345,0
20150122,14.308,14.308,14.263,14.308,149853,0
20150123,14.308,14.362,14.279,14.349,89813,0
20150126,14.308,14.406,14.301,14.315,101682,0
20150127,14.406,14.406,14.341,14.354,39764,0
20150128,14.414,14.414,14.341,14.369,55075,0
20150129,14.397,14.422,14.349,14.422,109069,0
20150130,14.369,14.445,14.369,14.406,182018,0
20150202,14.422,14.438,14.369,14.414,147085,0
20150203,14.454,14.461,14.374,14.445,248710,0
20150204,14.474,14.474,14.374,14.422,288660,0
20150205,14.482,14.498,14.406,14.454,113242,0
20150206,14.461,14.461,14.391,14.397,205345,0
20150209,14.454,14.454,14.383,14.429,259087,0
20150210,14.438,14.469,14.391,14.461,99471,0
20150211,14.391,14.469,14.374,14.445,211832,0
20150212,14.474,14.491,14.406,14.474,218998,0
20150213,14.498,14.503,14.438,14.503,54753,0
20150217,14.491,14.503,14.438,14.469,78192,0
20150218,14.474,14.503,14.406,14.422,133560,0
20150219,14.498,14.498,14.414,14.454,101712,0
20150220,14.474,14.503,14.438,14.438,113543,0
20150223,14.498,14.498,14.474,14.491,45227,0
20150224,14.518,14.534,14.491,14.498,80999,0
20150225,14.503,14.552,14.498,14.543,86005,0
20150226,14.582,14.592,14.491,14.51,130354,0
20150227,14.498,14.582,14.498,14.575,94312,0
20150302,14.598,14.651,14.534,14.582,123645,0
20150303,14.592,14.62,14.503,14.606,178159,0
20150304,14.569,14.625,14.543,14.575,1381812,0
20150305,14.569,14.651,14.562,14.569,105211,0
20150306,14.582,14.582,14.518,14.534,90727,0
20150309,14.552,14.552,14.482,14.525,59914,0
20150310,14.518,14.552,14.503,14.543,103761,0
20150311,14.582,14.582,14.51,14.543,64523,0
20150312,14.569,14.598,14.51,14.552,86117,0
20150313,14.575,14.575,14.518,14.569,71364,0
20150316,14.592,14.592,14.534,14.562,87822,0
20150317,14.582,14.582,14.518,14.552,173678,0
20150318,14.503,14.598,14.503,14.569,74130,0
20150319,14.525,14.614,14.491,14.614,95205,0
20150320,14.598,14.651,14.582,14.614,67160,0
20150323,14.606,14.664,14.582,14.635,99806,0
20150324,14.671,14.671,14.592,14.644,190930,0
20150325,14.635,14.677,14.614,14.644,112855,0
20150326,14.644,14.664,14.62,14.635,146113,0
20150327,14.62,14.656,14.614,14.644,195468,0
20150330,14.664,14.664,14.644,14.656,185651,0
20150331,14.62,14.75,14.62,14.664,192982,0
20150401,14.664,14.698,14.635,14.677,188665,0
20150402,14.707,14.715,14.644,14.715,117701,0
20150406,14.715,14.725,14.677,14.698,111942,0
20150407,14.766,14.766,14.685,14.707,106266,0
20150408,14.766,14.766,14.685,14.757,92695,0
20150409,14.741,14.757,14.707,14.725,78642,0
20150410,14.783,14.783,14.698,14.741,198092,0
20150413,14.757,14.874,14.707,14.734,94656,0
20150414,14.792,14.814,14.698,14.725,90602,0
20150415,14.757,14.783,14.707,14.75,81312,0
20150416,14.734,14.766,14.698,14.725,336361,0
20150417,14.757,14.775,14.715,14.725,191024,0
20150420,14.783,14.783,14.698,14.725,207593,0
20150421,14.757,14.806,14.707,14.741,152474,0
20150422,14.757,14.757,14.698,14.741,180695,0
20150423,14.757,14.757,14.707,14.75,158624,0
20150424,14.75,14.766,14.698,14.766,122360,0
20150427,14.766,14.806,14.715,14.783,458922,0
20150428,14.766,14.766,14.734,14.766,320776,0
20150429,14.766,14.783,14.715,14.775,149362,0
20150430,14.741,14.766,14.698,14.741,103580,0
20150501,14.766,14.775,14.691,14.707,84665,0
20150504,14.635,14.75,14.635,14.741,220199,0
20150505,14.766,14.766,14.677,14.685,337867,0
20150506,14.691,14.691,14.605,14.605,217592,0
20150507,14.635,14.644,14.605,14.613,159663,0
20150508,14.625,14.677,14.605,14.671,135534,0
20150511,14.651,14.691,14.613,14.625,230248,0
20150512,14.651,14.664,14.597,14.651,509041,0
20150513,14.651,14.671,14.625,14.671,108923,0
20150514,14.707,14.75,14.677,14.685,280986,0
20150515,14.766,14.766,14.691,14.725,168849,0
20150518,14.75,14.792,14.685,14.741,221532,0
20150519,14.715,14.766,14.685,14.685,123798,0
20150520,14.715,14.75,14.685,14.715,409090,0
20150521,14.757,14.757,14.714,14.724,152326,0
20150522,14.74,14.757,14.706,14.74,263723,0
20150526,14.749,14.765,14.706,14.733,112420,0
20150527,14.697,14.765,14.697,14.765,114580,0
20150528,14.774,14.783,14.724,14.74,198253,0
20150529,14.749,14.791,14.714,14.774,280090,0
20150601,14.774,14.774,14.74,14.749,104067,0
20150602,14.765,14.765,14.697,14.733,1017091,0
20150603,14.757,14.783,14.714,14.724,168887,0
20150604,14.765,14.765,14.714,14.733,157452,0
20150605,14.724,14.74,14.69,14.706,141212,0
20150608,14.677,14.724,14.677,14.706,88602,0
20150609,14.733,14.74,14.671,14.684,143263,0
20150610,14.684,14.733,14.656,14.656,186140,0
20150611,14.833,14.833,14.624,14.664,158869,0
20150612,14.733,14.733,14.651,14.664,226691,0
20150615,14.791,14.791,14.651,14.684,158101,0
20150616,14.69,14.69,14.643,14.677,592141,0
20150617,14.684,14.684,14.643,14.677,81067,0
20150618,14.643,14.684,14.643,14.664,82367,0
20150619,14.656,14.684,14.618,14.618,274896,0
20150622,14.684,14.684,14.634,14.664,132512,0
20150623,14.671,14.671,14.643,14.664,133230,0
20150624,14.678,14.709,14.652,14.686,200406,0
20150625,14.727,14.727,14.666,14.666,212935,0
20150626,14.62,14.718,14.62,14.686,151434,0
20150629,14.7,14.7,14.652,14.686,268626,0
20150630,14.678,14.7,14.637,14.666,568661,0
20150701,14.709,14.709,14.627,14.666,275217,0
20150702,14.709,14.727,14.657,14.657,139674,0
20150706,14.459,14.736,14.459,14.627,128431,0
20150707,14.673,14.727,14.666,14.686,155177,0
20150708,14.709,14.727,14.637,14.678,132047,0
20150709,14.718,14.718,14.666,14.673,269920,0
20150710,14.686,14.727,14.652,14.693,183607,0
20150713,14.727,14.736,14.673,14.7,213450,0
20150714,14.718,14.727,14.7,14.727,697529,0
20150715,14.752,14.76,14.718,14.744,282302,0
20150716,14.8,14.809,14.744,14.752,426130,0
20150717,14.786,14.816,14.76,14.8,166811,0
20150720,14.821,14.863,14.786,14.809,261654,0
20150721,14.832,14.861,14.796,14.819,259344,0
20150722,14.84,14.847,14.79,14.813,467946,0
20150723,14.832,14.84,14.764,14.819,208092,0
20150724,14.832,14.867,14.773,14.819,416443,0
20150727,14.847,14.861,14.773,14.805,210409,0
20150728,14.825,14.825,14.773,14.796,319222,0
20150729,14.819,14.819,14.782,14.805,85758,0
20150730,14.805,14.832,14.764,14.813,173195,0
20150731,14.847,14.847,14.819,14.84,99666,0
20150803,14.855,14.861,14.79,14.813,201030,0
20150804,14.764,14.861,14.764,14.832,178473,0
20150805,14.84,14.982,14.805,14.819,298617,0
20150806,14.861,14.861,14.805,14.819,236738,0
20150807,14.796,14.855,14.796,14.819,67604,0
20150810,14.832,14.855,14.79,14.825,174613,0
20150811,14.832,14.855,14.819,14.825,224613,0
20150812,14.825,14.861,14.796,14.813,185683,0
20150813,14.832,14.847,14.773,14.813,176540,0
20150814,14.819,14.893,14.79,14.819,405755,0
20150817,14.819,14.847,14.79,14.819,226379,0
20150818,14.813,14.819,14.79,14.813,200753,0
20150819,14.819,14.825,14.79,14.796,287280,0
20150820,14.819,14.819,14.773,14.79,151562,0
20150821,14.786,14.83,14.768,14.778,169479,0
20150824,14.752,14.821,14.619,14.625,210063,0
20150825,14.759,14.794,14.625,14.664,191783,0
20150826,14.735,14.752,14.651,14.699,211652,0
20150827,14.726,14.752,14.699,14.726,315621,0
20150828,14.743,14.778,14.708,14.768,236140,0
20150831,14.778,14.778,14.717,14.752,242420,0
20150901,14.752,14.759,14.735,14.752,134223,0
20150902,14.768,14.768,14.685,14.717,208451,0
20150903,14.735,14.752,14.735,14.735,201144,0
20150904,14.717,14.752,14.708,14.726,140893,0
20150908,14.778,14.778,14.735,14.752,91020,0
20150909,14.768,14.794,14.743,14.768,162048,0
20150910,14.743,14.8,14.743,14.759,156687,0
20150911,14.743,14.8,14.743,14.768,93328,0
20150914,14.768,14.8,14.759,14.778,238964,0
20150915,14.786,14.8,14.752,14.752,134609,0
20150916,14.786,14.786,14.759,14.759,289723,0
20150917,14.752,14.8,14.752,14.786,270845,0
20150918,14.794,14.816,14.786,14.786,314341,0
20150921,14.836,14.836,14.794,14.8,113329,0
20150922,14.836,14.836,14.786,14.786,142043,0
20150923,14.844,14.933,14.768,14.801,304282,0
20150924,14.735,14.86,14.735,14.817,188612,0
20150925,14.81,14.844,14.81,14.822,374561,0
20150928,14.83,14.844,14.759,14.81,91514,0
20150929,14.778,14.81,14.752,14.768,151634,0
20150930,14.752,14.786,14.692,14.726,252595,0
20151001,14.699,14.743,14.699,14.743,661280,0
20151002,14.726,14.837,14.717,14.752,183080,0
20151005,14.768,14.81,14.717,14.794,142458,0
20151006,14.794,14.83,14.768,14.81,205357,0
20151007,14.83,14.86,14.752,14.822,963399,0
20151008,14.837,14.837,14.801,14.817,77409,0
20151009,14.817,14.822,14.778,14.817,102872,0
20151012,14.817,14.83,14.794,14.817,117390,0
20151013,14.871,14.871,14.817,14.853,245206,0
20151014,14.871,14.871,14.817,14.83,134192,0
20151015,14.822,14.864,14.822,14.844,247882,0
20151016,14.864,14.957,14.817,14.864,180273,0
20151019,14.988,14.988,14.837,14.853,173023,0
20151020,14.896,14.909,14.817,14.86,400337,0
20151021,14.973,14.973,14.889,14.906,179264,0
20151022,14.951,14.973,14.896,14.896,134640,0
20151023,14.951,15.081,14.906,14.933,198411,0
20151026,14.941,14.957,14.916,14.951,172549,0
20151027,14.957,14.988,14.906,14.98,221740,0
20151028,14.957,14.994,14.957,14.994,305285,0
20151029,15.011,15.027,14.957,15.003,348266,0
20151030,15.011,15.018,14.951,15.003,191179,0
20151102,15.033,15.041,15.003,15.027,594961,0
20151103,15.041,15.081,14.994,15.033,412287,0
20151104,15.041,15.063,15.027,15.041,491441,0
20151105,15.041,15.071,15.027,15.027,864515,0
20151106,15.033,15.054,14.98,15.011,823433,0
20151109,15.027,15.027,14.951,15.018,394187,0
20151110,15.011,15.018,14.988,15.018,277270,0
20151111,15.018,15.047,15.003,15.027,274096,0
20151112,15.041,15.047,15.003,15.047,269406,0
20151113,15.071,15.098,15.027,15.047,417613,0
20151116,15.063,15.063,15.011,15.033,1434009,0
20151117,15.018,15.047,14.988,14.994,387695,0
20151118,15.063,15.071,15.011,15.071,2278491,0
20151119,15.081,15.12,15.033,15.047,484683,0
20151120,15.116,15.116,15.041,15.041,356096,0
20151123,15.074,15.101,15.049,15.049,371968,0
20151124,15.066,15.101,15.056,15.091,508874,0
20151125,15.101,15.101,15.084,15.084,500452,0
20151127,15.101,15.123,15.074,15.084,58820,0
20151130,15.101,15.132,15.091,15.091,192342,0
20151201,15.108,15.139,15.084,15.101,284359,0
20151202,15.091,15.139,15.066,15.101,706091,0
20151203,15.408,15.408,15.101,15.101,493383,0
20151204,15.084,15.155,15.066,15.091,247894,0
20151207,15.101,15.108,15.029,15.041,954799,0
20151208,15.066,15.091,15.021,15.084,619129,0
20151209,15.091,15.091,15.035,15.035,340352,0
20151210,15.049,15.056,15.021,15.021,291853,0
20151211,15.014,15.041,14.982,14.99,637372,0
20151214,14.975,15.035,14.786,14.822,542345,0
20151215,14.873,14.934,14.778,14.801,362015,0
20151216,14.794,14.918,14.778,14.898,322086,0
20151217,14.934,14.943,14.86,14.927,380157,0
20151218,14.958,14.982,14.882,14.943,281149,0
20151221,14.965,15.021,14.958,15.005,374864,0
20151222,14.99,15.029,14.927,14.982,567336,0
20151223,15.016,15.038,14.953,14.976,306891,0
20151224,14.999,15.059,14.922,15.038,170510,0
20151228,14.999,15.086,14.976,15.059,280432,0
20151229,15.068,15.068,15.024,15.051,222970,0
20151230,15.059,15.091,15.038,15.059,513465,0
20151231,15.068,15.119,14.976,15.111,428311,0
20160104,15.094,15.142,15.051,15.142,504444,0
20160105,15.142,15.176,15.119,15.151,1247379,0
20160106,15.151,15.207,15.101,15.126,476807,0
20160107,15.111,15.142,15.077,15.126,345878,0
20160108,15.111,15.157,15.094,15.094,591980,0
20160111,15.086,15.184,15.086,15.134,621434,0
20160112,15.151,15.208,15.126,15.134,487530,0
20160113,15.142,15.185,15.094,15.126,1381676,0
20160114,15.094,15.119,15.068,15.077,338762,0
20160115,15.031,15.086,15,15.031,813390,0
20160119,15.051,15.051,14.959,15.007,1047586,0
20160120,14.959,15.022,14.802,14.928,1081046,0
20160121,14.983,14.983,14.844,14.893,556589,0
20160122,14.967,15,14.915,14.967,394101,0
20160125,14.936,15.008,14.91,14.953,414036,0
20160126,14.967,14.975,14.9,14.91,337472,0
20160127,14.936,14.967,14.898,14.945,351965,0
20160128,15.044,15.044,14.936,14.983,209958,0
20160129,15.008,15.044,14.992,15.044,350500,0
20160201,15.016,15.115,14.992,15.032,486161,0
20160202,15.06,15.06,15.008,15.038,310941,0
20160203,15.032,15.038,14.945,15,704218,0
20160204,15.008,15.016,14.91,14.936,529513,0
20160205,14.953,14.967,14.861,14.893,540202,0
20160208,14.91,14.928,14.683,14.725,433408,0
20160209,14.759,14.889,14.463,14.599,634416,0
20160210,14.615,15.128,14.5,14.599,397610,0
20160211,14.54,14.63,14.285,14.327,879872,0
20160212,14.47,14.949,14.179,14.343,1149353,0
20160216,14.402,14.522,14.356,14.446,359201,0
20160217,14.568,14.639,14.446,14.622,300145,0
20160218,14.69,14.706,14.618,14.683,419599,0
20160219,14.715,14.752,14.648,14.707,672593,0
20160222,14.707,14.768,14.707,14.734,417862,0
20160223,14.756,14.756,14.683,14.71,381030,0
20160224,14.729,14.729,14.628,14.72,536093,0
20160225,14.739,14.745,14.657,14.734,302293,0
20160226,14.783,14.82,14.72,14.82,543967,0
20160229,14.827,14.896,14.814,14.82,340409,0
20160301,14.842,14.916,14.776,14.896,388425,0
20160302,14.896,14.938,14.858,14.864,248692,0
20160303,14.889,14.933,14.858,14.889,414972,0
20160304,14.916,14.95,14.896,14.925,245758,0
20160307,14.925,14.941,14.896,14.916,264532,0
20160308,14.896,14.95,14.881,14.906,392297,0
20160309,14.957,14.957,14.896,14.941,287619,0
20160310,14.957,14.975,14.85,14.941,566182,0
20160311,14.957,15.021,14.906,15.021,362912,0
20160314,15.029,15.056,14.951,15.036,281501,0
20160315,15.036,15.044,14.981,15.021,472696,0
20160316,15.029,15.032,14.981,15.029,715581,0
20160317,15.036,15.057,15.005,15.036,410820,0
20160318,15.085,15.125,15.057,15.102,589902,0
20160321,15.299,15.299,15.036,15.102,287163,0
20160322,15.175,15.175,15.057,15.125,672931,0
20160323,15.168,15.168,15.051,15.105,412380,0
20160324,15.119,15.135,15.051,15.059,450871,0
20160328,15.105,15.144,15.066,15.087,303695,0
20160329,15.112,15.135,15.087,15.105,241809,0
20160330,15.135,15.177,15.095,15.112,238801,0
20160331,15.095,15.153,15.061,15.119,720743,0
20160401,15.128,15.153,15.022,15.031,691156,0
20160404,15.031,15.112,15.031,15.051,269877,0
20160405,15.031,15.094,15.016,15.077,249933,0
20160406,15.038,15.112,15.022,15.112,337345,0
20160407,15.095,15.112,15.031,15.095,345500,0
20160408,15.119,15.153,15.068,15.153,300867,0
20160411,15.153,15.168,15.077,15.168,294163,0
20160412,15.144,15.167,15.087,15.159,365875,0
20160413,15.159,15.177,15.124,15.168,241059,0
20160414,15.159,15.187,15.153,15.187,452819,0
20160415,15.144,15.209,15.144,15.193,338980,0
20160418,15.159,15.237,15.159,15.222,531673,0
20160419,15.232,15.28,15.159,15.273,277115,0
20160420,15.28,15.28,15.217,15.239,754538,0
20160421,15.273,15.286,15.239,15.28,359712,0
20160422,15.311,15.321,15.265,15.308,380471,0
20160425,15.366,15.37,15.28,15.331,436477,0
20160426,15.366,15.366,15.311,15.34,392746,0
20160427,15.35,15.375,15.321,15.366,481064,0
20160428,15.395,15.395,15.343,15.395,197807,0
20160429,15.395,15.395,15.35,15.395,211664,0
20160502,15.403,15.403,15.366,15.366,281878,0
20160503,15.375,15.388,15.35,15.388,369720,0
20160504,15.395,15.411,15.358,15.383,319604,0
20160505,15.42,15.42,15.35,15.366,271526,0
20160506,15.403,15.403,15.358,15.375,335552,0
20160509,15.388,15.43,15.366,15.42,226245,0
20160510,15.411,15.428,15.402,15.42,332509,0
20160511,15.428,15.458,15.395,15.441,524613,0
20160512,15.458,15.458,15.395,15.442,364816,0
20160513,15.458,15.458,15.413,15.458,516295,0
20160516,15.467,15.499,15.436,15.484,622232,0
20160517,15.517,15.517,15.461,15.491,239741,0
20160518,15.536,15.541,15.489,15.517,371171,0
20160519,15.536,15.536,15.467,15.499,519834,0
20160520,15.547,15.547,15.468,15.481,393250,0
20160523,15.538,15.563,15.493,15.519,445831,0
20160524,15.617,15.617,15.555,15.57,468351,0
20160525,15.609,15.609,15.563,15.57,449640,0
20160526,15.476,15.617,15.476,15.579,404527,0
20160527,15.599,15.628,15.579,15.609,344458,0
20160531,15.599,15.633,15.593,15.633,327399,0
20160601,15.593,15.633,15.555,15.633,497904,0
20160602,15.593,15.609,15.528,15.599,324522,0
20160603,15.617,15.659,15.586,15.659,485303,0
20160606,15.659,15.676,15.617,15.649,538339,0
20160607,15.676,15.676,15.617,15.659,411300,0
20160608,15.667,15.676,15.659,15.659,398772,0
20160609,15.676,15.691,15.659,15.667,369618,0
20160610,15.676,15.684,15.659,15.659,431245,0
20160613,15.676,15.7,15.64,15.654,379060,0
20160614,15.667,15.676,15.593,15.609,424884,0
20160615,15.624,15.649,15.593,15.617,412269,0
20160616,15.64,15.64,15.563,15.609,338397,0
20160617,15.617,15.649,15.609,15.633,634208,0
20160620,15.676,15.709,15.649,15.676,374157,0
20160621,15.684,15.717,15.683,15.7,369172,0
20160622,15.715,15.739,15.715,15.715,564671,0
20160623,15.772,15.772,15.689,15.743,471292,0
20160624,15.607,15.732,15.598,15.708,542071,0
20160627,15.698,15.698,15.561,15.569,556283,0
20160628,15.657,15.689,15.598,15.674,376490,0
20160629,15.708,15.708,15.666,15.683,813653,0
20160630,15.639,15.779,15.631,15.689,1974839,0
20160701,15.708,15.722,15.647,15.647,932238,0
20160705,15.689,15.762,15.674,15.743,595740,0
20160706,15.754,15.796,15.722,15.772,398494,0
20160707,15.779,15.805,15.754,15.762,481808,0
20160708,15.788,15.84,15.772,15.813,358898,0
20160711,15.796,15.871,15.788,15.788,465627,0
20160712,15.889,15.889,15.831,15.84,484392,0
20160713,15.91,15.91,15.813,15.88,290026,0
20160714,15.864,15.968,15.817,15.91,354744,0
20160715,15.906,15.95,15.9,15.927,594256,0
20160718,15.978,15.978,15.92,15.934,442006,0
20160719,15.968,15.978,15.91,15.934,462562,0
20160720,15.978,16.701,15.911,15.95,665296,0
20160721,16.014,16.014,15.981,15.981,567309,0
20160722,15.971,16.032,15.865,16.005,610018,0
20160725,15.996,16.051,15.996,16.022,711490,0
20160726,16.064,16.064,16.022,16.064,627748,0
20160727,16.096,16.096,16.056,16.08,515717,0
20160728,16.12,16.12,16.087,16.096,461398,0
20160729,16.12,16.134,16.096,16.129,441511,0
20160801,16.105,16.169,16.105,16.12,320222,0
20160802,16.169,16.169,16.105,16.112,783947,0
20160803,16.112,16.12,16.096,16.112,459678,0
20160804,16.16,16.16,16.12,16.12,642090,0
20160805,16.178,16.178,16.096,16.152,655773,0
20160808,16.16,16.186,16.134,16.152,529807,0
20160809,16.178,16.228,16.152,16.178,519483,0
20160810,16.219,16.256,16.186,16.212,573439,0
20160811,16.228,16.262,16.194,16.199,1328686,0
20160812,16.256,16.256,16.183,16.194,406959,0
20160815,16.219,16.223,16.204,16.212,408644,0
20160816,16.212,16.212,16.186,16.194,442978,0
20160817,16.204,16.237,16.178,16.212,716303,0
20160818,16.212,16.237,16.194,16.212,897381,0
20160819,16.219,16.228,16.212,16.223,406340,0
20160822,16.246,16.246,16.134,16.219,827512,0
20160823,16.251,16.262,16.218,16.241,520844,0
20160824,16.261,16.266,16.251,16.261,737823,0
20160825,16.274,16.282,16.251,16.261,741004,0
20160826,16.274,16.291,16.266,16.274,647027,0
20160829,16.299,16.308,16.282,16.282,667340,0
20160830,16.316,16.316,16.282,16.308,459912,0
20160831,16.333,16.333,16.299,16.316,603674,0
20160901,16.333,16.347,16.311,16.337,625650,0
20160902,16.347,16.365,16.333,16.333,444281,0
20160906,16.347,16.352,16.333,16.347,467283,0
20160907,16.339,16.355,16.308,16.347,971423,0
20160908,16.371,16.371,16.334,16.347,748817,0
20160909,16.347,16.347,16.207,16.207,915792,0
20160912,16.282,16.308,16.252,16.299,448615,0
20160913,16.282,16.282,16.215,16.223,512718,0
20160914,16.261,16.261,16.182,16.207,492765,0
20160915,16.223,16.251,16.214,16.233,763610,0
20160916,16.241,16.274,16.2,16.212,447388,0
20160919,16.266,16.266,16.198,16.207,406579,0
20160920,16.215,16.261,16.207,16.207,521115,0
20160921,16.26,16.274,16.218,16.265,800002,0
20160922,16.29,16.307,16.232,16.24,590357,0
20160923,16.307,16.339,16.307,16.332,526055,0
20160926,16.346,16.346,16.293,16.307,526887,0
20160927,16.332,16.339,16.315,16.328,581107,0
20160928,16.332,16.339,16.307,16.332,1341833,0
20160929,16.339,16.346,16.29,16.307,839890,0
20160930,16.324,16.324,16.293,16.307,724488,0
20161003,16.29,16.324,16.265,16.315,716341,0
20161004,16.324,16.331,16.301,16.315,562834,0
20161005,16.315,16.324,16.298,16.298,361414,0
20161006,16.298,16.307,16.284,16.298,369557,0
20161007,16.307,16.324,16.281,16.281,1306579,0
20161010,16.307,16.332,16.292,16.315,554205,0
20161011,16.298,16.298,16.196,16.222,677367,0
20161012,16.222,16.273,16.215,16.232,475725,0
20161013,16.222,16.25,16.154,16.24,911420,0
20161014,16.265,16.273,16.215,16.24,555518,0
20161017,16.222,16.265,16.187,16.24,374511,0
20161018,16.273,16.315,16.24,16.315,639456,0
20161019,16.298,16.332,16.281,16.307,551656,0
20161020,16.307,16.324,16.281,16.315,492960,0
20161021,16.348,16.348,16.309,16.339,665380,0
20161024,16.365,16.375,16.334,16.371,598641,0
20161025,16.348,16.378,16.334,16.378,654311,0
20161026,16.387,16.407,16.356,16.387,971670,0
20161027,16.407,16.407,16.339,16.365,562815,0
20161028,16.371,16.371,16.348,16.365,396691,0
20161031,16.371,16.371,16.334,16.356,688509,0
20161101,16.356,16.356,16.3,16.326,426312,0
20161102,16.317,16.339,16.235,16.262,677671,0
20161103,16.275,16.278,16.216,16.234,580911,0
20161104,16.252,16.252,16.224,16.242,1499997,0
20161107,16.283,16.309,16.262,16.283,429705,0
20161108,16.283,16.283,16.216,16.252,359207,0
20161109,16.13,16.234,16.09,16.09,1049068,0
20161110,16.147,16.147,15.963,15.996,1343980,0
20161111,16.033,16.033,15.9,15.987,573180,0
20161114,15.981,15.981,15.761,15.872,2856189,0
20161115,15.872,15.971,15.822,15.971,1493153,0
20161116,15.963,16.066,15.927,16.023,692018,0
20161117,16.042,16.059,15.987,16.023,1136105,0
20161118,16.023,16.042,15.929,15.971,1289303,0
20161121,15.963,15.981,15.929,15.943,1086053,0
20161122,15.987,15.987,15.92,15.968,702886,0
20161123,15.96,15.994,15.897,15.978,1545385,0
20161125,15.978,15.978,15.927,15.95,250988,0
20161128,15.96,15.981,15.879,15.934,849598,0
20161129,15.927,15.941,15.888,15.91,687512,0
20161130,15.906,15.906,15.828,15.852,1712379,0
20161201,15.906,15.906,15.793,15.823,776351,0
20161202,15.852,15.869,15.794,15.842,465875,0
20161205,15.869,15.897,15.831,15.852,607030,0
20161206,15.862,15.888,15.852,15.879,477139,0
20161207,15.897,15.95,15.863,15.906,824716,0
20161208,15.92,15.95,15.905,15.915,1062544,0
20161209,15.934,15.941,15.869,15.91,797572,0
20161212,15.91,15.927,15.869,15.879,473619,0
20161213,15.897,15.92,15.869,15.879,864426,0
20161214,15.906,15.927,15.879,15.897,563745,0
20161215,15.91,15.968,15.897,15.96,1423417,0
20161216,15.934,15.968,15.91,15.968,991379,0
20161219,15.968,16.002,15.941,15.987,718232,0
20161220,15.994,15.994,15.96,15.987,593493,0
20161221,15.96,16.031,15.96,16.021,727513,0
20161222,16.041,16.073,16.012,16.049,740729,0
20161223,16.065,16.081,16.015,16.073,639752,0
20161227,16.081,16.097,16.031,16.065,629457,0
20161228,16.049,16.084,16.038,16.065,449932,0
20161229,16.073,16.097,16.057,16.068,834772,0
20161230,16.081,16.117,16.065,16.073,731879,0
20170103,16.081,16.107,16.049,16.107,658986,0
20170104,16.113,16.162,16.113,16.157,445061,0
20170105,16.171,16.234,16.136,16.216,627109,0
20170106,16.216,16.242,16.181,16.181,805492,0
20170109,16.181,16.207,16.171,16.197,860313,0
20170110,16.197,16.234,16.188,16.224,511380,0
20170111,16.234,16.275,16.224,16.275,914754,0
20170112,16.275,16.275,16.242,16.267,399982,0
20170113,16.275,16.291,16.207,16.242,741946,0
20170117,16.267,16.301,16.262,16.301,453442,0
20170118,16.31,16.318,16.262,16.305,1050611,0
20170119,16.284,16.302,16.242,16.267,797116,0
20170120,16.28,16.28,16.194,16.28,1002554,0
20170123,16.264,16.306,16.248,16.306,803073,0
20170124,16.332,16.332,16.297,16.324,1158340,0
20170125,16.332,16.339,16.289,16.297,718899,0
20170126,16.314,16.332,16.283,16.324,633449,0
20170127,16.339,16.355,16.324,16.347,830521,0
20170130,16.347,16.378,16.347,16.365,639910,0
20170131,16.339,16.371,16.324,16.365,622193,0
20170201,16.378,16.386,16.339,16.378,568542,0
20170202,16.386,16.406,16.365,16.406,641202,0
20170203,16.434,16.461,16.43,16.461,834015,0
20170206,16.469,16.486,16.441,16.475,707444,0
20170207,16.484,16.507,16.451,16.502,1027597,0
20170208,16.521,16.544,16.512,16.528,899167,0
20170209,16.528,16.543,16.492,16.521,959781,0
20170210,16.535,16.551,16.528,16.551,695716,0
20170213,16.569,16.569,16.535,16.551,551351,0
20170214,16.56,16.573,16.535,16.551,719726,0
20170215,16.551,16.577,16.528,16.569,539979,0
20170216,16.577,16.596,16.577,16.592,615353,0
20170217,16.609,16.618,16.584,16.618,589906,0
20170221,16.609,16.628,16.592,16.609,708431,0
20170222,16.609,16.628,16.577,16.618,523041,0
20170223,16.628,16.637,16.609,16.628,574950,0
20170224,16.688,16.688,16.628,16.67,467356,0
20170227,16.67,16.688,16.653,16.67,575815,0
20170228,16.67,16.688,16.653,16.679,665808,0
20170301,16.679,16.704,16.645,16.704,740059,0
20170302,16.697,16.697,16.653,16.67,1108633,0
20170303,16.688,16.713,16.67,16.697,771343,0
20170306,16.697,16.731,16.662,16.679,601617,0
20170307,16.697,16.704,16.67,16.679,820442,0
20170308,16.662,16.679,16.551,16.569,935757,0
20170309,16.584,16.601,16.491,16.527,669110,0
20170310,16.551,16.569,16.468,16.56,717258,0
20170313,16.56,16.581,16.543,16.56,530245,0
20170314,16.56,16.584,16.535,16.569,646007,0
20170315,16.577,16.609,16.527,16.601,593525,0
20170316,16.618,16.645,16.592,16.628,856090,0
20170317,16.645,16.67,16.601,16.637,850562,0
20170320,16.653,16.688,16.646,16.67,465804,0
20170321,16.67,16.688,16.645,16.662,648035,0
20170322,16.67,16.688,16.653,16.688,652062,0
20170323,16.696,16.712,16.66,16.712,706278,0
20170324,16.712,16.758,16.712,16.75,579683,0
20170327,16.74,16.74,16.704,16.73,484188,0
20170328,16.74,16.74,16.704,16.704,728050,0
20170329,16.75,16.782,16.73,16.75,579363,0
20170330,16.74,16.782,16.731,16.74,737312,0
20170331,16.758,16.782,16.758,16.758,688573,0
20170403,16.782,16.837,16.768,16.822,1106685,0
20170404,16.822,16.874,16.814,16.83,1511007,0
20170405,16.83,16.865,16.775,16.807,742169,0
20170406,16.814,16.814,16.782,16.814,464193,0
20170407,16.822,16.837,16.807,16.83,877153,0
20170410,16.837,16.865,16.823,16.857,570422,0
20170411,16.874,16.883,16.837,16.847,550227,0
20170412,16.837,16.857,16.83,16.837,447098,0
20170413,16.837,16.847,16.822,16.847,609536,0
20170417,16.857,16.874,16.822,16.865,851322,0
20170418,16.865,16.883,16.837,16.865,698293,0
20170419,16.865,16.883,16.83,16.865,608397,0
20170420,16.874,16.893,16.847,16.893,894994,0
20170421,16.925,16.925,16.891,16.909,489844,0
20170424,16.917,16.925,16.909,16.925,521079,0
20170425,16.935,16.994,16.935,16.954,729507,0
20170426,16.963,16.994,16.917,16.963,1024803,0
20170427,16.972,16.994,16.954,16.986,751299,0
20170428,16.986,17.01,16.972,16.986,659713,0
20170501,16.986,17.003,16.98,17.003,434084,0
20170502,17.01,17.018,16.994,17.018,753620,0
20170503,17.018,17.045,17.018,17.027,611073,0
20170504,17.054,17.055,16.98,17.035,1106306,0
20170505,17.035,17.054,17.01,17.054,1171677,0
20170508,17.064,17.072,17.027,17.064,668780,0
20170509,17.072,17.098,17.054,17.054,808974,0
20170510,17.054,17.097,17.054,17.064,722186,0
20170511,17.064,17.106,17.064,17.088,641497,0
20170512,17.098,17.116,17.072,17.107,475815,0
20170515,17.107,17.148,17.098,17.116,719564,0
20170516,17.126,17.157,17.088,17.141,1127055,0
20170517,17.141,17.141,17.107,17.134,784532,0
20170518,17.126,17.134,17.098,17.111,1520043,0
20170519,17.126,17.133,17.088,17.098,694474,0
20170522,17.126,17.157,17.116,17.134,751448,0
20170523,17.149,17.164,17.142,17.159,815562,0
20170524,17.149,17.159,17.111,17.149,487943,0
20170525,17.149,17.184,17.134,17.142,697629,0
20170526,17.149,17.184,17.149,17.184,713224,0
20170530,17.184,17.194,17.172,17.189,666313,0
20170531,17.194,17.21,17.159,17.202,617314,0
20170601,17.194,17.228,17.184,17.202,1046600,0
20170602,17.21,17.234,17.202,17.21,542878,0
20170605,17.21,17.236,17.21,17.236,562148,0
20170606,17.228,17.262,17.195,17.236,1175484,0
20170607,17.245,17.262,17.22,17.228,679909,0
20170608,17.245,17.254,17.22,17.236,542365,0
20170609,17.236,17.245,17.202,17.21,527167,0
20170612,17.21,17.245,17.202,17.21,510000,0
20170613,17.22,17.245,17.21,17.236,420886,0
20170614,17.245,17.262,17.225,17.262,671854,0
20170615,17.262,17.299,17.228,17.289,1025881,0
20170616,17.306,17.306,17.279,17.284,502848,0
20170619,17.279,17.316,17.279,17.306,455630,0
20170620,17.299,17.316,17.289,17.306,565231,0
20170621,17.316,17.341,17.316,17.332,2037145,0
20170622,17.422,17.448,17.321,17.344,784610,0
20170623,17.353,17.353,17.336,17.353,549696,0
20170626,17.368,17.385,17.344,17.377,1178140,0
20170627,17.385,17.395,17.325,17.344,1034603,0
20170628,17.377,17.404,17.377,17.395,1403522,0
20170629,17.377,17.404,17.344,17.385,1028071,0
20170630,17.395,17.418,17.368,17.414,2292923,0
20170703,17.431,17.431,17.395,17.431,350269,0
20170705,17.439,17.489,17.422,17.439,1158836,0
20170706,17.458,17.498,17.422,17.463,1075028,0
20170707,17.463,17.498,17.422,17.458,792532,0
20170710,17.458,17.479,17.448,17.458,632413,0
20170711,17.448,17.463,17.422,17.431,497927,0
20170712,17.448,17.458,17.434,17.458,989778,0
20170713,17.458,17.489,17.439,17.458,439132,0
20170714,17.471,17.478,17.448,17.471,718373,0
20170717,17.479,17.479,17.458,17.479,570907,0
20170718,17.471,17.508,17.458,17.489,903437,0
20170719,17.489,17.523,17.488,17.507,1046581,0
20170720,17.517,17.551,17.517,17.536,1369859,0
20170721,17.553,17.568,17.524,17.543,721158,0
20170724,17.562,17.57,17.553,17.57,589323,0
20170725,17.576,17.578,17.543,17.562,860770,0
20170726,17.57,17.595,17.543,17.586,2629347,0
20170727,17.605,17.614,17.562,17.586,2135262,0
20170728,17.614,17.637,17.605,17.623,1451572,0
20170731,17.64,17.645,17.605,17.614,689853,0
20170801,17.632,17.637,17.595,17.632,971129,0
20170802,17.64,17.665,17.632,17.64,539571,0
20170803,17.648,17.67,17.64,17.656,921336,0
20170804,17.691,17.691,17.648,17.648,630684,0
20170807,17.656,17.667,17.648,17.656,1120777,0
20170808,17.665,17.691,17.64,17.648,1481040,0
20170809,17.64,17.673,17.586,17.595,1143469,0
20170810,17.586,17.594,17.384,17.413,2542081,0
20170811,17.458,17.489,17.431,17.479,776003,0
20170814,17.527,17.553,17.498,17.553,912438,0
20170815,17.576,17.605,17.553,17.586,762956,0
20170816,17.595,17.614,17.586,17.614,812217,0
20170817,17.614,17.632,17.576,17.586,953299,0
20170818,17.586,17.605,17.576,17.605,643708,0
20170821,17.614,17.656,17.576,17.586,871783,0
20170822,17.623,17.627,17.562,17.576,1166327,0
20170823,17.586,17.627,17.562,17.57,787216,0
20170824,17.576,17.587,17.536,17.57,1143037,0
20170825,17.57,17.584,17.541,17.576,929685,0
20170828,17.576,17.6,17.576,17.595,1050737,0
20170829,17.576,17.595,17.572,17.595,807600,0
20170830,17.576,17.586,17.562,17.586,724291,0
20170831,17.623,17.632,17.586,17.614,908984,0
20170901,17.632,17.673,17.605,17.64,745338,0
20170905,17.648,17.673,17.623,17.64,731315,0
20170906,17.632,17.654,17.586,17.623,798476,0
20170907,17.632,17.64,17.614,17.623,506279,0
20170908,17.605,17.631,17.605,17.605,593454,0
20170911,17.623,17.632,17.605,17.623,918498,0
20170912,17.623,17.648,17.614,17.648,982863,0
20170913,17.648,17.656,17.623,17.632,821220,0
20170914,17.64,17.665,17.61,17.64,779911,0
20170915,17.648,17.668,17.614,17.656,795376,0
20170918,17.665,17.667,17.632,17.656,890304,0
20170919,17.656,17.673,17.648,17.656,598229,0
20170920,17.665,17.668,17.648,17.665,917211,0
20170921,17.665,17.699,17.64,17.656,776653,0
20170922,17.656,17.673,17.656,17.665,544540,0
20170925,17.665,17.683,17.664,17.683,738583,0
20170926,17.673,17.691,17.673,17.691,833358,0
20170927,17.691,17.698,17.673,17.691,850677,0
20170928,17.699,17.729,17.673,17.691,736224,0
20170929,17.691,17.699,17.665,17.699,947540,0
20171002,17.717,17.746,17.691,17.717,1001837,0
20171003,17.717,17.726,17.691,17.699,886294,0
20171004,17.699,17.717,17.691,17.709,1633652,0
20171005,17.709,17.726,17.691,17.717,726633,0
20171006,17.709,17.717,17.648,17.673,1072274,0
20171009,17.683,17.699,17.648,17.673,966502,0
20171010,17.656,17.683,17.64,17.673,1268453,0
20171011,17.673,17.717,17.673,17.699,1142698,0
20171012,17.699,17.746,17.684,17.746,2557364,0
20171013,17.755,17.765,17.726,17.765,853933,0
20171016,17.789,17.789,17.771,17.78,780049,0
20171017,17.78,17.808,17.771,17.771,1818399,0
20171018,17.78,17.789,17.771,17.789,1123157,0
20171019,17.78,17.798,17.771,17.798,864800,0
20171020,17.808,17.808,17.78,17.808,1093822,0
20171023,17.816,17.833,17.798,17.833,1878495,0
20171024,17.851,17.863,17.833,17.843,824171,0
20171025,17.843,17.843,17.771,17.808,1316758,0
20171026,17.825,17.825,17.765,17.798,951141,0
20171027,17.798,17.816,17.78,17.816,894756,0
20171030,17.816,17.825,17.789,17.789,585874,0
20171031,17.798,17.816,17.789,17.816,890129,0
20171101,17.833,17.86,17.816,17.86,749103,0
20171102,17.868,17.868,17.851,17.86,567279,0
20171103,17.86,17.865,17.833,17.851,743078,0
20171106,17.86,17.868,17.833,17.86,559937,0
20171107,17.851,17.851,17.833,17.843,731257,0
20171108,17.833,17.851,17.833,17.833,725633,0
20171109,17.833,17.843,17.771,17.798,843422,0
20171110,17.808,17.816,17.726,17.755,825281,0
20171113,17.699,17.771,17.682,17.765,1666705,0
20171114,17.755,17.78,17.726,17.746,811245,0
20171115,17.736,17.736,17.672,17.709,1228347,0
20171116,17.709,17.736,17.691,17.736,821327,0
20171117,17.736,17.765,17.736,17.765,690153,0
20171120,17.771,17.833,17.771,17.808,816798,0
20171121,17.825,17.825,17.816,17.825,1176574,0
20171122,17.833,17.86,17.825,17.851,1187532,0
20171124,17.833,17.873,17.825,17.843,178774,0
20171127,17.851,17.868,17.833,17.86,1051426,0
20171128,17.86,17.868,17.839,17.851,791967,0
20171129,17.816,17.842,17.798,17.833,933542,0
20171130,17.843,17.851,17.798,17.816,1436079,0
20171201,17.808,17.825,17.789,17.825,833988,0
20171204,17.833,17.86,17.825,17.851,1557564,0
20171205,17.851,17.851,17.825,17.843,1025268,0
20171206,17.825,17.851,17.816,17.833,754310,0
20171207,17.843,17.851,17.833,17.843,1205080,0
20171208,17.851,17.86,17.851,17.86,708292,0
20171211,17.851,17.895,17.851,17.851,825656,0
20171212,17.86,17.868,17.843,17.851,991252,0
20171213,17.86,17.86,17.798,17.816,762593,0
20171214,17.816,17.851,17.808,17.816,1085178,0
20171215,17.833,17.86,17.816,17.86,692702,0
20171218,17.86,17.878,17.851,17.878,980716,0
20171219,17.868,17.878,17.843,17.851,755218,0
20171220,17.86,17.878,17.851,17.868,1833934,0
20171221,17.895,17.895,17.833,17.851,1169718,0
20171222,17.868,17.878,17.851,17.868,1633581,0
20171226,17.833,17.887,17.833,17.873,972891,0
20171227,17.895,17.907,17.86,17.868,723242,0
20171228,17.895,17.895,17.825,17.868,1058627,0
20171229,17.878,17.887,17.833,17.878,1563572,0
20180102,17.878,17.904,17.808,17.851,2011512,0
20180103,17.843,17.868,17.789,17.851,1224126,0
20180104,17.851,17.868,17.808,17.86,1719004,0
20180105,17.868,17.904,17.868,17.878,1496644,0
20180108,17.878,17.937,17.878,17.929,2091641,0
20180109,17.929,17.959,17.904,17.922,1323017,0
20180110,17.887,17.949,17.851,17.922,1332236,0
20180111,17.887,17.922,17.887,17.904,2542714,0
20180112,17.929,17.949,17.904,17.912,1184936,0
20180116,17.922,17.944,17.904,17.912,1491679,0
20180117,17.922,17.968,17.851,17.86,1285574,0
20180118,17.878,17.895,17.86,17.868,925056,0
20180119,17.868,17.895,17.856,17.868,982516,0
20180122,17.868,17.929,17.851,17.929,1329906,0
20180123,17.887,17.904,17.878,17.878,946277,0
20180124,17.922,17.922,17.851,17.878,1999291,0
20180125,17.895,17.904,17.86,17.904,1164408,0
20180126,17.912,17.912,17.86,17.868,1106021,0
20180129,17.843,17.851,17.77,17.779,1098214,0
20180130,17.797,17.797,17.706,17.744,1134647,0
20180131,17.825,17.825,17.753,17.77,1447462,0
20180201,17.662,17.779,17.662,17.763,1252249,0
20180202,17.744,17.744,17.636,17.679,1692223,0
20180205,17.645,17.688,17.627,17.669,1201009,0
20180206,17.618,17.636,17.499,17.6,2001845,0
20180207,17.636,17.706,17.627,17.679,1201893,0
20180208,17.662,17.688,17.636,17.662,1195405,0
20180209,17.679,17.697,17.555,17.573,1981896,0
20180212,17.627,17.645,17.586,17.627,640499,0
20180213,17.627,17.672,17.59,17.618,833841,0
20180214,17.581,17.627,17.529,17.59,1360747,0
20180215,17.581,17.653,17.581,17.653,916652,0
20180216,17.653,17.704,17.611,17.697,1235880,0
20180220,17.697,17.701,17.697,17.697,755574,0
20180221,17.724,17.763,17.674,17.688,1296924,0
20180222,17.724,17.724,17.645,17.715,1755637,0
20180223,17.763,17.763,17.697,17.706,1040065,0
20180226,17.753,17.753,17.715,17.744,787810,0
20180227,17.734,17.763,17.724,17.763,836119,0
20180228,17.779,17.779,17.724,17.779,1012527,0
20180301,17.77,17.779,17.734,17.753,1502078,0
20180302,17.753,17.767,17.716,17.763,1304734,0
20180305,17.763,17.77,17.737,17.77,908959,0
20180306,17.788,17.807,17.77,17.788,1294801,0
20180307,17.763,17.807,17.763,17.807,853766,0
20180308,17.834,17.834,17.797,17.807,964752,0
20180309,17.825,17.843,17.807,17.825,1189717,0
20180312,17.825,17.843,17.807,17.834,2146637,0
20180313,17.844,17.844,17.807,17.807,2072221,0
20180314,17.816,17.816,17.788,17.807,1533731,0
20180315,17.816,17.816,17.753,17.797,1349030,0
20180316,17.77,17.788,17.753,17.763,905206,0
20180319,17.77,17.779,17.697,17.724,1797496,0
20180320,17.715,17.724,17.679,17.697,735735,0
20180321,17.706,17.706,17.679,17.697,614864,0
20180322,17.706,17.706,17.645,17.669,831765,0
20180323,17.697,17.697,17.645,17.653,813928,0
20180326,17.679,17.697,17.618,17.636,674021,0
20180327,17.653,17.662,17.618,17.627,1266065,0
20180328,17.645,17.662,17.599,17.645,1148551,0
20180329,17.645,17.679,17.627,17.627,693948,0
20180402,17.662,17.688,17.609,17.653,1625891,0
20180403,17.669,17.669,17.627,17.662,667153,0
20180404,17.653,17.669,17.627,17.653,829333,0
20180405,17.669,17.688,17.627,17.662,701126,0
20180406,17.662,17.679,17.645,17.679,739649,0
20180409,17.688,17.715,17.679,17.706,872867,0
20180410,17.724,17.914,17.691,17.724,856360,0
20180411,17.688,17.734,17.679,17.734,892560,0
20180412,17.744,17.758,17.692,17.706,727202,0
20180413,17.706,17.744,17.706,17.724,783901,0
20180416,17.734,17.753,17.688,17.706,1282930,0
20180417,17.734,17.753,17.688,17.744,1049876,0
20180418,17.753,17.889,17.715,17.724,1173619,0
20180419,17.715,17.753,17.715,17.753,694947,0
20180420,17.763,17.763,17.706,17.724,639228,0
20180423,17.724,17.744,17.688,17.744,671492,0
20180424,17.734,17.734,17.645,17.688,1317056,0
20180425,17.679,17.724,17.608,17.653,878456,0
20180426,17.588,17.688,17.588,17.679,800915,0
20180427,17.662,17.662,17.627,17.662,628010,0
20180430,17.653,17.687,17.627,17.662,533459,0
20180501,17.653,17.662,17.614,17.653,603417,0
20180502,17.635,17.688,17.608,17.627,708076,0
20180503,17.635,17.653,17.608,17.627,518881,0
20180504,17.608,17.64,17.588,17.617,887928,0
20180507,17.608,17.627,17.588,17.627,628920,0
20180508,17.617,17.627,17.562,17.588,1150674,0
20180509,17.588,17.598,17.553,17.588,606833,0
20180510,17.598,17.608,17.462,17.562,737027,0
20180511,17.562,17.627,17.562,17.627,535490,0
20180514,17.627,17.645,17.598,17.645,501886,0
20180515,17.608,17.645,17.578,17.645,895186,0
20180516,17.617,17.631,17.578,17.608,696991,0
20180517,17.598,17.608,17.553,17.608,890568,0
20180518,17.598,17.617,17.553,17.608,866402,0
20180521,17.598,17.617,17.57,17.598,667449,0
20180522,17.635,17.644,17.543,17.578,818774,0
20180523,17.578,17.578,17.543,17.57,762052,0
20180524,17.543,17.608,17.526,17.608,489411,0
20180525,17.588,17.598,17.562,17.578,518304,0
20180529,17.57,17.578,17.496,17.526,1023622,0
20180530,17.496,17.519,17.461,17.477,1176873,0
20180531,17.487,17.496,17.425,17.425,1301167,0
20180601,17.468,17.516,17.454,17.477,1115031,0
20180604,17.496,17.552,17.496,17.506,1392160,0
20180605,17.553,17.588,17.543,17.588,809801,0
20180606,17.57,17.617,17.553,17.617,927697,0
20180607,17.588,17.617,17.553,17.608,1706282,0
20180608,17.608,17.616,17.562,17.608,1096628,0
20180611,17.57,17.608,17.535,17.535,693196,0
20180612,17.562,17.588,17.553,17.57,741246,0
20180613,17.588,17.617,17.558,17.617,796025,0
20180614,17.617,17.627,17.592,17.617,542264,0
20180615,17.617,17.653,17.598,17.653,558077,0
20180618,17.627,17.645,17.588,17.588,680573,0
20180619,17.617,17.635,17.57,17.635,806228,0
20180620,17.627,17.627,17.553,17.578,760805,0
20180621,17.57,17.578,17.535,17.578,663649,0
20180622,17.57,17.57,17.496,17.511,737034,0
20180625,17.526,17.538,17.476,17.516,756008,0
20180626,17.516,17.516,17.464,17.476,582878,0
20180627,17.506,17.506,17.453,17.467,672520,0
20180628,17.453,17.526,17.424,17.526,519677,0
20180629,17.467,17.562,17.46,17.506,630867,0
20180702,17.476,17.562,17.46,17.535,1683415,0
20180703,17.516,17.562,17.496,17.516,574253,0
20180705,17.526,17.608,17.467,17.535,730675,0
20180706,17.553,17.627,17.553,17.617,676881,0
20180709,17.598,17.627,17.57,17.627,570680,0
20180710,17.608,17.635,17.544,17.617,628246,0
20180711,17.627,17.645,17.617,17.635,865262,0
20180712,17.635,17.656,17.598,17.645,910376,0
20180713,17.635,17.662,17.617,17.662,831401,0
20180716,17.653,17.68,17.627,17.645,437862,0
20180717,17.635,17.662,17.588,17.608,831256,0
20180718,17.635,17.67,17.608,17.645,885878,0
20180719,17.653,17.67,17.617,17.653,763338,0
20180720,17.627,17.653,17.598,17.635,627031,0
20180723,17.645,17.662,17.627,17.653,1050409,0
20180724,17.635,17.654,17.608,17.635,701906,0
20180725,17.653,17.68,17.627,17.67,838213,0
20180726,17.67,17.698,17.653,17.68,755232,0
20180727,17.717,17.717,17.653,17.653,636017,0
20180730,17.662,17.717,17.662,17.708,464226,0
20180731,17.717,17.726,17.67,17.717,489071,0
20180801,17.717,17.765,17.708,17.746,938583,0
20180802,17.708,17.746,17.708,17.726,561775,0
20180803,17.746,17.749,17.708,17.746,573947,0
20180806,17.726,17.765,17.718,17.746,860120,0
20180807,17.726,17.765,17.717,17.746,537180,0
20180808,17.765,17.765,17.689,17.755,493394,0
20180809,17.755,17.782,17.736,17.773,639965,0
20180810,17.773,17.773,17.717,17.736,820653,0
20180813,17.726,17.746,17.698,17.717,681579,0
20180814,17.717,17.726,17.68,17.708,573304,0
20180815,17.708,17.746,17.689,17.717,617347,0
20180816,17.746,17.81,17.708,17.746,982233,0
20180817,17.736,17.765,17.708,17.765,571961,0
20180820,17.708,17.792,17.708,17.755,654106,0
20180821,17.782,17.816,17.765,17.782,569902,0
20180822,17.782,17.82,17.782,17.801,1134424,0
20180823,17.792,17.82,17.791,17.81,748668,0
20180824,17.801,17.82,17.773,17.82,573444,0
20180827,17.82,17.838,17.782,17.82,481854,0
20180828,17.782,17.829,17.782,17.82,774319,0
20180829,17.829,17.838,17.801,17.838,834639,0
20180830,17.838,17.857,17.82,17.838,780651,0
20180831,17.857,17.885,17.838,17.885,621729,0
20180904,17.829,17.857,17.82,17.829,734715,0
20180905,17.829,17.848,17.801,17.838,483764,0
20180906,17.82,17.838,17.755,17.838,620945,0
20180907,17.801,17.829,17.765,17.777,660486,0
20180910,17.792,17.81,17.75,17.792,1034163,0
20180911,17.782,17.802,17.782,17.792,1245436,0
20180912,17.81,17.81,17.773,17.782,566835,0
20180913,17.801,17.82,17.765,17.801,526252,0
20180914,17.82,17.82,17.773,17.801,629311,0
20180917,17.82,17.838,17.801,17.82,517566,0
20180918,17.829,17.838,17.81,17.829,766218,0
20180919,17.82,17.838,17.792,17.829,453933,0
20180920,17.82,17.838,17.801,17.81,628149,0
20180921,17.801,17.838,17.792,17.829,517555,0
20180924,17.782,17.848,17.782,17.829,736179,0
20180925,17.82,17.838,17.787,17.82,654197,0
20180926,17.81,17.829,17.782,17.829,885877,0
20180927,17.81,17.82,17.782,17.81,791047,0
20180928,17.82,17.829,17.773,17.792,564462,0
20181001,17.782,17.81,17.736,17.765,1748648,0
20181002,17.765,17.773,17.726,17.726,1585619,0
20181003,17.755,17.755,17.698,17.736,926733,0
20181004,17.717,17.73,17.625,17.625,810827,0
20181005,17.651,17.661,17.596,17.661,869814,0
20181008,17.661,17.661,17.576,17.615,904228,0
20181009,17.615,17.643,17.586,17.596,1278960,0
20181010,17.596,17.606,17.541,17.56,1098867,0
20181011,17.596,17.617,17.482,17.512,1283446,0
20181012,17.522,17.596,17.522,17.56,796586,0
20181015,17.551,17.56,17.512,17.541,1037323,0
20181016,17.541,17.56,17.512,17.512,3342220,0
20181017,17.512,17.576,17.512,17.568,887423,0
20181018,17.532,17.586,17.522,17.541,1323499,0
20181019,17.56,17.606,17.522,17.541,889860,0
20181022,17.568,17.576,17.541,17.576,694598,0
20181023,17.586,17.634,17.56,17.606,760551,0
20181024,17.568,17.596,17.502,17.522,865024,0
20181025,17.464,17.576,17.464,17.576,669831,0
20181026,17.502,17.56,17.492,17.512,1049473,0
20181029,17.541,17.541,17.492,17.512,391621,0
20181030,17.482,17.532,17.482,17.502,737550,0
20181031,17.551,17.551,17.481,17.532,882726,0
20181101,17.541,17.596,17.502,17.576,1211420,0
20181102,17.551,17.615,17.551,17.586,1703676,0
20181105,17.586,17.634,17.568,17.576,1721173,0
20181106,17.596,17.615,17.586,17.586,965277,0
20181107,17.596,17.643,17.596,17.634,1025295,0
20181108,17.625,17.651,17.625,17.651,682524,0
20181109,17.643,17.651,17.606,17.634,947258,0
20181112,17.634,17.634,17.615,17.625,480635,0
20181113,17.634,17.666,17.615,17.615,517431,0
20181114,17.615,17.62,17.551,17.568,934517,0
20181115,17.56,17.56,17.464,17.464,1674984,0
20181116,17.438,17.473,17.418,17.428,758985,0
20181119,17.399,17.447,17.371,17.418,1099072,0
20181120,17.344,17.399,17.25,17.389,1184515,0
20181121,17.38,17.399,17.244,17.297,872322,0
20181123,17.277,17.35,17.277,17.344,291700,0
20181126,17.371,17.409,17.325,17.335,1057489,0
20181127,17.353,17.378,17.316,17.353,1037292,0
20181128,17.353,17.358,17.277,17.297,1255574,0
20181129,17.306,17.317,17.239,17.277,2057044,0
20181130,17.249,17.316,17.23,17.249,1251702,0
20181203,17.277,17.287,17.221,17.221,1400574,0
20181204,17.239,17.268,17.098,17.137,1850463,0
20181206,17.042,17.239,16.995,17.137,1694139,0
20181207,17.146,17.193,17.071,17.071,1424575,0
20181210,17.128,17.137,17.042,17.052,1967773,0
20181211,17.088,17.146,17.052,17.052,3589612,0
20181212,17.128,17.146,17.052,17.08,2496211,0
20181213,17.118,17.211,17.098,17.137,1530792,0
20181214,17.088,17.185,17.088,17.155,1116182,0
20181217,17.108,17.137,17.042,17.071,1426714,0
20181218,17.156,17.165,17.032,17.108,2178586,0
20181219,17.088,17.146,17.032,17.071,3210207,0
20181220,17.042,17.118,16.91,16.919,3578280,0
20181221,16.928,17.004,16.852,16.986,4575574,0
20181224,16.928,16.986,16.871,16.938,893902,0
20181226,16.958,16.995,16.919,16.948,2968256,0
20181227,16.938,16.968,16.805,16.862,3653628,0
20181228,16.881,16.968,16.862,16.881,3705634,0
20181231,16.928,17.022,16.928,16.986,3266772,0
20190102,16.978,17.042,16.919,17.013,1577752,0
20190103,17.052,17.088,17.013,17.042,924568,0
20190104,17.088,17.128,17.071,17.128,1540423,0
20190107,17.146,17.222,17.108,17.194,1961371,0
20190108,17.212,17.278,17.165,17.24,2583964,0
20190109,17.288,17.391,17.24,17.381,1020385,0
20190110,17.346,17.401,17.327,17.381,1235433,0
20190111,17.391,17.458,17.373,17.42,3133348,0
20190114,17.458,17.496,17.401,17.42,1821153,0
20190115,17.449,17.486,17.42,17.44,1198024,0
20190116,17.466,17.521,17.449,17.466,2337783,0
20190117,17.496,17.545,17.466,17.496,1442329,0
20190118,17.496,17.6,17.496,17.572,1158407,0
20190122,17.58,17.59,17.43,17.466,3023855,0
20190123,17.506,17.533,17.477,17.526,1061097,0
20190124,17.526,17.564,17.476,17.526,1626306,0
20190125,17.564,17.63,17.564,17.601,1096139,0
20190128,17.611,17.658,17.591,17.639,1754178,0
20190129,17.658,17.666,17.621,17.648,896197,0
20190130,17.658,17.729,17.63,17.705,907324,0
20190131,17.715,17.81,17.686,17.801,1142009,0
20190201,17.801,17.81,17.734,17.772,1383989,0
20190204,17.781,17.81,17.763,17.81,1020990,0
20190205,17.801,17.82,17.781,17.81,1575005,0
20190206,17.781,17.834,17.705,17.801,1125976,0
20190207,17.781,17.81,17.753,17.791,913441,0
20190208,17.763,17.81,17.744,17.781,851921,0
20190211,17.781,17.81,17.772,17.81,691368,0
20190212,17.82,17.849,17.81,17.839,759064,0
20190213,17.83,17.867,17.83,17.867,1241183,0
20190214,17.849,17.914,17.849,17.867,1172061,0
20190215,17.896,17.914,17.867,17.905,593574,0
20190219,17.877,17.932,17.877,17.924,773688,0
20190220,17.932,17.962,17.924,17.962,909487,0
20190221,17.952,17.962,17.905,17.932,666374,0
20190222,17.952,17.99,17.943,17.972,641561,0
20190225,17.972,18.019,17.947,17.98,1142337,0
20190226,17.98,18.019,17.98,18,817086,0
20190227,18,18.039,18,18.029,820503,0
20190228,18.019,18.049,18.017,18.049,555850,0
20190301,18.058,18.092,18.039,18.077,1005952,0
20190304,18.077,18.114,18.067,18.096,1122885,0
20190305,18.096,18.096,18.067,18.096,658186,0
20190306,18.077,18.114,18.077,18.105,1126681,0
20190307,18.087,18.096,18.019,18.029,929480,0
20190308,18.029,18.087,18.019,18.077,392635,0
20190311,18.077,18.114,18.049,18.114,761315,0
20190312,18.096,18.105,18.077,18.105,557263,0
20190313,18.105,18.181,18.087,18.172,628977,0
20190314,18.163,18.2,18.144,18.172,803097,0
20190315,18.2,18.219,18.181,18.209,702997,0
20190318,18.219,18.239,18.2,18.229,860439,0
20190319,18.229,18.239,18.2,18.2,1155920,0
20190320,18.2,18.219,18.172,18.2,810639,0
20190321,18.219,18.219,18.172,18.2,1077149,0
20190322,18.172,18.209,18.172,18.209,599170,0
20190325,18.2,18.209,18.144,18.172,675378,0
20190326,18.172,18.22,18.163,18.191,751795,0
20190327,18.191,18.239,18.191,18.219,650847,0
20190328,18.209,18.249,18.209,18.229,620726,0
20190329,18.249,18.297,18.229,18.297,669229,0
20190401,18.325,18.345,18.259,18.297,2751347,0
20190402,18.297,18.355,18.287,18.355,820051,0
20190403,18.335,18.365,18.335,18.355,1046135,0
20190404,18.355,18.392,18.335,18.384,674530,0
20190405,18.384,18.402,18.355,18.374,2710403,0
20190408,18.365,18.421,18.365,18.392,749712,0
20190409,18.374,18.392,18.365,18.374,626859,0
20190410,18.374,18.431,18.36,18.431,822270,0
20190411,18.411,18.458,18.411,18.431,880366,0
20190412,18.45,18.469,18.441,18.46,573302,0
20190415,18.45,18.479,18.441,18.479,602598,0
20190416,18.469,18.479,18.431,18.46,1098147,0
20190417,18.479,18.508,18.46,18.489,888461,0
20190418,18.499,18.518,18.479,18.499,4077852,0
20190422,18.499,18.518,18.479,18.508,980692,0
20190423,18.508,18.523,18.499,18.518,1094259,0
20190424,18.499,18.546,18.499,18.538,811944,0
20190425,18.518,18.538,18.499,18.508,825319,0
20190426,18.499,18.528,18.495,18.518,680822,0
20190429,18.508,18.538,18.508,18.538,743337,0
20190430,18.538,18.575,18.528,18.566,859544,0
20190501,18.566,18.604,18.566,18.584,1005261,0
20190502,18.575,18.584,18.546,18.575,1177858,0
20190503,18.584,18.614,18.582,18.594,909328,0
20190506,18.538,18.594,18.538,18.594,794187,0
20190507,18.556,18.584,18.508,18.518,1655581,0
20190508,18.528,18.563,18.52,18.538,502342,0
20190509,18.508,18.508,18.469,18.508,509136,0
20190510,18.489,18.508,18.45,18.494,1070473,0
20190513,18.441,18.508,18.441,18.508,1180920,0
20190514,18.489,18.528,18.486,18.518,709070,0
20190515,18.489,18.546,18.489,18.538,758203,0
20190516,18.538,18.556,18.528,18.546,668920,0
20190517,18.528,18.594,18.528,18.546,900798,0
20190520,18.546,18.575,18.538,18.556,585197,0
20190521,18.566,18.575,18.55,18.556,968764,0
20190522,18.556,18.566,18.538,18.566,837457,0
20190523,18.566,18.566,18.499,18.518,896184,0
20190524,18.499,18.513,18.469,18.508,1245063,0
20190528,18.518,18.538,18.499,18.518,816032,0
20190529,18.518,18.538,18.499,18.538,1229290,0
20190530,18.518,18.538,18.499,18.528,1300405,0
20190531,18.528,18.566,18.489,18.538,1698803,0
20190603,18.499,18.528,18.499,18.528,775276,0
20190604,18.546,18.575,18.538,18.575,851432,0
20190605,18.614,18.643,18.594,18.614,914875,0
20190606,18.623,18.633,18.604,18.633,697415,0
20190607,18.643,18.683,18.633,18.673,963438,0
20190610,18.663,18.693,18.653,18.683,1781202,0
20190611,18.703,18.703,18.663,18.693,631713,0
20190612,18.693,18.703,18.643,18.663,1480121,0
20190613,18.673,18.693,18.663,18.673,2053132,0
20190614,18.673,18.703,18.663,18.693,1243703,0
20190617,18.683,18.731,18.683,18.721,634096,0
20190618,18.731,18.769,18.731,18.751,927403,0
20190619,18.751,18.808,18.731,18.798,1124740,0
20190620,18.857,18.887,18.828,18.877,978267,0
20190621,18.867,18.887,18.847,18.857,828874,0
20190624,18.857,18.867,18.837,18.847,882418,0
20190625,18.847,18.857,18.798,18.837,852605,0
20190626,18.847,18.857,18.808,18.847,1024546,0
20190627,18.847,18.887,18.808,18.837,1266321,0
20190628,18.857,18.897,18.847,18.887,1025968,0
20190701,18.917,18.936,18.847,18.867,3785683,0
20190702,18.897,18.975,18.897,18.946,1775223,0
20190703,18.966,18.993,18.936,18.984,736510,0
20190705,18.966,18.993,18.952,18.993,753281,0
20190708,18.984,18.993,18.946,18.993,813762,0
20190709,18.975,19.023,18.975,19.013,1410057,0
20190710,19.023,19.033,18.993,19.013,859557,0
20190711,18.993,19.033,18.975,19.023,945231,0
20190712,19.033,19.051,19.013,19.051,1115130,0
20190715,19.051,19.071,19.051,19.051,768484,0
20190716,19.051,19.061,18.993,19.042,1445782,0
20190717,19.042,19.091,19.037,19.061,1216333,0
20190718,19.061,19.091,19.051,19.091,1144182,0
20190719,19.091,19.121,19.071,19.091,1145597,0
20190722,19.111,19.141,19.091,19.131,775688,0
20190723,19.15,19.15,19.121,19.15,1016274,0
20190724,19.131,19.194,19.131,19.189,1107511,0
20190725,19.189,19.199,19.131,19.141,1550763,0
20190726,19.169,19.199,19.15,19.179,934288,0
20190729,19.179,19.208,19.179,19.208,956645,0
20190730,19.199,19.208,19.16,19.189,1235999,0
20190731,19.179,19.199,19.131,19.189,1901168,0
20190801,19.179,19.208,19.16,19.179,1380900,0
20190802,19.179,19.179,19.101,19.169,1156117,0
20190805,19.16,19.164,19.003,19.023,1440375,0
20190806,19.061,19.121,19.054,19.111,975705,0
20190807,19.101,19.101,19.033,19.042,1432721,0
20190808,19.071,19.121,19.071,19.111,1014548,0
20190809,19.101,19.131,19.101,19.121,1278305,0
20190812,19.111,19.121,19.091,19.111,817331,0
20190813,19.111,19.141,19.091,19.141,1514528,0
20190814,19.131,19.131,19.042,19.111,1471076,0
20190815,19.091,19.121,19.084,19.111,1272967,0
20190816,19.091,19.141,19.051,19.101,1539223,0
20190819,19.131,19.131,19.091,19.121,1310330,0
20190820,19.121,19.15,19.101,19.15,1393610,0
20190821,19.16,19.177,19.15,19.169,883032,0
20190822,19.179,19.199,19.169,19.199,1155362,0
20190823,19.179,19.218,19.16,19.189,1307769,0
20190826,19.208,19.218,19.179,19.199,828489,0
20190827,19.228,19.238,19.199,19.238,969999,0
20190828,19.248,19.278,19.238,19.268,1190602,0
20190829,19.278,19.297,19.258,19.278,1054281,0
20190830,19.297,19.297,19.248,19.287,1254456,0
20190903,19.278,19.297,19.258,19.287,1006704,0
20190904,19.307,19.327,19.297,19.327,1034633,0
20190905,19.357,19.365,19.327,19.337,993114,0
20190906,19.365,19.385,19.347,19.375,993723,0
20190909,19.405,19.405,19.357,19.357,987251,0
20190910,19.365,19.395,19.337,19.365,1032695,0
20190911,19.365,19.375,19.307,19.365,898514,0
20190912,19.375,19.385,19.365,19.365,962414,0
20190913,19.385,19.395,19.317,19.365,1213945,0
20190916,19.365,19.38,19.337,19.375,901876,0
20190917,19.365,19.405,19.357,19.395,1071945,0
20190918,19.375,19.405,19.375,19.405,1342035,0
20190919,19.385,19.424,19.385,19.405,1891191,0
20190920,19.424,19.493,19.415,19.484,2656790,0
20190923,19.494,19.494,19.444,19.484,1014349,0
20190924,19.464,19.504,19.454,19.474,1258247,0
20190925,19.454,19.484,19.434,19.454,965607,0
20190926,19.454,19.464,19.434,19.444,1244964,0
20190927,19.464,19.489,19.454,19.474,1306393,0
20190930,19.464,19.494,19.444,19.464,887308,0
20191001,19.464,19.494,19.444,19.484,1915118,0
20191002,19.464,19.474,19.424,19.474,1392017,0
20191003,19.474,19.474,19.434,19.454,1054942,0
20191004,19.434,19.494,19.434,19.484,836832,0
20191007,19.454,19.484,19.454,19.474,704881,0
20191008,19.454,19.474,19.434,19.454,834091,0
20191009,19.484,19.494,19.464,19.474,1648374,0
20191010,19.474,19.504,19.471,19.494,916418,0
20191011,19.524,19.543,19.502,19.543,1215330,0
20191014,19.553,19.582,19.538,19.582,1248726,0
20191015,19.582,19.602,19.553,19.602,1328351,0
20191016,19.582,19.622,19.582,19.622,2130377,0
20191017,19.622,19.651,19.622,19.641,1256882,0
20191018,19.651,19.651,19.641,19.641,830704,0
20191021,19.641,19.651,19.632,19.651,911162,0
20191022,19.651,19.681,19.651,19.671,1061954,0
20191023,19.661,19.701,19.661,19.701,1563746,0
20191024,19.711,19.721,19.681,19.701,2284981,0
20191025,19.721,19.731,19.721,19.721,902596,0
20191028,19.731,19.751,19.731,19.741,886666,0
20191029,19.761,19.77,19.701,19.721,2071258,0
20191030,19.721,19.731,19.681,19.721,1052039,0
20191031,19.751,19.751,19.661,19.691,2168807,0
20191101,19.721,19.751,19.701,19.721,1442508,0
20191104,19.731,19.751,19.729,19.741,1499842,0
20191105,19.751,19.751,19.731,19.741,1242024,0
20191106,19.751,19.78,19.731,19.77,1550037,0
20191107,19.77,19.77,19.691,19.691,2053347,0
20191108,19.711,19.751,19.706,19.741,1797244,0
20191111,19.721,19.751,19.711,19.741,882854,0
20191112,19.711,19.741,19.711,19.741,1197555,0
20191113,19.741,19.756,19.721,19.751,1654913,0
20191114,19.761,19.766,19.731,19.731,1583648,0
20191115,19.751,19.761,19.741,19.741,1049167,0
20191118,19.741,19.751,19.726,19.731,1220803,0
20191119,19.751,19.761,19.671,19.721,2357077,0
20191120,19.731,19.761,19.721,19.751,1306858,0
20191121,19.751,19.761,19.741,19.761,993641,0
20191122,19.741,19.78,19.741,19.77,1442822,0
20191125,19.77,19.79,19.751,19.78,1274691,0
20191126,19.79,19.8,19.78,19.8,1187449,0
20191127,19.81,19.827,19.761,19.81,1457672,0
20191129,19.78,19.82,19.77,19.78,411507,0
20191202,19.77,19.78,19.741,19.751,1393728,0
20191203,19.751,19.77,19.711,19.77,1142574,0
20191204,19.77,19.79,19.761,19.78,1131811,0
20191205,19.78,19.8,19.721,19.761,3050666,0
20191206,19.77,19.8,19.77,19.8,973640,0
20191209,19.79,19.82,19.784,19.82,1238413,0
20191210,19.82,19.84,19.81,19.83,1284948,0
20191211,19.84,19.86,19.81,19.86,1872144,0
20191212,19.86,19.88,19.84,19.86,1323133,0
20191213,19.87,19.91,19.8509,19.91,1254283,0
20191216,19.93,19.96,19.92,19.96,945853,0
20191217,19.96,19.9672,19.94,19.96,1219228,0
20191218,19.96,19.9699,19.944,19.96,1051347,0
20191219,19.96,20,19.96,19.99,1656286,0
20191220,19.99,20.01,19.98,20,1162370,0
20191223,20.02,20.02,19.98,19.98,1067835,0
20191224,20.02,20.05,20.02,20.03,613876,0
20191226,20.07,20.07,20.03,20.06,695975,0
20191227,20.05,20.05,20.02,20.05,975682,0
20191230,20.06,20.06,19.99,19.99,1504567,0
20191231,20.01,20.07,20,20.07,1263746,0
20200102,20.08,20.12,20.05,20.12,3877507,0
20200103,20.12,20.16,20.1061,20.14,1658561,0
20200106,20.13,20.17,20.085,20.16,1492417,0
20200107,20.17,20.17,20.14,20.16,1825027,0
20200108,20.17,20.18,20.16,20.18,1714835,0
20200109,20.18,20.21,20.18,20.19,1591481,0
20200110,20.2,20.24,20.18,20.23,1547231,0
20200113,20.26,20.27,20.23,20.25,1488705,0
20200114,20.26,20.26,20.22,20.23,1413745,0
20200115,20.24,20.255,20.23,20.25,1486807,0
20200116,20.25,20.26,20.2,20.22,2077279,0
20200117,20.23,20.28,20.23,20.25,2006473,0
20200121,20.28,20.3,20.2765,20.29,1481333,0
20200122,20.22,20.28,20.21,20.28,2131716,0
20200123,20.25,20.2566,20.185,20.25,1511052,0
