Date,Open,High,Low,Close,Volume,OpenInt
20131029,23.651,23.651,23.389,23.504,44165,0
20131030,23.641,23.641,23.344,23.389,36061,0
20131031,23.344,23.8,23.306,23.438,15445,0
20131101,23.494,23.494,23.271,23.38,21036,0
20131104,23.475,23.475,23.353,23.448,45322,0
20131105,23.428,23.513,23.344,23.468,31709,0
20131106,23.556,23.641,23.528,23.622,98825,0
20131107,23.689,23.708,23.306,23.315,49242,0
20131108,23.448,23.556,23.335,23.556,13486,0
20131111,23.52,23.622,23.484,23.594,66644,0
20131112,23.574,23.718,23.538,23.679,21925,0
20131113,23.622,23.918,23.602,23.918,19576,0
20131114,23.862,23.862,23.737,23.845,23718,0
20131115,23.853,23.938,23.837,23.938,25379,0
20131118,24.005,24.005,23.708,23.718,53115,0
20131119,23.792,23.792,23.612,23.612,25260,0
20131120,23.699,23.764,23.547,23.594,27359,0
20131121,23.66,23.818,23.66,23.818,40898,0
20131122,23.871,23.871,23.764,23.784,26419,0
20131125,23.837,23.837,23.689,23.746,40715,0
20131126,23.774,23.938,23.755,23.88,36089,0
20131127,23.977,24.09,23.938,24.09,30781,0
20131129,24.172,24.254,24.163,24.172,43382,0
20131202,24.225,24.244,24.052,24.062,39519,0
20131203,24.052,24.155,24.024,24.108,39815,0
20131204,24.099,24.235,24.033,24.18,61470,0
20131205,24.302,24.302,24.146,24.18,26437,0
20131206,24.348,24.376,24.254,24.33,50719,0
20131209,24.46,24.46,24.366,24.395,104131,0
20131210,24.395,24.414,24.32,24.385,75851,0
20131211,24.443,24.443,24.09,24.108,108253,0
20131212,24.163,24.163,23.996,23.996,60533,0
20131213,24.015,24.09,23.967,24.015,49010,0
20131216,24.08,24.254,24.08,24.217,105886,0
20131217,24.272,24.302,24.199,24.254,76739,0
20131218,24.272,24.433,23.947,24.433,142136,0
20131219,24.404,24.48,24.366,24.46,108223,0
20131220,24.545,24.729,24.515,24.729,117782,0
20131223,24.954,25.374,24.878,25.038,154304,0
20131224,25.093,25.103,25.038,25.075,82237,0
20131226,25.175,25.175,25.112,25.148,125221,0
20131227,25.289,25.289,25.103,25.103,79434,0
20131230,25.121,25.121,24.999,25.083,123939,0
20131231,25.121,25.26,25.103,25.242,121318,0
20140102,25.175,25.175,24.944,24.989,139803,0
20140103,25.083,25.083,24.87,24.934,161437,0
20140106,24.979,24.979,24.797,24.87,104407,0
20140107,25.009,25.13,24.925,25.093,106580,0
20140108,25.103,25.165,25.065,25.121,135477,0
20140109,25.202,25.222,24.934,25.009,167396,0
20140110,25.112,25.13,24.934,25.065,95366,0
20140113,25.083,25.157,24.689,24.758,198774,0
20140114,24.86,25.27,24.86,25.232,111037,0
20140115,25.384,25.578,25.298,25.529,183283,0
20140116,25.578,25.614,25.483,25.538,336040,0
20140117,25.521,25.521,25.346,25.384,216493,0
20140121,25.513,25.538,25.346,25.483,103838,0
20140122,25.521,25.548,25.456,25.548,99544,0
20140123,25.503,25.503,25.27,25.41,145052,0
20140124,25.384,25.384,24.878,24.887,244570,0
20140127,24.962,24.962,24.459,24.619,209763,0
20140128,24.442,24.535,24.319,24.505,169473,0
20140129,24.432,24.469,24.234,24.28,143635,0
20140130,24.635,24.739,24.505,24.689,95507,0
20140131,24.505,24.748,24.469,24.67,93806,0
20140203,24.581,24.689,24.068,24.114,430429,0
20140204,24.243,24.319,24.114,24.253,190082,0
20140205,24.224,24.31,23.975,24.234,124802,0
20140206,24.31,24.545,24.31,24.525,51843,0
20140207,24.748,24.906,24.627,24.897,114975,0
20140210,24.925,24.979,24.897,24.979,81108,0
20140211,25.018,25.298,25.009,25.251,119163,0
20140212,25.327,25.4,25.27,25.346,103118,0
20140213,25.251,25.578,25.194,25.578,75067,0
20140214,25.578,25.68,25.503,25.641,49434,0
20140218,25.689,25.772,25.614,25.727,106948,0
20140219,25.735,25.792,25.568,25.587,93147,0
20140220,25.538,25.735,25.521,25.718,93274,0
20140221,25.831,25.84,25.651,25.67,110994,0
20140224,25.718,25.902,25.641,25.821,104745,0
20140225,25.858,25.858,25.633,25.708,56154,0
20140226,25.84,25.894,25.708,25.782,53774,0
20140227,25.821,25.986,25.782,25.958,46591,0
20140228,26.016,26.081,25.68,25.876,52857,0
20140303,25.718,25.754,25.456,25.68,100046,0
20140304,26.016,26.146,25.996,26.118,55391,0
20140305,26.183,26.193,26.09,26.154,46267,0
20140306,26.249,26.249,26.118,26.146,47244,0
20140307,26.266,26.266,25.968,26.024,37191,0
20140310,26.127,26.127,25.912,25.977,78600,0
20140311,26.072,26.118,25.831,25.894,24333,0
20140312,25.84,25.968,25.67,25.968,39751,0
20140313,26.118,26.118,25.513,25.568,62543,0
20140314,25.578,25.624,25.419,25.438,55477,0
20140317,25.548,25.802,25.548,25.727,46064,0
20140318,25.831,26.137,25.802,26.118,35913,0
20140319,26.173,26.173,25.912,25.986,50798,0
20140320,26.006,26.212,25.902,26.146,56954,0
20140321,26.273,26.301,25.945,25.984,46635,0
20140324,26.096,26.124,25.647,25.863,68402,0
20140325,26.003,26.134,25.798,26.003,29077,0
20140326,26.115,26.17,25.628,25.628,69568,0
20140327,25.647,25.647,25.379,25.471,68161,0
20140328,25.563,25.788,25.508,25.573,34119,0
20140331,25.778,25.918,25.732,25.836,59620,0
20140401,25.945,26.18,25.908,26.18,51010,0
20140402,26.301,26.301,26.096,26.2,33396,0
20140403,26.311,26.311,25.908,25.984,138919,0
20140404,26.06,26.143,25.312,25.369,81650,0
20140407,25.206,25.395,24.993,25.142,135920,0
20140408,25.078,25.395,25.078,25.359,42739,0
20140409,25.387,25.788,25.387,25.769,49719,0
20140410,25.808,25.808,25.042,25.107,66994,0
20140411,24.937,25.097,24.702,24.761,97209,0
20140414,24.909,25.087,24.799,24.947,53623,0
20140415,25.022,25.169,24.63,25.097,223397,0
20140416,25.236,25.369,25.097,25.359,28602,0
20140417,25.264,25.452,25.152,25.359,104902,0
20140421,25.395,25.479,25.331,25.461,30080,0
20140422,25.498,25.666,25.423,25.601,51805,0
20140423,25.525,25.525,25.379,25.387,30330,0
20140424,25.778,25.817,25.461,25.582,41058,0
20140425,25.488,25.498,25.134,25.152,57794,0
20140428,25.284,25.461,24.975,25.293,34352,0
20140429,25.423,25.553,25.341,25.525,118228,0
20140430,25.414,25.638,25.395,25.591,1368784,0
20140501,25.582,25.778,25.525,25.61,49415,0
20140502,25.638,25.685,25.543,25.582,34547,0
20140505,25.395,25.647,25.369,25.638,35225,0
20140506,25.553,25.601,25.35,25.359,32650,0
20140507,25.35,25.387,24.975,25.264,47949,0
20140508,25.226,25.563,25.152,25.255,34251,0
20140509,25.246,25.341,25.116,25.341,34367,0
20140512,25.423,25.778,25.423,25.741,73549,0
20140513,25.769,25.863,25.704,25.76,100438,0
20140514,25.741,25.741,25.563,25.582,177058,0
20140515,25.591,25.628,25.255,25.414,47436,0
20140516,25.461,25.563,25.274,25.563,26630,0
20140519,25.563,25.827,25.563,25.808,25193,0
20140520,25.827,25.827,25.543,25.619,23915,0
20140521,25.676,25.845,25.676,25.845,37943,0
20140522,25.845,25.993,25.808,25.908,41446,0
20140523,25.898,26.151,25.898,26.151,37124,0
20140527,26.254,26.424,26.237,26.424,63252,0
20140528,26.386,26.453,26.32,26.376,1265449,0
20140529,26.48,26.517,26.414,26.517,48591,0
20140530,26.555,26.555,26.356,26.498,127755,0
20140602,26.581,26.581,26.32,26.434,45707,0
20140603,26.366,26.463,26.291,26.424,164273,0
20140604,26.405,26.517,26.311,26.48,46864,0
20140605,26.564,26.741,26.434,26.722,58278,0
20140606,26.836,26.898,26.79,26.864,58520,0
20140609,26.898,27.021,26.873,26.964,78010,0
20140610,27.057,27.057,26.926,27.002,54691,0
20140611,26.883,27.03,26.883,26.974,140962,0
20140612,27.327,27.374,26.656,26.741,50212,0
20140613,26.955,26.955,26.77,26.907,93284,0
20140616,26.873,26.992,26.817,26.946,39277,0
20140617,26.982,27.106,26.907,27.047,79706,0
20140618,27.125,27.181,26.936,27.181,59304,0
20140619,27.238,27.238,26.992,27.087,37623,0
20140620,27.125,27.125,26.992,27.038,46782,0
20140623,27.021,27.143,27.011,27.143,221142,0
20140624,27.191,27.3,26.936,26.982,63405,0
20140625,26.926,27.162,26.926,27.143,757527,0
20140626,27.133,27.229,26.926,27.106,22525,0
20140627,27.077,27.247,27.077,27.247,36648,0
20140630,27.338,27.393,27.256,27.318,53611,0
20140701,27.356,27.722,27.328,27.639,63489,0
20140702,27.665,27.675,27.575,27.583,87124,0
20140703,27.682,27.741,27.602,27.722,30397,0
20140707,27.722,27.741,27.602,27.682,56032,0
20140708,27.629,27.649,27.191,27.346,90524,0
20140709,27.479,27.479,27.308,27.431,29850,0
20140710,27.191,27.479,26.992,27.365,38490,0
20140711,27.413,27.469,27.328,27.441,35121,0
20140714,27.692,27.732,27.583,27.665,63549,0
20140715,27.769,27.835,27.413,27.583,57496,0
20140716,27.862,27.882,27.732,27.797,69672,0
20140717,27.817,27.826,27.356,27.441,73320,0
20140718,27.807,27.826,27.575,27.797,51589,0
20140721,27.732,27.853,27.656,27.807,51026,0
20140722,27.985,28.06,27.912,28.03,201556,0
20140723,28.144,28.154,27.985,28.06,66859,0
20140724,28.154,28.163,28.021,28.098,79622,0
20140725,28.021,28.089,27.862,27.967,55982,0
20140728,28.002,28.08,27.779,28.021,271830,0
20140729,28.05,28.154,27.912,27.912,158773,0
20140730,28.089,28.089,27.912,28.012,89699,0
20140731,27.862,27.902,27.45,27.469,84131,0
20140801,27.489,27.537,27.162,27.346,121056,0
20140804,27.393,27.61,27.292,27.527,148897,0
20140805,27.393,27.479,27.201,27.318,58022,0
20140806,27.162,27.423,27.087,27.275,454335,0
20140807,27.431,27.45,27.087,27.172,62573,0
20140808,27.162,27.356,27.087,27.356,111968,0
20140811,27.413,27.61,27.413,27.556,96360,0
20140812,27.527,27.575,27.356,27.459,51741,0
20140813,27.583,27.788,27.546,27.788,82625,0
20140814,27.817,27.826,27.741,27.826,74881,0
20140815,27.938,27.985,27.656,27.844,55241,0
20140818,27.976,28.154,27.967,28.144,137838,0
20140819,28.314,28.36,28.191,28.352,80033,0
20140820,28.425,28.425,28.284,28.352,119759,0
20140821,28.48,28.517,28.36,28.489,70412,0
20140822,28.546,28.576,28.425,28.517,70536,0
20140825,28.734,28.734,28.452,28.498,387803,0
20140826,28.576,28.604,28.507,28.576,116789,0
20140827,28.585,28.595,28.443,28.517,60668,0
20140828,28.388,28.507,28.352,28.452,76051,0
20140829,28.556,28.632,28.471,28.622,127667,0
20140902,28.66,28.752,28.566,28.698,303999,0
20140903,28.855,28.855,28.443,28.48,119171,0
20140904,28.576,28.688,28.378,28.452,83130,0
20140905,28.527,28.622,28.443,28.604,47225,0
20140908,28.64,28.78,28.576,28.688,65846,0
20140909,28.716,28.838,28.425,28.462,86362,0
20140910,28.507,28.726,28.452,28.688,465096,0
20140911,28.612,28.752,28.537,28.734,38561,0
20140912,28.734,28.762,28.566,28.632,38899,0
20140915,28.688,28.688,28.304,28.37,238825,0
20140916,28.294,28.604,28.163,28.585,61267,0
20140917,28.585,28.726,28.462,28.604,56327,0
20140918,28.716,28.809,28.698,28.799,53429,0
20140919,28.901,28.901,28.575,28.679,60209,0
20140922,28.66,28.66,28.351,28.415,88623,0
20140923,28.322,28.461,28.254,28.322,72854,0
20140924,28.322,28.545,28.216,28.536,41444,0
20140925,28.442,28.479,27.909,27.918,129159,0
20140926,27.954,28.263,27.954,28.235,67498,0
20140929,27.982,28.272,27.899,28.216,334383,0
20140930,28.351,28.387,28.161,28.263,95860,0
20141001,28.207,28.207,27.709,27.776,277847,0
20141002,27.776,27.889,27.447,27.823,173081,0
20141003,27.964,28.113,27.899,28.068,138970,0
20141006,28.235,28.235,27.954,28.01,72217,0
20141007,27.899,27.926,27.552,27.571,128001,0
20141008,27.625,28.087,27.333,28.068,56052,0
20141009,27.992,28.087,27.542,27.598,82521,0
20141010,27.427,27.447,26.744,26.754,167486,0
20141013,26.763,26.959,26.396,26.415,171815,0
20141014,26.695,26.83,26.464,26.519,80535,0
20141015,26.219,26.489,25.757,26.376,164159,0
20141016,25.972,26.415,25.834,26.282,84237,0
20141017,26.725,26.81,26.472,26.62,82839,0
20141020,26.347,26.783,26.32,26.773,711878,0
20141021,27.082,27.351,27.025,27.351,272351,0
20141022,27.485,27.533,27.148,27.158,97868,0
20141023,27.514,27.729,27.399,27.589,140983,0
20141024,27.689,27.814,27.571,27.804,184601,0
20141027,27.794,27.841,27.625,27.794,114724,0
20141028,27.918,28.235,27.918,28.235,125563,0
20141029,28.272,28.302,28.01,28.171,73275,0
20141030,28.152,28.332,28.038,28.282,411439,0
20141031,28.698,28.809,28.65,28.809,159780,0
20141103,28.855,28.988,28.78,28.901,224461,0
20141104,28.901,29.007,28.734,28.92,109963,0
20141105,29.164,29.174,28.874,28.968,139973,0
20141106,28.978,29.064,28.847,29.016,157544,0
20141107,29.045,29.074,28.865,29.016,76808,0
20141110,29.025,29.148,28.968,29.102,85753,0
20141111,29.164,29.164,29.025,29.148,100373,0
20141112,29.084,29.24,29.045,29.212,99311,0
20141113,29.279,29.421,29.212,29.296,117563,0
20141114,29.356,29.503,29.306,29.483,78180,0
20141117,29.483,29.533,29.288,29.411,98535,0
20141118,29.474,29.626,29.474,29.59,133314,0
20141119,29.59,29.608,29.221,29.356,197427,0
20141120,29.296,29.56,29.193,29.541,100398,0
20141121,29.868,29.868,29.551,29.608,124071,0
20141124,29.748,29.859,29.685,29.851,106848,0
20141125,29.927,30.013,29.868,29.898,190372,0
20141126,29.917,30.151,29.908,30.151,84489,0
20141128,30.198,30.313,30.113,30.198,70008,0
20141201,30.151,30.179,29.739,29.851,213794,0
20141202,29.868,29.993,29.777,29.927,511357,0
20141203,29.977,30.17,29.937,30.097,468393,0
20141204,30.161,30.198,30.032,30.121,156099,0
20141205,30.246,30.265,30.078,30.141,81023,0
20141208,30.06,30.113,29.616,29.748,153992,0
20141209,29.401,29.937,29.306,29.927,139781,0
20141210,29.878,29.937,29.382,29.439,139652,0
20141211,29.551,29.898,29.503,29.58,70355,0
20141212,29.296,29.513,29.119,29.138,149674,0
20141215,29.316,29.466,28.838,28.958,121318,0
20141216,28.65,29.221,28.545,28.545,492094,0
20141217,28.64,29.148,28.584,29.129,119688,0
20141218,29.675,29.967,29.56,29.967,163353,0
20141219,30.087,30.162,29.967,30.042,82870,0
20141222,30.132,30.342,30.132,30.342,276361,0
20141223,30.465,30.538,30.398,30.455,381671,0
20141224,30.485,30.557,30.436,30.445,182623,0
20141226,30.577,30.606,30.465,30.547,75364,0
20141229,30.577,30.577,30.361,30.389,189249,0
20141230,30.352,30.37,30.122,30.18,139347,0
20141231,30.199,30.314,29.868,29.868,109859,0
20150102,30.069,30.114,29.559,29.728,225554,0
20150105,29.674,29.674,29.18,29.238,152327,0
20150106,29.354,29.363,28.721,28.861,317053,0
20150107,29.091,29.19,28.964,29.136,169263,0
20150108,29.428,29.868,29.409,29.794,156464,0
20150109,29.908,29.947,29.501,29.719,116398,0
20150112,29.776,29.776,29.228,29.344,141465,0
20150113,29.615,29.977,29.107,29.324,127979,0
20150114,29.071,29.286,28.88,29.145,172515,0
20150115,29.314,29.314,28.683,28.721,206898,0
20150116,28.608,29.023,28.56,29.013,178403,0
20150120,29.161,29.286,28.852,29.2,1137455,0
20150121,28.984,29.38,28.984,29.276,311338,0
20150122,29.334,29.832,29.116,29.794,89719,0
20150123,29.786,30.013,29.776,29.917,82550,0
20150126,29.878,29.947,29.693,29.832,127762,0
20150127,29.354,29.38,28.825,28.974,159713,0
20150128,29.455,29.521,28.926,28.936,168123,0
20150129,28.926,29.238,28.655,29.21,163571,0
20150130,29.171,29.295,28.748,28.805,71002,0
20150202,28.898,29.091,28.381,29.052,2619768,0
20150203,29.145,29.419,29.099,29.39,141183,0
20150204,29.399,29.644,29.399,29.446,99143,0
20150205,29.589,29.748,29.501,29.728,67965,0
20150206,29.776,29.917,29.531,29.599,388902,0
20150209,29.589,29.701,29.491,29.559,70367,0
20150210,29.719,30.032,29.625,30.003,153324,0
20150211,30.032,30.189,29.984,30.132,69775,0
20150212,30.389,30.624,30.389,30.624,120302,0
20150213,30.729,30.861,30.634,30.831,108186,0
20150217,30.861,30.899,30.755,30.851,131764,0
20150218,30.851,30.938,30.802,30.918,146630,0
20150219,30.918,31.066,30.831,31.029,79734,0
20150220,31.047,31.248,30.889,31.239,99704,0
20150223,31.267,31.316,31.075,31.248,109827,0
20150224,31.2,31.37,31.093,31.325,88866,0
20150225,31.21,31.297,31.075,31.16,118541,0
20150226,31.239,31.37,31.17,31.343,73062,0
20150227,31.343,31.37,31.15,31.19,122577,0
20150302,31.239,31.499,31.21,31.489,332064,0
20150303,31.499,31.499,31.112,31.248,263745,0
20150304,31.19,31.19,30.948,31.122,182156,0
20150305,31.257,31.257,31.01,31.13,188100,0
20150306,31.16,31.239,30.71,30.773,168791,0
20150309,30.792,31.029,30.755,30.918,126780,0
20150310,30.729,30.729,30.276,30.285,141417,0
20150311,30.352,30.352,30.106,30.122,98664,0
20150312,30.022,30.323,29.993,30.323,136329,0
20150313,30.237,30.333,29.957,30.152,272121,0
20150316,30.229,30.519,30.229,30.519,82007,0
20150317,30.455,30.586,30.389,30.538,52937,0
20150318,30.503,31.02,30.37,30.918,96650,0
20150319,30.909,31.002,30.841,30.879,108213,0
20150320,31.14,31.2,31.019,31.028,101953,0
20150323,31.15,31.21,31.066,31.066,58492,0
20150324,31.112,31.17,30.975,30.975,79117,0
20150325,31.019,31.019,30.129,30.139,169656,0
20150326,29.981,30.273,29.828,30.159,114551,0
20150327,30.168,30.302,30.018,30.244,470045,0
20150330,30.386,30.584,30.386,30.565,109051,0
20150331,30.473,30.536,30.321,30.33,96674,0
20150401,30.302,30.302,30.009,30.177,351368,0
20150402,30.206,30.311,30.119,30.159,99106,0
20150406,29.953,30.492,29.953,30.453,146705,0
20150407,30.492,30.652,30.424,30.434,85325,0
20150408,30.443,30.604,30.396,30.519,75626,0
20150409,30.545,30.661,30.377,30.652,105965,0
20150410,30.652,30.782,30.594,30.782,53838,0
20150413,30.85,30.937,30.642,30.652,106723,0
20150414,30.718,30.718,30.405,30.565,60607,0
20150415,30.661,30.898,30.652,30.83,100578,0
20150416,30.708,30.84,30.699,30.773,55565,0
20150417,30.443,30.565,30.177,30.273,96358,0
20150420,30.509,30.83,30.483,30.791,82565,0
20150421,30.975,30.992,30.782,30.801,49803,0
20150422,30.888,31.15,30.754,31.102,54988,0
20150423,30.983,31.297,30.956,31.18,111906,0
20150424,31.424,31.509,31.23,31.361,77318,0
20150427,31.5,31.597,31.361,31.414,128406,0
20150428,31.443,31.597,31.16,31.452,95826,0
20150429,31.248,31.462,31.102,31.325,55953,0
20150430,31.17,31.17,30.679,30.791,357610,0
20150501,30.917,31.19,30.898,31.19,93396,0
20150504,31.287,31.378,31.2,31.23,103759,0
20150505,31.18,31.18,30.699,30.728,92020,0
20150506,30.898,30.927,30.339,30.545,120891,0
20150507,30.527,30.87,30.527,30.791,77170,0
20150508,31.122,31.239,31.102,31.21,92443,0
20150511,31.2,31.239,31.084,31.093,135489,0
20150512,30.992,31.037,30.679,30.927,124300,0
20150513,31.102,31.248,31.028,31.066,135599,0
20150514,31.343,31.579,31.267,31.579,101963,0
20150515,31.626,31.664,31.406,31.48,81885,0
20150518,31.452,31.694,31.398,31.664,72530,0
20150519,31.674,31.738,31.579,31.607,268130,0
20150520,31.569,31.748,31.48,31.607,92443,0
20150521,31.5,31.738,31.5,31.703,97943,0
20150522,31.694,31.784,31.684,31.722,92763,0
20150526,31.635,31.655,31.16,31.287,120654,0
20150527,31.406,31.832,31.361,31.812,92549,0
20150528,31.703,31.832,31.694,31.784,45574,0
20150529,31.748,31.767,31.48,31.579,75943,0
20150601,31.758,31.758,31.452,31.655,46432,0
20150602,31.509,31.729,31.388,31.597,64941,0
20150603,31.674,31.842,31.645,31.722,85251,0
20150604,31.559,31.645,31.325,31.388,129781,0
20150605,31.388,31.443,31.17,31.406,85568,0
20150608,31.406,31.443,30.947,31.019,116030,0
20150609,30.965,31.047,30.699,30.965,125430,0
20150610,31.18,31.49,31.093,31.443,122366,0
20150611,31.529,31.607,31.388,31.433,69566,0
20150612,31.343,31.361,31.15,31.19,48865,0
20150615,31.009,31.075,30.763,31.009,52358,0
20150616,30.965,31.277,30.965,31.2,30571,0
20150617,31.306,31.378,31.122,31.287,67906,0
20150618,31.267,31.569,31.267,31.519,63251,0
20150619,31.511,31.531,31.307,31.317,61388,0
20150622,31.551,31.59,31.464,31.531,44088,0
20150623,31.599,31.647,31.416,31.531,59378,0
20150624,31.454,31.59,31.344,31.363,63920,0
20150625,31.502,31.502,31.231,31.278,57170,0
20150626,31.24,31.249,30.888,30.965,86070,0
20150629,30.603,30.763,30.242,30.271,155265,0
20150630,30.462,30.518,30.242,30.348,660770,0
20150701,30.763,30.763,30.367,30.509,231632,0
20150702,30.554,30.612,30.385,30.535,126786,0
20150706,30.281,30.518,30.194,30.395,1231251,0
20150707,30.423,30.433,29.805,30.413,137859,0
20150708,30.157,30.175,29.871,29.901,100203,0
20150709,30.29,30.319,29.815,29.815,93348,0
20150710,30.204,30.367,30.091,30.281,99045,0
20150713,30.491,30.728,30.472,30.708,212749,0
20150714,30.782,30.947,30.773,30.878,66874,0
20150715,30.85,30.965,30.763,30.811,62205,0
20150716,31.029,31.221,31.01,31.221,94298,0
20150717,31.531,31.647,31.473,31.637,92400,0
20150720,31.761,31.891,31.666,31.761,945086,0
20150721,31.751,31.815,31.59,31.637,80374,0
20150722,31.029,31.317,31.01,31.151,108431,0
20150723,31.278,31.426,31.048,31.094,62865,0
20150724,31.298,31.298,30.878,30.937,83644,0
20150727,30.737,30.801,30.574,30.621,129109,0
20150728,30.763,30.975,30.509,30.908,64659,0
20150729,30.908,31.103,30.754,31.094,52846,0
20150730,31.067,31.201,30.811,31.161,220660,0
20150731,31.221,31.231,30.983,31.02,95773,0
20150803,31.001,31.094,30.631,30.811,517643,0
20150804,30.782,30.801,30.554,30.651,75208,0
20150805,30.82,31.181,30.718,30.956,72886,0
20150806,31.02,31.02,30.526,30.603,111549,0
20150807,30.554,30.66,30.442,30.641,79531,0
20150810,30.878,31.161,30.878,31.084,70461,0
20150811,30.983,31.01,30.509,30.612,73885,0
20150812,30.433,30.791,30.091,30.728,110541,0
20150813,30.82,30.898,30.641,30.689,29218,0
20150814,30.612,30.85,30.603,30.83,184692,0
20150817,30.728,31.02,30.603,31.001,68353,0
20150818,30.956,30.983,30.801,30.811,239225,0
20150819,30.728,30.84,30.433,30.641,48414,0
20150820,30.358,30.358,29.815,29.815,129212,0
20150821,29.409,29.676,28.67,28.67,894247,0
20150824,25.352,28.689,23.703,27.663,708509,0
20150825,28.717,28.792,27.359,27.359,332150,0
20150826,27.901,28.754,27.681,28.68,177942,0
20150827,29.03,29.39,28.773,29.38,351139,0
20150828,29.256,29.522,29.237,29.455,67296,0
20150831,29.344,29.55,29.143,29.227,416641,0
20150901,28.651,28.83,28.137,28.27,1343903,0
20150902,28.707,28.962,28.413,28.962,358098,0
20150903,29.069,29.304,28.877,28.982,118346,0
20150904,28.612,28.727,28.44,28.584,53794,0
20150908,29.069,29.38,29.05,29.363,710294,0
20150909,29.636,29.695,28.943,28.962,93454,0
20150910,28.972,29.465,28.972,29.275,40534,0
20150911,29.134,29.399,29.107,29.399,53161,0
20150914,29.6,29.6,29.285,29.354,387633,0
20150915,29.473,29.805,29.465,29.74,493640,0
20150916,29.768,29.901,29.676,29.891,93244,0
20150917,29.796,30.137,29.646,29.721,137859,0
20150918,29.339,29.603,29.28,29.337,46998,0
20150921,29.479,29.718,29.367,29.576,44646,0
20150922,29.148,29.213,28.947,29.083,62190,0
20150923,29.165,29.261,29.015,29.165,228170,0
20150924,28.898,29.184,28.663,29.118,71772,0
20150925,29.415,29.443,28.927,29.073,67758,0
20150928,28.917,28.976,28.358,28.414,75719,0
20150929,28.423,28.605,28.033,28.261,54627,0
20150930,28.576,28.833,28.498,28.804,82359,0
20151001,28.852,28.852,28.48,28.843,131629,0
20151002,28.48,29.29,28.405,29.29,67023,0
20151005,29.47,29.948,29.47,29.86,104561,0
20151006,29.832,29.985,29.755,29.918,44119,0
20151007,30.116,30.165,29.718,30.09,60302,0
20151008,30.044,30.289,29.869,30.241,47691,0
20151009,30.289,30.423,30.213,30.385,239305,0
20151012,30.404,30.442,30.299,30.385,49605,0
20151013,30.28,30.518,30.241,30.28,68809,0
20151014,30.251,30.433,30.126,30.232,779060,0
20151015,30.404,30.613,30.367,30.613,68599,0
20151016,30.604,30.709,30.509,30.69,52841,0
20151019,30.642,30.812,30.632,30.812,249391,0
20151020,30.719,30.774,30.594,30.69,340372,0
20151021,30.784,30.803,30.385,30.385,95704,0
20151022,30.652,31.164,30.613,31.116,53576,0
20151023,31.86,32.071,31.721,31.937,403395,0
20151026,31.917,31.917,31.711,31.811,247395,0
20151027,31.691,31.811,31.566,31.595,44962,0
20151028,31.711,32.193,31.711,32.173,569589,0
20151029,31.965,32.052,31.878,32.004,88663,0
20151030,32.164,32.164,31.86,31.897,94128,0
20151102,32.023,32.183,31.841,32.135,651592,0
20151103,32.135,32.509,32.1,32.356,702058,0
20151104,32.489,32.509,32.346,32.441,97535,0
20151105,32.575,32.593,32.27,32.298,51055,0
20151106,32.289,32.519,32.183,32.509,74903,0
20151109,32.499,32.499,32.023,32.221,543424,0
20151110,32.023,32.023,31.821,31.946,1097996,0
20151111,32.127,32.183,31.927,31.955,53367,0
20151112,31.831,31.937,31.623,31.632,116710,0
20151113,31.586,31.586,31.013,31.013,116396,0
20151116,30.949,31.449,30.949,31.449,345725,0
20151117,31.516,31.701,31.394,31.439,213358,0
20151118,31.623,31.975,31.595,31.927,109044,0
20151119,31.955,32.251,31.955,32.09,524837,0
20151120,32.261,32.356,32.221,32.307,64814,0
20151123,32.366,32.366,32.061,32.183,89293,0
20151124,32.023,32.251,31.86,32.203,66602,0
20151125,32.231,32.231,32.118,32.145,81834,0
20151127,32.212,32.27,32.118,32.221,44227,0
20151130,32.307,32.326,32.135,32.231,708886,0
20151201,32.366,32.537,32.298,32.519,118028,0
20151202,32.529,32.678,32.298,32.346,166263,0
20151203,32.46,32.48,31.737,31.887,83765,0
20151204,31.965,32.65,31.927,32.612,71120,0
20151207,32.612,32.612,32.251,32.366,71434,0
20151208,32.118,32.375,31.975,32.298,98064,0
20151209,32.203,32.375,31.661,31.791,634615,0
20151210,31.907,32.127,31.811,31.927,74060,0
20151211,31.586,31.586,31.204,31.253,101899,0
20151214,31.262,31.394,30.862,31.384,100474,0
20151215,31.595,31.773,31.526,31.566,118603,0
20151216,31.783,32.004,31.506,31.965,71542,0
20151217,32.118,32.118,31.458,31.458,88139,0
20151218,31.401,31.422,30.868,30.868,87472,0
20151221,31.094,31.231,30.886,31.171,247919,0
20151222,31.259,31.409,31.131,31.346,346652,0
20151223,31.505,31.651,31.495,31.651,71851,0
20151224,31.631,31.72,31.614,31.631,24777,0
20151228,31.544,31.612,31.337,31.602,48742,0
20151229,31.79,32.11,31.79,32.023,57664,0
20151230,32.004,32.023,31.765,31.766,546356,0
20151231,31.7,31.7,31.356,31.356,97135,0
20160104,30.725,30.78,30.381,30.77,583635,0
20160105,30.954,30.999,30.596,30.705,73158,0
20160106,30.245,30.467,30.075,30.245,111588,0
20160107,29.645,29.998,29.3,29.34,154778,0
20160108,29.53,29.607,29.016,29.025,263200,0
20160111,29.252,29.33,28.814,29.205,513714,0
20160112,29.472,29.645,29.173,29.578,103698,0
20160113,29.73,29.768,28.642,28.7,146331,0
20160114,28.824,29.44,28.413,29.223,774904,0
20160115,28.319,28.566,27.984,28.348,168059,0
20160119,28.691,28.719,28.04,28.299,420530,0
20160120,27.839,28.421,27.299,28.174,245618,0
20160121,28.309,28.652,27.936,28.25,199190,0
20160122,28.804,29.034,28.737,29.034,124887,0
20160125,28.986,29.027,28.559,28.623,355866,0
20160126,28.737,28.963,28.516,28.898,115491,0
20160127,28.672,28.759,28.089,28.202,75684,0
20160128,28.595,28.604,28.192,28.497,107998,0
20160129,28.747,29.51,28.747,29.51,125957,0
20160201,29.398,29.692,29.291,29.588,573223,0
20160202,29.472,29.481,28.852,28.976,1306659,0
20160203,29.149,29.149,28.441,28.917,113208,0
20160204,28.833,29.156,28.642,28.996,201953,0
20160205,28.785,28.785,27.802,27.917,1063790,0
20160208,27.42,27.448,26.895,27.39,146170,0
20160209,27.057,27.658,27.019,27.259,102109,0
20160210,27.564,27.877,27.361,27.393,69200,0
20160211,27.009,27.477,26.962,27.296,63157,0
20160212,27.564,27.705,27.371,27.677,81830,0
20160216,28.04,28.319,27.955,28.279,241113,0
20160217,28.47,29.015,28.47,28.956,230217,0
20160218,29.102,29.102,28.767,28.776,68481,0
20160219,28.709,28.927,28.613,28.89,45968,0
20160222,29.156,29.33,29.156,29.291,84760,0
20160223,29.185,29.223,28.79,28.799,146146,0
20160224,28.536,29.11,28.367,29.084,77206,0
20160225,29.185,29.445,28.893,29.445,25075,0
20160226,29.598,29.667,29.34,29.407,48456,0
20160229,29.388,29.615,29.214,29.214,64896,0
20160301,29.49,30.075,29.463,30.075,170573,0
20160302,30.066,30.178,29.957,30.178,41474,0
20160303,30.187,30.197,29.951,30.197,44938,0
20160304,30.303,30.457,30.107,30.279,101818,0
20160307,30.13,30.218,29.892,30.112,1356759,0
20160308,29.931,30.073,29.769,29.805,56914,0
20160309,29.971,30.112,29.902,30.104,61706,0
20160310,30.264,30.353,29.675,30.038,39992,0
20160311,30.313,30.55,30.254,30.55,56704,0
20160314,30.467,30.657,30.293,30.599,121071,0
20160315,30.487,30.676,30.418,30.608,55970,0
20160316,30.608,31.029,30.608,30.991,53525,0
20160317,30.935,31.229,30.925,31.123,97428,0
20160318,31.302,31.316,31.105,31.252,90882,0
20160321,31.213,31.368,31.143,31.349,62404,0
20160322,31.163,31.488,31.163,31.376,70795,0
20160323,31.359,31.376,31.077,31.124,48776,0
20160324,30.955,31.203,30.936,31.203,125699,0
20160328,31.272,31.272,31.07,31.096,212655,0
20160329,31.04,31.674,31.04,31.635,49101,0
20160330,31.845,32.039,31.769,31.863,119316,0
20160331,31.845,31.96,31.772,31.815,51849,0
20160401,31.664,32.077,31.597,32.077,177191,0
20160404,32.067,32.091,31.86,31.911,300683,0
20160405,31.684,31.795,31.538,31.538,51407,0
20160406,31.606,31.901,31.511,31.892,48907,0
20160407,31.75,31.75,31.368,31.428,74762,0
20160408,31.664,31.777,31.373,31.449,61792,0
20160411,31.635,31.83,31.385,31.395,254314,0
20160412,31.449,31.573,31.183,31.548,51753,0
20160413,31.75,32.066,31.75,32.049,68810,0
20160414,32.009,32.083,31.872,32.009,43650,0
20160415,31.96,32.014,31.815,31.845,46334,0
20160418,31.795,32.019,31.777,31.979,71459,0
20160419,32.057,32.057,31.626,31.795,772971,0
20160420,31.787,32.04,31.75,31.872,332449,0
20160421,31.941,31.979,31.815,31.872,61060,0
20160422,31.412,31.558,31.193,31.376,138012,0
20160425,31.252,31.376,31.203,31.292,310137,0
20160426,31.349,31.444,31.146,31.232,125153,0
20160427,30.81,31.068,30.705,31.021,107577,0
20160428,31.069,31.223,30.53,30.56,66322,0
20160429,30.466,30.521,30.073,30.313,103585,0
20160502,30.38,30.57,30.215,30.513,160159,0
20160503,30.361,30.408,30.138,30.263,417008,0
20160504,30.128,30.253,30.006,30.102,78282,0
20160505,30.234,30.253,30.064,30.11,70111,0
20160506,30.102,30.332,29.958,30.332,36214,0
20160509,30.352,30.466,30.302,30.302,103680,0
20160510,30.389,30.725,30.389,30.725,111783,0
20160511,30.676,30.848,30.53,30.53,60662,0
20160512,30.589,30.599,30.158,30.37,98643,0
20160513,30.352,30.558,30.234,30.283,52922,0
20160516,30.361,30.81,30.361,30.686,73004,0
20160517,30.676,30.781,30.293,30.352,49615,0
20160518,30.342,30.725,30.332,30.55,46312,0
20160519,30.486,30.54,30.176,30.361,62151,0
20160520,30.56,30.857,30.56,30.761,40111,0
20160523,30.771,30.919,30.742,30.742,62721,0
20160524,30.897,31.449,30.897,31.43,114452,0
20160525,31.606,31.723,31.528,31.674,98076,0
20160526,31.694,31.769,31.579,31.714,44525,0
20160527,31.704,31.911,31.704,31.891,45325,0
20160531,31.921,31.96,31.76,31.96,50611,0
20160601,31.845,31.999,31.777,31.911,108707,0
20160602,31.863,31.941,31.714,31.911,35656,0
20160603,31.891,31.941,31.674,31.825,53645,0
20160606,31.863,32.039,31.863,31.989,25913,0
20160607,32.039,32.132,32.009,32.009,149279,0
20160608,32.057,32.141,31.97,32.115,50227,0
20160609,32.009,32.106,31.911,32.106,54446,0
20160610,31.805,31.881,31.626,31.731,40885,0
20160613,31.548,31.689,31.282,31.44,47766,0
20160614,31.34,31.551,31.272,31.44,37908,0
20160615,31.508,31.596,31.385,31.421,42812,0
20160616,31.252,31.498,31.012,31.459,134152,0
20160617,31.456,31.456,31.083,31.159,50832,0
20160620,31.466,31.644,31.365,31.373,37323,0
20160621,31.437,31.614,31.427,31.555,52786,0
20160622,31.555,31.672,31.365,31.418,118086,0
20160623,31.643,31.9,31.524,31.89,99836,0
20160624,30.7,31.159,30.43,30.534,186624,0
20160627,30.266,30.32,29.584,29.738,208769,0
20160628,30.048,30.325,30.008,30.285,116251,0
20160629,30.564,30.902,30.534,30.824,198775,0
20160630,30.892,31.169,30.826,31.139,72733,0
20160701,31.199,31.365,31.199,31.248,49042,0
20160705,31.065,31.098,30.849,30.969,125107,0
20160706,30.834,31.163,30.729,31.149,47686,0
20160707,31.199,31.381,31.13,31.248,220389,0
20160708,31.475,31.833,31.373,31.793,108019,0
20160711,31.94,32.123,31.93,32.018,99534,0
20160712,32.179,32.364,32.179,32.364,202603,0
20160713,32.41,32.459,32.297,32.314,98146,0
20160714,32.498,32.594,32.459,32.552,62795,0
20160715,32.604,32.641,32.41,32.498,55558,0
20160718,32.537,32.742,32.537,32.699,68452,0
20160719,32.67,32.727,32.613,32.651,46422,0
20160720,32.913,33.177,32.856,33.113,461576,0
20160721,33.123,33.177,32.845,32.913,50710,0
20160722,32.94,33.113,32.786,33.113,52206,0
20160725,33.093,33.123,32.978,33.073,174315,0
20160726,33.103,33.307,33.027,33.22,52061,0
20160727,33.606,33.615,33.337,33.478,106148,0
20160728,33.567,33.635,33.419,33.576,52293,0
20160729,33.663,33.69,33.508,33.645,78215,0
20160801,33.615,33.795,33.576,33.728,90332,0
20160802,33.69,33.744,33.283,33.4,124592,0
20160803,33.353,33.547,33.351,33.547,39705,0
20160804,33.596,33.795,33.488,33.745,106257,0
20160805,33.893,34.15,33.849,34.133,129470,0
20160808,34.189,34.238,34.05,34.17,56722,0
20160809,34.17,34.306,34.114,34.199,176014,0
20160810,34.208,34.217,34.037,34.104,125993,0
20160811,34.228,34.298,34.16,34.228,78435,0
20160812,34.16,34.218,34.123,34.208,76741,0
20160815,34.258,34.479,34.258,34.402,101028,0
20160816,34.335,34.335,34.218,34.218,198096,0
20160817,34.238,34.277,33.992,34.17,72412,0
20160818,34.17,34.25,34.114,34.238,47397,0
20160819,34.199,34.335,34.104,34.307,67048,0
20160822,34.268,34.348,34.15,34.297,185184,0
20160823,34.422,34.536,34.422,34.459,70078,0
20160824,34.431,34.45,34.208,34.278,49065,0
20160825,34.199,34.364,34.142,34.335,52414,0
20160826,34.364,34.594,34.208,34.373,87526,0
20160829,34.402,34.565,34.383,34.459,75014,0
20160830,34.422,34.509,34.307,34.402,41366,0
20160831,34.373,34.393,34.228,34.345,75693,0
20160901,34.325,34.489,34.227,34.479,92784,0
20160902,34.624,34.719,34.519,34.652,72908,0
20160906,34.69,34.788,34.614,34.788,91123,0
20160907,34.798,34.893,34.72,34.863,125771,0
20160908,34.758,34.758,34.511,34.584,87949,0
20160909,34.345,34.393,33.775,33.775,134001,0
20160912,33.615,34.317,33.431,34.307,143922,0
20160913,34.15,34.278,33.941,34.047,88365,0
20160914,34.076,34.415,34.076,34.238,80567,0
20160915,34.298,34.854,34.248,34.788,90370,0
20160916,34.833,34.833,34.533,34.679,85090,0
20160919,34.796,34.997,34.601,34.631,145050,0
20160920,34.776,34.804,34.601,34.682,79638,0
20160921,34.796,35.045,34.65,35.007,96520,0
20160922,35.217,35.296,35.189,35.267,162337,0
20160923,35.207,35.207,34.901,34.958,77865,0
20160926,34.776,34.842,34.641,34.746,89046,0
20160927,34.728,35.124,34.728,35.115,74558,0
20160928,35.17,35.257,35.025,35.237,103532,0
20160929,35.227,35.267,34.92,35.016,310965,0
20160930,35.105,35.325,35.045,35.257,110407,0
20161003,35.198,35.217,35.032,35.134,278256,0
20161004,35.217,35.306,34.94,35.065,92397,0
20161005,35.134,35.325,35.085,35.237,198012,0
20161006,35.237,35.306,35.075,35.286,213243,0
20161007,35.306,35.363,34.986,35.17,70399,0
20161010,35.373,35.518,35.368,35.403,110547,0
20161011,35.403,35.403,34.774,34.92,290468,0
20161012,34.949,35.035,34.741,34.949,87315,0
20161013,34.728,34.804,34.402,34.718,193440,0
20161014,34.862,35.065,34.776,34.824,132344,0
20161017,34.833,34.891,34.718,34.746,59935,0
20161018,35.016,35.095,34.904,34.939,89768,0
20161019,34.939,35.045,34.901,34.997,220424,0
20161020,34.967,34.967,34.746,34.939,120806,0
20161021,35.025,35.095,34.881,35.085,88672,0
20161024,35.267,35.528,35.267,35.518,111194,0
20161025,35.528,35.528,35.283,35.373,138406,0
20161026,35.16,35.363,35.075,35.17,106372,0
20161027,35.325,35.375,34.985,35.007,79444,0
20161028,35.075,35.364,34.939,35.016,160756,0
20161031,35.179,35.179,35.007,35.007,179064,0
20161101,35.055,35.065,34.486,34.731,190081,0
20161102,34.708,34.796,34.391,34.486,89716,0
20161103,34.38,34.471,34.156,34.224,98489,0
20161104,34.11,34.428,34.033,34.1,130738,0
20161107,34.611,34.901,34.606,34.901,123742,0
20161108,34.852,35.208,34.756,35.025,117244,0
20161109,34.352,35.095,34.244,34.997,195890,0
20161110,35.207,35.296,34.072,34.506,278186,0
20161111,34.447,34.786,34.342,34.776,123746,0
20161114,34.824,34.824,34.082,34.244,732698,0
20161115,34.476,34.862,34.476,34.728,287919,0
20161116,34.601,35.045,34.601,34.987,200003,0
20161117,35.124,35.296,35.016,35.296,309516,0
20161118,35.316,35.442,35.189,35.247,196588,0
20161121,35.452,35.594,35.291,35.556,363811,0
20161122,35.779,35.779,35.53,35.594,239425,0
20161123,35.556,35.556,35.344,35.48,202336,0
20161125,35.548,35.603,35.48,35.603,259344,0
20161128,35.594,35.75,35.528,35.556,221175,0
20161129,35.566,35.769,35.472,35.603,280955,0
20161130,35.672,35.681,35.189,35.217,233250,0
20161201,35.217,35.227,34.244,34.361,237263,0
20161202,34.264,34.58,34.204,34.506,271489,0
20161205,34.698,34.978,34.591,34.862,103829,0
20161206,34.977,35.037,34.814,34.977,90018,0
20161207,34.958,35.653,34.958,35.596,150044,0
20161208,35.662,35.914,35.594,35.789,126123,0
20161209,35.931,36,35.868,35.98,120048,0
20161212,35.876,35.914,35.662,35.818,117965,0
20161213,35.95,36.433,35.93,36.241,169030,0
20161214,36.29,36.386,36.062,36.126,163381,0
20161215,36.25,36.473,36.174,36.27,182263,0
20161216,36.371,36.371,35.953,36.031,140083,0
20161219,36.081,36.368,36.008,36.22,119285,0
20161220,36.341,36.412,36.237,36.313,157901,0
20161221,36.351,36.351,36.188,36.284,111330,0
20161222,36.313,36.313,36.001,36.101,108936,0
20161223,36.071,36.178,36.011,36.168,89699,0
20161227,36.237,36.486,36.237,36.331,154856,0
20161228,36.421,36.421,35.947,35.985,118740,0
20161229,35.936,36.049,35.865,35.995,118036,0
20161230,36.003,36.036,35.574,35.714,146362,0
20170103,35.9,36.122,35.705,35.955,647174,0
20170104,36.013,36.203,36.013,36.17,131075,0
20170105,36.142,36.315,36.073,36.2,159647,0
20170106,36.333,36.586,36.142,36.49,252730,0
20170109,36.559,36.683,36.559,36.586,152970,0
20170110,36.615,36.73,36.509,36.586,256975,0
20170111,36.605,36.81,36.549,36.79,170837,0
20170112,36.7,36.72,36.296,36.71,130551,0
20170113,36.75,36.892,36.75,36.83,181369,0
20170117,36.78,36.78,36.543,36.634,159893,0
20170118,36.74,36.79,36.624,36.78,119587,0
20170119,36.76,36.887,36.632,36.7,89349,0
20170120,36.848,36.944,36.77,36.848,114504,0
20170123,36.83,36.922,36.663,36.887,120379,0
20170124,36.963,37.35,36.935,37.292,195446,0
20170125,37.564,37.698,37.515,37.68,302234,0
20170126,37.737,37.785,37.477,37.604,193059,0
20170127,37.718,37.766,37.62,37.68,226968,0
20170130,37.594,37.594,37.158,37.408,302552,0
20170131,37.246,37.284,37.008,37.206,177357,0
20170201,37.574,37.643,37.275,37.485,344798,0
20170202,37.427,37.594,37.292,37.492,374444,0
20170203,37.728,37.833,37.648,37.813,355440,0
20170206,37.756,37.842,37.673,37.827,184695,0
20170207,37.931,38.078,37.882,37.989,219031,0
20170208,38.009,38.116,37.852,38.048,377003,0
20170209,38.116,38.307,38.058,38.229,202957,0
20170210,38.357,38.396,38.182,38.317,244988,0
20170213,38.455,38.598,38.44,38.522,239239,0
20170214,38.551,38.675,38.416,38.675,304276,0
20170215,38.694,38.871,38.618,38.832,337304,0
20170216,38.9,38.989,38.793,38.89,214660,0
20170217,38.842,39.013,38.773,39.013,180287,0
20170221,39.14,39.239,39.063,39.229,554683,0
20170222,39.199,39.287,39.101,39.287,172856,0
20170223,39.363,39.363,38.994,39.189,214050,0
20170224,39.13,39.258,38.852,39.258,220110,0
20170227,39.258,39.287,39.137,39.273,232391,0
20170228,39.305,39.305,38.994,39.053,796916,0
20170301,39.314,39.645,39.227,39.597,481113,0
20170302,39.597,39.607,39.287,39.314,401741,0
20170303,39.314,39.366,39.189,39.363,168421,0
20170306,39.239,39.348,39.12,39.287,166073,0
20170307,39.296,39.463,39.247,39.324,201280,0
20170308,39.363,39.488,39.314,39.343,132170,0
20170309,39.343,39.401,39.14,39.353,172960,0
20170310,39.547,39.608,39.364,39.518,262259,0
20170313,39.547,39.621,39.528,39.607,161516,0
20170314,39.577,39.577,39.333,39.478,209915,0
20170315,39.577,39.816,39.44,39.73,143616,0
20170316,39.936,39.945,39.769,39.856,158762,0
20170317,40.051,40.061,39.847,39.887,222671,0
20170320,39.897,40.013,39.807,39.887,151404,0
20170321,40.07,40.109,39.222,39.238,303711,0
20170322,39.238,39.585,39.218,39.567,266101,0
20170323,39.478,39.603,39.371,39.458,110739,0
20170324,39.625,39.751,39.324,39.498,163636,0
20170327,39.247,39.599,39.052,39.528,177357,0
20170328,39.488,39.907,39.431,39.799,161735,0
20170329,39.79,39.917,39.701,39.897,125052,0
20170330,39.927,40.012,39.847,39.946,168091,0
20170331,39.907,40.031,39.847,39.917,184262,0
20170403,39.946,40.013,39.567,39.807,1077693,0
20170404,39.683,39.825,39.655,39.77,112665,0
20170405,39.887,40.109,39.617,39.645,246041,0
20170406,39.673,39.751,39.509,39.665,159550,0
20170407,39.655,39.731,39.488,39.655,106239,0
20170410,39.683,39.78,39.498,39.557,217444,0
20170411,39.538,39.538,39.119,39.44,288667,0
20170412,39.468,39.468,39.188,39.247,160090,0
20170413,39.228,39.471,39.091,39.091,174709,0
20170417,39.198,39.488,39.198,39.448,108254,0
20170418,39.372,39.546,39.372,39.488,97767,0
20170419,39.597,39.692,39.417,39.458,158634,0
20170420,39.645,39.946,39.557,39.877,121233,0
20170421,39.927,39.927,39.77,39.857,125297,0
20170424,40.294,40.401,40.225,40.391,178860,0
20170425,40.556,40.701,40.497,40.643,252143,0
20170426,40.634,40.683,40.497,40.536,189690,0
20170427,40.693,40.808,40.624,40.808,190344,0
20170428,40.973,40.973,40.75,40.818,414276,0
20170501,41.003,41.258,40.925,41.215,307609,0
20170502,41.343,41.351,41.141,41.283,479333,0
20170503,41.215,41.245,41.031,41.225,182156,0
20170504,41.273,41.333,41.145,41.263,145233,0
20170505,41.371,41.468,41.234,41.468,124484,0
20170508,41.487,41.632,41.42,41.622,213455,0
20170509,41.691,41.808,41.612,41.701,220966,0
20170510,41.769,41.886,41.662,41.857,179143,0
20170511,41.749,41.827,41.553,41.799,157189,0
20170512,41.847,41.933,41.779,41.896,160901,0
20170515,41.999,42.208,41.957,42.208,204740,0
20170516,42.328,42.437,42.148,42.437,240397,0
20170517,42.098,42.118,41.177,41.177,474977,0
20170518,41.069,41.545,40.983,41.439,254975,0
20170519,41.622,41.808,41.622,41.662,235367,0
20170522,41.799,42.098,41.799,42.078,186242,0
20170523,42.246,42.254,41.999,42.118,212532,0
20170524,42.254,42.348,42.158,42.328,123682,0
20170525,42.506,42.756,42.409,42.67,249135,0
20170526,42.67,42.69,42.532,42.68,234559,0
20170530,42.66,42.805,42.596,42.775,205027,0
20170531,42.924,42.972,42.506,42.68,285248,0
20170601,42.795,42.855,42.557,42.855,200620,0
20170602,43.011,43.29,42.871,43.252,178244,0
20170605,43.252,43.438,43.22,43.271,323421,0
20170606,43.242,43.438,43.174,43.242,219854,0
20170607,43.361,43.418,43.156,43.331,155586,0
20170608,43.438,43.534,43.226,43.474,163300,0
20170609,43.591,43.65,41.671,42.301,621485,0
20170612,41.847,42.069,41.187,41.96,821081,0
20170613,42.208,42.466,41.999,42.348,411991,0
20170614,42.506,42.506,41.739,42.069,156792,0
20170615,41.622,41.947,41.381,41.905,192270,0
20170616,41.849,41.925,41.633,41.81,136518,0
20170619,42.171,42.52,42.061,42.51,208879,0
20170620,42.51,42.52,42.131,42.131,119538,0
20170621,42.285,42.441,42.201,42.441,144009,0
20170622,42.609,42.619,42.317,42.5,97628,0
20170623,42.48,42.919,42.391,42.83,151190,0
20170626,43.043,43.152,42.51,42.56,258710,0
20170627,42.351,42.441,41.839,41.849,182041,0
20170628,41.972,42.441,41.731,42.381,116619,0
20170629,42.22,42.22,41.244,41.643,275566,0
20170630,41.791,41.849,41.546,41.556,300222,0
20170703,41.781,41.801,41.188,41.244,182879,0
20170705,41.351,41.731,41.283,41.663,351102,0
20170706,41.371,41.498,41.167,41.293,209315,0
20170707,41.401,41.947,41.401,41.82,161089,0
20170710,41.869,42.237,41.781,42.141,185790,0
20170711,42.111,42.341,41.944,42.322,120769,0
20170712,42.655,42.9,42.56,42.89,290024,0
20170713,42.958,43.102,42.85,42.987,127441,0
20170714,43.112,43.385,43.063,43.307,136681,0
20170717,43.394,43.462,43.258,43.347,218476,0
20170718,43.297,43.551,43.142,43.551,134108,0
20170719,43.647,43.871,43.588,43.832,214611,0
20170720,43.939,43.939,43.627,43.861,178210,0
20170721,43.707,43.813,43.627,43.754,99721,0
20170724,43.813,43.988,43.707,43.939,186013,0
20170725,43.851,43.969,43.681,43.909,198372,0
20170726,44.037,44.258,43.842,43.969,108922,0
20170727,44.229,44.229,43.043,43.588,351738,0
20170728,43.337,43.608,43.297,43.501,135793,0
20170731,43.617,43.657,43.231,43.277,279384,0
20170801,43.443,43.531,43.348,43.491,108749,0
20170802,43.959,43.959,43.258,43.598,173528,0
20170803,43.598,43.627,43.376,43.472,114504,0
20170804,43.514,43.677,43.434,43.531,95927,0
20170807,43.627,43.803,43.57,43.677,158394,0
20170808,43.725,44.095,43.617,43.754,189840,0
20170809,43.452,43.717,43.385,43.717,177153,0
20170810,43.472,43.521,42.731,42.77,291206,0
20170811,42.81,43.2,42.78,43.102,183716,0
20170814,43.521,43.842,43.481,43.773,142004,0
20170815,43.909,43.959,43.754,43.891,172602,0
20170816,43.998,44.212,43.891,44.047,129545,0
20170817,43.891,43.949,43.17,43.17,216853,0
20170818,43.19,43.424,42.977,43.152,231325,0
20170821,43.142,43.19,42.819,43.133,114461,0
20170822,43.337,43.773,43.337,43.754,164196,0
20170823,43.521,43.737,43.481,43.637,84134,0
20170824,43.783,43.813,43.455,43.657,79967,0
20170825,43.803,43.919,43.561,43.617,117839,0
20170828,43.717,43.783,43.562,43.725,78600,0
20170829,43.376,43.978,43.287,43.929,100628,0
20170830,43.969,44.338,43.9,44.278,121414,0
20170831,44.418,44.698,44.398,44.609,261053,0
20170901,44.757,44.787,44.55,44.629,162374,0
20170905,44.495,44.58,43.919,44.248,256476,0
20170906,44.398,44.398,44.058,44.298,150714,0
20170907,44.408,44.56,44.278,44.522,108168,0
20170908,44.476,44.476,44.115,44.143,219502,0
20170911,44.513,44.836,44.495,44.816,117899,0
20170912,44.96,44.979,44.7,44.882,208545,0
20170913,44.836,44.836,44.672,44.836,139282,0
20170914,44.668,44.864,44.533,44.698,121947,0
20170915,44.688,44.882,44.56,44.816,140189,0
20170918,44.882,45.058,44.744,44.874,168866,0
20170919,44.97,45.098,44.836,45.009,222866,0
20170920,45.029,45.029,44.475,44.796,165101,0
20170921,44.796,44.796,44.387,44.56,87860,0
20170922,44.417,44.619,44.368,44.609,110967,0
20170925,44.455,44.455,43.762,43.976,234120,0
20170926,44.211,44.327,43.996,44.132,128222,0
20170927,44.357,44.796,44.357,44.619,126722,0
20170928,44.58,44.728,44.484,44.728,92980,0
20170929,44.796,45.039,44.754,45.019,256039,0
20171002,45.108,45.254,44.893,45.138,203193,0
20171003,45.186,45.263,45.137,45.254,154333,0
20171004,45.177,45.272,45.049,45.225,109902,0
20171005,45.411,45.664,45.315,45.654,158378,0
20171006,45.555,45.793,45.489,45.761,165440,0
20171009,45.876,45.995,45.82,45.896,175432,0
20171010,46.034,46.074,45.703,45.886,170824,0
20171011,45.886,46.112,45.86,46.112,123703,0
20171012,46.074,46.287,46.035,46.132,224702,0
20171013,46.336,46.435,46.307,46.356,154459,0
20171016,46.502,46.502,46.317,46.473,182322,0
20171017,46.502,46.502,46.336,46.455,170353,0
20171018,46.609,46.698,46.445,46.609,187415,0
20171019,46.366,46.455,46.064,46.455,209749,0
20171020,46.728,46.852,46.669,46.757,154676,0
20171023,46.912,46.912,46.537,46.589,218112,0
20171024,46.669,46.804,46.543,46.757,162968,0
20171025,46.698,46.843,46.239,46.58,182944,0
20171026,46.824,46.922,46.698,46.775,133879,0
20171027,47.565,48.092,47.479,47.975,328986,0
20171030,47.995,48.249,47.859,48.122,263977,0
20171031,48.287,48.453,48.112,48.365,421563,0
20171101,48.571,48.59,48.052,48.296,384466,0
20171102,48.277,48.373,47.966,48.345,224098,0
20171103,48.638,48.754,48.293,48.744,246272,0
20171106,48.803,48.962,48.754,48.952,267395,0
20171107,49.011,49.011,48.813,48.932,236815,0
20171108,48.942,49.213,48.793,49.173,169961,0
20171109,48.842,48.862,48.267,48.764,324078,0
20171110,48.724,48.827,48.59,48.803,218300,0
20171113,48.638,48.813,48.571,48.783,161451,0
20171114,48.678,48.764,48.433,48.688,197846,0
20171115,48.463,48.512,48.131,48.316,279231,0
20171116,48.63,49.087,48.61,48.982,191666,0
20171117,48.962,48.962,48.705,48.744,155215,0
20171120,48.862,48.972,48.764,48.942,195556,0
20171121,49.183,49.533,49.086,49.523,256478,0
20171122,49.563,49.563,49.351,49.41,195470,0
20171124,49.459,49.702,49.459,49.662,82309,0
20171127,49.643,49.732,49.504,49.623,189802,0
20171128,49.722,49.809,49.459,49.732,235156,0
20171129,49.712,49.712,48.102,48.463,600093,0
20171130,48.696,48.972,48.463,48.813,287667,0
20171201,48.581,48.813,47.799,48.6,388703,0
20171204,48.882,48.882,47.585,47.604,525681,0
20171205,47.555,48.286,47.361,47.732,493896,0
20171206,47.535,48.131,47.409,48.043,181693,0
20171207,48.112,48.473,48.112,48.403,204998,0
20171208,48.773,48.882,48.502,48.581,149904,0
20171211,48.59,48.982,48.59,48.972,178362,0
20171212,48.932,49.066,48.711,48.832,157787,0
20171213,48.992,49.104,48.832,48.892,249808,0
20171214,49.002,49.144,48.82,48.823,219058,0
20171215,49.02,49.485,48.852,49.422,163893,0
20171218,49.764,49.89,49.67,49.88,236010,0
20171219,49.802,49.802,49.461,49.585,238353,0
20171220,49.793,49.802,49.313,49.555,198873,0
20171221,49.625,49.724,49.392,49.402,175909,0
20171222,49.392,49.402,49.244,49.332,224296,0
20171226,49.049,49.068,48.803,49.03,214227,0
20171227,49.011,49.164,49.006,49.096,169955,0
20171228,49.244,49.244,49.078,49.154,241003,0
20171229,49.224,49.224,48.862,48.862,265402,0
20180102,49.096,49.545,49.002,49.545,384160,0
20180103,49.674,50.125,49.664,50.095,658736,0
20180104,50.309,50.515,50.232,50.378,510205,0
20180105,50.632,50.945,50.544,50.866,398940,0
20180108,50.935,51.2,50.847,51.151,365916,0
20180109,51.258,51.268,50.906,50.994,332395,0
20180110,50.77,50.847,50.574,50.847,274279,0
20180111,50.994,51.18,50.878,51.18,221884,0
20180112,51.122,51.523,51.06,51.474,252222,0
20180116,51.795,51.972,51.085,51.258,577326,0
20180117,51.542,52.06,51.371,52.041,3807396,0
20180118,52.041,52.266,51.923,52.128,266541,0
20180119,52.236,52.314,52.011,52.256,231400,0
20180122,52.216,52.656,52.09,52.656,324028,0
20180123,52.774,53.015,52.735,52.96,446269,0
20180124,53.068,53.136,52.276,52.49,478565,0
20180125,52.803,52.833,52.236,52.343,339348,0
20180126,52.726,53.194,52.608,53.184,309273,0
20180129,53.116,53.126,52.648,52.755,363050,0
20180130,52.304,52.49,52.06,52.236,447006,0
20180131,52.52,52.676,52.251,52.548,343632,0
20180201,52.353,52.915,52.314,52.52,326591,0
20180202,51.982,51.992,51.024,51.083,853822,0
20180205,50.476,51.445,49.039,49.039,1571378,0
20180206,48.402,50.388,47.552,50.338,1434503,0
20180207,50.213,50.692,49.719,49.724,873874,0
20180208,49.88,50.065,47.709,47.709,856346,0
20180209,48.372,49.134,46.879,48.764,1241039,0
20180212,49.332,49.995,48.961,49.704,799701,0
20180213,49.441,49.957,49.332,49.87,503740,0
20180214,49.605,50.945,49.451,50.896,581251,0
20180215,51.355,51.865,50.77,51.865,759037,0
20180216,51.699,52.246,51.494,51.719,621439,0
20180220,51.835,52.262,51.835,51.835,549473,0
20180221,52.05,52.529,51.589,51.599,921629,0
20180222,51.767,52.08,51.474,51.639,628378,0
20180223,52.011,52.686,51.855,52.686,299053,0
20180226,52.9,53.459,52.803,53.449,516407,0
20180227,53.498,53.726,52.97,52.97,504478,0
20180228,53.214,53.488,52.628,52.638,494502,0
20180301,52.726,52.92,51.336,51.805,866727,0
20180302,51.22,52.451,51.014,52.363,642196,0
20180305,52.09,53.068,51.982,52.89,618709,0
20180306,53.174,53.282,52.803,53.098,346899,0
20180307,52.706,53.473,52.49,53.42,456253,0
20180308,53.585,53.713,53.321,53.614,367068,0
20180309,54.006,54.672,53.939,54.672,507377,0
20180312,54.856,55.072,54.672,54.876,551161,0
20180313,55.12,55.298,54.026,54.191,549572,0
20180314,54.474,54.514,53.929,54.231,373893,0
20180315,54.241,54.543,53.997,54.231,208784,0
20180316,54.35,54.494,54.112,54.181,177773,0
20180319,53.712,53.918,52.614,53.085,586803,0
20180320,52.947,53.309,52.841,53.172,283924,0
20180321,53.095,53.581,52.771,52.927,295311,0
20180322,52.31,52.584,51.488,51.488,470051,0
20180323,51.498,51.696,50.106,50.126,562720,0
20180326,51.134,52.06,50.439,52.026,538098,0
20180327,52.399,52.399,49.86,50.273,509059,0
20180328,50.116,50.546,49.47,49.744,585229,0
20180329,50.126,51.34,49.754,50.83,307130,0
20180402,50.605,50.801,49.038,49.555,1061312,0
20180403,49.997,50.174,49.282,50.036,378534,0
20180404,49.028,50.86,49,50.723,599466,0
20180405,51.173,51.3,50.596,50.968,264431,0
20180406,50.409,50.869,49.465,49.704,605719,0
20180409,50.106,51.017,50.007,50.036,682844,0
20180410,50.86,51.488,50.6,51.29,583432,0
20180411,50.977,51.527,50.933,51.076,444128,0
20180412,51.419,51.928,51.33,51.723,288744,0
20180413,52.055,52.085,51.261,51.508,538317,0
20180416,51.84,52.06,51.523,51.84,559957,0
20180417,52.3,53.081,52.153,52.927,754430,0
20180418,52.867,53.016,52.447,52.848,483500,0
20180419,52.516,52.516,52.026,52.242,595312,0
20180420,52.113,52.115,51.3,51.488,659836,0
20180423,51.683,51.84,51.036,51.261,347333,0
20180424,51.527,51.653,49.928,50.282,507057,0
20180425,50.359,50.419,49.576,50.184,498876,0
20180426,50.879,51.439,50.733,51.251,571356,0
20180427,51.752,51.752,50.762,51.046,309004,0
20180430,51.193,51.533,50.694,50.84,569890,0
20180501,50.704,51.498,50.576,51.478,397188,0
20180502,51.762,52.036,51.409,51.488,421581,0
20180503,51.3,51.8,50.782,51.613,520849,0
20180504,51.419,52.683,51.34,52.584,591765,0
20180507,52.82,53.266,52.752,53.046,549996,0
20180508,53.006,53.251,52.762,53.222,639276,0
20180509,53.378,53.957,53.241,53.947,694915,0
20180510,54.171,54.623,54.112,54.603,645106,0
20180511,54.505,54.663,54.261,54.455,425385,0
20180514,54.663,54.857,54.32,54.408,563556,0
20180515,54.046,54.075,53.623,53.888,588197,0
20180516,53.967,54.281,53.858,54.161,286689,0
20180517,53.967,54.344,53.663,53.918,233371,0
20180518,53.77,54.006,53.663,53.721,218394,0
20180521,54.191,54.455,53.868,54.121,276510,0
20180522,54.378,54.436,53.898,53.977,315240,0
20180523,53.613,54.417,53.564,54.417,380505,0
20180524,54.427,54.465,53.799,54.368,344430,0
20180525,54.35,54.544,54.218,54.359,308063,0
20180529,54.141,54.368,53.702,54.056,873649,0
20180530,54.34,54.554,54.211,54.465,397222,0
20180531,54.455,54.867,54.388,54.427,584796,0
20180601,54.798,55.436,54.764,55.436,451699,0
20180604,55.612,55.966,55.534,55.936,514559,0
20180605,56.082,56.269,55.966,56.212,467479,0
20180606,56.269,56.525,56.004,56.525,479625,0
20180607,56.555,56.555,55.504,55.848,455110,0
20180608,55.554,55.956,55.406,55.896,273670,0
20180611,55.896,56.101,55.75,55.936,353146,0
20180612,56.015,56.328,55.966,56.279,241821,0
20180613,56.367,56.68,56.117,56.202,426411,0
20180614,56.425,56.728,56.371,56.575,326818,0
20180615,56.395,56.405,55.954,56.366,371242,0
20180618,55.994,56.515,55.778,56.495,335853,0
20180619,55.768,56.121,55.356,56.121,415228,0
20180620,56.248,56.575,56.239,56.308,316230,0
20180621,56.465,56.485,55.67,55.826,346392,0
20180622,55.934,55.944,55.326,55.521,251018,0
20180625,55.089,55.089,53.754,54.235,854505,0
20180626,54.44,54.867,54.276,54.49,331834,0
20180627,54.678,54.903,53.656,53.676,596629,0
20180628,53.567,54.45,53.557,54.255,411026,0
20180629,54.5,54.765,54.285,54.295,643842,0
20180702,53.871,54.853,53.676,54.853,738206,0
20180703,55.032,55.052,54.135,54.195,392899,0
20180705,54.5,55.002,54.359,54.992,422753,0
20180706,55.052,55.738,54.887,55.68,425071,0
20180709,55.974,56.121,55.65,56.121,363516,0
20180710,56.211,56.386,56.081,56.229,345545,0
20180711,55.778,56.219,55.551,55.954,596246,0
20180712,56.229,56.977,56.211,56.967,439889,0
20180713,56.967,57.035,56.695,56.898,417785,0
20180716,56.918,57.015,56.613,56.71,390376,0
20180717,56.327,57.282,56.101,57.202,429146,0
20180718,57.202,57.222,56.917,57.172,304707,0
20180719,57.025,57.232,56.888,57.015,311031,0
20180720,57.202,57.32,56.937,57.015,299826,0
20180723,56.957,57.291,56.603,57.272,388782,0
20180724,57.791,58.003,57.152,57.387,492058,0
20180725,57.467,58.234,57.397,58.234,523106,0
20180726,57.349,57.615,57.172,57.447,684818,0
20180727,57.526,57.536,55.894,56.239,786737,0
20180730,56.258,56.405,54.828,55.197,783440,0
20180731,55.356,55.738,54.972,55.375,701900,0
20180801,55.748,56.081,55.59,55.914,446832,0
20180802,55.473,56.779,55.406,56.7,588866,0
20180803,56.809,56.838,56.425,56.838,366458,0
20180806,56.838,57.252,56.729,57.252,420575,0
20180807,57.447,57.702,57.202,57.467,316699,0
20180808,57.437,57.712,57.272,57.595,303817,0
20180809,57.683,57.899,57.595,57.663,234697,0
20180810,57.232,57.516,57.073,57.272,330934,0
20180813,57.339,57.771,57.122,57.162,309826,0
20180814,57.359,57.576,57.005,57.496,266094,0
20180815,57.122,57.349,56.435,56.918,429982,0
20180816,57.359,57.447,56.977,57.063,236500,0
20180817,56.888,57.291,56.69,57.172,263864,0
20180820,57.339,57.339,56.849,57.142,255487,0
20180821,57.291,57.605,57.192,57.232,265342,0
20180822,57.092,57.644,57.044,57.566,277902,0
20180823,57.506,58.014,57.476,57.683,259639,0
20180824,57.87,58.351,57.87,58.351,670006,0
20180827,58.656,58.917,58.499,58.852,664378,0
20180828,59.019,59.117,58.833,59.029,282538,0
20180829,59.078,59.618,59.078,59.589,295391,0
20180830,59.471,59.82,59.274,59.431,339283,0
20180831,59.362,59.642,59.324,59.491,335859,0
20180904,59.344,59.422,58.901,59.402,348540,0
20180905,59.314,59.314,58.144,58.479,465356,0
20180906,58.429,58.538,57.615,58.046,389938,0
20180907,57.683,58.379,57.418,57.86,261700,0
20180910,58.115,58.144,57.722,58.056,256301,0
20180911,57.88,58.666,57.761,58.528,240197,0
20180912,58.419,58.419,57.702,58.283,273337,0
20180913,58.606,59.117,58.459,58.881,256489,0
20180914,58.98,59.206,58.676,58.94,264062,0
20180917,58.833,58.94,57.988,58.046,327011,0
20180918,58.017,58.705,57.998,58.399,220420,0
20180919,58.399,58.626,57.919,58.254,227635,0
20180920,58.596,59.015,58.449,58.95,308244,0
20180921,59.157,59.214,58.616,58.675,240896,0
20180924,58.311,58.98,58.084,58.92,371443,0
20180925,58.92,59.078,58.723,59.029,280857,0
20180926,59.078,59.393,58.753,58.813,339468,0
20180927,59.039,59.413,59,59.207,320432,0
20180928,59.078,59.442,59.01,59.315,500044,0
20181001,59.601,59.787,59.202,59.373,419406,0
20181002,59.315,59.639,59.088,59.236,559460,0
20181003,59.492,59.755,59.408,59.522,398148,0
20181004,59.295,59.295,57.961,58.408,776367,0
20181005,58.368,58.595,57.118,57.69,1022960,0
20181008,57.393,57.606,56.292,56.972,999544,0
20181009,56.903,57.473,56.794,57.059,4469767,0
20181010,56.744,56.744,54.32,54.412,1725652,0
20181011,54.154,55.129,53.367,53.819,1379189,0
20181012,55.184,55.563,54.313,55.397,870848,0
20181015,55.178,55.268,54.509,54.638,521323,0
20181016,55.268,56.469,55.218,56.292,782323,0
20181017,56.439,56.439,55.582,56.134,513331,0
20181018,55.877,55.877,54.559,54.913,558781,0
20181019,55.208,55.702,54.549,54.746,439611,0
20181022,54.973,55.523,54.668,55.129,486426,0
20181023,54.076,55.228,53.511,54.973,735570,0
20181024,54.823,54.943,52.393,52.452,965480,0
20181025,53.18,54.509,53.111,54.204,607599,0
20181026,52.768,54.085,52.205,53.043,1123168,0
20181029,53.722,54.154,50.926,51.979,1098709,0
20181030,51.791,52.787,51.565,52.748,1373572,0
20181031,53.604,54.588,53.604,54.154,551141,0
20181101,54.214,54.785,53.742,54.765,389984,0
20181102,54.509,54.82,53.407,53.819,560952,0
20181105,53.809,53.809,52.894,53.554,421212,0
20181106,53.525,54.194,53.446,53.929,1027388,0
20181107,54.539,55.465,54.46,55.465,640179,0
20181108,55.258,55.36,54.883,55.218,354851,0
20181109,54.688,54.698,53.713,54.204,287934,0
20181112,53.752,53.754,52.245,52.413,438841,0
20181113,52.54,53.328,52.285,52.433,593299,0
20181114,52.904,53.134,51.759,51.989,2192496,0
20181115,51.989,53.349,51.738,53.2,476610,0
20181116,52.619,53.279,52.442,53.033,325885,0
20181119,52.728,52.793,50.749,50.886,685017,0
20181120,49.42,50.672,49.271,50.069,705820,0
20181121,50.729,51.023,50.324,50.551,254477,0
20181123,50.079,50.639,50.069,50.099,89319,0
20181126,50.719,51.28,50.609,51.26,272681,0
20181127,50.945,51.437,50.649,51.26,249512,0
20181128,51.674,52.994,51.398,52.994,334538,0
20181129,52.797,53.072,52.303,52.678,296734,0
20181130,52.758,53.21,52.481,53.21,387826,0
20181203,54.479,54.578,53.742,54.333,817087,0
20181204,53.959,54.067,52.146,52.225,538723,0
20181206,51.063,52.363,50.739,52.363,618248,0
20181207,52.156,52.413,50.354,50.571,433160,0
20181210,50.384,51.418,50.069,51.231,688637,0
20181211,52.048,52.107,50.901,51.27,236053,0
20181212,52.098,52.511,51.714,51.724,331472,0
20181213,52.029,52.265,51.457,51.724,275426,0
20181214,51.103,51.391,50.464,50.522,308448,0
20181217,50.285,50.6,48.98,49.311,655466,0
20181218,49.735,50.157,49.37,49.735,731653,0
20181219,49.725,50.591,48.317,48.798,686290,0
20181220,48.602,49.035,46.582,47.883,4561369,0
20181221,47.943,48.386,46.231,46.431,912017,0
20181224,45.995,46.489,45.213,45.213,1081295,0
20181226,45.579,47.923,45.293,47.923,790518,0
20181227,47.28,48.329,46.46,48.329,615984,0
20181228,48.625,49.031,47.804,48.239,725676,0
20181231,48.694,48.921,48.329,48.675,692329,0
20190102,47.843,49.03,47.774,48.782,365443,0
20190103,47.606,47.764,46.331,46.351,431202,0
20190104,47.172,48.62,46.993,48.386,394491,0
20190107,48.446,49.257,48.386,48.931,341598,0
20190108,49.416,49.576,48.783,49.406,421732,0
20190109,49.652,50.265,49.613,50.008,273499,0
20190110,49.682,50.275,49.426,50.265,194331,0
20190111,50.008,50.255,49.898,50.235,125382,0
20190114,49.772,49.889,49.553,49.702,270821,0
20190115,49.82,50.542,49.82,50.444,159633,0
20190116,50.522,50.824,50.443,50.522,224255,0
20190117,50.354,51.155,50.313,50.878,298677,0
20190118,51.313,51.787,51.076,51.649,385376,0
20190122,51.273,51.392,50.424,50.76,351868,0
20190123,51.026,51.372,50.397,50.927,175177,0
20190124,51.086,51.561,51.086,51.422,165889,0
20190125,51.847,52.351,51.679,52.242,332612,0
20190128,51.501,51.619,51.175,51.609,235045,0
20190129,51.689,51.689,50.986,51.076,197820,0
20190130,51.807,52.657,51.589,52.509,282001,0
20190131,52.371,52.925,52.242,52.638,231784,0
20190201,52.648,53.224,52.644,52.974,205745,0
20190204,53.073,53.843,53.063,53.843,210560,0
20190205,53.992,54.378,53.949,54.279,409307,0
20190206,54.339,54.605,54.119,54.455,223077,0
20190207,53.943,54.189,53.379,53.725,199950,0
20190208,53.27,54.075,53.25,54.062,209078,0
20190211,54.269,54.413,54.002,54.129,191988,0
20190212,54.515,54.901,54.436,54.861,289674,0
20190213,55.118,55.275,54.871,54.941,226137,0
20190214,54.811,55.227,54.675,55.041,211527,0
20190215,55.494,55.513,55.157,55.494,226186,0
20190219,55.367,55.693,55.267,55.533,788513,0
20190220,55.573,55.816,55.311,55.573,191289,0
20190221,55.485,55.791,55.27,55.603,159297,0
20190222,55.869,56.318,55.851,56.315,189737,0
20190225,56.779,56.987,56.563,56.582,422341,0
20190226,56.473,56.839,56.443,56.671,170385,0
20190227,56.503,56.71,56.132,56.7,157404,0
20190228,56.503,56.7,56.335,56.503,177413,0
20190301,56.929,56.988,56.403,56.869,192411,0
20190304,57.085,57.171,55.918,56.523,267916,0
20190305,56.523,56.523,56.201,56.354,153169,0
20190306,56.325,56.354,55.919,55.979,247796,0
20190307,55.841,55.889,55.307,55.475,388895,0
20190308,54.801,55.513,54.685,55.494,295452,0
20190311,55.713,56.749,55.713,56.719,377980,0
20190312,56.859,57.213,56.641,57.016,481547,0
20190313,57.275,57.708,57.275,57.363,256148,0
20190314,57.421,57.649,57.304,57.471,163121,0
20190315,57.641,58.363,57.631,58.116,208339,0
20190318,58.145,58.522,57.97,58.335,248754,0
20190319,58.602,58.724,58.295,58.493,367651,0
20190320,58.443,58.78,57.934,58.315,244380,0
20190321,58.295,59.861,58.275,59.742,364495,0
20190322,59.474,59.663,58.215,58.235,543344,0
20190325,58.017,58.33,57.601,57.988,303256,0
20190326,58.493,58.85,58.036,58.325,174895,0
20190327,58.443,58.598,57.421,57.948,220859,0
20190328,58.125,58.443,57.839,58.225,161735,0
20190329,58.682,58.83,58.453,58.78,251375,0
20190401,59.375,59.673,59.048,59.643,345757,0
20190402,59.673,59.877,59.464,59.821,265583,0
20190403,60.158,60.595,60.079,60.318,386580,0
20190404,60.318,60.416,59.574,60.001,274306,0
20190405,60.178,60.328,60.089,60.268,202410,0
20190408,60.158,60.505,59.821,60.505,272020,0
20190409,60.238,60.476,60.109,60.208,312295,0
20190410,60.298,60.704,60.282,60.684,196410,0
20190411,60.813,60.823,60.535,60.655,340821,0
20190412,60.991,61.081,60.704,61.081,218376,0
20190415,61.091,61.239,60.771,61.051,683326,0
20190416,61.289,61.448,61.071,61.318,228281,0
20190417,61.675,61.705,61.279,61.537,300568,0
20190418,61.626,61.685,61.219,61.655,208691,0
20190422,61.408,61.865,61.407,61.865,241496,0
20190423,61.973,62.629,61.953,62.569,241957,0
20190424,62.599,62.906,62.544,62.579,384301,0
20190425,62.916,63.015,62.192,62.539,301017,0
20190426,62.252,62.409,61.735,62.379,239578,0
20190429,62.399,62.639,62.379,62.459,238851,0
20190430,62.419,62.609,62.042,62.569,364560,0
20190501,63.093,63.243,62.339,62.349,310494,0
20190502,62.29,62.736,61.655,62.042,289787,0
20190503,62.3,62.666,62.187,62.656,209331,0
20190506,61.081,62.3,60.862,62.192,337501,0
20190507,61.478,61.725,60.318,60.922,492250,0
20190508,60.664,61.229,60.545,60.744,410779,0
20190509,59.981,60.525,59.296,60.377,402202,0
20190510,59.991,60.785,59.122,60.535,387355,0
20190513,58.85,59.151,58.017,58.175,654299,0
20190514,58.502,59.504,58.473,59.157,309070,0
20190515,58.76,59.973,58.75,59.801,357805,0
20190516,59.841,60.783,59.79,60.377,229923,0
20190517,59.782,60.615,59.742,59.841,251555,0
20190520,58.86,59.217,58.502,58.75,326706,0
20190521,59.385,59.692,59.316,59.494,226936,0
20190522,59.137,59.534,59.137,59.197,148511,0
20190523,58.453,58.483,57.723,58.125,416135,0
20190524,58.433,58.717,58.116,58.155,157408,0
20190528,58.355,58.701,57.988,57.988,482811,0
20190529,57.601,57.908,57.264,57.581,246899,0
20190530,57.739,58.057,57.571,57.918,148842,0
20190531,57.214,57.518,56.956,57.025,304140,0
20190603,57.084,57.338,55.597,55.944,623913,0
20190604,56.668,57.838,56.4,57.828,442155,0
20190605,58.512,58.664,57.868,58.582,261676,0
20190606,58.711,59.316,58.423,59.217,229592,0
20190607,59.484,60.565,59.444,60.238,430357,0
20190610,60.734,61.52,60.704,60.942,438495,0
20190611,61.557,61.599,60.515,60.833,471845,0
20190612,60.635,60.724,60.377,60.525,192077,0
20190613,60.754,60.917,60.55,60.734,281915,0
20190614,60.258,60.386,59.981,60.198,210915,0
20190617,60.248,60.57,60.15,60.308,162146,0
20190618,60.882,61.665,60.744,61.289,387219,0
20190619,61.478,61.755,61.051,61.626,305940,0
20190620,62.549,62.701,61.963,62.469,258638,0
20190621,62.309,62.657,62.131,62.141,150314,0
20190624,62.261,62.354,62.081,62.081,145325,0
20190625,62.081,62.141,60.933,60.967,283853,0
20190626,61.554,62.061,61.554,61.603,152188,0
20190627,61.823,62.012,61.693,61.843,173860,0
20190628,62.021,62.108,61.704,61.941,126642,0
20190701,63.285,63.364,62.629,62.897,420933,0
20190702,62.837,63.085,62.697,63.085,178526,0
20190703,63.195,63.508,63.075,63.503,165299,0
20190705,63.095,63.523,62.787,63.413,212774,0
20190708,62.957,62.997,62.723,62.937,196292,0
20190709,62.657,63.275,62.647,63.205,172064,0
20190710,63.573,64.061,63.483,63.673,203084,0
20190711,63.851,64.126,63.693,63.901,321274,0
20190712,64.08,64.407,64.001,64.389,195369,0
20190715,64.557,64.627,64.409,64.567,161137,0
20190716,64.518,64.557,63.9,64.041,221083,0
20190717,64.071,64.269,63.891,63.891,152121,0
20190718,63.801,64.409,63.73,64.319,158767,0
20190719,64.826,64.855,63.931,63.931,242629,0
20190722,64.179,64.816,64.179,64.657,176195,0
20190723,65.045,65.067,64.533,64.995,223577,0
20190724,64.955,65.671,64.955,65.671,151880,0
20190725,65.493,65.562,65.043,65.174,247925,0
20190726,65.443,65.706,65.413,65.622,189565,0
20190729,65.642,65.677,64.955,65.493,212810,0
20190730,65.015,65.385,64.905,65.095,159113,0
20190731,65.473,65.532,63.543,64.179,485805,0
20190801,64.309,65.602,63.523,63.861,514582,0
20190802,63.325,63.325,62.161,62.619,537786,0
20190805,61.037,61.345,59.565,60.062,956431,0
20190806,60.828,61.196,60.321,60.987,411735,0
20190807,60.261,61.505,59.993,61.335,430694,0
20190808,61.843,62.947,61.733,62.947,424289,0
20190809,62.589,62.687,61.753,62.161,333278,0
20190812,61.783,61.923,61.136,61.385,193959,0
20190813,61.315,63.055,61.235,62.797,663133,0
20190814,61.663,61.883,60.729,60.917,682788,0
20190815,60.967,61.057,60.281,60.788,284771,0
20190816,61.375,62.041,61.375,61.892,251482,0
20190819,62.767,63.006,62.499,62.747,369128,0
20190820,62.697,62.996,62.429,62.469,232425,0
20190821,63.115,63.413,62.987,63.235,186124,0
20190822,63.403,63.523,62.55,63.085,200258,0
20190823,62.767,63.331,60.877,61.107,488790,0
20190826,61.853,61.94,61.355,61.813,235973,0
20190827,62.27,62.359,61.375,61.703,206849,0
20190828,61.405,61.803,60.959,61.753,151725,0
20190829,62.559,62.992,62.28,62.797,263097,0
20190830,63.215,63.287,62.359,62.727,218290,0
20190903,62.27,62.509,61.773,62.031,258686,0
20190904,62.639,63.055,62.622,63.035,142730,0
20190905,63.861,64.577,63.841,64.339,289334,0
20190906,64.458,64.518,64.12,64.219,243317,0
20190909,64.567,64.567,63.384,63.771,225694,0
20190910,63.403,63.423,62.687,63.423,220898,0
20190911,63.673,64.13,63.493,64.13,170153,0
20190912,64.508,64.935,64.179,64.428,361439,0
20190913,64.329,64.329,63.891,63.971,167187,0
20190916,63.473,64.027,63.433,63.911,172415,0
20190917,63.921,64.14,63.801,64.12,124647,0
20190918,64.071,64.175,63.305,64.12,182067,0
20190919,64.319,64.826,64.174,64.249,253680,0
20190920,64.479,64.479,63.362,63.601,239964,0
20190923,63.571,63.922,63.4,63.721,145534,0
20190924,64.11,64.359,62.783,63.052,324223,0
20190925,62.953,63.95,62.364,63.77,176141,0
20190926,63.741,64.032,63.372,63.79,105173,0
20190927,63.96,63.96,62.444,62.903,208826,0
20190930,63.162,63.726,62.983,63.601,232496,0
20191001,63.88,64.284,62.943,63.022,245530,0
20191002,62.594,62.594,61.387,61.816,323051,0
20191003,61.836,62.663,61.08,62.663,430758,0
20191004,63.032,63.77,63.032,63.701,158664,0
20191007,63.541,63.98,63.421,63.501,149021,0
20191008,63.062,63.322,62.264,62.264,218790,0
20191009,62.903,63.382,62.813,63.152,168692,0
20191010,63.142,63.79,63.043,63.501,197459,0
20191011,64.309,65.027,64.179,64.449,412327,0
20191014,64.449,64.678,64.39,64.429,216028,0
20191015,64.708,65.286,64.676,65.147,172332,0
20191016,64.718,64.718,64.309,64.558,127576,0
20191017,64.848,64.949,64.179,64.489,162443,0
20191018,64.429,64.453,63.352,63.78,160371,0
20191021,64.179,64.499,63.98,64.459,204400,0
20191022,64.628,64.808,63.571,63.611,135754,0
20191023,63.411,63.731,63.272,63.671,123258,0
20191024,64.329,64.659,64.179,64.628,195619,0
20191025,64.628,65.446,64.618,65.406,178553,0
20191028,65.835,66.224,65.825,66.164,280009,0
20191029,66.144,66.241,65.636,65.655,217901,0
20191030,65.845,66.124,65.426,66.074,142613,0
20191031,66.154,66.174,65.576,65.955,331775,0
20191101,66.274,66.822,66.114,66.822,256805,0
20191104,67.381,67.421,67.042,67.181,267173,0
20191105,67.381,67.381,66.882,67.112,310645,0
20191106,67.112,67.142,66.715,67.062,629157,0
20191107,67.501,67.935,67.371,67.57,332757,0
20191108,67.391,67.939,67.122,67.939,235547,0
20191111,67.6,68.079,67.451,68.009,201502,0
20191112,68.109,68.458,67.969,68.219,185857,0
20191113,68.049,68.403,67.949,68.378,195229,0
20191114,68.119,68.318,67.939,68.279,166929,0
20191115,68.707,68.857,68.554,68.857,244886,0
20191118,68.857,69.146,68.578,69.027,255241,0
20191119,69.286,69.425,68.957,69.246,185954,0
20191120,69.116,69.316,68.328,68.887,310025,0
20191121,68.817,68.817,68.381,68.508,151292,0
20191122,68.727,68.827,68.207,68.498,153305,0
20191125,68.787,69.505,68.618,69.465,242790,0
20191126,69.555,69.711,69.445,69.535,192654,0
20191127,69.755,69.953,69.583,69.924,260201,0
20191129,69.785,69.879,69.635,69.705,85382,0
20191202,69.785,69.785,68.398,68.697,323100,0
20191203,67.511,68.139,67.271,68.109,317659,0
20191204,68.528,68.588,68.273,68.318,176489,0
20191205,68.588,68.638,68.269,68.578,142295,0
20191206,69.116,69.346,69.018,69.306,322733,0
20191209,69.216,69.366,68.917,68.957,197333,0
20191210,69.046,69.256,68.797,68.957,172129,0
20191211,69.116,69.415,68.975,69.336,162355,0
20191212,69.226,70.144,69.066,70.054,246083,0
20191213,70.074,70.682,69.864,70.533,338025,0
20191216,71.041,71.41,71.041,71.131,299923,0
20191217,71.281,71.281,70.892,71.041,197399,0
20191218,71.111,71.271,70.971,71.041,199320,0
20191219,71.051,71.51,71.051,71.48,172199,0
20191220,71.91,71.99,71.7527,71.92,287779,0
20191223,72.16,72.29,72.01,72.15,315907,0
20191224,72.23,72.25,71.96,72.15,169294,0
20191226,72.31,72.7,72.25,72.7,167269,0
20191227,72.97,72.97,72.4751,72.64,233817,0
20191230,72.64,72.65,71.6301,72.24,378754,0
20191231,71.97,72.5,71.86,72.48,306281,0
20200102,73.11,73.79,72.92,73.79,661372,0
20200103,72.81,73.49,72.6,73.08,501294,0
20200106,72.34,73.27,72.18,73.23,717636,0
20200107,73.33,73.54,73.1,73.2,407408,0
20200108,73.24,74.3079,73.1929,73.99,386226,0
20200109,74.64,74.85,74.29,74.83,478886,0
20200110,75.13,75.23,74.54,74.69,509337,0
20200113,75.03,75.71,74.9792,75.71,454902,0
20200114,75.75,75.7924,75.2,75.3,442840,0
20200115,75.35,75.75,75.13,75.33,436717,0
20200116,75.85,76.39,75.76,76.39,432733,0
20200117,76.74,76.8599,76.2999,76.82,506772,0
20200121,76.63,77.16,76.5,76.74,500752,0
20200122,77.27,77.55,76.95,77.03,514435,0
20200123,77.15,77.3999,76.75,77.39,319491,0
