Date,Open,High,Low,Close,Volume,OpenInt
20150604,21.219,21.219,21.219,21.219,100,0
20150609,21.219,21.219,21.219,21.219,1,0
20150612,21.662,21.662,21.662,21.662,100,0
20150615,21.345,21.345,21.345,21.345,100,0
20150616,21.288,21.288,21.288,21.288,251,0
20150617,21.425,21.425,21.425,21.425,452,0
20150619,21.247,21.247,21.247,21.247,100,0
20150624,21.326,21.326,21.326,21.326,100,0
20150629,21.228,21.228,21.219,21.219,3123,0
20150707,21.218,21.218,21.218,21.218,100,0
20150708,21.218,21.218,21.218,21.218,100,0
20150709,21.218,21.218,21.218,21.218,100,0
20150714,21.218,21.218,21.218,21.218,20,0
20150715,21.071,21.071,21.022,21.022,1151,0
20150716,21.022,21.022,21.022,21.022,100,0
20150722,21.159,21.159,21.159,21.159,351,0
20150723,21.159,21.159,21.159,21.159,100,0
20150806,21.157,21.157,21.157,21.157,2,0
20150807,21.26,21.26,21.26,21.26,100,0
20150811,21.26,21.26,21.26,21.26,1,0
20150814,20.8,20.8,20.8,20.8,100,0
20150824,20.739,20.739,20.732,20.732,450,0
20150904,20.73,20.73,20.73,20.73,100,0
20150910,20.92,20.92,20.92,20.92,449,0
20150911,20.92,20.92,20.92,20.92,449,0
20150914,20.895,20.92,20.895,20.92,449,0
20150915,20.876,20.876,20.868,20.868,696,0
20150916,20.928,20.937,20.928,20.937,248,0
20150918,20.945,20.945,20.937,20.937,248,0
20150921,20.92,20.92,20.92,20.92,449,0
20150923,20.886,20.928,20.876,20.901,36715,0
20150924,20.911,20.911,20.844,20.844,26351,0
20150925,20.808,20.834,20.808,20.824,915,0
20150928,20.789,20.789,20.746,20.746,1443,0
20150929,20.677,20.677,20.677,20.677,349,0
20150930,20.677,20.722,20.658,20.722,1373,0
20151001,20.621,20.693,20.613,20.613,1715,0
20151002,20.613,20.613,20.613,20.613,100,0
20151005,20.588,20.637,20.588,20.637,300,0
20151006,20.637,20.637,20.637,20.637,247,0
20151007,20.744,20.744,20.737,20.737,348,0
20151008,20.787,20.806,20.787,20.806,1142,0
20151009,20.806,20.806,20.806,20.806,100,0
20151012,20.737,20.737,20.737,20.737,138,0
20151013,20.842,20.851,20.814,20.814,1037,0
20151014,20.778,20.814,20.778,20.814,448,0
20151015,20.753,20.778,20.753,20.778,1826,0
20151016,20.763,20.851,20.763,20.851,913,0
20151019,20.796,20.919,20.796,20.919,2292,0
20151021,20.866,20.951,20.866,20.951,694,0
20151022,20.899,20.899,20.884,20.884,1142,0
20151023,20.951,21.117,20.875,20.875,1142,0
20151026,20.875,20.875,20.875,20.875,100,0
20151027,21.043,21.111,20.97,20.97,570,0
20151028,20.899,21.035,20.899,21.035,1826,0
20151029,21.018,21.018,20.999,20.999,247,0
20151030,21.111,21.111,20.98,20.98,2058,0
20151102,21.101,21.101,20.898,20.898,1264,0
20151103,21.033,21.075,21.033,21.041,1255,0
20151104,20.987,21.068,20.987,21.068,585,0
20151105,21.092,21.117,21.092,21.092,1367,0
20151106,20.978,21.033,20.978,20.978,9924,0
20151109,21.146,21.188,21.146,21.188,549,0
20151110,21.232,21.25,21.232,21.25,1598,0
20151111,21.207,21.207,21.207,21.207,692,0
20151112,21.26,21.302,21.171,21.197,6047,0
20151113,21.242,21.242,21.171,21.171,246,0
20151116,21.178,21.242,21.146,21.215,2850,0
20151117,21.164,21.215,21.164,21.215,1821,0
20151118,21.164,21.242,21.146,21.146,793,0
20151119,21.276,21.285,21.188,21.276,793,0
20151120,21.223,21.223,21.223,21.223,347,0
20151123,21.154,21.25,21.154,21.25,910,0
20151124,21.197,21.197,21.197,21.197,1033,0
20151125,21.26,21.269,21.223,21.26,3080,0
20151127,21.232,21.269,21.232,21.269,2053,0
20151130,21.269,21.302,21.269,21.302,3193,0
20151201,21.26,21.26,21.146,21.146,651,0
20151202,21.016,21.016,21.016,21.016,690,0
20151203,20.934,20.934,20.917,20.934,1822,0
20151204,21.171,21.171,21.171,21.171,1033,0
20151207,21.068,21.178,21.068,21.178,1821,0
20151208,21.178,21.178,21.178,21.178,373,0
20151209,21.049,21.049,21.033,21.033,910,0
20151210,21.223,21.223,21.041,21.059,1255,0
20151211,21.007,21.033,21.007,21.007,1944,0
20151214,20.926,20.934,20.926,20.934,542,0
20151215,21.016,21.033,20.959,20.959,1255,0
20151216,21.111,21.111,20.849,21.016,1033,0
20151217,20.987,21.084,20.83,20.898,4562,0
20151218,20.978,20.978,20.968,20.968,347,0
20151221,20.898,20.898,20.82,20.82,347,0
20151222,20.907,21.075,20.907,20.917,2171,0
20151223,20.943,20.943,20.943,20.943,246,0
20151224,20.917,20.917,20.83,20.83,1592,0
20151228,20.924,20.924,20.924,20.924,483,0
20151230,20.949,20.957,20.924,20.928,2665,0
20151231,21.039,21.039,21.039,21.039,655,0
20160104,20.942,20.942,20.942,20.942,275,0
20160105,20.931,20.931,20.931,20.931,138,0
20160106,20.949,20.957,20.931,20.931,1409,0
20160107,20.897,20.897,20.811,20.811,716,0
20160108,20.801,20.801,20.801,20.801,240,0
20160111,21.014,21.024,20.582,20.582,1046,0
20160112,20.862,20.897,20.862,20.897,744,0
20160113,20.707,20.707,20.623,20.707,1551,0
20160114,20.714,20.949,20.714,20.949,1704,0
20160115,20.582,20.582,20.582,20.582,623,0
20160119,20.432,20.432,20.423,20.423,907,0
20160120,20.467,20.492,20.213,20.213,1091,0
20160121,20.265,20.265,20.238,20.238,688,0
20160122,20.707,20.811,20.283,20.801,3362,0
20160125,20.862,20.862,20.247,20.247,1291,0
20160126,20.152,20.352,20.152,20.352,465,0
20160127,20.283,20.324,20.221,20.221,648,0
20160128,20.291,20.291,20.291,20.291,338,0
20160129,20.116,20.256,20.108,20.108,1435,0
20160201,20.087,20.238,20.087,20.176,7276,0
20160202,20.211,20.313,20.211,20.304,2386,0
20160203,20.177,20.177,20.177,20.177,879,0
20160204,20.096,20.096,20.096,20.096,280,0
20160205,20.003,20.37,20.003,20.37,4783,0
20160208,20.219,20.219,19.954,19.954,2273,0
20160210,20.012,20.313,19.876,20.313,904,0
20160211,19.834,19.834,19.834,19.834,279,0
20160212,20.229,20.229,20.229,20.229,344,0
20160216,19.843,19.843,19.843,19.843,291,0
20160217,19.779,19.816,19.779,19.816,385,0
20160218,19.918,19.918,19.918,19.918,125,0
20160219,19.986,20.43,19.986,20.068,1090,0
20160222,20.042,20.042,20.042,20.042,268,0
20160223,20.087,20.087,20.087,20.087,332,0
20160224,20.077,20.077,20.051,20.051,2247,0
20160225,20.114,20.131,20.112,20.112,1047,0
20160226,20.131,20.14,20.131,20.14,2484,0
20160229,20.167,20.211,20.159,20.159,571,0
20160301,20.183,20.183,20.129,20.14,835,0
20160302,20.303,20.303,20.274,20.274,1456,0
20160303,20.369,20.403,20.369,20.403,771,0
20160304,20.335,20.369,20.335,20.369,1350,0
20160307,20.385,20.385,20.385,20.385,231,0
20160308,20.518,20.518,20.466,20.466,628,0
20160309,20.639,20.639,20.448,20.448,2965,0
20160310,20.533,20.599,20.533,20.533,1990,0
20160311,20.599,20.678,20.599,20.608,3614,0
20160314,20.696,20.713,20.696,20.713,3604,0
20160315,20.723,20.782,20.723,20.782,1170,0
20160316,20.782,20.853,20.782,20.853,3917,0
20160317,20.847,20.847,20.847,20.847,229,0
20160318,20.853,20.933,20.853,20.916,973,0
20160321,20.95,21.092,20.925,21.084,1606,0
20160322,21.136,21.146,20.946,21.126,2123,0
20160323,21.015,21.179,20.925,21.179,1355,0
20160328,20.847,20.853,20.847,20.853,540,0
20160329,21.129,21.164,21.129,21.164,310,0
20160330,20.977,21.154,20.977,21.154,529,0
20160331,21.179,21.179,21.179,21.179,610,0
20160401,21.115,21.115,21.115,21.115,900,0
20160404,21.195,21.195,20.876,20.876,460,0
20160408,21.03,21.744,21.03,21.744,1911,0
20160411,20.983,20.983,20.983,20.983,420,0
20160412,20.983,20.983,20.983,20.983,291,0
20160413,20.762,21.021,20.762,21.021,1078,0
20160414,21.038,21.038,21.038,21.038,515,0
20160415,21.089,21.089,21.031,21.089,1660,0
20160418,21.097,21.097,21.097,21.097,309,0
20160419,21.073,21.073,21.073,21.073,374,0
20160420,21.185,21.185,21.08,21.08,631,0
20160421,21.275,22.101,21.221,21.311,41904,0
20160422,21.321,21.432,21.221,21.432,4050,0
20160425,21.356,21.356,21.285,21.356,772,0
20160426,21.356,21.356,21.356,21.356,1686,0
20160427,21.394,21.402,21.276,21.276,3822,0
20160428,21.364,21.461,21.364,21.461,3066,0
20160502,21.21,21.21,21.2,21.2,611,0
20160503,21.39,21.39,21.39,21.39,520,0
20160506,21.254,21.254,21.254,21.254,219,0
20160509,21.225,21.225,21.225,21.225,369,0
20160510,21.18,21.18,21.18,21.18,151,0
20160511,21.093,21.19,21.093,21.19,766,0
20160512,21.085,21.085,21.085,21.085,874,0
20160513,21.19,21.19,21.016,21.016,4767,0
20160516,21.165,21.165,21.068,21.068,1512,0
20160517,21.173,21.173,21.075,21.075,938,0
20160518,21.059,21.059,21.059,21.059,122,0
20160519,21.173,21.317,21.085,21.085,4832,0
20160520,21.068,21.068,21.068,21.068,659,0
20160523,21.155,21.155,21.059,21.059,581,0
20160524,21.041,21.049,21.041,21.041,443,0
20160525,21.068,21.068,21.068,21.068,133,0
20160526,21.173,21.173,21.173,21.173,102,0
20160527,21.117,21.117,21.117,21.117,102,0
20160601,21.013,21.013,21.003,21.003,2128,0
20160607,21.17,21.17,21.073,21.161,2589,0
20160608,21.177,21.196,21.098,21.098,648,0
20160609,21.222,21.241,21.168,21.241,465,0
20160610,21.152,21.152,21.046,21.046,446,0
20160613,21.046,21.046,21.046,21.046,0,0
20160614,20.91,21.013,20.91,20.993,1297,0
20160615,21.089,21.089,21.089,21.089,253,0
20160616,20.964,20.974,20.875,20.875,2508,0
20160617,20.875,20.875,20.875,20.875,0,0
20160620,20.939,20.983,20.939,20.983,5025,0
20160621,20.983,20.983,20.983,20.983,0,0
20160622,21.046,21.046,21.046,21.046,263,0
20160623,21.17,21.17,21.081,21.081,790,0
20160624,21.064,21.064,20.998,21.013,1218,0
20160627,21.097,21.097,21.097,21.097,312,0
20160628,20.91,20.939,20.91,20.929,2232,0
20160629,20.929,20.929,20.929,20.929,0,0
20160630,20.92,20.92,20.92,20.92,128,0
20160701,20.898,20.898,20.889,20.889,1171,0
20160705,20.889,20.889,20.889,20.889,0,0
20160706,21.13,21.149,21.018,21.149,2185,0
20160707,21.149,21.149,21.149,21.149,0,0
20160708,21.028,21.028,21.028,21.028,246,0
20160711,21.284,21.284,21.284,21.284,290,0
20160712,21.14,21.14,21.14,21.14,431,0
20160713,21.285,21.285,21.14,21.14,1836,0
20160714,21.096,21.12,21.096,21.12,428,0
20160715,21.219,21.219,21.219,21.219,101,0
20160718,21.443,21.443,21.238,21.238,1266,0
20160719,21.253,21.253,21.249,21.249,708,0
20160720,21.364,21.364,21.364,21.364,408,0
20160721,21.364,21.384,21.364,21.374,1328,0
20160722,21.384,21.384,21.364,21.364,2054,0
20160725,21.401,21.401,21.401,21.401,337,0
20160726,21.331,21.331,21.331,21.331,252,0
20160727,21.284,21.284,21.284,21.284,102,0
20160728,21.267,21.267,21.267,21.267,536,0
20160729,21.228,21.228,21.212,21.219,3247,0
20160801,21.209,21.209,21.209,21.209,298,0
20160802,21.163,21.163,21.163,21.163,919,0
20160803,21.153,21.153,21.153,21.153,229,0
20160804,21.145,21.149,21.125,21.149,1125,0
20160805,21.149,21.149,21.149,21.149,0,0
20160808,21.279,21.279,21.279,21.279,337,0
20160809,21.279,21.279,21.279,21.279,0,0
20160810,21.243,21.296,21.233,21.233,490,0
20160811,21.271,21.271,21.271,21.271,203,0
20160812,21.335,21.335,21.296,21.314,862,0
20160815,21.379,21.379,21.372,21.372,1487,0
20160816,21.415,21.415,21.415,21.415,763,0
20160817,21.487,21.487,21.379,21.379,748,0
20160818,21.379,21.379,21.379,21.379,339,0
20160819,21.457,21.457,21.457,21.457,267,0
20160822,21.439,21.439,21.439,21.439,1156,0
20160823,21.502,21.511,21.458,21.511,1389,0
20160824,21.448,21.448,21.448,21.448,384,0
20160825,21.448,21.448,21.448,21.448,0,0
20160826,21.534,21.534,21.534,21.534,242,0
20160829,21.495,21.495,21.495,21.495,278,0
20160830,21.495,21.495,21.495,21.495,0,0
20160831,21.547,21.547,21.316,21.316,3771,0
20160901,21.524,21.552,21.491,21.491,489,0
20160902,21.491,21.491,21.491,21.491,0,0
20160906,21.579,21.579,21.515,21.515,291,0
20160907,21.515,21.515,21.515,21.515,0,0
20160908,21.473,21.515,21.312,21.424,1373,0
20160909,21.434,21.434,21.434,21.434,251,0
20160912,21.515,21.515,21.515,21.515,237,0
20160913,21.515,21.515,21.515,21.515,0,0
20160914,21.515,21.515,21.515,21.515,0,0
20160915,21.515,21.515,21.515,21.515,0,0
20160916,21.515,21.515,21.515,21.515,0,0
20160919,21.394,21.394,21.394,21.394,284,0
20160920,21.41,21.41,21.41,21.41,736,0
20160921,21.41,21.41,21.41,21.41,0,0
20160922,21.473,21.473,21.473,21.473,204,0
20160923,21.473,21.473,21.473,21.473,0,0
20160926,21.644,21.644,21.463,21.544,2067,0
20160927,21.644,21.644,21.463,21.463,1140,0
20160928,21.515,21.515,21.463,21.463,394,0
20160929,21.506,21.506,21.506,21.506,500,0
20160930,21.41,21.41,21.292,21.292,2400,0
20161003,21.529,21.529,21.529,21.529,375,0
20161004,21.42,21.487,21.42,21.42,1889,0
20161005,21.468,21.468,21.468,21.468,153,0
20161006,21.478,21.72,21.478,21.72,1062,0
20161007,21.704,21.704,21.64,21.64,1715,0
20161010,21.756,21.756,21.712,21.712,2051,0
20161011,21.584,21.584,21.584,21.584,407,0
20161012,21.612,21.652,21.612,21.641,714,0
20161013,21.675,21.675,21.675,21.675,238,0
20161014,21.667,21.667,21.612,21.612,584,0
20161017,21.675,21.675,21.631,21.631,526,0
20161018,21.685,21.685,21.64,21.64,468,0
20161019,21.64,21.64,21.64,21.64,0,0
20161020,21.681,21.681,21.667,21.667,733,0
20161021,21.704,21.704,21.704,21.704,701,0
20161024,21.685,21.685,21.443,21.443,2943,0
20161025,21.675,21.675,21.667,21.667,4911,0
20161026,21.667,21.667,21.575,21.586,1254,0
20161027,21.63,21.63,21.63,21.63,599,0
20161028,21.64,21.828,21.621,21.658,2689,0
20161031,20.45,21.601,20.45,21.601,1177,0
20161101,21.579,21.579,21.579,21.579,257,0
20161102,21.579,21.579,21.579,21.579,0,0
20161103,21.473,21.473,21.402,21.402,950,0
20161104,21.515,21.524,21.482,21.482,1548,0
20161107,21.417,21.417,21.402,21.402,1833,0
20161108,21.515,21.771,21.424,21.473,3592,0
20161109,21.364,21.364,21.169,21.169,2848,0
20161110,21.761,21.761,21.681,21.681,1262,0
20161111,21.663,21.781,21.579,21.781,4151,0
20161114,21.812,21.812,21.812,21.812,797,0
20161115,21.87,21.87,21.726,21.726,1150,0
20161116,21.906,21.906,21.781,21.781,3535,0
20161117,21.7,21.7,21.654,21.654,838,0
20161118,21.662,21.781,21.56,21.781,4682,0
20161121,21.781,21.781,21.781,21.781,0,0
20161122,21.79,21.8,21.743,21.8,1863,0
20161123,21.79,21.897,21.524,21.524,997,0
20161125,21.96,21.96,21.809,21.924,1416,0
20161128,21.879,21.879,21.879,21.879,616,0
20161129,21.809,21.809,21.682,21.682,2794,0
20161130,21.656,21.733,21.656,21.733,726,0
20161201,21.626,21.661,21.569,21.569,4705,0
20161202,21.825,21.992,21.825,21.992,344,0
20161205,21.992,21.992,21.992,21.992,0,0
20161206,21.79,21.941,21.79,21.92,1795,0
20161207,21.969,22.005,21.969,22.005,350,0
20161208,21.976,21.977,21.801,21.801,1697,0
20161209,21.96,21.96,21.716,21.888,13772,0
20161212,21.941,21.986,21.897,21.897,1063,0
20161213,21.969,21.969,21.96,21.96,797,0
20161214,22.061,22.061,21.879,21.95,1379,0
20161215,21.924,21.924,21.809,21.809,583,0
20161216,21.977,21.977,21.817,21.817,535,0
20161219,21.999,21.999,21.999,21.999,290,0
20161220,22.061,22.061,21.96,21.969,1156,0
20161221,22.032,22.151,22.032,22.151,1615,0
20161222,21.862,21.96,21.852,21.96,1117,0
20161223,22.014,22.108,21.969,22.014,3734,0
20161227,21.855,21.917,21.855,21.917,415,0
20161228,22.014,22.067,21.936,22.049,1122,0
20161229,22.005,22.005,22.005,22.005,202,0
20161230,22.005,22.005,22.005,22.005,76,0
20170103,21.998,22.009,21.9,22.008,1107,0
20170104,21.989,22.019,21.9,22.019,779,0
20170105,22.092,22.092,22.092,22.092,289,0
20170106,22.092,22.092,22.092,22.092,0,0
20170109,21.999,21.999,21.999,21.999,815,0
20170110,21.958,21.958,21.917,21.917,619,0
20170111,21.982,21.982,21.982,21.982,309,0
20170112,22.081,22.092,22.081,22.092,367,0
20170113,21.855,21.855,21.855,21.855,270,0
20170117,22.102,22.102,21.999,21.999,748,0
20170118,22.12,22.228,21.936,21.936,1610,0
20170119,21.882,21.882,21.774,21.774,1062,0
20170120,21.963,21.963,21.963,21.963,245,0
20170123,22.012,22.062,21.999,22.017,1357,0
20170124,21.812,21.817,21.803,21.817,540,0
20170125,21.95,21.95,21.827,21.827,887,0
20170126,21.917,22.062,21.835,22.062,1792,0
20170127,22.082,22.082,22.082,22.082,881,0
20170130,22.064,22.064,21.936,21.936,1730,0
20170131,22.082,22.082,21.913,21.98,2462,0
20170201,21.981,21.981,21.883,21.909,2006,0
20170202,21.959,21.959,21.959,21.959,239,0
20170203,21.846,21.846,21.846,21.846,326,0
20170206,22.029,22.029,22.029,22.029,215,0
20170207,21.993,22.013,21.909,21.937,1427,0
20170208,22.045,22.065,21.954,22.057,1789,0
20170209,21.765,21.765,21.765,21.765,596,0
20170210,21.918,21.918,21.856,21.856,1034,0
20170213,21.856,21.856,21.856,21.856,0,0
20170214,21.915,21.915,21.846,21.846,385,0
20170215,21.972,22.084,21.874,21.991,2247,0
20170216,22.157,22.157,22.065,22.065,546,0
20170217,22.019,22.019,22.019,22.019,272,0
20170221,22.07,22.07,21.954,22.057,1569,0
20170222,22.048,22.048,22.048,22.048,718,0
20170223,22.082,22.082,22,22.01,763,0
20170224,22.01,22.01,22.01,22.01,0,0
20170227,22.014,22.014,21.937,21.937,830,0
20170228,21.937,21.937,21.937,21.937,0,0
20170301,21.974,21.974,21.974,21.974,298,0
20170302,21.974,21.974,21.974,21.974,0,0
20170303,22.116,22.116,22.116,22.116,347,0
20170306,22.133,22.133,22.132,22.133,1006,0
20170307,22.124,22.124,22.124,22.124,1598,0
20170308,22.021,22.041,22.002,22.041,1022,0
20170309,22.027,22.027,22.027,22.027,249,0
20170310,22.068,22.107,22.002,22.106,1691,0
20170313,22.616,22.616,22.02,22.021,7223,0
20170314,22.117,22.117,22.051,22.117,4074,0
20170315,22.078,22.177,22.078,22.15,2692,0
20170316,21.974,21.974,21.974,21.974,357,0
20170317,21.974,21.974,21.974,21.974,0,0
20170320,22.097,22.097,22.097,22.097,228,0
20170321,22.084,22.107,22.084,22.107,2107,0
20170322,22.107,22.232,22.107,22.197,7914,0
20170323,22.25,22.25,21.974,22.248,11723,0
20170324,22.133,22.133,22.051,22.051,974,0
20170327,22.068,22.068,22.068,22.068,344,0
20170328,22.068,22.068,22.068,22.068,0,0
20170329,22.157,22.173,22.156,22.156,778,0
20170330,22.133,22.133,22.097,22.097,1169,0
20170331,22.134,22.134,22.068,22.078,3020,0
20170403,22.234,22.279,22.234,22.279,2017,0
20170404,22.225,22.225,22.225,22.225,527,0
20170405,22.147,22.147,22.145,22.145,564,0
20170406,22.061,22.165,22.061,22.165,582,0
20170407,22.189,22.189,22.189,22.189,440,0
20170410,22.214,22.238,22.098,22.135,1038,0
20170411,22.305,22.314,22.305,22.305,604,0
20170412,22.215,22.234,22.215,22.234,766,0
20170413,22.224,22.224,22.224,22.224,305,0
20170417,22.234,22.242,22.098,22.098,1432,0
20170418,22.261,22.261,22.145,22.238,2667,0
20170419,22.126,22.126,22.126,22.126,548,0
20170420,22.152,22.152,22.09,22.09,877,0
20170421,22.234,22.234,22.124,22.175,1241,0
20170424,22.135,22.135,22.024,22.024,958,0
20170425,21.957,21.989,21.957,21.989,522,0
20170426,22.197,22.251,22.061,22.215,858,0
20170427,22.251,22.251,22.251,22.251,450,0
20170428,22.234,22.234,22.093,22.1,2835,0
20170501,22.298,22.315,22.153,22.243,1338,0
20170502,22.123,22.123,22.043,22.043,1032,0
20170503,22.089,22.089,22.089,22.089,491,0
20170504,22.046,22.046,22.046,22.046,213,0
20170505,22.099,22.099,22.092,22.092,483,0
20170508,22.136,22.235,22.089,22.134,9177,0
20170509,22.145,22.421,22.117,22.262,30673,0
20170510,22.276,22.383,22.274,22.383,5916,0
20170511,22.374,22.484,22.343,22.484,11339,0
20170512,22.484,22.484,22.335,22.421,9280,0
20170515,22.449,22.449,22.307,22.374,4042,0
20170516,22.458,22.513,22.354,22.511,10895,0
20170517,22.621,22.621,22.441,22.458,23692,0
20170518,22.409,22.441,22.354,22.441,4192,0
20170519,22.392,22.392,22.381,22.381,6508,0
20170522,22.401,22.411,22.384,22.411,1515,0
20170523,22.374,22.401,22.374,22.383,3910,0
20170524,22.411,22.449,22.354,22.413,13819,0
20170525,22.421,22.431,22.379,22.431,1458,0
20170526,22.421,22.421,22.354,22.354,818,0
20170530,22.325,22.493,22.325,22.493,4464,0
20170531,22.402,22.402,22.354,22.354,548,0
20170601,22.435,22.435,22.156,22.156,1852,0
20170602,22.112,22.497,22.112,22.412,4888,0
20170605,22.174,22.358,22.174,22.358,795,0
20170606,22.294,22.294,22.294,22.294,217,0
20170607,22.22,22.22,22.186,22.186,1474,0
20170608,22.247,22.247,22.229,22.229,436,0
20170609,22.211,22.211,22.211,22.211,229,0
20170612,22.247,22.276,22.211,22.247,1089,0
20170613,22.256,22.256,22.157,22.157,1137,0
20170614,22.405,22.405,22.329,22.329,387,0
20170615,22.358,22.358,22.203,22.245,5389,0
20170616,22.302,22.319,22.302,22.319,704,0
20170619,22.256,22.276,22.242,22.256,5640,0
20170620,22.358,22.382,22.338,22.378,3613,0
20170621,22.276,22.294,22.266,22.284,1222,0
20170622,22.319,22.319,22.271,22.271,780,0
20170623,22.294,22.31,22.294,22.31,774,0
20170626,22.358,22.478,22.332,22.348,4289,0
20170627,22.247,22.247,22.148,22.247,3485,0
20170628,22.348,22.348,22.212,22.329,1564,0
20170629,22.31,22.471,22.294,22.468,8098,0
20170630,22.405,22.507,22.405,22.507,753,0
20170703,22.479,22.479,22.463,22.468,1175,0
20170705,22.468,22.468,22.468,22.468,0,0
20170706,22.352,22.387,22.352,22.387,1303,0
20170707,22.406,22.471,22.406,22.471,1161,0
20170710,22.32,22.471,22.32,22.443,2685,0
20170711,22.528,22.562,22.528,22.552,1450,0
20170712,22.552,22.552,22.552,22.552,0,0
20170713,22.463,22.463,22.463,22.463,133,0
20170714,22.562,22.562,22.498,22.543,676,0
20170717,22.543,22.543,22.543,22.543,0,0
20170718,22.601,22.601,22.518,22.578,1125,0
20170719,22.552,22.552,22.543,22.543,668,0
20170720,22.582,22.582,22.582,22.582,152,0
20170721,22.588,22.588,22.588,22.588,404,0
20170724,22.416,22.436,22.416,22.426,2345,0
20170725,22.369,22.453,22.369,22.436,6212,0
20170726,22.562,22.601,22.508,22.582,700,0
20170727,22.582,22.582,22.582,22.582,0,0
20170728,22.543,22.622,22.534,22.622,1171,0
20170731,22.869,22.869,22.479,22.479,689,0
20170801,22.574,22.577,22.574,22.577,1308,0
20170802,22.584,22.584,22.536,22.536,848,0
20170803,22.545,22.545,22.536,22.536,3413,0
20170804,22.304,22.305,22.304,22.304,793,0
20170807,22.393,22.437,22.388,22.437,1829,0
20170808,22.465,22.465,22.312,22.321,3951,0
20170809,22.465,22.465,22.316,22.316,5741,0
20170810,22.296,22.296,22.251,22.251,295,0
20170811,22.231,22.231,22.231,22.231,607,0
20170814,22.14,22.204,22.14,22.192,2794,0
20170815,22.222,22.222,22.204,22.204,756,0
20170816,22.331,22.36,22.249,22.282,2708,0
20170817,22.314,22.314,22.314,22.314,1079,0
20170818,22.268,22.268,22.212,22.212,408,0
20170821,22.277,22.277,22.277,22.277,379,0
20170822,22.148,22.202,22.148,22.202,442,0
20170823,22.37,22.37,22.37,22.37,140,0
20170824,22.268,22.268,22.17,22.17,545,0
20170825,22.222,22.273,22.148,22.244,1388,0
20170828,22.312,22.34,22.251,22.34,1183,0
20170829,22.38,22.38,22.327,22.327,2069,0
20170830,22.268,22.268,22.268,22.268,294,0
20170831,22.268,22.268,22.268,22.268,0,0
20170901,22.141,22.229,22.141,22.229,950,0
20170905,22.342,22.447,22.342,22.447,5206,0
20170906,22.158,22.232,22.148,22.148,483,0
20170907,22.252,22.255,22.25,22.255,766,0
20170908,22.255,22.255,22.255,22.255,0,0
20170911,22.148,22.158,22.148,22.148,4733,0
20170912,22.196,22.223,22.186,22.223,4021,0
20170913,22.223,22.223,22.223,22.223,100,0
20170914,22.782,22.782,22.352,22.372,2150,0
20170915,22.381,22.381,22.381,22.381,185,0
20170918,22.381,22.381,22.381,22.381,0,0
20170919,22.429,22.429,22.36,22.374,1001,0
20170920,22.522,22.576,22.446,22.446,3367,0
20170921,22.526,22.547,22.494,22.495,3357,0
20170922,22.492,22.566,22.492,22.566,2479,0
20170925,22.566,22.566,22.566,22.566,0,0
20170926,22.566,22.566,22.566,22.566,0,0
20170927,22.376,22.429,22.366,22.419,5262,0
20170928,22.566,23.022,22.476,22.54,98252,0
20170929,22.706,22.706,22.706,22.706,126,0
20171002,22.776,22.776,22.747,22.757,1159,0
20171003,22.727,22.727,22.625,22.69,2426,0
20171004,22.737,22.737,22.662,22.662,418,0
20171005,22.699,22.699,22.653,22.653,796,0
20171006,22.757,22.757,22.671,22.671,922,0
20171009,22.794,22.794,22.794,22.794,511,0
20171010,22.757,22.831,22.757,22.775,3385,0
20171011,22.785,22.794,22.785,22.794,441,0
20171012,22.794,22.822,22.718,22.718,3066,0
20171013,22.792,22.831,22.727,22.771,1087,0
20171016,22.718,22.737,22.718,22.737,956,0
20171017,22.725,22.725,22.725,22.725,154,0
20171018,22.7,22.727,22.671,22.68,1489,0
20171019,22.804,22.804,22.747,22.766,823,0
20171020,22.573,22.644,22.573,22.644,5244,0
20171023,22.822,22.822,22.822,22.822,555,0
20171024,22.757,22.757,22.653,22.653,975,0
20171025,22.662,22.662,22.662,22.662,256,0
20171026,22.718,22.774,22.718,22.718,1395,0
20171027,22.804,22.804,22.804,22.804,325,0
20171030,22.804,22.84,22.747,22.747,5158,0
20171031,22.757,22.757,22.757,22.757,432,0
20171101,22.777,22.814,22.777,22.814,3775,0
20171102,22.787,22.787,22.681,22.681,5918,0
20171103,22.758,22.805,22.758,22.805,653,0
20171106,22.728,22.823,22.728,22.823,4936,0
20171107,23.019,23.019,22.654,22.654,7142,0
20171108,22.681,22.681,22.654,22.654,1385,0
20171109,22.551,22.551,22.551,22.551,116,0
20171110,22.551,22.551,22.551,22.551,428,0
20171113,22.631,22.631,22.581,22.581,779,0
20171114,22.626,22.626,22.626,22.626,2207,0
20171115,22.591,22.591,22.542,22.542,2399,0
20171116,22.571,22.591,22.533,22.542,2744,0
20171117,22.591,22.636,22.591,22.636,715,0
20171120,22.626,22.672,22.626,22.668,2740,0
20171121,22.719,22.719,22.636,22.636,1221,0
20171122,22.701,22.728,22.672,22.672,795,0
20171124,22.728,22.728,22.709,22.709,587,0
20171127,22.709,22.709,22.709,22.709,666,0
20171128,22.709,22.709,22.709,22.709,283,0
20171129,22.654,22.654,22.6,22.6,943,0
20171130,22.654,22.654,22.654,22.654,326,0
20171201,22.818,22.923,22.733,22.733,8201,0
20171204,22.733,22.762,22.659,22.667,5104,0
20171205,22.782,22.806,22.782,22.806,2568,0
20171206,22.792,22.818,22.706,22.8,2965,0
20171207,22.818,22.818,22.818,22.818,1411,0
20171208,22.827,22.836,22.778,22.778,1018,0
20171211,22.873,22.873,22.792,22.792,2804,0
20171212,22.706,22.799,22.706,22.799,939,0
20171213,22.818,22.818,22.8,22.818,4682,0
20171214,22.818,22.827,22.818,22.827,9327,0
20171215,22.818,22.818,22.743,22.743,1227,0
20171218,22.787,22.787,22.724,22.724,809,0
20171219,22.762,22.827,22.762,22.827,4728,0
20171220,22.827,22.827,22.743,22.792,2695,0
20171221,22.772,22.951,22.753,22.856,1996,0
20171222,22.901,22.911,22.901,22.911,2448,0
20171226,23.116,23.116,22.881,22.881,1123,0
20171227,22.881,22.931,22.881,22.901,3064,0
20171228,22.779,22.94,22.779,22.789,7771,0
20171229,22.932,22.932,22.932,22.932,174,0
20180102,22.844,22.844,22.697,22.697,752,0
20180103,22.94,22.959,22.921,22.931,4917,0
20180104,22.901,22.901,22.863,22.863,822,0
20180105,22.835,22.835,22.835,22.835,164,0
20180108,22.967,22.977,22.919,22.919,2223,0
20180109,22.881,22.94,22.854,22.901,5338,0
20180110,22.994,22.994,22.949,22.949,527,0
20180111,23.059,23.059,23.013,23.013,998,0
20180112,23.087,23.107,22.972,22.987,876,0
20180116,23.032,23.075,23.032,23.032,2351,0
20180117,23.153,23.153,23.013,23.013,387,0
20180118,22.949,23.05,22.949,22.949,692,0
20180119,22.854,23.078,22.854,22.949,3563,0
20180122,22.967,22.967,22.967,22.967,1129,0
20180123,23.059,23.183,22.949,22.949,4878,0
20180124,23.032,23.068,23.032,23.068,341,0
20180125,23.041,23.137,23.041,23.137,1097,0
20180126,23.087,23.087,22.977,23.078,6200,0
20180129,22.901,22.901,22.901,22.901,340,0
20180130,23.059,23.059,23.055,23.055,459,0
20180131,23.097,23.097,23.097,23.097,450,0
20180201,23.155,23.241,23.099,23.137,4983,0
20180202,23.07,23.117,23.07,23.089,4848,0
20180205,23.193,23.193,23.137,23.137,9065,0
20180206,23.117,23.164,23.043,23.043,4854,0
20180207,22.968,22.968,22.905,22.959,6303,0
20180208,23.142,23.142,23.089,23.094,1010,0
20180209,23.522,23.522,23.015,23.107,4453,0
20180212,22.872,23.109,22.872,23.015,1763,0
20180213,22.979,23.07,22.979,23.07,1107,0
20180214,22.902,22.912,22.694,22.864,2048,0
20180215,22.887,22.887,22.872,22.872,686,0
20180216,22.902,22.902,22.902,22.902,354,0
20180220,22.941,23.307,22.855,22.872,1608,0
20180221,22.981,22.988,22.872,22.988,597,0
20180222,22.945,23.034,22.922,22.94,1339,0
20180223,23.005,23.099,22.988,22.988,1330,0
20180226,22.922,22.922,22.922,22.922,60,0
20180227,22.832,22.832,22.832,22.832,631,0
20180228,23.043,23.052,23.043,23.052,947,0
20180301,23.019,23.131,23.019,23.131,2645,0
20180302,22.829,22.906,22.677,22.906,3986,0
20180305,22.828,22.828,22.734,22.734,532,0
20180306,23.284,23.284,22.849,22.936,2995,0
20180307,22.829,22.926,22.829,22.926,838,0
20180308,22.962,22.963,22.954,22.963,2504,0
20180309,22.859,22.886,22.796,22.886,3482,0
20180312,23.093,23.093,23.093,23.093,253,0
20180313,22.882,22.936,22.882,22.936,953,0
20180314,22.734,23.074,22.734,22.936,20348,0
20180315,23.169,23.169,22.734,22.754,2344,0
20180316,23.121,23.121,22.773,22.829,7092,0
20180319,22.896,22.896,22.886,22.896,1927,0
20180320,22.773,22.839,22.773,22.839,772,0
20180321,22.868,22.868,22.773,22.773,5594,0
20180322,22.982,23.008,22.972,22.982,1843,0
20180323,22.623,22.773,22.623,22.773,2349,0
20180326,22.614,22.614,22.614,22.614,142,0
20180327,22.651,22.801,22.651,22.768,738,0
20180328,22.801,22.801,22.668,22.668,1625,0
20180329,22.669,22.793,22.669,22.793,1171,0
20180402,22.836,22.883,22.836,22.883,555,0
20180403,22.629,22.697,22.61,22.697,2366,0
20180404,22.856,22.856,22.856,22.856,1546,0
20180405,22.741,23.377,22.741,23.081,46703,0
20180406,23.035,23.101,22.98,23.045,3653,0
20180409,23.195,23.195,22.928,22.997,1899,0
20180410,23.054,23.072,23.027,23.072,2845,0
20180411,23.101,23.187,23.045,23.101,22123,0
20180412,23.234,23.273,23.054,23.157,33801,0
20180413,23.036,23.036,23.036,23.036,290,0
20180416,23.111,23.111,23.067,23.067,672,0
20180417,23.129,23.167,23.062,23.157,793,0
20180418,23.091,23.111,23.091,23.102,2013,0
20180419,22.989,22.989,22.903,22.903,308,0
20180420,23.101,23.234,22.903,22.903,1049,0
20180423,23.072,23.072,22.961,22.965,1626,0
20180424,22.965,22.965,22.965,22.965,276,0
20180425,23.007,23.007,22.873,22.873,536,0
20180426,22.961,23.035,22.961,23.035,471,0
20180427,23.045,23.045,22.98,22.98,848,0
20180430,22.997,22.997,22.942,22.942,452,0
20180501,22.764,22.87,22.764,22.776,575,0
20180502,22.899,22.899,22.899,22.899,891,0
20180503,22.832,22.929,22.814,22.814,1542,0
20180504,22.842,22.842,22.842,22.842,432,0
20180507,22.909,22.995,22.822,22.899,2644,0
20180508,22.7,22.813,22.142,22.606,3004,0
20180509,22.794,22.794,22.587,22.587,2831,0
20180510,22.539,23.078,22.539,22.919,5762,0
20180511,22.919,22.919,22.919,22.919,141,0
20180514,22.833,22.987,22.833,22.987,740,0
20180515,22.832,22.832,22.727,22.727,1724,0
20180516,22.939,22.939,22.939,22.939,588,0
20180517,23.078,23.241,22.852,22.852,917,0
20180518,22.958,22.958,22.958,22.958,5453,0
20180521,22.776,22.861,22.68,22.819,1050,0
20180522,22.861,22.861,22.766,22.766,360,0
20180523,22.708,22.909,22.708,22.861,623,0
20180524,22.833,22.899,22.804,22.804,704,0
20180525,22.909,22.909,22.909,22.909,223,0
20180529,22.909,22.909,22.909,22.909,295,0
20180530,22.51,22.635,22.51,22.635,454,0
20180531,22.644,22.644,22.644,22.644,235,0
20180601,22.546,22.546,22.529,22.529,1417,0
20180604,22.851,22.851,22.614,22.841,2674,0
20180605,22.928,22.928,22.688,22.688,1574,0
20180606,22.661,22.661,22.623,22.623,514,0
20180607,22.706,22.706,22.706,22.706,332,0
20180608,22.745,22.745,22.745,22.745,868,0
20180611,22.688,22.706,22.614,22.614,1909,0
20180612,22.735,22.735,22.735,22.735,367,0
20180613,22.755,23.023,22.755,22.812,14035,0
20180614,22.812,22.898,22.803,22.831,2152,0
20180615,22.918,22.924,22.812,22.812,908,0
20180618,22.831,22.928,22.726,22.812,1038,0
20180619,22.86,22.86,22.831,22.831,8824,0
20180620,22.678,22.678,22.678,22.678,389,0
20180621,22.755,22.755,22.755,22.755,744,0
20180622,22.623,22.623,22.623,22.623,426,0
20180625,22.479,22.537,22.402,22.498,2489,0
20180626,22.375,22.422,22.375,22.422,444,0
20180627,22.623,22.623,19.976,22.375,32643,0
20180628,22.28,22.402,22.28,22.402,5900,0
20180629,22.442,22.442,22.442,22.442,326,0
20180702,22.442,22.442,22.432,22.432,592,0
20180703,22.508,22.535,22.508,22.535,972,0
20180705,22.537,22.537,22.345,22.422,1244,0
20180706,22.451,22.451,22.428,22.432,1534,0
20180709,22.422,22.495,22.412,22.412,2280,0
20180710,22.576,22.576,22.508,22.544,3773,0
20180711,22.688,22.688,22.595,22.595,875,0
20180712,22.633,22.642,22.528,22.537,1388,0
20180713,22.595,22.604,22.595,22.604,613,0
20180716,22.614,22.614,22.528,22.528,442,0
20180717,22.62,22.62,22.595,22.595,603,0
20180718,22.669,22.669,22.585,22.585,754,0
20180719,22.669,22.669,22.669,22.669,454,0
20180720,22.669,22.669,22.669,22.669,144,0
20180723,22.585,22.585,22.585,22.585,5498,0
20180724,22.669,22.669,22.669,22.669,152,0
20180725,22.669,22.669,22.664,22.669,726,0
20180726,22.726,22.726,22.669,22.669,4870,0
20180727,22.669,22.669,22.669,22.669,215,0
20180730,22.851,23.023,22.726,23.013,2058,0
20180731,22.888,22.888,22.841,22.842,868,0
20180801,22.842,22.842,22.842,22.842,623,0
20180802,22.87,22.87,22.774,22.798,716,0
20180803,22.669,22.793,22.669,22.764,4694,0
20180806,22.755,22.781,22.661,22.745,1235,0
20180807,22.783,22.783,22.706,22.706,717,0
20180808,22.745,22.745,22.745,22.745,255,0
20180809,22.745,22.745,22.745,22.745,547,0
20180810,22.726,22.726,22.555,22.555,827,0
20180813,22.555,22.555,22.555,22.555,122,0
20180814,22.618,22.618,22.618,22.618,361,0
20180815,22.726,22.727,22.726,22.727,1654,0
20180816,22.716,22.716,22.716,22.716,347,0
20180817,22.735,22.735,22.698,22.698,2442,0
20180820,22.745,22.745,22.745,22.745,973,0
20180821,22.642,22.642,22.642,22.642,536,0
20180822,22.642,22.642,22.642,22.642,223,0
20180823,22.623,22.623,22.623,22.623,291,0
20180824,22.614,22.614,22.614,22.614,294,0
20180827,22.604,22.604,22.595,22.595,474,0
20180828,22.598,22.698,22.575,22.698,2353,0
20180829,22.726,22.726,22.726,22.726,405,0
20180830,22.726,22.726,22.651,22.726,431,0
20180831,22.726,22.726,22.633,22.633,2674,0
20180904,22.641,22.642,22.528,22.642,687,0
20180905,22.726,22.726,22.585,22.585,1662,0
20180906,22.774,22.774,22.537,22.55,1777,0
20180907,22.595,22.651,22.546,22.618,766,0
20180910,22.794,22.794,22.794,22.794,300,0
20180911,22.716,22.716,22.614,22.614,498,0
20180912,22.794,22.794,22.716,22.716,1642,0
20180913,22.794,22.794,22.794,22.794,239,0
20180914,22.698,22.698,22.698,22.698,631,0
20180917,22.764,22.764,22.764,22.764,318,0
20180918,22.764,22.764,22.735,22.764,2510,0
20180919,22.803,22.803,22.755,22.755,710,0
20180920,22.803,22.803,22.774,22.794,2223,0
20180921,22.803,22.803,22.794,22.798,2455,0
20180924,22.813,22.822,22.794,22.817,3081,0
20180925,22.822,22.822,22.822,22.822,491,0
20180926,22.822,22.822,22.706,22.706,1242,0
20180927,22.832,22.832,22.822,22.822,1642,0
20180928,22.832,22.832,22.716,22.716,772,0
20181001,22.832,22.832,22.806,22.827,1436,0
20181002,22.874,22.909,22.803,22.909,1132,0
20181003,22.898,22.909,22.755,22.784,2304,0
20181004,22.899,22.909,22.784,22.784,952,0
20181005,22.909,22.929,22.764,22.872,5550,0
20181008,22.87,22.87,22.87,22.87,248,0
20181009,22.861,22.861,22.861,22.861,179,0
20181010,22.929,22.929,22.774,22.929,1338,0
20181011,22.929,22.929,22.745,22.745,4684,0
20181012,22.861,22.868,22.764,22.764,715,0
20181015,22.837,22.861,22.813,22.846,2205,0
20181016,22.852,22.852,22.822,22.822,1120,0
20181017,22.852,22.87,22.839,22.87,14612,0
20181018,22.794,22.794,22.794,22.794,341,0
20181019,22.852,22.852,22.852,22.852,754,0
20181022,22.784,22.939,22.784,22.784,4244,0
20181023,22.939,22.939,22.939,22.939,555,0
20181024,22.707,22.707,22.707,22.707,280,0
20181025,22.717,22.717,22.717,22.717,299,0
20181026,22.948,22.948,22.66,22.919,1777,0
20181029,22.889,22.889,22.554,22.554,968,0
20181030,22.727,22.803,22.727,22.803,705,0
20181031,22.774,22.87,22.774,22.87,740,0
20181101,22.838,22.838,22.794,22.794,561,0
20181102,22.794,22.794,22.794,22.794,20,0
20181105,22.832,22.832,22.755,22.795,3144,0
20181106,22.764,22.842,22.677,22.842,1469,0
20181107,22.889,22.889,22.813,22.813,2011,0
20181108,22.755,22.764,22.755,22.755,1340,0
20181109,22.899,22.899,22.687,22.786,5172,0
20181112,22.842,22.871,22.842,22.871,527,0
20181113,22.832,22.832,22.832,22.832,366,0
20181114,22.764,22.764,22.764,22.764,6264,0
20181115,22.726,22.735,22.596,22.596,1549,0
20181116,22.649,22.822,22.649,22.789,2020,0
20181119,22.544,22.621,22.371,22.621,29044,0
20181120,22.204,22.668,22.204,22.506,2201,0
20181121,22.52,22.526,22.408,22.408,3158,0
20181123,22.573,22.573,22.496,22.496,415,0
20181126,22.496,22.496,22.496,22.496,262,0
20181127,22.603,22.697,22.573,22.687,1348,0
20181128,22.563,22.563,22.487,22.487,682,0
20181129,22.458,22.458,22.361,22.361,489,0
20181130,22.496,22.496,22.477,22.477,616,0
20181203,22.409,22.487,22.361,22.487,3188,0
20181204,22.448,22.448,22.448,22.448,248,0
20181206,22.458,22.553,22.347,22.535,6023,0
20181207,22.311,22.341,22.311,22.311,1312,0
20181210,22.321,22.321,22.199,22.275,1064,0
20181211,22.331,22.331,22.275,22.302,1642,0
20181212,22.284,22.552,22.284,22.439,4513,0
20181213,22.439,22.439,22.39,22.409,1542,0
20181214,22.487,22.487,22.439,22.458,516,0
20181217,22.463,22.496,22.429,22.463,1105,0
20181218,22.496,22.583,22.496,22.516,3941,0
20181219,22.487,22.583,22.429,22.458,2433,0
20181220,22.583,22.583,22.409,22.458,3327,0
20181221,22.234,22.234,21.743,21.743,1256,0
20181224,21.839,21.839,21.773,21.773,2288,0
20181226,21.83,21.834,21.783,21.812,1928,0
20181227,21.743,21.743,21.645,21.725,942,0
20181228,21.763,21.934,21.606,21.773,5099,0
20181231,21.734,21.734,21.692,21.705,390,0
20190102,21.734,21.734,21.675,21.715,3915,0
20190103,21.734,21.901,21.734,21.864,6155,0
20190104,21.891,21.934,21.675,21.821,2610,0
20190107,21.91,21.91,21.91,21.91,107,0
20190108,21.914,21.914,21.665,21.906,1461,0
20190109,21.685,22.13,21.685,21.919,2642,0
20190110,22.018,22.188,22.018,22.018,1117,0
20190111,22.028,22.198,22.028,22.028,2133,0
20190114,21.887,22.053,21.887,22.053,345,0
20190115,22.178,22.178,22.033,22.111,2228,0
20190116,22.225,22.254,21.964,22.111,4707,0
20190117,22.003,22.003,21.869,21.993,2906,0
20190118,22.063,22.351,22.003,22.178,6708,0
20190122,22.234,22.234,22.141,22.188,414,0
20190123,22.168,22.215,22.168,22.215,1353,0
20190124,22.311,22.311,22.215,22.264,1147,0
20190125,22.331,22.429,22.331,22.331,1307,0
20190128,22.274,22.283,22.023,22.234,2050,0
20190129,22.302,22.373,22.285,22.302,1473,0
20190130,22.225,22.321,22.14,22.274,1602,0
20190131,22.331,22.331,22.234,22.283,563,0
20190201,22.293,22.39,22.198,22.341,1055,0
20190204,22.361,22.399,22.361,22.399,859,0
20190205,22.399,22.419,22.399,22.419,897,0
20190206,22.439,22.778,22.419,22.478,5100,0
20190207,22.419,22.449,22.419,22.449,146,0
20190208,22.431,22.431,22.387,22.387,600,0
20190211,22.409,22.409,22.361,22.385,1401,0
20190212,22.395,22.395,22.395,22.395,85,0
20190213,22.409,22.507,22.409,22.469,1319,0
20190214,22.517,22.527,22.464,22.464,716,0
20190215,22.488,22.536,22.283,22.424,112288,0
20190219,22.488,22.488,22.293,22.39,1011,0
20190220,22.39,22.439,22.39,22.439,407,0
20190221,22.445,22.445,22.429,22.429,280,0
20190222,22.399,22.399,22.399,22.399,29,0
20190225,22.302,22.381,22.283,22.381,1778,0
20190226,22.244,22.469,22.244,22.444,952,0
20190227,22.476,22.476,22.409,22.429,3882,0
20190228,22.429,22.429,22.331,22.39,442,0
20190301,22.469,22.492,22.469,22.492,1107,0
20190304,22.482,22.517,22.482,22.492,913,0
20190305,22.478,22.517,22.478,22.512,2682,0
20190306,22.555,22.555,22.512,22.512,340,0
20190307,22.536,22.536,22.483,22.483,134,0
20190308,22.331,22.555,22.331,22.483,6100,0
20190311,22.542,22.595,22.447,22.488,4267,0
20190312,22.509,22.509,22.478,22.478,1346,0
20190313,22.488,22.53,22.478,22.502,1975,0
20190314,22.439,22.439,22.439,22.439,56,0
20190315,22.527,22.595,22.527,22.528,2818,0
20190318,22.459,22.576,22.459,22.536,840,0
20190319,22.514,22.53,22.514,22.53,358,0
20190320,22.503,22.565,22.503,22.532,11309,0
20190321,22.585,22.585,22.527,22.527,1407,0
20190322,22.502,22.502,22.502,22.502,40,0
20190325,22.614,22.614,22.351,22.351,3268,0
20190326,22.506,22.55,22.506,22.55,3421,0
20190327,22.614,22.614,22.514,22.517,3086,0
20190328,22.187,22.555,22.187,22.522,416,0
20190329,22.531,22.585,22.531,22.545,1555,0
20190401,22.672,22.672,22.595,22.595,357,0
20190402,22.662,22.662,22.555,22.6,1159,0
20190403,22.634,22.634,22.565,22.6,5074,0
20190404,22.672,22.672,22.624,22.624,282,0
20190405,22.619,22.634,22.595,22.619,25290,0
20190408,22.634,22.634,22.595,22.609,1884,0
20190409,22.624,22.926,22.541,22.726,8102,0
20190410,22.644,22.848,22.644,22.74,509,0
20190411,22.77,22.799,22.75,22.799,34876,0
20190412,22.833,22.833,22.833,22.833,105,0
20190415,22.956,22.956,22.867,22.911,1428,0
20190416,22.976,22.976,22.886,22.927,602,0
20190417,22.896,22.941,22.896,22.941,221,0
20190418,22.962,22.962,22.936,22.936,448,0
20190422,22.896,22.896,22.891,22.891,745,0
20190423,22.921,22.921,22.921,22.921,15,0
20190424,22.921,22.921,22.921,22.921,70,0
20190425,22.876,22.921,22.876,22.921,304,0
20190426,22.921,22.966,22.896,22.966,371,0
20190429,23.024,23.024,22.946,22.986,525,0
20190430,23.366,23.366,22.967,22.982,3246,0
20190501,22.986,22.986,22.986,22.986,64,0
20190502,23.14,23.14,23.019,23.019,3127,0
20190503,22.961,22.961,22.961,22.961,14,0
20190506,23.004,23.101,23.004,23.014,656,0
20190507,22.949,22.949,22.944,22.944,329,0
20190508,22.886,22.896,22.789,22.896,402,0
20190509,22.946,22.946,22.901,22.901,715,0
20190510,22.858,22.858,22.858,22.858,83,0
20190513,22.544,22.876,22.544,22.875,3809,0
20190514,22.739,22.792,22.739,22.779,1653,0
20190515,22.72,22.798,22.72,22.764,1804,0
20190516,22.788,22.788,22.788,22.788,46,0
20190517,22.788,22.788,22.788,22.788,385,0
20190520,22.818,22.818,22.784,22.784,683,0
20190521,22.739,22.764,22.739,22.764,114,0
20190522,22.739,22.744,22.643,22.744,904,0
20190523,22.648,22.648,22.648,22.648,53,0
20190524,22.729,22.769,22.729,22.769,532,0
20190528,22.685,22.685,22.685,22.685,229,0
20190529,22.561,22.561,22.561,22.561,270,0
20190530,22.648,22.648,22.648,22.648,254,0
20190531,22.613,22.649,22.613,22.633,846,0
20190603,22.554,22.554,22.554,22.554,420,0
20190604,22.496,22.554,22.406,22.532,1910,0
20190605,22.54,22.544,22.54,22.544,209,0
20190606,22.549,22.6,22.549,22.6,2960,0
20190607,22.554,22.635,22.554,22.633,1060,0
20190610,22.667,22.69,22.613,22.69,572,0
20190611,22.769,22.769,22.698,22.698,221,0
20190612,22.648,22.648,22.648,22.648,11,0
20190613,22.648,22.684,22.526,22.684,2821,0
20190614,22.698,22.698,22.698,22.698,12,0
20190617,22.643,22.662,22.554,22.662,473,0
20190618,22.68,22.685,22.68,22.685,220,0
20190619,22.69,22.69,22.671,22.676,395,0
20190620,22.729,22.819,22.69,22.819,2625,0
20190621,22.864,22.864,22.864,22.864,12,0
20190624,22.877,22.882,22.877,22.882,161,0
20190625,22.839,22.839,22.749,22.819,635,0
20190626,22.873,22.873,22.873,22.873,111,0
20190627,22.877,22.887,22.872,22.872,216,0
20190628,22.907,23.036,22.887,23.036,601,0
20190701,23.082,23.102,23.082,23.102,931,0
20190702,23.087,23.087,23.087,23.087,508,0
20190703,23.142,23.142,23.092,23.092,1002,0
20190705,23.102,23.122,23.063,23.122,649,0
20190708,23.112,23.152,23.087,23.087,1828,0
20190709,23.152,23.152,23.073,23.073,2617,0
20190710,23.115,23.115,23.115,23.115,2,0
20190711,23.087,23.087,23.087,23.087,117,0
20190712,23.097,23.097,23.097,23.097,122,0
20190715,23.075,23.112,23.075,23.112,1020,0
20190716,23.102,23.102,23.102,23.102,46,0
20190717,23.102,23.142,23.1,23.104,1157,0
20190718,23.098,23.098,23.098,23.098,153,0
20190719,23.127,23.127,23.127,23.127,60,0
20190722,23.161,23.161,23.137,23.137,935,0
20190723,23.122,23.177,23.112,23.177,1852,0
20190724,23.191,23.191,23.191,23.191,7,0
20190725,23.261,23.261,23.221,23.221,468,0
20190726,23.201,23.226,23.191,23.226,443,0
20190729,23.201,23.231,23.201,23.231,357,0
20190730,23.211,23.301,23.191,23.245,1452,0
20190731,23.226,23.226,23.226,23.226,7,0
20190801,23.144,23.144,23.144,23.144,183,0
20190802,23.152,23.152,23.073,23.097,459,0
20190805,22.947,22.947,22.947,22.947,22,0
20190806,22.876,22.966,22.876,22.934,384,0
20190807,22.777,22.777,22.777,22.777,65,0
20190808,22.847,22.852,22.847,22.849,642,0
20190809,22.966,22.966,22.857,22.901,417,0
20190812,22.857,22.857,22.857,22.857,4,0
20190813,22.916,22.916,22.855,22.866,466,0
20190814,22.789,22.789,22.789,22.789,70,0
20190815,22.802,22.802,22.802,22.802,4,0
20190816,22.761,22.767,22.747,22.767,3623,0
20190819,22.816,22.816,22.816,22.816,97,0
20190820,22.877,22.877,22.877,22.877,27,0
20190821,22.926,22.926,22.905,22.906,807,0
20190822,22.926,22.962,22.926,22.962,306,0
20190823,22.936,22.986,22.936,22.986,217,0
20190826,22.961,22.961,22.961,22.961,232,0
20190827,23.261,23.261,22.933,22.956,1750,0
20190828,22.901,22.901,22.901,22.901,123,0
20190829,22.886,22.936,22.886,22.936,634,0
20190830,22.896,22.944,22.896,22.944,242,0
20190903,22.922,22.922,22.868,22.868,510,0
20190904,22.88,22.88,22.88,22.88,49,0
20190905,22.909,22.909,22.909,22.909,1,0
20190906,22.957,22.965,22.931,22.931,1943,0
20190909,22.976,22.976,22.929,22.929,102,0
20190910,22.913,22.913,22.913,22.913,36,0
20190911,22.302,23.004,22.302,22.949,1984,0
20190912,23.028,23.028,22.956,22.99,1807,0
20190913,23.043,23.043,23.038,23.038,256,0
20190916,23.004,23.004,23.004,23.004,61,0
20190917,23.063,23.063,22.988,23.029,7124,0
20190918,22.986,23.014,22.986,23.014,662,0
20190919,23.083,23.083,23.015,23.015,101,0
20190920,23.133,23.158,23.133,23.158,142,0
20190923,22.876,23.088,22.876,23.088,348,0
20190924,23.056,23.056,23.053,23.053,248,0
20190925,23.053,23.053,23.006,23.038,686,0
20190926,23.001,23.009,23.001,23.009,138,0
20190927,22.996,22.996,22.996,22.996,101,0
20190930,23.019,23.024,22.956,23.024,497,0
20191001,22.976,23.082,22.976,23.02,1746,0
20191002,22.936,22.936,22.936,22.936,71,0
20191003,22.916,22.916,22.916,22.916,123,0
20191004,22.977,22.986,22.796,22.921,57351,0
20191007,22.876,22.928,22.796,22.928,57949,0
20191008,22.968,22.968,22.916,22.916,120,0
20191009,22.904,22.943,22.904,22.943,859,0
20191010,22.974,22.974,22.966,22.966,1234,0
20191011,23.035,23.035,23.035,23.035,4,0
20191014,23.029,23.029,23.029,23.029,4,0
20191015,23.088,23.093,23.088,23.093,275,0
20191016,23.203,23.203,23.138,23.138,360,0
20191017,23.203,23.203,23.143,23.143,487,0
20191018,23.183,23.193,23.183,23.193,403,0
20191021,23.183,23.183,23.178,23.178,6255,0
20191022,23.313,23.313,23.24,23.24,661,0
20191023,23.163,23.229,23.103,23.229,3387,0
20191024,23.248,23.258,23.248,23.258,109,0
20191025,23.362,23.372,23.233,23.273,3792,0
20191028,23.364,23.364,23.364,23.364,1,0
20191029,23.332,23.332,23.332,23.332,4,0
20191030,23.224,23.308,23.224,23.308,2519,0
20191031,23.244,23.244,23.244,23.244,1,0
20191101,23.289,23.315,23.289,23.315,377,0
20191104,23.31,23.31,23.263,23.298,604,0
20191105,23.338,23.342,23.253,23.342,12628,0
20191106,23.363,23.363,23.363,23.363,5,0
20191107,23.407,23.457,23.405,23.457,1213,0
20191108,23.442,23.442,23.441,23.441,513,0
20191111,23.352,23.362,23.352,23.362,3775,0
20191112,23.362,23.411,23.362,23.411,113,0
20191113,23.427,23.427,23.427,23.427,3,0
20191114,23.392,23.392,23.392,23.392,3,0
20191115,23.397,23.397,23.397,23.397,3,0
20191118,23.441,23.441,23.441,23.441,3,0
20191119,23.441,23.441,23.441,23.441,1,0
20191120,23.401,23.401,23.401,23.401,3,0
20191121,23.386,23.406,23.386,23.406,220,0
20191122,23.367,23.367,23.367,23.367,1,0
20191125,23.461,23.461,23.461,23.461,3,0
20191126,23.469,23.484,23.469,23.484,128,0
20191129,23.523,23.523,23.523,23.523,107,0
20191202,23.586,23.586,23.586,23.586,33,0
20191203,23.471,23.471,23.471,23.471,63,0
20191204,23.518,23.518,23.518,23.518,1,0
20191205,23.574,23.574,23.566,23.566,602,0
20191206,23.616,23.616,23.616,23.616,5,0
20191209,23.66,23.66,23.637,23.637,1605,0
20191210,23.665,23.665,23.631,23.631,166,0
20191211,23.636,23.636,23.636,23.636,28,0
20191212,23.684,23.684,23.684,23.684,2,0
20191213,23.7,23.7,23.7,23.7,2,0
20191216,23.695,23.695,23.695,23.695,18,0
20191217,23.775,23.813,23.775,23.8,1855,0
20191218,23.815,23.815,23.815,23.815,5,0
20191219,23.84,23.84,23.84,23.84,2,0
20191220,23.88,23.88,23.87,23.87,676,0
20191223,23.885,23.885,23.885,23.885,52,0
20191224,23.8807,23.8807,23.8807,23.8807,5,0
20191226,23.89,23.89,23.89,23.89,42,0
20191227,23.9138,23.9205,23.89,23.89,424,0
20191230,23.913,23.913,23.913,23.913,72,0
20191231,23.8935,23.99,23.82,23.9,9660,0
20200102,23.905,23.905,23.905,23.905,4,0
20200103,23.889,23.889,23.8,23.8,1965,0
20200106,23.805,23.805,23.805,23.805,50,0
20200107,23.8501,23.8996,23.8501,23.8996,542,0
20200108,23.905,23.905,23.905,23.905,1,0
20200109,23.9151,23.9151,23.9151,23.9151,2,0
20200110,23.92,23.92,23.92,23.92,2,0
20200113,24.07,24.07,23.895,23.895,1881,0
20200114,23.875,23.875,23.875,23.875,1,0
20200115,23.94,23.94,23.94,23.94,2,0
20200116,23.9499,23.9499,23.9499,23.9499,10,0
20200117,23.9801,24.0757,23.9801,24.055,765,0
20200121,24.01,24.01,24.01,24.01,2,0
20200122,24.0834,24.0834,24.0834,24.0834,2,0
20200123,24.0199,24.0199,23.92,23.9744,1000,0
