Date,Open,High,Low,Close,Volume,OpenInt
20170818,24.66,24.9,24.62,24.85,149973,0
20170821,24.852,24.852,24.69,24.75,365327,0
20170822,24.74,24.87,24.74,24.78,218556,0
20170823,24.75,24.77,24.72,24.75,41581,0
20170824,24.72,24.77,24.64,24.76,55734,0
20170825,24.7,24.8,24.67,24.8,25002,0
20170828,24.8,24.8,24.7,24.73,53007,0
20170829,24.69,24.75,24.67,24.69,39354,0
20170830,24.74,24.779,24.68,24.74,40036,0
20170831,24.74,24.82,24.74,24.77,163145,0
20170901,24.8,24.8,24.72,24.79,24686,0
20170905,24.81,24.81,24.73,24.75,63080,0
20170906,24.74,24.74,24.6282,24.66,70456,0
20170907,24.667,24.7,24.6397,24.665,83762,0
20170908,24.75,24.75,24.5575,24.64,97602,0
20170911,24.73,24.73,24.51,24.54,114086,0
20170912,24.59,24.6,24.41,24.49,143724,0
20170913,24.466,24.48,24.36,24.48,114825,0
20170914,24.46,24.48,24.32,24.4,155319,0
20170915,24.41,24.46,24.37,24.44,100542,0
20170918,24.47,24.511,24.44,24.5,96621,0
20170919,24.52,24.58,24.48,24.58,82061,0
20170920,24.531,24.69,24.53,24.69,87229,0
20170921,24.65,24.79,24.65,24.79,50247,0
20170922,24.78,24.85,24.74,24.83,81811,0
20170925,24.83,24.85,24.73,24.82,55281,0
20170926,24.83,24.94,24.76,24.94,84420,0
20170927,24.88,24.92,24.76,24.89,126923,0
20170928,24.88,24.91,24.75,24.78,94838,0
20170929,24.85,25,24.81,24.96,82778,0
20171002,24.88,24.88,24.77,24.8,45230,0
20171003,24.73,24.84,24.6954,24.79,67780,0
20171004,24.83,24.88,24.75,24.82,71537,0
20171005,24.81,24.89,24.7478,24.83,94711,0
20171006,24.78,24.88,24.6,24.85,86994,0
20171009,24.85,24.9,24.76,24.85,70786,0
20171010,24.889,24.9,24.79,24.9,83785,0
20171011,24.83,24.95,24.83,24.94,107216,0
20171012,24.95,24.95,24.89,24.93,69454,0
20171013,24.95,25.04,24.95,25,94964,0
20171016,25,25.03,24.9,25,178496,0
20171017,24.99,25,24.96,25,109419,0
20171018,24.965,25.05,24.86,24.95,217810,0
20171019,25.03,25.03,24.89,24.93,159765,0
20171020,24.9,24.94,24.78,24.94,930801,0
20171023,24.92,24.92,24.85,24.9,61311,0
20171024,24.92,24.92,24.76,24.82,99554,0
20171025,24.83,24.83,24.62,24.75,116672,0
20171026,24.84,24.85,24.62,24.72,56674,0
20171027,24.78,24.85,24.7693,24.85,43083,0
20171030,24.85,24.85,24.67,24.81,89393,0
20171031,24.85,24.85,24.67,24.84,96466,0
20171101,24.8625,24.89,24.68,24.805,32923,0
20171102,24.89,24.99,24.7605,24.95,32358,0
20171103,24.99,24.99,24.8771,24.95,10390,0
20171106,24.98,25.03,24.79,24.81,89184,0
20171107,24.94,24.94,24.94,24.94,91796,0
20171108,24.9,24.9,24.63,24.63,56152,0
20171109,24.7,24.78,24.7,24.7,57042,0
20171110,24.85,24.9392,24.7828,24.9,49263,0
20171113,24.93,24.93,24.78,24.8497,25509,0
20171114,24.93,24.93,24.79,24.9,47907,0
20171115,24.97,24.97,24.85,24.92,60856,0
20171116,24.99,24.99,24.8501,24.9,46426,0
20171117,24.99,24.99,24.7601,24.87,69949,0
20171120,24.95,24.95,24.77,24.77,59116,0
20171121,24.4,24.89,24.4,24.84,94747,0
20171122,25.99,25.99,24.85,24.89,42011,0
20171124,24.92,24.92,24.8504,24.9,4230,0
20171127,24.93,24.95,24.8207,24.9,48608,0
20171128,24.9,24.99,24.75,24.81,65574,0
20171129,24.8,24.89,24.7,24.86,149905,0
20171130,24.88,24.9,24.75,24.77,40325,0
20171201,24.739,24.97,24.69,24.7,46535,0
20171204,24.72,24.99,24.72,24.8,153814,0
20171205,24.96,24.96,24.8,24.9399,54137,0
20171206,24.82,24.99,24.82,24.9,69807,0
20171207,24.9,24.9008,24.8,24.8,57208,0
20171208,24.89,24.9388,24.8,24.83,58488,0
20171211,24.82,24.8822,24.7201,24.762,91851,0
20171212,24.77,24.8,24.65,24.8,158076,0
20171213,24.8,24.8,24.665,24.68,62904,0
20171214,24.68,24.75,24.56,24.63,67372,0
20171215,24.65,24.82,24.61,24.82,64451,0
20171218,24.81,24.94,24.7807,24.84,45668,0
20171219,24.92,24.95,24.6793,24.86,76187,0
20171220,24.87,24.87,24.71,24.75,86724,0
20171221,24.81,24.87,24.75,24.75,63844,0
20171222,24.75,24.8499,24.611,24.81,31100,0
20171226,24.87,24.87,24.75,24.8,35972,0
20171227,24.84,24.95,24.71,24.95,57841,0
20171228,24.95,24.99,24.9008,24.99,13428,0
20171229,24.73,24.74,24.6001,24.74,26777,0
20180102,24.75,24.7907,24.3,24.59,61864,0
20180103,24.6575,24.66,24.3596,24.66,34380,0
20180104,24.81,24.82,24.5258,24.68,18200,0
20180105,24.84,24.85,24.51,24.811,35241,0
20180108,24.85,24.85,24.671,24.85,15966,0
20180109,24.85,24.85,24.65,24.8,195567,0
20180110,24.79,24.79,24.5191,24.65,39264,0
20180111,24.68,24.75,24.55,24.75,31308,0
20180112,24.78,24.78,24.5901,24.69,22690,0
20180116,24.73,24.8,24.63,24.79,24008,0
20180117,24.79,24.79,24.42,24.54,38895,0
20180118,24.53,24.57,24.3446,24.45,26996,0
20180119,24.48,24.5,24.28,24.28,39349,0
20180122,24.29,24.29,23.805,23.86,56300,0
20180123,23.85,24.089,23.85,23.9,34276,0
20180124,23.98,23.9984,23.7501,23.97,27187,0
20180125,23.97,23.97,23.574,23.95,35765,0
20180126,23.81,23.9981,23.54,23.69,37620,0
20180129,23.7,23.8,23.0201,23.31,62429,0
20180130,23.45,23.45,22.57,22.65,70177,0
20180131,22.93,22.99,22.7,22.86,22519,0
20180201,22.85,22.8842,22.051,22.0974,96680,0
20180202,21.95,21.96,21.46,21.81,54260,0
20180205,21.81,22.45,21.69,22.05,71879,0
20180206,21.35,22.24,21.35,22.06,45215,0
20180207,22.15,22.47,22.1308,22.36,74848,0
20180208,22.17,22.35,22.1,22.25,51932,0
20180209,22.34,22.44,21.9401,22.44,24240,0
20180212,22.5,22.5,21.8436,22.07,20259,0
20180213,21.9,22,21.7101,21.7101,19976,0
20180214,21.86,21.86,21.44,21.81,41596,0
20180215,21.91,22.104,21.71,21.88,12819,0
20180216,21.99,22.22,21.88,22.08,52878,0
20180220,21.91,21.91,21.91,21.91,54245,0
20180221,22.01,22.07,21.9,21.97,29546,0
20180222,21.97,22.108,21.85,21.85,19066,0
20180223,21.9,22.174,21.9,22.1499,27101,0
20180226,22.18,22.25,21.88,21.94,142918,0
20180227,22.04,22.24,21.9429,22.24,29608,0
20180228,22.24,22.4232,22.1439,22.3,29415,0
20180301,22.36,22.36,22.16,22.2125,12760,0
20180302,22.3,22.36,22.18,22.2977,25224,0
20180305,22.3,22.3,21.84,22,25136,0
20180306,22,22.1,21.9201,21.98,14723,0
20180307,21.86,22.1285,21.86,22.1,31223,0
20180308,22.15,22.23,22.0257,22.21,22287,0
20180309,22.18,22.25,22.06,22.1,20305,0
20180312,22.08,22.21,21.97,22.19,41771,0
20180313,22.23,22.36,22.1,22.32,19068,0
20180314,22.32,22.41,22.22,22.3,32493,0
20180315,22.44,22.44,22.05,22.21,19827,0
20180316,22.15,22.49,22.15,22.49,42065,0
20180319,22.49,22.49,22.19,22.22,20807,0
20180320,22.3,22.3,22.05,22.08,23427,0
20180321,22.17,22.3233,22.0909,22.3233,25046,0
20180322,22.27,22.39,22.17,22.39,29246,0
20180323,22.39,22.46,22.2514,22.29,11873,0
20180326,22.2759,22.4,22.181,22.3,24471,0
20180327,22.3,22.31,22.17,22.29,19532,0
20180328,22.29,22.36,22.171,22.171,13587,0
20180329,21.98,22.02,21.89,22,14405,0
20180402,22.06,22.09,21.861,22,32590,0
20180403,21.97,21.97,21.601,21.76,13781,0
20180404,21.8,21.8,21.46,21.54,18304,0
20180405,21.56,21.56,21.24,21.3,18926,0
20180406,21.35,21.5399,21.35,21.51,23661,0
20180409,21.42,21.6099,21.42,21.56,16346,0
20180410,21.61,21.67,21.55,21.55,15556,0
20180411,21.66,22.07,21.4444,22.04,31852,0
20180412,22.04,22.04,21.8066,21.85,21966,0
20180413,21.9,21.9899,21.5222,21.64,19200,0
20180416,21.85,21.85,21.591,21.74,22585,0
20180417,21.79,21.8399,21.4609,21.56,19657,0
20180418,21.4,21.78,21.4,21.59,37383,0
20180419,21.75,21.75,21.42,21.45,14842,0
20180420,21.49,21.49,20.78,21.14,24495,0
20180423,21.14,21.2206,20.88,20.9,7762,0
20180424,20.975,21.0328,20.61,20.82,12217,0
20180425,20.68,20.82,20.5201,20.72,23073,0
20180426,20.83,20.91,20.6734,20.76,14874,0
20180427,20.79,20.8901,20.75,20.76,13626,0
20180430,20.9,20.94,20.75,20.833,12486,0
20180501,21,21,20.76,20.85,18406,0
20180502,20.98,20.98,20.75,20.75,45174,0
20180503,20.9,20.9299,20.54,20.67,43464,0
20180504,20.77,20.77,20.12,20.28,53593,0
20180507,20.31,20.3402,20.044,20.11,39799,0
20180508,20.15,20.2225,20.046,20.19,17225,0
20180509,20.18,20.241,20.01,20.08,50908,0
20180510,20.28,20.48,20.1872,20.48,60232,0
20180511,20.58,20.72,20.48,20.72,16026,0
20180514,20.75,20.94,20.6,20.61,27288,0
20180515,20.48,20.6,20.27,20.33,20369,0
20180516,20.5,20.55,20.34,20.48,16974,0
20180517,20.52,20.739,20.47,20.5942,46009,0
20180518,20.75,20.95,20.5611,20.88,13204,0
20180521,20.89,20.9534,20.55,20.85,27022,0
20180522,20.84,20.97,20.62,20.63,20462,0
20180523,20.71,20.84,20.5201,20.62,18895,0
20180524,20.61,21.19,20.5001,21.06,24855,0
20180525,21.18,21.6,21.18,21.5799,15945,0
20180529,21.56,21.86,21.19,21.28,28751,0
20180530,21.43,21.4494,21.16,21.41,33984,0
20180531,21.43,21.82,21.43,21.81,15617,0
20180601,21.84,22.27,21.6601,22.222,10966,0
20180604,22.07,22.58,22.07,22.57,17742,0
20180605,22.68,22.785,22.58,22.6,28932,0
20180606,22.75,22.95,22.5,22.9,24765,0
20180607,22.93,23.25,22.78,22.96,24025,0
20180608,22.97,23.1981,22.9291,22.97,19972,0
20180611,22.98,23.16,22.78,22.83,24627,0
20180612,22.8665,22.93,22.43,22.7897,27274,0
20180613,22.61,22.85,22.61,22.79,18352,0
20180614,22.99,22.99,22.86,22.97,22342,0
20180615,23.04,23.55,22.731,23.19,13061,0
20180618,23.32,23.35,22.96,23.27,28836,0
20180619,23.27,23.35,23.0107,23.18,93810,0
20180620,23.25,23.27,23.08,23.1,24118,0
20180621,23.16,23.16,22.6871,23.115,18242,0
20180622,22.9,23.31,22.9,23.31,23751,0
20180625,23.25,23.34,23.101,23.12,11403,0
20180626,23.29,23.35,23.1976,23.259,8309,0
20180627,23.2499,23.4,23.121,23.2,25629,0
20180628,23.15,23.15,22.86,22.99,30967,0
20180629,22.89,22.9699,22.5118,22.91,17743,0
20180702,22.96,23.17,22.51,23.03,23743,0
20180703,23.1718,23.31,22.87,22.87,14382,0
20180705,23,23.329,22.81,23.01,14233,0
20180706,23.33,23.5,23.11,23.11,25640,0
20180709,23.35,23.35,23.14,23.18,12462,0
20180710,23.33,23.4136,23.13,23.28,17975,0
20180711,23.37,23.37,22.99,23.02,39828,0
20180712,23.19,23.25,22.95,23.25,16213,0
20180713,23.29,23.3,23.19,23.3,10378,0
20180716,23.35,23.35,23.17,23.19,9910,0
20180717,23.18,23.3299,22.96,23.0202,15554,0
20180718,22.96,23.3399,22.96,23.1758,19799,0
20180719,23.3,23.34,22.95,23.33,15299,0
20180720,23.33,23.33,23.0603,23.29,11897,0
20180723,23.13,23.2799,23.0201,23.11,9673,0
20180724,23.18,23.1999,22.8,22.8,17075,0
20180725,22.96,23.0399,22.75,22.75,22164,0
20180726,22.75,22.94,22.75,22.78,11275,0
20180727,22.85,22.9899,22.63,22.64,26987,0
20180730,22.7,22.8951,22.7,22.73,9834,0
20180731,22.88,22.89,22.6577,22.7396,12906,0
20180801,22.71,22.739,22.47,22.47,14566,0
20180802,22.61,22.61,22.0601,22.33,28172,0
20180803,22.43,22.6499,22.29,22.622,8309,0
20180806,22.53,22.6871,22.3101,22.55,14320,0
20180807,22.4,22.58,22.3601,22.5,9357,0
20180808,22.3446,22.759,22.3446,22.53,15749,0
20180809,22.3312,22.595,22.301,22.331,32345,0
20180810,22.47,22.56,22.31,22.49,12413,0
20180813,22.5,22.5499,22.31,22.32,21905,0
20180814,22.32,22.56,22.3,22.51,20664,0
20180815,22.44,22.44,22.26,22.3861,20397,0
20180816,22.39,22.549,22.35,22.5326,11422,0
20180817,22.51,22.55,22.47,22.5,4891,0
20180820,22.5,22.9749,22.5,22.6,11416,0
20180821,22.7107,22.9072,22.7107,22.8344,11709,0
20180822,22.79,22.8,22.71,22.79,17451,0
20180823,22.7,22.7,22.47,22.57,32313,0
20180824,22.65,22.82,22.6,22.82,10880,0
20180827,22.93,23.0951,22.73,23.05,20804,0
20180828,23.18,23.225,22.7901,23.13,16475,0
20180829,23.01,23.0613,22.98,22.98,21507,0
20180830,23.04,23.1413,22.9,23.05,22697,0
20180831,23.15,23.225,23.0296,23.075,6950,0
20180904,23.1,23.2269,23.05,23.11,26319,0
20180905,23.05,23.05,22.7439,22.98,30876,0
20180906,22.98,23.03,22.731,22.97,19984,0
20180907,22.93,22.93,22.7,22.75,19399,0
20180910,22.9,23.1,22.9,23.1,7362,0
20180911,23.18,23.18,22.85,22.85,13265,0
20180912,23,23.14,22.83,22.95,39127,0
20180913,22.99,23.1286,22.85,22.95,18749,0
20180914,22.95,22.95,22.75,22.78,5251,0
20180917,22.91,22.91,22.75,22.75,20398,0
20180918,22.76,22.8003,22.6358,22.78,29964,0
20180919,22.78,22.78,22.5201,22.65,15417,0
20180920,22.65,22.65,22.3,22.35,30957,0
20180921,22.61,22.61,22.2714,22.44,12402,0
20180924,22.43,22.4321,22.11,22.4021,21940,0
20180925,22.38,22.478,22.01,22.45,29595,0
20180926,22.34,22.4,22.1142,22.3327,14556,0
20180927,22.34,22.34,22.238,22.28,14743,0
20180928,22.09,22.2561,22.08,22.25,14903,0
20181001,22.3,22.3054,21.75,21.99,28884,0
20181002,22.07,22.07,21.59,21.95,13809,0
20181003,21.89,21.89,21.2859,21.54,14284,0
20181004,21.49,21.59,20.6993,20.99,65107,0
20181005,20.98,21.3,20.76,21.23,14126,0
20181008,21.23,21.23,20.73,20.9,15897,0
20181009,20.82,21.3,20.82,21.09,14140,0
20181010,21.09,21.09,20.7609,21.08,32943,0
20181011,21.08,21.1,20.75,21,22890,0
20181012,21,21.03,20.8093,20.9,19488,0
20181015,21.18,21.18,20.9337,21.12,34584,0
20181016,21.19,21.2,21.0526,21.1474,30241,0
20181017,21.1,21.17,21.02,21.17,8997,0
20181018,21.17,21.17,21.0512,21.17,5126,0
20181019,21.17,21.2566,21.1001,21.2,11532,0
20181022,21.07,21.3,21.07,21.25,14562,0
20181023,21.31,21.31,20.96,20.96,29598,0
20181024,21.1,21.219,20.9839,21.1522,16983,0
20181025,21.2,21.2,21,21,15249,0
20181026,21.15,21.15,20.7517,20.98,21142,0
20181029,21,21.18,20.87,21.07,23913,0
20181030,21.07,21.07,20.84,20.9027,14849,0
20181031,21,21.18,20.9519,21.075,17667,0
20181101,21.16,21.25,21,21.22,7843,0
20181102,21.2,21.2,21,21,6817,0
20181105,21.1029,21.17,21.05,21.17,10054,0
20181106,21.17,21.4603,21.17,21.43,16911,0
20181107,21.49,21.7304,21.42,21.42,17263,0
20181108,21.31,21.63,21.19,21.63,50877,0
20181109,21.35,21.63,21.27,21.32,21633,0
20181112,21.33,21.4016,21.06,21.06,11326,0
20181113,21.2,21.39,21.06,21.06,12603,0
20181114,21.13,21.2148,20.712,20.8957,49492,0
20181115,20.96,20.9799,20.5501,20.6445,14615,0
20181116,20.66,20.6886,19.95,20.31,49338,0
20181119,20.3,20.3,19.95,20.15,31639,0
20181120,20.1,20.1,19.8551,19.89,17502,0
20181121,20.08,20.159,19.865,19.92,24333,0
20181123,19.92,20.115,19.92,19.93,6424,0
20181126,20.16,20.19,19.92,19.92,19699,0
20181127,19.94,20.0601,19.7,19.93,18021,0
20181128,19.99,20,19.65,19.66,74182,0
20181129,19.73,19.7699,19.59,19.59,12655,0
20181130,19.7448,19.75,19.34,19.46,19810,0
20181203,19.34,19.52,19.29,19.34,39410,0
20181204,19.34,19.6023,19.17,19.48,30832,0
20181206,19.3,19.4033,19.2,19.3261,55656,0
20181207,19.32,19.738,19.32,19.4,22290,0
20181210,19.41,19.6742,19.32,19.55,39605,0
20181211,19.89,20.07,19.6907,19.98,185006,0
20181212,19.89,20.23,19.88,20.21,59521,0
20181213,20.14,20.15,19.92,20.08,54645,0
20181214,19.88,20.17,19.6485,20.17,18577,0
20181217,19.69,19.9411,19.69,19.75,59853,0
20181218,19.93,20.0492,19.49,19.99,127393,0
20181219,20.1,20.1,19.63,19.65,42384,0
20181220,19.78,19.92,19.6,19.8,55395,0
20181221,19.79,20.0715,19.63,19.9,32603,0
20181224,19.99,19.99,19.6609,19.87,33897,0
20181226,19.9673,20.0199,19.83,20.01,26867,0
20181227,19.87,19.9389,19.6,19.72,75544,0
20181228,19.78,20.1103,19.75,19.84,73917,0
20181231,19.63,19.8495,19.61,19.71,73606,0
20190102,19.72,20.17,19.72,20.17,20320,0
20190103,20.17,20.62,20.135,20.62,54991,0
20190104,20.75,21.289,20.694,21.1263,24074,0
20190107,21.14,21.46,20.88,21.35,31119,0
20190108,21.49,21.49,21.171,21.3,12804,0
20190109,21.3,21.3,21.1,21.25,31723,0
20190110,21.22,21.25,20.96,20.96,27706,0
20190111,21.06,21.67,21.03,21.6,57510,0
20190114,21.46,21.68,21.26,21.65,16519,0
20190115,21.63,21.65,21.42,21.59,15326,0
20190116,21.67,21.67,21.4642,21.6,24052,0
20190117,21.6,21.6,21.24,21.55,6694,0
20190118,21.6,21.6,21.4,21.53,16547,0
20190122,21.54,21.85,21.37,21.6237,25368,0
20190123,21.5449,21.59,21.39,21.4725,16379,0
20190124,21.4,21.493,21.1801,21.493,15388,0
20190125,21.57,21.65,21.5,21.5,10836,0
20190128,21.5,21.57,21.2,21.57,10344,0
20190129,21.59,21.6,21.31,21.33,13903,0
20190130,21.16,21.69,21.16,21.53,37574,0
20190131,21.6,21.6903,21.06,21.06,80732,0
20190201,21.33,21.44,21.29,21.37,26030,0
20190204,21.4,21.5,21.3713,21.5,31879,0
20190205,21.54,21.63,21.4711,21.49,13047,0
20190206,21.49,21.5338,21.401,21.43,18772,0
20190207,21.39,21.57,21.2997,21.57,77759,0
20190208,21.35,21.6,21.35,21.6,10956,0
20190211,21.61,21.7877,21.4501,21.6,12099,0
20190212,21.6,21.81,21.6,21.701,10978,0
20190213,21.75,21.97,21.7,21.85,22607,0
20190214,21.85,21.93,21.8,21.91,14513,0
20190215,21.99,22.3242,21.8605,22.2704,23724,0
20190219,22.31,22.53,22.29,22.4455,29978,0
20190220,22.38,22.49,22.33,22.44,5102,0
20190221,22.55,22.55,22.34,22.35,11169,0
20190222,22.31,22.49,22.31,22.49,24039,0
20190225,22.51,22.59,22.39,22.39,14213,0
20190226,22.59,22.59,22.35,22.36,20679,0
20190227,22.2476,22.52,22.2476,22.41,9396,0
20190228,22.5,22.62,22.4259,22.62,12989,0
20190301,22.62,22.87,22.5039,22.81,22951,0
20190304,22.81,23,22.7858,22.83,14857,0
20190305,22.863,23.05,22.863,23.05,19486,0
20190306,23.22,23.22,23.0311,23.19,19875,0
20190307,23.19,23.19,22.91,23.08,20044,0
20190308,23.05,23.22,22.94,22.94,21169,0
20190311,22.86,23.0471,22.86,22.86,22420,0
20190312,22.93,22.9717,22.87,22.87,23723,0
20190313,22.97,22.97,22.85,22.85,8917,0
20190314,22.9,22.9279,22.85,22.91,27119,0
20190315,22.97,23.03,22.9112,22.95,12856,0
20190318,23,23.18,23,23.159,28158,0
20190319,23.16,23.24,23.091,23.21,24975,0
20190320,23.24,23.31,23.12,23.31,13445,0
20190321,23.31,23.45,23.31,23.45,14870,0
20190322,23.45,23.49,23.33,23.37,21469,0
20190325,23.45,23.4894,23.35,23.36,22453,0
20190326,23.36,23.48,23.36,23.4,17221,0
20190327,23.46,23.61,23.425,23.56,40471,0
20190328,23.6,23.75,23.6,23.61,13051,0
20190329,23.55,23.57,23.34,23.57,29610,0
20190401,23.74,23.79,23.48,23.5,21828,0
20190402,23.77,23.77,23.55,23.71,14688,0
20190403,23.71,23.81,23.53,23.63,13593,0
20190404,23.86,23.86,23.63,23.8,17338,0
20190405,23.84,23.84,23.7101,23.72,11652,0
20190408,23.71,23.8599,23.63,23.63,11755,0
20190409,23.79,23.81,23.52,23.78,10265,0
20190410,23.78,23.85,23.6301,23.85,20679,0
20190411,23.84,23.84,23.71,23.71,14321,0
20190412,23.83,23.85,23.7,23.7,111207,0
20190415,23.82,23.82,23.6301,23.78,12390,0
20190416,23.82,23.97,23.72,23.85,37933,0
20190417,23.92,23.92,23.75,23.75,12600,0
20190418,23.75,23.8225,23.645,23.71,58299,0
20190422,23.71,23.79,23.52,23.54,41753,0
20190423,23.51,23.69,23.51,23.54,21305,0
20190424,23.65,23.65,23.53,23.53,20502,0
20190425,23.53,23.54,23.46,23.46,58194,0
20190426,23.54,23.5723,23.37,23.37,21136,0
20190429,23.5,23.5,23.32,23.32,12666,0
20190430,23.46,23.47,23.32,23.35,50671,0
20190501,23.5,23.5,23.3258,23.4,8645,0
20190502,23.49,23.49,23.2945,23.4,49835,0
20190503,23.49,23.49,23.255,23.4,8337,0
20190506,23.3,23.39,22.6396,23.3899,14299,0
20190507,23.13,23.49,23.13,23.49,18961,0
20190508,23.34,23.49,23.34,23.45,11233,0
20190509,23.55,23.58,23.31,23.51,18197,0
20190510,23.37,23.49,23.37,23.49,8392,0
20190513,23.36,23.48,23.31,23.48,72662,0
20190514,23.48,23.57,23.48,23.56,11918,0
20190515,23.57,23.74,23.47,23.725,17963,0
20190516,23.73,23.86,23.7114,23.82,16345,0
20190517,23.82,23.87,23.7018,23.87,63599,0
20190520,23.85,23.89,23.7601,23.87,22330,0
20190521,23.8,23.97,23.8,23.97,10710,0
20190522,23.97,23.98,23.8061,23.9,20286,0
20190523,23.9,23.91,23.74,23.82,57663,0
20190524,23.8105,23.8565,23.8,23.84,7669,0
20190528,23.75,23.85,23.73,23.77,41383,0
20190529,23.635,23.7265,23.5965,23.65,24247,0
20190530,23.6,23.75,23.5,23.6,31666,0
20190531,23.63,23.79,23.43,23.43,75955,0
20190603,23.69,23.69,23.4747,23.65,16306,0
20190604,23.65,23.82,23.64,23.77,17329,0
20190605,23.84,23.87,23.7579,23.87,16855,0
20190606,23.88,23.89,23.8524,23.8804,18753,0
20190607,23.91,24,23.91,23.98,11636,0
20190610,24,24.1,23.9802,24.06,21394,0
20190611,24.11,24.1806,24,24.07,19848,0
20190612,24.15,24.2154,24.06,24.15,21970,0
20190613,24.18,24.2,24.1,24.11,21934,0
20190614,24.11,24.37,24.11,24.27,106129,0
20190617,24.37,24.43,24.2,24.39,17688,0
20190618,24.42,24.53,24.4185,24.53,19514,0
20190619,24.48,24.59,24.41,24.41,18695,0
20190620,24.42,24.68,24.42,24.56,30097,0
20190621,24.58,24.7,24.42,24.7,18345,0
20190624,24.6,24.73,24.6,24.66,21126,0
20190625,24.74,24.74,24.59,24.59,11729,0
20190626,24.72,24.74,24.62,24.66,15984,0
20190627,24.58,24.7299,24.58,24.72,26733,0
20190628,24.47,24.55,24.3539,24.54,26727,0
20190701,24.5,24.5,24.36,24.44,15038,0
20190702,24.5,24.61,24.4036,24.52,17835,0
20190703,24.5,24.65,24.4084,24.6,15923,0
20190705,24.55,24.55,24.41,24.42,5098,0
20190708,24.42,24.42,24.34,24.41,31644,0
20190709,24.4,24.41,24.3,24.3895,18972,0
20190710,24.3706,24.46,24.34,24.38,16108,0
20190711,24.46,24.48,24.4,24.46,9171,0
20190712,24.49,24.5,24.409,24.5,6945,0
20190715,24.5,24.5,24.42,24.5,26337,0
20190716,24.55,24.61,24.5,24.56,20875,0
20190717,24.62,24.6786,24.5516,24.65,24955,0
20190718,24.65,24.7,24.64,24.64,10003,0
20190719,24.68,24.79,24.6,24.79,20022,0
20190722,24.79,24.8,24.63,24.64,19927,0
20190723,24.77,24.8,24.6269,24.7433,20009,0
20190724,24.77,24.82,24.69,24.73,24504,0
20190725,24.7,24.75,24.62,24.62,28454,0
20190726,24.74,24.75,24.67,24.68,17664,0
20190729,24.75,24.84,24.69,24.83,25440,0
20190730,24.86,24.86,24.71,24.77,23192,0
20190731,24.81,24.99,24.8,24.99,32811,0
20190801,24.98,24.99,24.84,24.84,16179,0
20190802,24.95,25,24.8,24.901,25019,0
20190805,24.93,24.945,24.6301,24.8414,19459,0
20190806,24.86,24.93,24.82,24.91,23388,0
20190807,24.9,24.95,24.8156,24.9,20683,0
20190808,24.94,24.99,24.84,24.94,16119,0
20190809,24.97,25,24.9118,24.9751,19417,0
20190812,24.98,25.02,24.96,24.964,29813,0
20190813,25.05,25.05,24.96,25.01,55736,0
20190814,25.05,25.05,24.9085,24.95,29706,0
20190815,24.97,25.03,24.95,25.02,53773,0
20190816,25,25.18,25,25.18,60383,0
20190819,25.17,25.17,25.07,25.1563,25483,0
20190820,25.22,25.23,25.1566,25.18,48519,0
20190821,25.24,25.35,25.2201,25.25,18202,0
20190822,25.44,25.44,25.2,25.25,27305,0
20190823,25.27,25.44,25.25,25.4,36232,0
20190826,25.46,25.46,25.31,25.36,22589,0
20190827,25.36,25.43,25.35,25.39,4466,0
20190828,25.43,25.5,25.3372,25.45,8766,0
20190829,25.5,25.53,25.4,25.4,22929,0
20190830,25.45,25.6475,25.19,25.19,76622,0
20190903,25.267,25.35,25.263,25.3,40991,0
20190904,25.31,25.57,25.31,25.57,34046,0
20190905,25.57,25.61,25.4801,25.61,25569,0
20190906,25.61,25.8301,25.575,25.61,43702,0
20190909,25.71,25.71,25.35,25.5,63441,0
20190910,25.45,25.4762,25.37,25.41,8257,0
20190911,25.46,25.49,25.4,25.49,13402,0
20190912,25.54,25.57,25.4,25.57,21105,0
20190913,25.5,25.521,25.1408,25.2099,19444,0
20190916,25.25,25.43,25.22,25.38,38119,0
20190917,25.44,25.44,25.3301,25.36,34963,0
20190918,25.49,25.6,25.4,25.55,16928,0
20190919,25.57,25.68,25.51,25.651,113327,0
20190920,25.61,25.72,25.61,25.685,16187,0
20190923,25.72,25.77,25.7,25.72,22249,0
20190924,25.78,25.83,25.7361,25.75,22751,0
20190925,25.76,25.8271,25.76,25.76,15908,0
20190926,25.8,25.945,25.77,25.89,23030,0
20190927,25.89,26.1,25.87,26.08,18724,0
20190930,25.74,25.99,25.54,25.99,55741,0
20191001,26.07,26.07,25.78,25.86,27736,0
20191002,25.86,25.89,25.7338,25.83,10657,0
20191003,25.83,25.85,25.78,25.815,15463,0
20191004,25.78,25.95,25.78,25.8641,8147,0
20191007,25.84,25.9078,25.81,25.83,4779,0
20191008,25.78,25.85,25.78,25.79,6474,0
20191009,25.8,25.8738,25.71,25.79,6689,0
20191010,25.8356,25.96,25.71,25.95,14497,0
20191011,25.98,26.08,25.9,26,9711,0
20191014,26,26.12,26,26.12,14866,0
20191015,26.17,26.17,25.85,26.0843,18178,0
20191016,25.97,26.15,25.95,26.05,10891,0
20191017,26.12,26.12,25.96,26.03,34005,0
20191018,26.03,26.14,26.03,26.14,5763,0
20191021,26.085,26.085,25.9,26,26060,0
20191022,25.8179,25.88,25.72,25.82,10920,0
20191023,25.7659,25.9989,25.7659,25.83,12090,0
20191024,25.99,26.0699,25.78,25.99,23986,0
20191025,26.01,26.0517,25.8301,25.94,12331,0
20191028,26.06,26.06,25.75,25.85,16568,0
20191029,25.82,26.05,25.7,25.85,139271,0
20191030,25.85,26,25.7,25.71,20230,0
20191031,25.63,25.795,25.4,25.4,119904,0
20191101,25.49,25.4999,25.3622,25.44,30918,0
20191104,25.47,25.5,25.29,25.36,34241,0
20191105,25.4,25.4,25.27,25.32,20482,0
20191106,25.32,25.4,25.25,25.33,20954,0
20191107,25.25,25.27,25.0325,25.19,53994,0
20191108,25.35,25.35,25.13,25.25,20357,0
20191111,25.27,25.28,25.12,25.25,18075,0
20191112,25.28,25.2994,25.2,25.21,71304,0
20191113,25.3,25.3,25.188,25.22,15815,0
20191114,25.22,25.35,25.22,25.35,23004,0
20191115,25.35,25.35,25.28,25.34,17620,0
20191118,25.35,25.395,25.31,25.31,13125,0
20191119,25.28,25.405,25.28,25.32,9507,0
20191120,25.32,25.34,25.21,25.3,31955,0
20191121,25.36,25.36,25.23,25.23,11247,0
20191122,25.28,25.3,25.2,25.28,25978,0
20191125,25.28,25.3,25.25,25.2907,10176,0
20191126,25.3,25.45,25.29,25.45,32292,0
20191127,25.41,25.5,25.31,25.31,20219,0
20191129,25.42,25.445,25.27,25.33,50620,0
20191202,25.35,25.415,25.15,25.29,28138,0
20191203,25.19,25.27,25.18,25.27,10477,0
20191204,25.27,25.37,25.24,25.31,25646,0
20191205,25.36,25.36,25.2486,25.3171,17869,0
20191206,25.4,25.405,25.26,25.3526,21728,0
20191209,25.43,25.48,25.33,25.48,11384,0
20191210,25.46,25.52,25.33,25.52,216858,0
20191211,25.52,25.52,25.36,25.375,7613,0
20191212,25.49,25.49,25.36,25.48,13167,0
20191213,25.49,25.62,25.4129,25.62,11870,0
20191216,25.54,25.67,25.4801,25.67,8845,0
20191217,25.705,25.79,25.7042,25.7894,8839,0
20191218,25.78,25.88,25.751,25.8522,16345,0
20191219,25.88,25.8919,25.85,25.871,36243,0
20191220,25.91,25.91,25.76,25.81,5256,0
20191223,25.81,25.935,25.81,25.84,41950,0
20191224,25.88,25.97,25.8,25.97,2216,0
20191226,25.98,25.98,25.854,25.91,5006,0
20191227,25.98,25.98,25.86,25.98,12264,0
20191230,25.98,26.01,25.88,25.97,11884,0
20191231,25.64,25.74,25.58,25.74,18557,0
20200102,25.62,26.05,25.62,26,30711,0
20200103,25.96,26.1499,25.96,26.14,10134,0
20200106,26.15,26.25,26.09,26.2174,11278,0
20200107,26.15,26.24,26.15,26.22,11252,0
20200108,26.22,26.25,26.15,26.25,11843,0
20200109,26.29,26.31,26.15,26.27,9307,0
20200110,26.29,26.32,26.1601,26.32,12195,0
20200113,26.34,26.48,26.3,26.47,12986,0
20200114,26.58,26.58,26.35,26.55,23568,0
20200115,26.59,26.61,26.42,26.42,24485,0
20200116,26.55,26.58,26.39,26.55,76686,0
20200117,26.55,26.55,26.383,26.55,67215,0
20200121,26.45,26.55,26.32,26.33,13878,0
20200122,26.45,26.52,26.34,26.52,30760,0
20200123,26.52,26.56,26.39,26.56,15538,0
