Date,Open,High,Low,Close,Volume,OpenInt
20190620,25.389,25.389,25.389,25.389,5,0
20190626,24.69,24.69,24.69,24.69,5,0
20190628,25.287,25.297,25.211,25.211,111217,0
20190701,25.095,25.1,25.028,25.1,3651,0
20190702,25.019,25.076,25.019,25.076,193,0
20190703,25.297,25.297,25.235,25.235,227,0
20190705,25.148,25.294,25.148,25.294,4519,0
20190708,25.178,25.178,25.157,25.157,3726,0
20190709,25.068,25.068,25.068,25.068,227,0
20190710,25.208,25.208,25.075,25.075,20345,0
20190711,24.889,24.994,24.889,24.994,196,0
20190712,25.049,25.18,25.049,25.18,252,0
20190715,25.009,25.043,25.009,25.043,409,0
20190716,25.188,25.188,25.131,25.131,303,0
20190717,25.158,25.178,25.13,25.153,95862,0
20190718,25.172,25.198,25.068,25.172,144667,0
20190719,25.022,25.022,25.022,25.022,88,0
20190722,24.982,24.982,24.926,24.926,495,0
20190723,25.009,25.109,25.009,25.109,560,0
20190724,25.128,25.361,25.128,25.361,1400,0
20190725,25.247,25.247,25.105,25.105,876,0
20190726,25.158,25.379,25.158,25.379,2306,0
20190729,25.466,25.466,25.355,25.355,780,0
20190730,25.506,25.539,25.489,25.539,607155,0
20190731,25.913,25.913,25.554,25.554,2064,0
20190801,25.584,25.584,25.198,25.198,3093,0
20190802,24.959,25.078,24.959,24.981,729,0
20190805,24.501,24.557,24.213,24.442,10299,0
20190806,24.522,24.643,24.373,24.643,2342,0
20190807,24.591,24.721,24.482,24.716,6590,0
20190808,25.158,25.158,25.123,25.123,717,0
20190809,25.188,25.188,24.979,24.981,4855,0
20190812,24.84,24.842,24.75,24.8,3533,0
20190813,25.088,25.118,24.982,24.982,3977,0
20190814,24.929,24.929,24.517,24.589,5911,0
20190815,24.571,24.691,24.561,24.628,4346,0
20190816,24.981,24.988,24.973,24.988,1446,0
20190819,25.158,25.178,25.128,25.138,7746,0
20190820,25.019,25.019,24.884,24.884,9114,0
20190821,24.999,24.999,24.939,24.947,6653,0
20190822,25.009,25.009,24.83,24.902,2276,0
20190823,24.73,24.894,24.242,24.242,5461,0
20190826,24.373,24.568,24.303,24.568,11373,0
20190827,24.631,24.631,24.371,24.371,921,0
20190828,24.544,24.581,24.544,24.557,1083,0
20190829,24.85,24.949,24.82,24.88,2306,0
20190830,24.959,24.959,24.819,24.889,1459,0
20190903,24.73,24.774,24.657,24.719,928,0
20190904,24.899,24.899,24.818,24.818,658,0
20190905,25.148,25.148,24.96,24.973,942,0
20190906,25.088,25.088,24.966,24.966,579,0
20190909,24.899,24.948,24.83,24.948,792,0
20190910,24.958,25.169,24.952,25.093,2255,0
20190911,25.451,25.637,25.416,25.637,3474,0
20190912,25.655,25.774,25.645,25.757,2932,0
20190913,25.794,25.824,25.723,25.774,1479,0
20190916,25.764,25.764,25.675,25.679,7329,0
20190917,25.675,25.714,25.665,25.67,2983,0
20190918,25.655,25.655,25.61,25.61,798,0
20190919,25.745,25.745,25.533,25.533,6456,0
20190920,25.665,25.665,25.436,25.486,2964,0
20190923,25.536,25.536,25.444,25.444,809,0
20190924,25.516,25.516,25.265,25.265,500,0
20190925,25.416,25.655,25.416,25.603,1562,0
20190926,25.585,25.585,25.466,25.466,2903,0
20190927,25.486,25.486,25.373,25.414,1467,0
20190930,25.504,25.504,25.504,25.504,64,0
20191001,25.585,25.585,25.168,25.204,36065,0
20191002,25.049,25.049,24.939,24.945,2155,0
20191003,24.794,24.899,24.794,24.879,1515,0
20191004,24.937,25.133,24.937,25.133,4191,0
20191007,25.158,25.158,25.088,25.133,4537,0
20191008,24.847,24.87,24.739,24.739,1771,0
20191009,24.86,24.939,24.86,24.913,1608,0
20191010,25.058,25.058,24.973,25.003,2241,0
20191011,25.526,25.555,25.422,25.422,1077,0
20191014,25.37,25.409,25.312,25.329,22756,0
20191015,25.496,25.496,25.367,25.387,1577,0
20191016,25.461,25.466,25.414,25.414,1174,0
20191017,25.575,25.751,25.575,25.751,998,0
20191018,25.764,25.854,25.764,25.852,654,0
20191021,25.963,26.013,25.949,25.949,537,0
20191022,25.919,25.952,25.906,25.92,1674,0
20191023,25.968,26.043,25.968,26.031,789,0
20191024,26.052,26.052,26.029,26.029,4939,0
20191025,26.052,26.071,25.988,25.988,342,0
20191028,26.143,26.197,26.143,26.178,3586,0
20191029,26.405,26.42,26.38,26.42,921,0
20191030,26.39,26.589,26.371,26.542,577,0
20191031,26.48,26.49,26.251,26.338,60253,0
20191101,26.444,26.482,26.444,26.482,273,0
20191104,26.54,26.54,26.457,26.473,531,0
20191105,26.476,26.476,26.261,26.261,1508,0
20191106,26.204,26.231,26.147,26.147,5043,0
20191107,26.102,26.172,25.903,25.924,5127,0
20191108,25.947,25.947,25.764,25.781,1150,0
20191111,25.685,25.705,25.663,25.67,1871,0
20191112,25.804,25.804,25.665,25.665,2297,0
20191113,25.595,25.625,25.575,25.596,11629,0
20191114,25.685,25.754,25.649,25.676,1108,0
20191115,25.608,25.659,25.608,25.632,4978,0
20191118,25.675,25.675,25.559,25.568,3290,0
20191119,25.595,25.777,25.595,25.777,1720,0
20191120,25.804,25.874,25.718,25.718,14720,0
20191121,25.466,25.534,25.466,25.529,2453,0
20191122,25.516,25.55,25.446,25.55,1016,0
20191125,25.82,25.953,25.819,25.94,4149,0
20191126,25.98,26.022,25.98,25.991,1331,0
20191127,26.003,26.092,26.003,26.058,986,0
20191129,25.993,25.993,25.841,25.841,873,0
20191202,25.739,25.739,25.632,25.632,232,0
20191203,25.526,25.615,25.481,25.615,5719,0
20191204,25.844,25.857,25.795,25.795,18854,0
20191205,25.774,25.892,25.774,25.892,1227,0
20191206,26.202,26.222,26.128,26.128,891,0
20191209,26.079,26.08,26.043,26.043,1293,0
20191210,26.043,26.062,25.975,26.013,6518,0
20191211,26.062,26.142,26.001,26.142,659,0
20191212,26.371,26.371,26.152,26.25,1829,0
20191213,26.202,26.202,26.038,26.038,826,0
20191216,26.321,26.321,26.192,26.207,2493,0
20191217,26.251,26.315,26.238,26.298,3120,0
20191218,26.271,26.424,26.271,26.424,2126,0
20191219,26.436,26.559,26.436,26.505,10322,0
20191220,26.649,26.718,26.649,26.679,1634,0
20191223,26.504,26.504,26.402,26.461,7311,0
20191224,26.47,26.51,26.446,26.467,2237,0
20191226,26.589,26.589,26.43,26.457,4043,0
20191227,26.42,26.4824,26.42,26.46,2301,0
20191230,26.47,26.5244,26.47,26.5244,500,0
20191231,26.66,26.66,26.51,26.51,6230,0
20200102,26.75,26.75,26.1978,26.3762,74498,0
20200103,26.36,26.42,26.3589,26.384,1861,0
20200106,26.2864,26.37,26.2864,26.32,2623,0
20200107,26.1519,26.18,26.08,26.1148,6633,0
20200108,26.21,26.22,26.13,26.1329,8503,0
20200109,26.27,26.27,26.1502,26.1502,8172,0
20200110,26.156,26.16,26.073,26.1099,5672,0
20200113,26.33,26.4283,26.33,26.4283,695,0
20200114,26.29,26.43,26.29,26.383,15180,0
20200115,26.483,26.52,26.45,26.4654,2699,0
20200116,26.7729,26.8258,26.73,26.8258,4089,0
20200117,26.8835,26.92,26.86,26.8787,3477,0
20200121,26.69,26.79,26.69,26.7853,6405,0
20200122,26.85,26.85,26.8,26.825,7228,0
20200123,26.77,26.879,26.77,26.8448,1354,0
