Date,Open,High,Low,Close,Volume,OpenInt
20161020,24.016,24.196,23.959,24.113,2136205,0
20161021,24.196,24.196,23.931,24.034,7974,0
20161024,24.605,24.605,23.959,24.028,7690,0
20161025,24.133,24.133,23.828,23.828,43163,0
20161026,23.798,24.026,23.771,23.997,34770,0
20161027,23.95,24.132,23.95,24.035,12848,0
20161028,24.138,24.165,23.904,23.904,6853,0
20161031,23.827,23.827,23.779,23.779,13381,0
20161101,23.997,23.997,23.352,23.57,48023,0
20161102,23.57,23.57,23.277,23.315,14608,0
20161103,23.454,23.57,23.307,23.4,41566,0
20161104,23.523,23.523,23.429,23.429,27515,0
20161107,23.827,23.875,23.797,23.818,17936,0
20161108,23.64,23.988,23.64,23.898,14562,0
20161109,24.222,24.843,24.222,24.819,7706,0
20161110,25.002,25.4,25.002,25.373,93262,0
20161111,25.051,25.173,24.85,25.173,14018,0
20161114,25.545,25.609,25.411,25.592,4423,0
20161115,25.773,25.998,25.582,25.981,11850,0
20161116,25.867,25.867,25.695,25.735,11350,0
20161117,25.961,25.961,25.857,25.857,12756,0
20161118,26.218,26.218,25.838,25.923,67268,0
20161121,26.246,26.342,26.206,26.306,22075,0
20161122,27.65,27.65,26.107,26.333,49867,0
20161123,26.352,26.53,26.33,26.53,20158,0
20161125,26.431,26.431,26.388,26.417,1294,0
20161128,26.388,26.388,26.056,26.094,16378,0
20161129,26.208,26.208,25.838,25.892,44181,0
20161130,26.56,26.842,26.56,26.807,9915,0
20161201,27.678,27.678,26.78,26.825,90456,0
20161202,26.739,26.842,26.739,26.815,8140,0
20161205,26.789,27.241,26.789,27.158,31733,0
20161206,27.632,27.632,27.051,27.424,57071,0
20161207,28.411,28.411,27.405,27.754,34308,0
20161208,27.933,28.121,27.799,28.021,71909,0
20161209,28.229,28.229,27.914,28.001,106984,0
20161212,28.121,28.121,27.665,27.678,83943,0
20161213,27.763,27.858,27.56,27.773,113683,0
20161214,27.687,27.763,27.376,27.376,4694,0
20161215,27.306,27.673,27.306,27.544,25035,0
20161216,27.544,27.632,27.376,27.405,41519,0
20161219,28.618,28.618,27.316,27.414,10017,0
20161220,27.7,27.7,27.479,27.525,36684,0
20161221,27.573,27.613,27.517,27.517,36781,0
20161222,27.519,27.606,27.407,27.454,40113,0
20161223,27.499,27.547,27.416,27.528,41246,0
20161227,27.671,27.709,27.638,27.681,74554,0
20161228,27.625,27.625,27.252,27.252,27260,0
20161229,27.547,27.547,26.978,27.055,8907,0
20161230,27.062,27.16,27.043,27.043,25925,0
20170103,27.499,27.519,27.215,27.368,139340,0
20170104,27.472,27.786,27.472,27.766,16431,0
20170105,27.776,27.842,27.44,27.699,43935,0
20170106,27.747,27.861,27.592,27.766,18337,0
20170109,27.766,27.766,27.519,27.519,21730,0
20170110,27.537,27.766,27.537,27.615,46877,0
20170111,27.718,27.786,27.563,27.786,22907,0
20170112,27.663,27.699,27.338,27.596,22676,0
20170113,27.709,27.728,27.586,27.663,21623,0
20170117,27.673,27.673,27.452,27.452,5157,0
20170118,27.49,27.49,27.27,27.444,23951,0
20170119,27.463,27.499,27.249,27.289,36672,0
20170120,27.509,27.586,27.399,27.399,7927,0
20170123,27.462,27.462,27.17,27.338,296836,0
20170124,27.547,27.851,27.547,27.851,11667,0
20170125,27.967,28.099,27.967,28.091,45570,0
20170126,28.099,28.269,28.046,28.091,36863,0
20170127,28.125,28.125,27.903,27.967,282385,0
20170130,27.689,27.689,27.43,27.576,45340,0
20170131,27.548,27.548,27.298,27.482,14308,0
20170201,27.653,27.805,27.472,27.586,391658,0
20170202,27.387,27.596,27.366,27.528,59794,0
20170203,27.927,27.937,27.862,27.876,68690,0
20170206,27.757,27.871,27.664,27.709,73270,0
20170207,27.747,27.747,27.416,27.53,39190,0
20170208,27.328,27.49,27.147,27.444,40301,0
20170209,27.871,27.897,27.808,27.842,8462,0
20170210,27.889,28.071,27.889,28.043,16877,0
20170213,28.145,28.213,28.109,28.186,12722,0
20170214,28.279,28.385,28.117,28.385,21450,0
20170215,28.328,28.583,28.328,28.516,14766,0
20170216,28.563,28.563,28.165,28.241,8669,0
20170217,28.109,28.204,28.061,28.204,25436,0
20170221,28.356,28.451,28.337,28.415,24954,0
20170222,28.241,28.269,28.132,28.165,11089,0
20170223,28.307,28.307,27.967,28.043,8202,0
20170224,27.871,27.904,27.757,27.824,24826,0
20170227,27.933,28.145,27.933,28.109,13174,0
20170228,27.967,27.976,27.806,27.897,64098,0
20170301,28.061,28.633,27.937,28.507,107932,0
20170302,28.46,28.525,28.395,28.46,51371,0
20170303,28.395,28.395,28.279,28.365,22887,0
20170306,28.257,28.346,28.25,28.307,14585,0
20170307,28.279,28.317,28.241,28.269,57268,0
20170308,28.175,28.259,28.091,28.091,45372,0
20170309,28.195,28.195,28.077,28.125,12807,0
20170310,28.204,28.269,28.171,28.269,9521,0
20170313,28.289,28.289,28.213,28.279,21827,0
20170314,28.232,28.279,28.191,28.25,33605,0
20170315,28.385,28.583,28.356,28.545,8733,0
20170316,28.498,28.516,28.383,28.424,29141,0
20170317,28.573,28.613,28.46,28.498,22556,0
20170320,28.516,28.516,28.419,28.478,10133,0
20170321,28.563,28.563,28.346,28.35,118957,0
20170322,28.25,28.433,28.25,28.365,100911,0
20170323,28.365,28.535,28.317,28.365,25616,0
20170324,28.375,28.443,28.289,28.289,34864,0
20170327,28.165,28.291,28.145,28.259,24758,0
20170328,28.269,28.405,28.204,28.375,27112,0
20170329,28.356,28.356,28.228,28.287,38535,0
20170330,28.232,28.317,28.232,28.317,14520,0
20170331,28.307,28.356,28.289,28.289,20765,0
20170403,28.395,28.395,28.117,28.195,68026,0
20170404,28.09,28.232,28.09,28.213,17314,0
20170405,28.365,28.424,28.213,28.213,15248,0
20170406,28.185,28.279,28.165,28.259,17495,0
20170407,28.232,28.298,28.165,28.165,10007,0
20170410,28.298,28.337,28.204,28.279,27771,0
20170411,28.241,28.307,28.155,28.307,22985,0
20170412,28.279,28.289,28.208,28.289,15619,0
20170413,28.213,28.269,28.165,28.165,13635,0
20170417,28.317,28.375,28.242,28.375,28599,0
20170418,28.375,28.405,28.294,28.405,15628,0
20170419,28.424,28.444,28.272,28.298,32195,0
20170420,28.259,28.443,28.25,28.415,18029,0
20170421,28.317,28.443,28.317,28.405,11586,0
20170424,28.784,28.784,28.514,28.614,7822,0
20170425,28.681,28.755,28.634,28.681,21778,0
20170426,28.755,28.755,28.614,28.634,38446,0
20170427,28.699,28.75,28.594,28.634,26208,0
20170428,28.546,28.587,28.479,28.508,35870,0
20170501,28.452,28.546,28.375,28.443,48267,0
20170502,28.508,28.526,28.415,28.415,8607,0
20170503,28.461,28.461,28.356,28.434,27170,0
20170504,28.546,28.604,28.492,28.604,13492,0
20170505,28.765,28.775,28.584,28.745,18682,0
20170508,28.716,28.716,28.624,28.624,2348,0
20170509,28.634,28.671,28.557,28.557,32259,0
20170510,28.593,28.594,28.517,28.594,11972,0
20170511,28.499,28.505,28.416,28.505,6201,0
20170512,28.526,28.526,28.485,28.502,3559,0
20170515,28.536,28.642,28.536,28.604,155421,0
20170516,28.564,28.583,28.508,28.508,3130,0
20170517,28.517,28.517,28.365,28.395,12479,0
20170518,28.395,28.536,28.316,28.479,5481,0
20170519,28.555,28.644,28.546,28.634,17078,0
20170522,28.765,28.84,28.672,28.824,3752,0
20170523,28.936,28.936,28.835,28.862,15600,0
20170524,28.956,29.012,28.904,29.012,22234,0
20170525,29.052,29.185,29.013,29.147,10072,0
20170526,29.204,29.204,29.128,29.194,12382,0
20170530,29.157,29.238,29.139,29.238,10036,0
20170531,29.29,29.337,29.194,29.337,21198,0
20170601,29.366,29.483,29.304,29.483,17698,0
20170602,29.424,29.635,29.424,29.625,132638,0
20170605,29.606,29.615,29.517,29.557,11278,0
20170606,29.517,29.517,29.396,29.452,33223,0
20170607,29.488,29.508,29.429,29.488,138093,0
20170608,29.442,29.442,29.266,29.356,20386,0
20170609,29.356,29.442,29.328,29.414,23964,0
20170612,29.337,29.471,29.337,29.393,11626,0
20170613,29.439,29.596,29.439,29.544,7427,0
20170614,29.596,29.643,29.577,29.643,9757,0
20170615,29.576,29.727,29.499,29.727,9279,0
20170616,29.796,29.796,29.671,29.747,21588,0
20170619,29.767,29.864,29.727,29.835,92390,0
20170620,29.956,29.956,29.688,29.688,15132,0
20170621,29.708,29.708,29.557,29.557,10236,0
20170622,29.567,29.567,29.527,29.527,2926,0
20170623,29.527,29.537,29.425,29.425,4496,0
20170626,29.59,29.608,29.502,29.56,11541,0
20170627,29.455,29.502,29.321,29.359,19978,0
20170628,29.439,29.512,29.439,29.465,9884,0
20170629,29.407,29.407,29.013,29.14,19741,0
20170630,29.225,29.321,29.206,29.283,20367,0
20170703,29.389,29.389,29.216,29.216,8239,0
20170705,29.176,29.255,29.159,29.216,4507,0
20170706,29.076,29.101,28.985,29.009,6878,0
20170707,29.106,29.216,29.106,29.159,13551,0
20170710,29.206,29.206,29.115,29.115,5533,0
20170711,29.063,29.11,28.947,29.091,12388,0
20170712,29.262,29.284,29.235,29.235,11840,0
20170713,29.417,29.417,29.191,29.245,9665,0
20170714,29.311,29.359,29.303,29.359,4007,0
20170717,29.369,29.379,29.33,29.35,10304,0
20170718,29.312,29.417,29.293,29.389,12864,0
20170719,29.541,29.541,29.406,29.483,9431,0
20170720,29.456,29.541,29.456,29.512,2759,0
20170721,29.6,29.6,29.422,29.521,8905,0
20170724,29.512,29.512,29.436,29.463,38595,0
20170725,29.521,29.531,29.441,29.456,6377,0
20170726,29.541,29.541,29.426,29.446,6731,0
20170727,29.445,29.517,29.429,29.517,4195,0
20170728,29.569,29.569,29.426,29.551,22307,0
20170731,29.609,29.647,29.531,29.626,56479,0
20170801,29.59,29.675,29.59,29.665,5956,0
20170802,29.82,29.82,29.591,29.647,7944,0
20170803,29.647,29.742,29.647,29.742,16660,0
20170804,29.722,29.722,29.647,29.685,3484,0
20170807,29.752,29.752,29.713,29.733,6533,0
20170808,29.713,29.744,29.647,29.647,21035,0
20170809,29.664,29.722,29.619,29.693,31734,0
20170810,29.685,29.685,29.541,29.541,21492,0
20170811,29.772,29.772,29.475,29.475,9213,0
20170814,29.762,29.811,29.693,29.742,9346,0
20170815,29.752,29.83,29.752,29.812,8817,0
20170816,29.878,30,29.878,29.916,17652,0
20170817,29.904,29.942,29.593,29.629,21830,0
20170818,29.534,29.652,29.521,29.572,6686,0
20170821,29.609,29.646,29.58,29.625,2401,0
20170822,29.707,29.811,29.707,29.811,3930,0
20170823,29.772,29.811,29.732,29.781,16013,0
20170824,29.781,29.781,29.656,29.656,4959,0
20170825,29.791,29.791,29.732,29.742,2639,0
20170828,29.703,29.703,29.609,29.673,10089,0
20170829,29.663,29.726,29.638,29.726,20730,0
20170830,29.647,29.742,29.647,29.732,4249,0
20170831,29.762,29.81,29.742,29.801,16771,0
20170901,29.811,29.868,29.791,29.806,5482,0
20170905,29.922,29.922,29.569,29.58,14198,0
20170906,29.609,29.693,29.609,29.647,24705,0
20170907,29.647,29.652,29.568,29.607,6535,0
20170908,29.609,29.868,29.609,29.798,7358,0
20170911,29.972,30.124,29.972,30.106,8314,0
20170912,30.116,30.116,30.005,30.03,7748,0
20170913,29.942,30.02,29.932,29.966,11090,0
20170914,29.84,29.981,29.84,29.957,7864,0
20170915,29.904,30.06,29.904,30.03,4560,0
20170918,30.06,30.073,30.04,30.06,5826,0
20170919,30.07,30.124,30.07,30.07,9434,0
20170920,30.09,30.183,30.063,30.098,5047,0
20170921,30.05,30.098,30.01,30.01,3413,0
20170922,30.09,30.09,29.99,29.99,8105,0
20170925,29.961,30.016,29.938,30.006,7998,0
20170926,30.013,30.076,29.948,29.977,15060,0
20170927,29.987,29.987,29.835,29.987,11198,0
20170928,30.056,30.056,29.825,30.003,14372,0
20170929,30.006,30.076,30.006,30.076,9419,0
20171002,30.096,30.199,30.096,30.19,5012,0
20171003,30.288,30.352,30.219,30.352,6195,0
20171004,30.313,30.449,30.304,30.361,7176,0
20171005,30.322,30.507,30.322,30.43,10235,0
20171006,30.41,30.42,30.324,30.353,8697,0
20171009,30.43,30.449,30.361,30.41,17180,0
20171010,30.535,30.535,30.396,30.447,12871,0
20171011,30.459,30.459,30.381,30.43,32432,0
20171012,30.499,30.499,30.361,30.401,21237,0
20171013,30.371,30.579,30.371,30.494,10431,0
20171016,30.555,30.646,30.499,30.646,19590,0
20171017,30.584,30.584,30.42,30.464,15388,0
20171018,30.579,30.584,30.495,30.563,5164,0
20171019,30.288,30.489,30.288,30.489,10020,0
20171020,30.824,30.824,30.737,30.737,14107,0
20171023,30.863,30.872,30.631,30.64,3193,0
20171024,30.781,30.826,30.767,30.826,13401,0
20171025,30.631,30.631,30.18,30.396,4983,0
20171026,30.314,30.565,30.314,30.516,5460,0
20171027,30.41,30.545,30.314,30.507,8769,0
20171030,30.507,30.507,30.391,30.44,12759,0
20171031,30.481,30.603,30.481,30.535,16911,0
20171101,30.824,30.852,30.489,30.499,1629560,0
20171102,30.324,30.613,30.324,30.613,22992,0
20171103,30.489,30.691,30.469,30.631,38470,0
20171106,30.459,30.651,30.459,30.573,58130,0
20171107,30.671,30.719,30.671,30.719,18412,0
20171108,30.671,30.814,30.662,30.796,29643,0
20171109,30.593,30.737,30.593,30.732,5347,0
20171110,30.661,30.757,30.621,30.757,3468,0
20171113,30.701,30.862,30.701,30.824,11989,0
20171114,30.948,30.978,30.729,30.978,17636,0
20171115,31.16,31.16,30.797,30.797,3004,0
20171116,30.846,30.963,30.846,30.93,6451,0
20171117,30.777,30.831,30.777,30.795,9484,0
20171120,30.824,30.877,30.805,30.829,35930,0
20171121,31.075,31.075,30.968,31.018,47489,0
20171122,30.92,30.937,30.852,30.93,8623,0
20171124,30.862,30.862,30.862,30.862,72,0
20171127,30.824,31.056,30.824,31.036,9224,0
20171128,31.131,31.305,31.125,31.305,10653,0
20171129,31.315,31.382,31.297,31.382,7623,0
20171130,31.45,31.71,31.45,31.603,19034,0
20171201,31.729,31.729,31.267,31.513,9629,0
20171204,31.612,31.726,31.536,31.552,11094,0
20171205,31.542,31.542,31.277,31.277,11475,0
20171206,31.122,31.426,31.122,31.372,11440,0
20171207,31.382,31.518,31.341,31.387,20399,0
20171208,31.406,31.489,31.382,31.489,51479,0
20171211,31.471,31.526,31.421,31.494,20999,0
20171212,31.554,31.554,31.44,31.468,14351,0
20171213,31.495,31.584,31.401,31.44,8225,0
20171214,31.469,31.469,31.321,31.362,9108,0
20171215,31.499,31.632,31.489,31.554,12164,0
20171218,31.765,31.765,31.544,31.574,23853,0
20171219,31.854,31.854,31.362,31.392,49207,0
20171220,31.392,31.392,31.258,31.296,12729,0
20171221,31.315,31.315,31.14,31.159,126563,0
20171222,31.212,31.232,31.11,31.148,13308,0
20171226,31.01,31.252,31.01,31.172,8365,0
20171227,31.059,31.28,31.059,31.192,11188,0
20171228,31.247,31.319,31.242,31.31,22823,0
20171229,31.401,31.401,31.27,31.27,34989,0
20180102,31.125,31.232,31.017,31.088,299890,0
20180103,31.106,31.319,31.106,31.281,46834,0
20180104,31.425,31.527,31.367,31.478,8967,0
20180105,31.454,31.574,31.454,31.574,100864,0
20180108,31.513,31.662,31.464,31.647,17664,0
20180109,31.695,31.86,31.617,31.734,19765,0
20180110,31.541,31.95,31.541,31.785,14765,0
20180111,32.023,32.308,32.023,32.294,5576,0
20180112,32.574,32.641,32.498,32.641,80540,0
20180116,32.922,32.922,32.342,32.36,15177,0
20180117,32.338,32.706,32.338,32.651,36440,0
20180118,32.785,32.794,32.498,32.552,27108,0
20180119,32.572,32.825,32.572,32.825,3775,0
20180122,32.738,32.922,32.711,32.903,33112,0
20180123,33.126,33.21,33.018,33.155,15190,0
20180124,33.257,33.257,32.93,33.046,4774,0
20180125,32.913,33.002,32.681,32.731,7603,0
20180126,32.793,33.106,32.793,33.106,4899,0
20180129,33.21,33.21,33.048,33.106,5330,0
20180130,32.439,32.641,32.439,32.439,14743,0
20180131,32.757,32.757,32.419,32.536,10945,0
20180201,32.46,32.643,32.439,32.478,292284,0
20180202,32.256,32.333,31.657,31.657,190905,0
20180205,31.569,31.589,30.257,30.31,277479,0
20180206,29.862,30.874,29.57,30.73,20727,0
20180207,30.904,31.232,30.778,30.778,40530,0
20180208,30.585,30.614,29.483,29.483,31447,0
20180209,30.169,30.169,28.691,29.657,96767,0
20180212,29.966,30.479,29.923,30.332,269619,0
20180213,30.303,30.368,30.117,30.361,33731,0
20180214,30.711,31.068,30.711,31.064,14693,0
20180215,31.158,31.201,30.906,31.188,11084,0
20180216,31.267,31.512,31.182,31.232,14372,0
20180220,31.386,31.544,31.279,31.279,11112,0
20180221,31.483,31.534,31.125,31.125,19258,0
20180222,31.376,31.488,31.04,31.04,19135,0
20180223,31.362,31.627,31.327,31.607,10344,0
20180226,31.756,32.003,31.686,31.941,11004,0
20180227,32.139,32.139,31.648,31.648,4202,0
20180228,31.617,31.82,31.319,31.319,11400,0
20180301,31.425,31.425,30.782,30.782,28807,0
20180302,30.682,31.242,30.345,31.242,36722,0
20180305,30.932,31.686,30.932,31.657,8425,0
20180306,31.657,31.979,31.611,31.899,11178,0
20180307,31.88,32.004,31.686,32.004,20164,0
20180308,31.918,32.014,31.79,31.975,27973,0
20180309,32.427,32.701,32.427,32.696,7451,0
20180312,32.687,32.795,32.673,32.69,5420,0
20180313,32.837,32.837,32.342,32.469,7996,0
20180314,32.373,32.394,32.152,32.223,8893,0
20180315,32.167,32.256,32.068,32.157,3102,0
20180316,32.236,32.442,32.236,32.285,12560,0
20180319,32.236,32.236,31.503,31.85,5633,0
20180320,31.933,32.026,31.918,31.985,6979,0
20180321,32.042,32.37,32.042,32.11,15752,0
20180322,31.553,31.563,31.106,31.106,10933,0
20180323,30.864,30.944,30.277,30.277,254297,0
20180326,30.748,31.212,30.42,31.212,18544,0
20180327,31.107,31.292,30.575,30.575,4912,0
20180328,30.303,30.499,30.073,30.256,26935,0
20180329,30.364,30.914,30.364,30.786,13602,0
20180402,30.672,30.672,29.483,29.86,170055,0
20180403,29.945,30.107,29.906,30.043,10399,0
20180404,29.374,30.361,29.374,30.323,25293,0
20180405,30.248,30.603,30.248,30.535,8175,0
20180406,30.44,30.44,29.891,30.029,185298,0
20180409,30.178,30.315,30.093,30.093,9376,0
20180410,30.168,30.327,30.168,30.188,26278,0
20180411,30.129,30.187,30.033,30.111,6199,0
20180412,30.148,30.206,30.129,30.129,8800,0
20180413,30.148,30.197,30.086,30.188,6428,0
20180416,30.426,30.514,30.401,30.43,289430,0
20180417,30.597,30.687,30.545,30.622,37565,0
20180418,30.73,30.753,30.652,30.672,13342,0
20180419,30.575,30.575,30.377,30.479,3973,0
20180420,30.489,30.489,30.188,30.303,40732,0
20180423,30.252,30.252,30.138,30.246,16855,0
20180424,30.43,30.43,29.83,29.984,35824,0
20180425,29.792,29.955,29.773,29.889,9792,0
20180426,29.883,30.237,29.87,30.236,55155,0
20180427,30.158,30.303,30.158,30.276,4178,0
20180430,30.391,30.43,30.101,30.111,10517,0
20180501,30.033,30.093,29.889,30.053,9204,0
20180502,29.88,30.033,29.83,29.83,4526,0
20180503,29.811,29.88,29.559,29.88,213846,0
20180504,29.675,30.178,29.675,30.093,148628,0
20180507,30.158,30.246,30.053,30.111,32834,0
20180508,30.028,30.059,29.935,29.955,197968,0
20180509,29.955,30.129,29.937,30.069,12302,0
20180510,30.178,30.381,30.178,30.371,50157,0
20180511,30.499,30.499,30.226,30.371,14096,0
20180514,30.391,30.43,30.246,30.313,10868,0
20180515,30.093,30.138,30.023,30.12,5913,0
20180516,30.003,30.078,29.945,30.063,24724,0
20180517,29.973,30.043,29.935,29.935,30878,0
20180518,30.138,30.138,29.898,30.033,37213,0
20180521,30.266,30.266,30.054,30.168,20902,0
20180522,30.198,30.206,30.083,30.148,28123,0
20180523,30.124,30.256,30.094,30.256,105011,0
20180524,30.303,30.342,30.198,30.342,34043,0
20180525,30.138,30.391,30.138,30.323,9025,0
20180529,30.168,30.169,29.975,30.083,51758,0
20180530,30.323,30.475,30.323,30.459,3918,0
20180531,30.276,30.442,30.262,30.262,4161,0
20180601,31.456,31.456,30.276,30.381,13858,0
20180604,30.575,30.575,30.236,30.276,9225,0
20180605,30.376,30.463,30.323,30.401,10919,0
20180606,30.526,30.797,30.526,30.749,31408,0
20180607,30.779,30.779,30.483,30.632,105361,0
20180608,30.342,30.687,30.342,30.642,14664,0
20180611,30.507,30.794,30.507,30.711,83822,0
20180612,30.991,30.991,30.692,30.788,22434,0
20180613,30.855,30.874,30.711,30.711,33592,0
20180614,30.652,30.865,30.652,30.779,16145,0
20180615,30.56,30.662,30.538,30.614,8789,0
20180618,30.41,30.664,30.391,30.642,9521,0
20180619,30.093,30.403,30.073,30.361,33751,0
20180620,30.44,30.575,30.435,30.489,31368,0
20180621,30.41,30.41,30.178,30.178,22621,0
20180622,30.259,30.293,30.168,30.168,18023,0
20180625,29.598,29.598,29.24,29.463,19189,0
20180626,29.497,29.589,29.384,29.463,14708,0
20180627,29.753,29.753,29.164,29.209,5462,0
20180628,28.986,29.314,28.926,29.287,17967,0
20180629,29.545,29.545,29.413,29.413,7166,0
20180702,29.107,29.394,29.092,29.394,121408,0
20180703,29.534,29.587,29.416,29.416,52893,0
20180705,29.433,29.618,29.433,29.618,223106,0
20180706,29.529,29.842,29.529,29.783,18478,0
20180709,29.753,29.818,29.584,29.584,9579,0
20180710,29.723,29.852,29.705,29.852,14861,0
20180711,29.836,29.852,29.783,29.803,7238,0
20180712,29.872,29.967,29.863,29.957,7082,0
20180713,29.978,29.978,29.947,29.957,6115,0
20180716,29.891,29.927,29.842,29.891,60389,0
20180717,29.899,29.996,29.872,29.937,14705,0
20180718,30.104,30.104,29.842,29.918,62242,0
20180719,29.937,30.057,29.937,29.967,47325,0
20180720,30.076,30.076,29.803,29.881,18167,0
20180723,29.793,29.812,29.743,29.773,10209,0
20180724,29.793,29.862,29.686,29.862,18443,0
20180725,29.918,30.071,29.918,30.066,7193,0
20180726,30.312,30.336,30.25,30.299,10342,0
20180727,30.23,30.25,30.141,30.171,230444,0
20180730,30.096,30.096,30,30.016,564280,0
20180731,30.199,30.359,30.199,30.359,5156,0
20180801,30.27,30.295,30.21,30.27,286177,0
20180802,30.191,30.317,30.115,30.317,118323,0
20180803,30.41,30.521,30.39,30.521,7098,0
20180806,30.58,30.619,30.521,30.545,8748,0
20180807,30.516,30.57,30.516,30.56,20686,0
20180808,30.425,30.55,30.425,30.484,44947,0
20180809,30.415,30.536,30.415,30.501,13876,0
20180810,30.455,30.484,30.336,30.336,3176,0
20180813,30.336,30.336,30.24,30.326,11477,0
20180814,30.395,30.475,30.395,30.415,7110,0
20180815,30.44,30.494,30.435,30.464,14157,0
20180816,30.57,30.756,30.57,30.716,5311,0
20180817,30.861,30.906,30.861,30.902,7260,0
20180820,30.902,30.958,30.892,30.892,2560,0
20180821,30.784,30.803,30.784,30.803,2215,0
20180822,30.674,30.683,30.619,30.619,3779,0
20180823,30.705,30.718,30.628,30.678,6765,0
20180824,30.775,30.823,30.766,30.823,20881,0
20180827,30.852,30.852,30.765,30.823,8045,0
20180828,30.823,30.877,30.823,30.841,12579,0
20180829,30.914,30.988,30.892,30.958,32833,0
20180830,30.813,30.948,30.813,30.862,9436,0
20180831,30.93,30.931,30.796,30.902,7302,0
20180904,30.911,30.911,30.775,30.872,2550,0
20180905,31.008,31.068,31.008,31.068,32245,0
20180906,31.133,31.239,31.114,31.217,6182,0
20180907,31.068,31.072,30.968,31.047,5221,0
20180910,31.028,31.192,31.028,31.172,6276,0
20180911,31.176,31.185,31.146,31.146,11127,0
20180912,31.153,31.183,31.124,31.152,31714,0
20180913,31.192,31.329,31.192,31.281,72830,0
20180914,31.119,31.202,31.119,31.202,15224,0
20180917,31.192,31.22,31.192,31.198,827,0
20180918,31.087,31.252,31.087,31.207,4703,0
20180919,31.17,31.17,31.019,31.028,10512,0
20180920,30.998,31.212,30.998,31.212,14079,0
20180921,31.222,31.291,31.212,31.212,7508,0
20180924,30.949,30.969,30.945,30.948,1835,0
20180925,30.764,30.869,30.734,30.734,6468,0
20180926,30.734,30.765,30.492,30.501,6455,0
20180927,30.687,30.754,30.629,30.629,2776,0
20180928,30.729,30.76,30.668,30.76,4078,0
20181001,30.793,30.892,30.697,30.715,18927,0
20181002,30.781,30.887,30.781,30.812,10081,0
20181003,30.872,30.958,30.588,30.608,8965,0
20181004,30.443,30.624,30.443,30.624,10519,0
20181005,30.677,30.712,30.628,30.647,11706,0
20181008,30.747,30.842,30.747,30.842,2713,0
20181009,30.859,30.878,30.793,30.812,6335,0
20181010,30.812,30.812,30.217,30.217,16607,0
20181011,30.207,30.217,29.437,29.437,16987,0
20181012,29.798,29.798,29.31,29.563,21593,0
20181015,29.632,29.768,29.573,29.573,276359,0
20181016,29.659,30.062,29.659,30.022,5131,0
20181017,29.914,30.163,29.914,30.072,22859,0
20181018,29.887,30.052,29.887,29.962,6892,0
20181019,30.16,30.196,30.11,30.178,3691,0
20181022,30.071,30.071,29.887,29.887,5581,0
20181023,29.583,29.982,29.531,29.974,54679,0
20181024,29.953,30.078,29.768,29.768,37951,0
20181025,29.651,29.984,29.651,29.878,59487,0
20181026,29.494,29.619,29.407,29.494,27433,0
20181029,29.808,29.887,29.523,29.593,5466,0
20181030,29.895,29.979,29.728,29.923,86876,0
20181031,29.94,30.148,29.94,29.963,47421,0
20181101,29.883,30.002,29.883,29.983,3250,0
20181102,29.839,29.933,29.675,29.839,4766,0
20181105,29.788,30.217,29.788,30.141,4593,0
20181106,29.963,30.266,29.963,30.266,4643,0
20181107,30.568,30.78,30.568,30.758,1689,0
20181108,30.754,30.882,30.744,30.882,5850,0
20181109,30.627,30.852,30.627,30.822,2390,0
20181112,31.018,31.018,30.744,30.744,4472,0
20181113,30.837,30.837,30.72,30.754,4990,0
20181114,30.672,30.733,30.519,30.663,7653,0
20181115,30.413,30.755,30.395,30.725,3605,0
20181116,30.882,30.968,30.882,30.968,2479,0
20181119,31.048,31.093,30.744,30.882,4949,0
20181120,30.852,30.852,30.529,30.637,9767,0
20181121,30.529,30.589,30.443,30.453,2467,0
20181123,30.324,30.462,30.324,30.442,1050,0
20181126,30.538,30.548,30.453,30.506,11160,0
20181127,30.501,30.618,30.501,30.618,8437,0
20181128,30.715,30.959,30.715,30.911,3244,0
20181129,30.948,31.068,30.948,31.068,5284,0
20181130,31.087,31.312,31.049,31.253,4234,0
20181203,31.253,31.487,31.223,31.487,9393,0
20181204,31.477,31.517,31.003,31.003,5622,0
20181206,30.393,30.973,30.393,30.973,9521,0
20181207,30.911,30.917,30.628,30.715,37446,0
20181210,30.548,30.743,30.324,30.743,62254,0
20181211,30.93,30.93,30.72,30.72,3280,0
20181212,30.892,30.93,30.647,30.647,12955,0
20181213,30.882,30.882,30.657,30.781,5449,0
20181214,30.548,30.568,30.393,30.439,3945,0
20181217,30.252,30.277,29.533,29.673,10087,0
20181218,29.847,29.887,29.558,29.683,55801,0
20181219,29.671,29.923,29.347,29.485,9622,0
20181220,29.084,29.389,28.918,29.084,25218,0
20181221,29.459,29.497,28.886,28.888,9929,0
20181224,28.634,28.661,27.79,27.79,17903,0
20181226,27.789,28.64,27.746,28.64,5374,0
20181227,28.284,28.869,28.167,28.869,19663,0
20181228,29.066,29.233,28.898,28.91,119604,0
20181231,29.016,29.075,28.867,29.075,8265,0
20190102,28.78,28.83,28.651,28.723,12449,0
20190103,28.554,28.667,28.443,28.443,40685,0
20190104,28.82,29.017,28.77,29.017,10332,0
20190107,28.77,29.163,28.77,29.037,4803,0
20190108,29.094,29.319,29.094,29.291,4984,0
20190109,29.281,29.389,29.281,29.291,4535,0
20190110,29.301,29.617,29.301,29.606,9664,0
20190111,29.349,29.566,29.349,29.566,8690,0
20190114,29.464,29.507,29.407,29.442,5111,0
20190115,29.606,29.742,29.606,29.737,13368,0
20190116,29.586,29.909,29.586,29.802,32725,0
20190117,29.596,30.015,29.596,30.015,5790,0
20190118,30.038,30.244,30.038,30.234,10367,0
20190122,30.264,30.288,30.002,30.185,19770,0
20190123,30.195,30.322,30.088,30.322,23929,0
20190124,30.195,30.331,30.19,30.284,6476,0
20190125,30.451,30.451,30.284,30.391,11173,0
20190128,30.294,30.312,30.155,30.295,17155,0
20190129,30.329,30.411,30.303,30.411,49449,0
20190130,30.557,30.797,30.518,30.707,40285,0
20190131,30.667,31.118,30.667,31.118,3995,0
20190201,31.09,31.116,30.96,31.116,30741,0
20190204,30.94,31.216,30.94,31.216,500161,0
20190205,31.246,31.334,31.186,31.306,89668,0
20190206,31.256,31.302,31.236,31.286,3931,0
20190207,31.286,31.383,31.222,31.383,11268,0
20190208,31.335,31.502,31.335,31.502,3550,0
20190211,31.54,31.566,31.482,31.566,4316,0
20190212,31.639,31.785,31.599,31.705,11373,0
20190213,31.728,31.815,31.679,31.785,13978,0
20190214,31.669,31.785,31.569,31.629,11441,0
20190215,31.579,31.915,31.579,31.915,4773,0
20190219,32.021,32.043,31.944,31.972,7795,0
20190220,31.969,32.065,31.934,32.061,11027,0
20190221,31.905,32.132,31.905,32.101,12703,0
20190222,32.188,32.287,32.18,32.238,31253,0
20190225,32.364,32.364,32.158,32.158,22565,0
20190226,32.14,32.228,32.121,32.131,46542,0
20190227,31.962,32.198,31.962,32.173,11510,0
20190228,32.248,32.459,32.238,32.297,16462,0
20190301,32.337,32.393,32.22,32.355,59358,0
20190304,32.384,32.384,32.081,32.307,11740,0
20190305,32.228,32.374,32.228,32.287,20121,0
20190306,32.278,32.297,32.188,32.236,18286,0
20190307,32.15,32.258,32.061,32.101,6248,0
20190308,31.952,32.081,31.952,32.081,7257,0
20190311,32.091,32.405,32.091,32.404,3440,0
20190312,32.544,32.593,32.525,32.549,3056,0
20190313,32.699,32.787,32.65,32.65,2933,0
20190314,32.685,32.759,32.63,32.7,27924,0
20190315,32.749,32.867,32.71,32.765,2501,0
20190318,32.793,32.793,32.64,32.66,4495,0
20190319,32.652,32.752,32.514,32.514,7093,0
20190320,32.444,32.63,32.408,32.431,5920,0
20190321,32.571,32.782,32.571,32.782,1446,0
20190322,32.7,32.807,32.7,32.709,2321,0
20190325,32.67,32.72,32.67,32.72,435,0
20190326,32.969,32.994,32.857,32.973,10178,0
20190327,32.916,32.916,32.764,32.872,4131,0
20190328,32.848,32.903,32.743,32.903,4053,0
20190329,32.955,33.054,32.955,33.034,8642,0
20190401,32.994,33.105,32.972,33.105,6846,0
20190402,32.994,33.124,32.994,33.124,7243,0
20190403,33.147,33.234,33.107,33.134,8457,0
20190404,32.974,33.083,32.974,33.083,7508,0
20190405,33.195,33.281,33.094,33.281,4106,0
20190408,33.119,33.168,33.064,33.168,8048,0
20190409,33.134,33.134,33.044,33.058,5968,0
20190410,33.221,33.221,33.064,33.134,12073,0
20190411,33.154,33.243,33.149,33.243,8280,0
20190412,33.267,33.41,33.241,33.393,9906,0
20190415,33.414,33.419,33.36,33.398,3700,0
20190416,33.321,33.321,33.104,33.104,13484,0
20190417,33.104,33.104,32.936,32.936,5074,0
20190418,32.946,33.134,32.946,33.059,11166,0
20190422,32.994,32.994,32.837,32.929,11319,0
20190423,33.084,33.176,33.084,33.176,1923,0
20190424,33.329,33.329,33.261,33.289,8943,0
20190425,33.271,33.399,33.236,33.389,7336,0
20190426,33.469,33.493,33.469,33.483,1635,0
20190429,33.511,33.511,33.419,33.419,3561,0
20190430,33.548,33.803,33.548,33.803,1666,0
20190501,33.728,33.756,33.521,33.521,3105,0
20190502,33.585,33.585,33.528,33.528,2233,0
20190503,33.711,33.746,33.711,33.716,414,0
20190506,33.251,33.706,33.251,33.62,3198,0
20190507,33.389,33.389,33.163,33.261,3772,0
20190508,33.231,33.231,33.159,33.159,207,0
20190509,32.975,33.241,32.926,33.211,30940,0
20190510,33.211,33.626,33.172,33.521,7579,0
20190513,33.389,33.389,33.295,33.389,24732,0
20190514,33.508,33.636,33.459,33.459,23702,0
20190515,33.419,33.646,33.419,33.576,25464,0
20190516,33.913,33.913,33.766,33.786,36243,0
20190517,33.586,33.848,33.586,33.795,3081,0
20190520,33.636,33.823,33.636,33.696,1743,0
20190521,33.963,33.963,33.874,33.886,5430,0
20190522,33.943,34.001,33.883,34.001,8167,0
20190523,33.859,33.943,33.783,33.902,51344,0
20190524,34.031,34.031,33.963,34.011,1633,0
20190528,34.08,34.08,33.666,33.666,3782,0
20190529,33.459,33.459,33.285,33.394,17110,0
20190530,33.498,33.498,33.416,33.485,3842,0
20190531,33.478,33.548,33.339,33.498,2431,0
20190603,33.631,33.773,33.61,33.773,114676,0
20190604,33.813,33.943,33.646,33.943,8056,0
20190605,34.123,34.547,34.123,34.547,9001,0
20190606,34.575,34.788,34.575,34.751,8189,0
20190607,35.017,35.097,34.762,34.84,10044,0
20190610,34.712,34.8,34.712,34.79,8913,0
20190611,34.732,34.732,34.533,34.594,6374,0
20190612,34.768,34.801,34.752,34.794,3437,0
20190613,34.82,34.86,34.752,34.85,3603,0
20190614,34.89,35.057,34.89,34.997,4367,0
20190617,34.969,35.057,34.88,34.96,19017,0
20190618,34.989,34.989,34.853,34.91,2155,0
20190619,34.89,35.137,34.89,35.137,12008,0
20190620,35.284,35.334,35.117,35.334,9934,0
20190621,35.127,35.284,35.127,35.255,11704,0
20190624,35.117,35.235,35.117,35.127,2902,0
20190625,35.166,35.225,34.979,34.979,3281,0
20190626,35.137,35.137,34.476,34.485,10330,0
20190627,34.535,34.594,34.535,34.559,1994,0
20190628,34.688,34.746,34.664,34.735,12556,0
20190701,34.718,34.848,34.703,34.848,7792,0
20190702,35.026,35.156,35.02,35.138,10923,0
20190703,35.378,35.586,35.35,35.572,3937,0
20190705,35.316,35.457,35.19,35.413,8391,0
20190708,35.422,35.468,35.378,35.398,5903,0
20190709,35.605,35.605,35.358,35.566,27423,0
20190710,35.586,35.655,35.586,35.611,7191,0
20190711,35.547,35.615,35.407,35.502,9329,0
20190712,35.715,35.715,35.467,35.525,7223,0
20190715,35.795,35.795,35.527,35.597,9228,0
20190716,35.605,35.605,35.477,35.511,4795,0
20190717,35.6,35.6,35.407,35.427,3240,0
20190718,35.353,35.566,35.353,35.507,6459,0
20190719,35.457,35.547,35.149,35.149,7916,0
20190722,35.07,35.199,35.029,35.13,5269,0
20190723,35.09,35.227,35.036,35.175,2991,0
20190724,35.11,35.145,35.01,35.145,3625,0
20190725,35.11,35.148,35.095,35.095,2583,0
20190726,35.273,35.362,35.273,35.362,3521,0
20190729,35.513,35.532,35.405,35.422,6541,0
20190730,35.427,35.537,35.288,35.288,5572,0
20190731,35.4,35.417,34.981,35.16,9189,0
20190801,35.08,35.308,35.08,35.09,7456,0
20190802,35.131,35.219,35.03,35.097,13147,0
20190805,34.852,34.852,34.234,34.347,24934,0
20190806,34.337,34.892,34.337,34.872,37870,0
20190807,34.614,35.08,34.605,34.984,13308,0
20190808,35.15,35.436,35.15,35.436,10094,0
20190809,35.378,35.509,35.259,35.46,3371,0
20190812,35.288,35.507,35.133,35.199,24006,0
20190813,35.348,35.467,35.348,35.419,16752,0
20190814,35.268,35.268,34.832,34.832,7248,0
20190815,34.981,35.198,34.981,35.198,4920,0
20190816,35.389,35.492,35.358,35.492,16689,0
20190819,35.583,35.754,35.583,35.734,68260,0
20190820,35.735,35.883,35.467,35.467,34333,0
20190821,35.824,35.824,35.562,35.615,6919,0
20190822,35.477,35.775,35.472,35.754,13146,0
20190823,35.795,35.795,35.18,35.18,7773,0
20190826,35.388,35.507,35.298,35.507,9081,0
20190827,35.715,35.715,35.552,35.552,19449,0
20190828,35.549,35.615,35.538,35.615,6175,0
20190829,35.813,35.902,35.735,35.876,10924,0
20190830,36.032,36.37,35.863,35.913,13126,0
20190903,36.181,36.181,35.983,36.112,19502,0
20190904,36.201,36.375,36.201,36.354,8311,0
20190905,36.468,36.468,36.297,36.31,7109,0
20190906,36.471,36.471,36.35,36.35,2475,0
20190909,36.181,36.181,36.092,36.142,4434,0
20190910,35.844,35.844,35.705,35.805,13014,0
20190911,35.951,36.024,35.913,36.009,14818,0
20190912,36.003,36.32,36.003,36.179,3494,0
20190913,36.191,36.23,35.933,36.062,11281,0
20190916,36.022,36.052,35.943,36.007,4953,0
20190917,36.32,36.335,36.181,36.322,4227,0
20190918,36.33,36.41,36.27,36.407,3868,0
20190919,36.677,36.677,36.437,36.498,6794,0
20190920,36.538,36.578,36.403,36.446,5536,0
20190923,36.23,36.548,36.23,36.488,6791,0
20190924,36.598,36.727,36.46,36.519,6935,0
20190925,36.524,36.598,36.501,36.57,8373,0
20190926,36.707,36.788,36.581,36.727,2440,0
20190927,36.717,36.766,36.468,36.652,15795,0
20190930,36.663,36.806,36.663,36.7,13534,0
20191001,36.634,36.634,36.418,36.446,8965,0
20191002,36.252,36.408,35.86,35.928,23347,0
20191003,35.989,36.091,35.8,36.091,27166,0
20191004,36.936,36.936,36.331,36.648,17740,0
20191007,36.467,36.707,36.418,36.474,17543,0
20191008,36.154,36.28,36.055,36.055,6712,0
20191009,36.09,36.328,36.09,36.232,12693,0
20191010,36.238,36.438,36.232,36.312,4579,0
20191011,36.365,36.597,36.365,36.368,9937,0
20191014,36.325,36.378,36.188,36.211,43400,0
20191015,36.278,36.301,36.232,36.268,12155,0
20191016,36.233,36.257,36.189,36.253,13592,0
20191017,36.527,36.527,36.278,36.388,6232,0
20191018,36.208,36.492,36.208,36.492,5889,0
20191021,36.497,36.612,36.497,36.612,3795,0
20191022,36.607,36.622,36.438,36.442,9614,0
20191023,36.497,36.557,36.385,36.501,8829,0
20191024,36.569,36.632,36.537,36.612,5333,0
20191025,36.477,36.537,36.364,36.387,5072,0
20191028,36.322,36.328,36.178,36.208,11885,0
20191029,36.158,36.378,36.158,36.278,14000,0
20191030,36.346,36.565,36.268,36.547,4886,0
20191031,36.537,36.537,36.412,36.513,12791,0
20191101,36.617,36.627,36.477,36.54,13413,0
20191104,36.856,36.856,36.188,36.252,9857,0
20191105,36.238,36.238,35.919,36.056,12136,0
20191106,36.139,36.272,36.139,36.259,7550,0
20191107,36.225,36.225,36.082,36.096,5168,0
20191108,35.989,36.129,35.989,36.037,7791,0
20191111,36.019,36.089,35.989,36.019,5081,0
20191112,36.029,36.109,35.909,35.955,25906,0
20191113,36.012,36.318,35.987,36.234,7779,0
20191114,36.324,36.371,36.308,36.352,3931,0
20191115,36.547,36.547,36.392,36.447,6752,0
20191118,36.418,36.652,36.418,36.498,8239,0
20191119,36.657,36.657,36.487,36.527,10494,0
20191120,36.428,36.552,36.368,36.519,13471,0
20191121,36.477,36.477,36.264,36.303,12533,0
20191122,36.278,36.336,36.158,36.278,14756,0
20191125,36.35,36.35,36.228,36.252,12054,0
20191126,36.342,36.582,36.342,36.582,3474,0
20191127,36.647,36.647,36.487,36.623,20062,0
20191129,36.547,36.667,36.546,36.546,8581,0
20191202,36.926,36.926,36.212,36.212,18487,0
20191203,36.099,36.099,35.261,35.61,52401,0
20191204,35.859,36.184,35.859,36.097,6498,0
20191205,36.109,36.109,36.022,36.063,6774,0
20191206,36.338,36.707,36.338,36.682,18029,0
20191209,36.527,36.717,36.497,36.517,3078,0
20191210,36.537,36.697,36.477,36.485,6195,0
20191211,36.587,36.801,36.587,36.801,8555,0
20191212,36.687,37.683,36.687,37.663,11817,0
20191213,37.588,37.967,37.384,37.506,7084,0
20191216,38.084,38.084,37.883,37.903,3957,0
20191217,37.913,38.011,37.913,37.986,6545,0
20191218,38.034,38.211,38.034,38.162,4265,0
20191219,38.202,38.338,38.17,38.306,29601,0
20191220,38.46,38.56,38.432,38.489,9117,0
20191223,38.71,38.869,38.615,38.803,23961,0
20191224,38.899,38.899,38.78,38.786,2573,0
20191226,38.899,38.991,38.81,38.892,13972,0
20191227,39.089,39.089,38.682,38.682,91610,0
20191230,38.67,38.67,38.37,38.5066,17428,0
20191231,38.38,38.6358,38.38,38.63,4207,0
20200102,40.33,40.33,38.86,39.1934,14595,0
20200103,39.1,39.1,38.73,38.7392,16807,0
20200106,38.5,38.7713,38.5,38.7713,7334,0
20200107,38.81,39.15,38.81,39.09,8483,0
20200108,39.099,39.29,38.99,39.1266,16538,0
20200109,39.2213,39.3987,39.1889,39.3628,15953,0
20200110,39.391,39.391,38.9966,39.11,24654,0
20200113,39.19,39.5,39.16,39.44,34743,0
20200114,39.58,42.12,39.41,39.47,30524,0
20200115,39.45,39.4989,39.14,39.23,50390,0
20200116,39.679,39.779,39.645,39.7773,37985,0
20200117,39.86,39.88,39.78,39.8743,107609,0
20200121,39.73,39.78,39.51,39.51,14735,0
20200122,39.7,39.75,39.35,39.36,16811,0
20200123,39.43,39.61,39.16,39.58,10108,0
