Date,Open,High,Low,Close,Volume,OpenInt
20120417,14.379,14.397,14.241,14.379,244211,0
20120418,14.379,14.467,14.379,14.431,334666,0
20120419,14.431,14.431,14.379,14.425,134704,0
20120420,14.409,14.438,14.402,14.431,95880,0
20120423,14.438,14.438,14.402,14.425,90378,0
20120424,14.384,14.438,14.384,14.438,152157,0
20120425,14.438,14.495,14.438,14.48,258875,0
20120426,14.495,14.535,14.467,14.467,131696,0
20120427,14.535,14.535,14.443,14.48,146283,0
20120430,14.489,14.513,14.449,14.467,154296,0
20120501,14.489,14.548,14.48,14.526,44346,0
20120502,14.565,14.565,14.521,14.565,79757,0
20120503,14.56,14.56,14.513,14.56,92122,0
20120504,14.555,14.575,14.501,14.53,51239,0
20120507,14.526,14.548,14.521,14.539,36703,0
20120508,14.53,14.53,14.501,14.521,59174,0
20120509,14.535,14.535,14.484,14.521,66127,0
20120510,14.526,14.526,14.495,14.526,114089,0
20120511,14.535,14.555,14.526,14.539,36223,0
20120514,14.548,14.548,14.495,14.526,91147,0
20120515,14.521,14.526,14.495,14.513,39758,0
20120516,14.513,14.535,14.472,14.501,56449,0
20120517,14.484,14.484,14.391,14.438,77914,0
20120518,14.384,14.397,14.205,14.263,87050,0
20120521,14.263,14.391,14.263,14.292,91256,0
20120522,14.349,14.421,14.322,14.421,88749,0
20120523,14.379,14.449,14.322,14.409,34525,0
20120524,14.431,14.438,14.391,14.438,21343,0
20120525,14.438,14.467,14.438,14.438,15923,0
20120529,14.438,14.526,14.438,14.526,24095,0
20120530,14.507,14.507,14.467,14.507,23560,0
20120531,14.507,14.526,14.467,14.495,15077,0
20120601,14.438,14.484,14.339,14.467,23970,0
20120604,14.467,14.467,14.357,14.397,44443,0
20120605,14.431,14.513,14.431,14.484,18158,0
20120606,14.484,14.484,14.409,14.484,18436,0
20120607,14.484,14.555,14.484,14.53,22288,0
20120608,14.535,14.535,14.507,14.526,10760,0
20120611,14.53,14.548,14.501,14.513,18402,0
20120612,14.526,14.535,14.484,14.513,30065,0
20120613,14.513,14.526,14.467,14.495,21791,0
20120614,14.521,14.526,14.489,14.513,25261,0
20120615,14.535,14.555,14.535,14.555,11879,0
20120618,14.555,14.572,14.535,14.56,49649,0
20120619,14.565,14.642,14.56,14.642,56715,0
20120620,14.646,14.664,14.581,14.611,28272,0
20120621,14.611,14.652,14.597,14.611,39999,0
20120622,14.664,14.728,14.642,14.717,60144,0
20120625,14.704,14.721,14.658,14.721,41612,0
20120626,14.728,14.728,14.658,14.717,42100,0
20120627,14.728,14.798,14.728,14.773,23945,0
20120628,14.773,14.892,14.756,14.892,24696,0
20120629,14.756,14.872,14.756,14.857,5118,0
20120702,14.804,14.898,14.773,14.898,33270,0
20120703,14.872,14.932,14.872,14.932,5680,0
20120705,14.95,14.95,14.872,14.872,44750,0
20120706,14.872,14.965,14.865,14.945,80745,0
20120709,14.959,15.057,14.959,15.057,40869,0
20120710,15.057,15.221,15.057,15.221,93477,0
20120711,15.012,15.093,14.954,15.093,94164,0
20120712,15.024,15.09,15.012,15.09,10883,0
20120713,15.078,15.084,14.965,15.012,115043,0
20120716,14.998,15.017,14.95,14.991,87091,0
20120717,14.972,14.972,14.814,14.865,199142,0
20120718,14.886,14.892,14.767,14.809,63081,0
20120719,14.809,14.82,14.764,14.788,50016,0
20120720,14.852,14.879,14.623,14.814,259287,0
20120723,14.699,14.788,14.652,14.728,116851,0
20120724,14.721,14.809,14.676,14.773,82155,0
20120725,14.788,14.838,14.676,14.814,78413,0
20120726,14.838,14.846,14.814,14.846,74169,0
20120727,14.82,14.898,14.767,14.82,26646,0
20120730,14.814,14.846,14.798,14.798,46581,0
20120731,14.832,14.846,14.746,14.846,42907,0
20120801,14.846,14.846,14.814,14.814,15370,0
20120802,14.814,14.892,14.814,14.872,19890,0
20120803,14.814,15.006,14.814,15.001,58234,0
20120806,15.001,15.044,14.984,15.044,26851,0
20120807,15.006,15.078,14.959,15.078,83149,0
20120808,15.078,15.078,14.972,15.078,14491,0
20120809,15.053,15.09,14.984,15.09,31499,0
20120810,15.048,15.13,15.048,15.124,34677,0
20120813,15.093,15.135,14.977,15.105,15960,0
20120814,15.07,15.1,15.048,15.1,24288,0
20120815,15.07,15.093,15.001,15.012,43149,0
20120816,14.959,15.07,14.904,14.905,40272,0
20120817,14.977,14.977,14.905,14.95,17334,0
20120820,14.984,14.984,14.827,14.886,36749,0
20120821,14.879,14.945,14.809,14.852,59472,0
20120822,14.861,14.927,14.832,14.879,76279,0
20120823,14.846,14.904,14.846,14.904,4904,0
20120824,14.886,14.886,14.886,14.886,11026,0
20120827,14.857,14.904,14.857,14.904,28611,0
20120828,14.904,14.945,14.898,14.945,102806,0
20120829,14.965,15.001,14.965,14.991,25677,0
20120830,14.959,15.048,14.927,15.031,40445,0
20120831,15.017,15.048,14.945,15.017,3960,0
20120904,15.031,15.063,14.959,15.053,37702,0
20120905,15.053,15.057,14.898,14.898,14016,0
20120906,14.965,15.012,14.898,14.984,45889,0
20120907,14.991,15.012,14.959,15.012,19475,0
20120910,15.017,15.048,14.991,15.024,24141,0
20120911,15.048,15.048,14.991,15.006,6699,0
20120912,15.001,15.048,14.991,15.048,24646,0
20120913,15.038,15.038,14.861,14.932,189883,0
20120914,14.939,14.959,14.904,14.959,63101,0
20120917,14.959,14.977,14.932,14.959,13252,0
20120918,14.904,14.959,14.904,14.945,14459,0
20120919,14.939,14.965,14.919,14.954,26989,0
20120920,14.932,14.991,14.912,14.984,36528,0
20120921,14.991,14.991,14.904,14.959,46190,0
20120924,14.991,15.038,14.965,14.972,10136,0
20120925,15.044,15.044,14.879,14.879,27867,0
20120926,14.905,14.991,14.892,14.984,41510,0
20120927,14.95,15.078,14.95,15.038,38143,0
20120928,15.031,15.105,15.017,15.093,29422,0
20121001,15.078,15.124,14.998,15.124,43414,0
20121002,15.124,15.124,15.024,15.124,30512,0
20121003,15.1,15.124,15.048,15.1,17467,0
20121004,15.124,15.139,15.063,15.135,23610,0
20121005,15.048,15.164,15.048,15.093,15681,0
20121008,15.063,15.124,15.057,15.105,12332,0
20121009,15.057,15.135,15.048,15.105,11871,0
20121010,14.865,14.892,14.846,14.846,46083,0
20121011,14.861,14.927,14.861,14.898,8865,0
20121012,14.886,14.919,14.846,14.861,20000,0
20121015,14.852,14.945,14.846,14.892,25974,0
20121016,14.892,14.991,14.886,14.972,17710,0
20121017,14.977,15.031,14.95,15.017,26263,0
20121018,15.017,15.017,14.959,15.012,10048,0
20121019,14.977,15.07,14.977,15.063,13224,0
20121022,15.07,15.1,15.057,15.1,38077,0
20121023,15.07,15.093,15.048,15.093,14230,0
20121024,15.07,15.07,14.939,15.048,31550,0
20121025,14.972,15.11,14.972,15.105,13130,0
20121026,15.09,15.105,15.048,15.078,20800,0
20121031,15.078,15.078,15.048,15.048,8799,0
20121101,15.078,15.164,15.078,15.078,17440,0
20121102,15.1,15.118,15.078,15.118,7633,0
20121105,15.093,15.118,15.048,15.09,33428,0
20121106,15.1,15.174,15.1,15.168,14119,0
20121107,15.1,15.153,15.09,15.09,25997,0
20121108,15.07,15.07,15.048,15.048,18163,0
20121109,15.024,15.07,15.017,15.048,17213,0
20121112,15.053,15.18,15.048,15.174,27800,0
20121113,15.188,15.188,15.1,15.11,11185,0
20121114,15.093,15.1,14.704,14.74,62742,0
20121115,14.814,15.024,14.721,14.74,23236,0
20121116,14.809,14.954,14.809,14.95,28225,0
20121119,15.024,15.024,14.886,14.972,6367,0
20121120,15.001,15.001,14.939,14.939,4749,0
20121121,14.965,14.998,14.879,14.919,29433,0
20121123,14.977,14.977,14.972,14.972,864,0
20121126,14.972,14.977,14.945,14.959,25561,0
20121127,14.991,15.017,14.764,14.954,19951,0
20121128,14.959,14.959,14.704,14.872,10671,0
20121129,14.905,15.105,14.846,14.965,13693,0
20121130,14.972,15.11,14.972,14.991,11592,0
20121203,14.945,14.945,14.919,14.932,8651,0
20121204,14.932,14.932,14.846,14.872,18898,0
20121205,14.892,14.892,14.82,14.892,4565,0
20121206,14.865,14.865,14.846,14.857,3410,0
20121207,14.838,14.846,14.773,14.814,35969,0
20121210,14.827,14.945,14.827,14.919,14844,0
20121211,14.919,15.006,14.912,14.977,19021,0
20121212,14.939,14.939,14.861,14.905,12620,0
20121213,14.904,14.959,14.898,14.927,22403,0
20121214,14.905,14.905,14.78,14.872,19407,0
20121217,14.905,14.905,14.838,14.857,30076,0
20121218,14.872,14.939,14.767,14.939,17217,0
20121219,14.904,14.904,14.814,14.832,29110,0
20121220,14.857,14.939,14.846,14.939,17488,0
20121221,14.932,14.932,14.932,14.932,624,0
20121224,14.932,14.939,14.919,14.927,9637,0
20121226,14.945,14.95,14.861,14.919,31669,0
20121227,14.927,14.927,14.865,14.905,3466,0
20121228,14.905,14.965,14.905,14.959,2581,0
20121231,14.927,14.965,14.905,14.965,5915,0
20130102,14.965,14.991,14.959,14.991,13946,0
20130103,14.984,15.057,14.984,15.006,14731,0
20130104,15.053,15.105,15.012,15.105,14330,0
20130107,15.105,15.135,15.09,15.135,20825,0
20130108,15.135,15.153,15.118,15.124,9134,0
20130109,15.124,15.221,15.118,15.221,43852,0
20130110,15.35,15.35,15.221,15.241,55224,0
20130111,15.27,15.275,15.262,15.27,4583,0
20130114,15.229,15.305,15.205,15.229,15951,0
20130115,15.221,15.275,15.216,15.216,5232,0
20130116,15.194,15.275,15.174,15.209,18426,0
20130117,15.221,15.275,15.199,15.251,16652,0
20130118,15.262,15.3,15.251,15.3,4525,0
20130122,15.279,15.337,15.279,15.328,5734,0
20130123,15.3,15.371,15.27,15.355,21611,0
20130124,15.311,15.347,15.279,15.328,35495,0
20130125,15.3,15.3,15.258,15.275,10195,0
20130128,15.279,15.315,15.279,15.315,2872,0
20130129,15.371,15.371,15.279,15.315,11565,0
20130130,15.315,15.371,15.315,15.355,6413,0
20130131,15.341,15.422,15.3,15.3,20003,0
20130201,15.495,15.495,15.294,15.294,5959,0
20130204,15.315,15.341,15.294,15.315,5929,0
20130205,15.337,15.337,15.233,15.233,46190,0
20130206,15.279,15.321,15.233,15.3,11592,0
20130207,15.294,15.371,15.294,15.371,17671,0
20130208,15.371,15.377,15.311,15.35,17421,0
20130211,15.371,15.383,15.321,15.355,13586,0
20130212,15.364,15.391,15.341,15.377,13958,0
20130213,15.355,15.355,15.305,15.305,11920,0
20130214,15.341,15.468,15.341,15.468,76153,0
20130215,15.468,15.475,15.427,15.464,25458,0
20130219,15.475,15.514,15.468,15.506,28198,0
20130220,15.523,15.528,15.518,15.518,10627,0
20130221,15.6,15.6,15.495,15.495,16173,0
20130222,15.543,15.584,15.422,15.578,19863,0
20130225,15.56,15.589,15.475,15.564,31402,0
20130226,15.571,15.578,15.464,15.543,9578,0
20130227,15.502,15.547,15.489,15.536,7258,0
20130228,15.608,15.608,15.464,15.514,25402,0
20130301,15.518,15.518,15.475,15.518,4879,0
20130304,15.518,15.536,15.502,15.536,10720,0
20130305,15.571,15.578,15.554,15.571,16925,0
20130306,15.578,15.6,15.56,15.56,8867,0
20130307,15.571,15.578,15.475,15.523,5559,0
20130308,15.536,15.536,15.489,15.514,9569,0
20130311,15.543,15.564,15.543,15.547,2317,0
20130312,15.589,15.648,15.589,15.6,9290,0
20130313,15.666,15.666,15.56,15.56,3041,0
20130314,15.543,15.6,15.543,15.571,6926,0
20130315,15.543,15.547,15.543,15.547,2282,0
20130318,15.636,15.636,15.518,15.536,14245,0
20130319,15.543,15.636,15.543,15.629,9368,0
20130320,15.629,15.629,15.608,15.608,1167,0
20130321,15.589,15.629,15.584,15.629,11138,0
20130322,15.636,15.636,15.596,15.618,1181,0
20130325,15.608,15.608,15.518,15.589,35113,0
20130326,15.564,15.654,15.564,15.654,8778,0
20130327,15.661,15.696,15.636,15.67,44290,0
20130328,15.596,15.731,15.596,15.713,18597,0
20130401,15.785,15.785,15.644,15.666,19786,0
20130402,15.684,15.684,15.67,15.678,5394,0
20130403,15.696,15.726,15.69,15.69,4827,0
20130404,15.696,15.696,15.618,15.69,17201,0
20130405,15.761,15.761,15.684,15.707,18488,0
20130408,15.696,15.815,15.654,15.785,40320,0
20130409,15.815,15.815,15.701,15.774,16857,0
20130410,15.711,15.795,15.711,15.785,14411,0
20130411,15.795,15.843,15.785,15.843,17855,0
20130412,15.84,15.849,15.801,15.829,13252,0
20130415,15.84,15.84,15.795,15.815,11679,0
20130416,15.829,16.028,15.82,16.028,32801,0
20130417,15.865,16.087,15.865,16.087,15890,0
20130418,15.978,16.038,15.84,15.843,15388,0
20130419,15.843,15.985,15.843,15.985,9048,0
20130422,15.815,15.978,15.815,15.953,4308,0
20130423,15.971,16.297,15.971,16.136,18456,0
20130424,16.202,16.202,15.948,16.171,10735,0
20130425,16.032,16.146,15.928,16.117,5383,0
20130426,15.942,16.11,15.942,16.11,9028,0
20130429,15.892,16.075,15.892,16.063,8619,0
20130430,16.015,16.075,15.99,15.99,4649,0
20130501,15.994,15.994,15.917,15.923,2186,0
20130502,15.907,16.002,15.711,15.928,35553,0
20130503,15.815,15.885,15.753,15.881,2651,0
20130506,15.785,15.9,15.785,15.878,12209,0
20130507,15.928,15.936,15.865,15.917,19315,0
20130508,16.008,16.008,15.871,15.917,9724,0
20130509,15.914,15.936,15.907,15.917,7079,0
20130510,15.857,15.959,15.857,15.959,1646,0
20130513,15.892,15.923,15.865,15.865,3476,0
20130514,15.923,15.936,15.907,15.907,21957,0
20130515,15.928,15.948,15.857,15.857,15955,0
20130516,15.9,15.917,15.878,15.885,4101,0
20130517,15.917,15.917,15.881,15.907,11895,0
20130520,15.9,15.907,15.892,15.907,4473,0
20130521,15.917,15.942,15.917,15.928,10036,0
20130522,15.928,15.928,15.881,15.907,5445,0
20130523,15.878,16.11,15.878,16.11,21626,0
20130524,16.1,16.1,16.05,16.087,1246,0
20130528,15.978,16.19,15.978,16.175,82198,0
20130529,16.079,16.079,15.753,15.994,22464,0
20130530,15.99,16.11,15.971,16.105,4147,0
20130531,16.105,16.105,15.706,15.706,1739,0
20130603,15.761,15.761,15.461,15.524,33118,0
20130604,15.519,15.61,15.39,15.604,7580,0
20130605,15.419,15.81,15.361,15.464,7877,0
20130606,15.695,15.695,15.243,15.622,10645,0
20130607,15.461,15.69,15.334,15.483,17032,0
20130610,15.461,15.544,15.334,15.544,25568,0
20130611,15.334,15.544,15.265,15.277,21746,0
20130612,15.61,15.61,15.243,15.353,33263,0
20130613,15.448,15.665,15.368,15.653,29381,0
20130614,15.73,15.82,15.73,15.753,4035,0
20130617,15.792,15.792,15.468,15.706,10373,0
20130618,15.519,15.683,15.519,15.573,6084,0
20130619,15.653,15.658,15.483,15.483,6186,0
20130620,15.475,15.475,15.302,15.382,33748,0
20130621,15.396,15.483,15.39,15.483,4803,0
20130624,15.243,15.243,15.107,15.188,28868,0
20130625,15.253,15.39,15.18,15.209,10580,0
20130626,15.325,15.339,15.209,15.302,21214,0
20130627,15.346,15.468,15.346,15.396,10098,0
20130628,15.892,16.246,15.892,16.235,19626,0
20130701,15.683,15.683,15.503,15.665,11431,0
20130702,15.653,15.653,15.604,15.633,22710,0
20130703,15.573,15.622,15.573,15.622,1973,0
20130705,15.419,15.519,15.23,15.296,36740,0
20130708,15.531,15.531,15.095,15.318,43675,0
20130709,15.291,15.421,15.291,15.353,51755,0
20130710,15.398,15.543,15.387,15.493,27567,0
20130711,15.764,15.769,15.485,15.516,26373,0
20130712,15.571,15.615,15.259,15.511,30777,0
20130715,15.42,15.479,15.333,15.376,31181,0
20130716,15.422,15.466,15.376,15.383,12692,0
20130717,15.458,15.609,15.458,15.498,16190,0
20130718,15.498,15.627,15.498,15.554,21672,0
20130719,15.516,15.64,15.498,15.64,17886,0
20130722,15.627,15.658,15.554,15.591,7280,0
20130723,15.64,15.658,15.597,15.615,10629,0
20130724,15.597,15.64,15.406,15.527,16718,0
20130725,15.521,15.521,15.376,15.498,6493,0
20130726,15.428,15.458,15.387,15.39,16759,0
20130729,15.458,15.578,15.398,15.422,9185,0
20130730,15.547,15.547,15.428,15.458,4426,0
20130731,15.458,15.621,15.414,15.564,19487,0
20130801,15.609,15.609,15.462,15.547,8253,0
20130802,15.602,15.602,15.485,15.516,5728,0
20130805,15.578,15.585,15.442,15.485,15570,0
20130806,15.414,15.442,15.27,15.29,48312,0
20130807,15.554,15.554,15.281,15.312,29447,0
20130808,15.434,15.458,15.276,15.45,28760,0
20130809,15.479,15.479,15.406,15.442,3213,0
20130812,15.505,15.578,15.422,15.505,8582,0
20130813,15.571,15.571,15.39,15.428,7735,0
20130814,15.42,15.45,15.39,15.428,8821,0
20130815,15.39,15.39,15.276,15.312,41047,0
20130816,15.27,15.324,15.241,15.241,15261,0
20130819,15.27,15.27,14.579,14.784,44302,0
20130820,14.709,15.096,14.494,14.862,24436,0
20130821,14.809,14.951,14.605,14.77,32216,0
20130822,14.847,15.086,14.784,14.89,11962,0
20130823,14.904,15.135,14.868,14.939,13832,0
20130826,15.08,15.08,14.784,14.784,12506,0
20130827,14.839,15.148,14.809,15.086,7247,0
20130828,15.053,15.117,14.79,14.996,10640,0
20130829,14.874,15.191,14.874,15.01,18371,0
20130830,15.358,15.433,15.214,15.328,19010,0
20130903,15.171,15.171,14.951,15.096,6955,0
20130904,15.154,15.232,14.874,15.104,14527,0
20130905,14.973,15.045,14.827,15.024,20050,0
20130906,14.96,15.129,14.932,15.108,2644,0
20130909,15.203,15.228,15.058,15.148,21410,0
20130910,15.139,15.209,15.086,15.165,19558,0
20130911,15.104,15.191,15.096,15.171,10232,0
20130912,15.191,15.191,15.139,15.191,4632,0
20130913,15.122,15.198,15.096,15.165,13995,0
20130916,15.171,15.191,15.092,15.096,5514,0
20130917,15.096,15.308,15.096,15.241,14345,0
20130918,15.219,15.383,15.154,15.383,12026,0
20130919,15.353,15.609,15.154,15.571,42306,0
20130920,15.527,15.543,15.39,15.527,11743,0
20130923,15.547,15.56,15.324,15.56,8769,0
20130924,15.458,15.547,15.39,15.521,31395,0
20130925,15.521,15.521,15.301,15.516,36329,0
20130926,15.521,15.547,15.462,15.547,4877,0
20130927,15.42,15.554,15.414,15.554,10166,0
20130930,15.832,15.975,15.68,15.951,11154,0
20131001,15.627,15.653,15.554,15.554,24660,0
20131002,15.547,15.56,15.39,15.434,23934,0
20131003,15.462,15.578,15.406,15.458,8945,0
20131004,15.511,15.578,15.511,15.578,8109,0
20131007,15.578,15.578,15.498,15.505,5878,0
20131008,15.472,15.564,15.472,15.498,7995,0
20131009,15.624,15.667,15.548,15.667,12952,0
20131010,15.661,15.693,15.58,15.617,9410,0
20131011,15.655,15.667,15.612,15.661,4777,0
20131014,15.624,15.661,15.528,15.556,8041,0
20131015,15.58,15.649,15.548,15.556,19079,0
20131016,15.58,15.649,15.517,15.612,14670,0
20131017,15.667,15.673,15.543,15.655,8990,0
20131018,15.644,15.667,15.233,15.233,46074,0
20131021,15.493,15.566,15.457,15.548,21007,0
20131022,15.556,15.644,15.548,15.593,11355,0
20131023,15.624,15.847,15.498,15.847,10929,0
20131024,15.754,15.88,15.585,15.628,11731,0
20131025,15.724,15.794,15.649,15.704,4600,0
20131028,15.818,15.818,15.737,15.737,2817,0
20131029,15.842,15.842,15.599,15.599,7443,0
20131030,15.693,15.794,15.68,15.794,20599,0
20131031,15.768,15.794,15.704,15.749,10984,0
20131101,15.754,15.832,15.754,15.832,8902,0
20131104,15.832,15.832,15.749,15.813,6003,0
20131105,15.737,15.794,15.724,15.724,14645,0
20131106,15.754,15.787,15.737,15.768,5333,0
20131107,15.744,15.847,15.724,15.724,5556,0
20131108,15.704,15.832,15.604,15.718,48127,0
20131111,15.71,15.832,15.673,15.71,31513,0
20131112,15.847,15.847,15.617,15.737,48895,0
20131113,15.612,15.737,15.612,15.644,4138,0
20131114,15.737,15.737,15.599,15.644,10658,0
20131115,15.655,15.655,15.644,15.644,7463,0
20131118,15.624,15.644,15.535,15.624,18393,0
20131119,15.505,15.628,15.505,15.599,15747,0
20131120,15.465,15.644,15.465,15.644,22462,0
20131121,15.517,15.535,15.478,15.478,4664,0
20131122,15.535,15.699,15.485,15.485,35805,0
20131125,15.522,15.548,15.493,15.505,24891,0
20131126,15.585,15.585,15.535,15.585,7007,0
20131127,15.58,15.612,15.58,15.612,45009,0
20131129,15.612,15.718,15.493,15.673,5355,0
20131202,15.693,15.693,15.522,15.566,41769,0
20131203,15.566,15.624,15.528,15.58,17417,0
20131204,15.599,15.612,15.493,15.543,29865,0
20131205,15.517,15.517,15.153,15.389,80186,0
20131206,15.485,15.485,15.337,15.471,8745,0
20131209,15.418,15.448,15.412,15.412,6249,0
20131210,15.403,15.421,15.283,15.395,30845,0
20131211,15.427,15.427,15.366,15.418,27684,0
20131212,15.395,15.421,15.265,15.412,40653,0
20131213,15.412,15.412,15.303,15.303,2387,0
20131216,15.448,15.448,15.252,15.328,42303,0
20131217,15.271,15.389,15.265,15.337,13316,0
20131218,15.259,15.44,15.247,15.389,18774,0
20131219,15.337,15.389,15.328,15.348,6311,0
20131220,15.505,15.543,15.328,15.517,14819,0
20131223,15.522,15.612,15.522,15.556,34449,0
20131224,15.561,15.566,15.556,15.556,3320,0
20131226,15.303,15.644,15.303,15.448,57076,0
20131227,15.412,15.433,15.321,15.389,4667,0
20131230,15.358,15.498,15.358,15.395,11660,0
20131231,15.348,15.535,15.348,15.389,5702,0
20140102,15.389,15.673,15.348,15.528,5232,0
20140103,15.471,15.617,15.427,15.58,5922,0
20140106,15.661,15.687,15.593,15.593,10258,0
20140107,15.667,15.687,15.599,15.68,6979,0
20140108,15.68,15.842,15.628,15.842,22985,0
20140109,15.798,15.88,15.78,15.863,14184,0
20140110,15.958,16.106,15.958,15.978,17271,0
20140113,15.892,16.078,15.847,15.985,6232,0
20140114,15.985,16.237,15.985,16.212,53853,0
20140115,16.202,16.427,16.202,16.382,34699,0
20140116,16.376,16.434,16.266,16.342,17235,0
20140117,16.325,16.405,16.285,16.285,30665,0
20140121,16.337,16.388,16.257,16.281,22747,0
20140122,16.281,16.484,16.281,16.376,18041,0
20140123,16.439,16.503,16.42,16.498,6644,0
20140124,16.369,16.688,16.369,16.632,14563,0
20140127,16.599,16.664,16.536,16.612,22757,0
20140128,16.569,16.664,16.503,16.632,54216,0
20140129,16.599,16.682,16.489,16.636,68061,0
20140130,16.612,16.729,16.612,16.688,47307,0
20140131,16.695,16.715,16.651,16.688,21966,0
20140203,16.643,16.664,16.599,16.636,38882,0
20140204,16.643,16.669,16.612,16.669,21856,0
20140205,16.664,16.701,16.632,16.695,15209,0
20140206,16.659,16.664,16.606,16.651,21062,0
20140207,16.62,16.62,16.489,16.591,26173,0
20140210,16.523,16.523,16.444,16.444,7703,0
20140211,16.342,16.498,16.228,16.498,28844,0
20140212,16.414,16.503,16.414,16.503,3647,0
20140213,16.478,16.508,16.349,16.471,20507,0
20140214,16.376,16.508,16.376,16.439,10340,0
20140218,16.325,16.325,16.325,16.325,687,0
20140219,16.444,16.536,16.444,16.536,7129,0
20140220,16.478,16.536,16.394,16.439,20174,0
20140221,16.362,16.362,16.281,16.342,27417,0
20140224,16.405,16.405,16.297,16.297,2755,0
20140225,16.337,16.452,16.237,16.439,12365,0
20140226,16.414,16.625,16.394,16.394,12134,0
20140227,16.508,16.678,16.508,16.664,23867,0
20140228,16.664,16.791,16.664,16.783,71708,0
20140303,16.695,16.766,16.643,16.643,5683,0
20140304,16.791,16.855,16.729,16.835,16251,0
20140305,16.732,16.773,16.701,16.722,22040,0
20140306,16.715,16.816,16.678,16.812,5617,0
20140307,16.783,16.783,16.688,16.701,2964,0
20140310,16.701,16.755,16.682,16.755,1279,0
20140311,16.755,16.755,16.612,16.612,3936,0
20140312,16.664,16.755,16.342,16.729,10751,0
20140313,16.715,16.824,16.678,16.824,12748,0
20140314,16.875,16.977,16.875,16.977,4465,0
20140317,16.914,16.914,16.905,16.905,2736,0
20140318,16.905,16.977,16.812,16.977,4344,0
20140319,16.984,17.017,16.898,16.967,4299,0
20140320,17.063,17.063,16.715,17.03,8735,0
20140321,16.937,16.937,16.921,16.921,2591,0
20140324,16.83,16.951,16.83,16.835,4420,0
20140325,16.951,16.951,16.855,16.855,7442,0
20140326,16.835,16.893,16.835,16.855,12014,0
20140327,16.773,16.783,16.664,16.738,7116,0
20140328,16.921,16.921,16.729,16.875,10579,0
20140331,16.889,16.889,16.574,16.606,9765,0
20140401,16.636,16.746,16.569,16.715,9457,0
20140402,16.574,16.701,16.574,16.659,7396,0
20140403,16.632,16.636,16.581,16.581,11635,0
20140404,16.569,16.574,16.251,16.285,20818,0
20140407,16.458,16.458,16.297,16.297,14272,0
20140408,16.311,16.401,16.303,16.382,7652,0
20140409,16.388,16.464,16.349,16.388,20370,0
20140410,16.504,16.55,16.414,16.518,41228,0
20140411,16.504,16.538,16.205,16.279,65783,0
20140414,16.342,16.44,16.301,16.349,28289,0
20140415,16.427,16.427,16.253,16.253,54791,0
20140416,16.323,16.382,16.279,16.328,68114,0
20140417,16.376,16.479,16.271,16.271,324011,0
20140421,16.31,16.388,16.296,16.349,51321,0
20140422,16.376,16.382,16.263,16.284,99822,0
20140423,16.31,16.336,16.271,16.279,62799,0
20140424,16.317,16.317,16.263,16.271,27812,0
20140425,16.279,16.301,16.253,16.253,24258,0
20140428,16.284,16.368,16.263,16.336,37955,0
20140429,16.342,16.44,16.342,16.414,16274,0
20140430,16.44,16.479,16.434,16.473,58122,0
20140501,16.452,16.63,16.446,16.61,60549,0
20140502,16.604,16.642,16.584,16.604,3748,0
20140505,16.565,16.762,16.565,16.701,61466,0
20140506,16.709,16.722,16.634,16.694,28121,0
20140507,16.668,16.775,16.642,16.775,24095,0
20140508,16.775,16.892,16.775,16.857,23932,0
20140509,16.814,16.865,16.762,16.793,7003,0
20140512,16.709,16.857,16.709,16.779,20224,0
20140513,16.779,16.807,16.756,16.768,20323,0
20140514,16.677,16.756,16.677,16.738,4144,0
20140515,16.729,16.762,16.642,16.694,6022,0
20140516,16.722,16.747,16.604,16.642,7701,0
20140519,16.63,16.701,16.504,16.538,158747,0
20140520,16.512,16.572,16.504,16.512,19113,0
20140521,16.527,16.579,16.527,16.572,20378,0
20140522,16.61,16.63,16.589,16.589,12707,0
20140523,16.579,16.657,16.546,16.619,18823,0
20140527,16.61,16.732,16.565,16.642,7136,0
20140528,16.687,16.687,16.61,16.662,2296,0
20140529,16.668,16.738,16.623,16.729,17942,0
20140530,16.634,16.768,16.634,16.768,9100,0
20140602,16.709,16.825,16.709,16.825,7817,0
20140603,16.732,16.779,16.677,16.677,3627,0
20140604,16.63,16.756,16.55,16.756,14764,0
20140605,16.61,16.729,16.61,16.729,2899,0
20140606,16.722,16.722,16.701,16.715,2948,0
20140609,16.747,16.768,16.747,16.762,3694,0
20140610,16.677,16.732,16.677,16.729,3822,0
20140611,16.63,16.775,16.63,16.775,4131,0
20140612,16.694,16.732,16.662,16.722,7550,0
20140613,16.784,16.784,16.729,16.729,835,0
20140616,16.657,16.825,16.657,16.825,4208,0
20140617,16.694,16.762,16.694,16.732,8959,0
20140618,16.756,16.756,16.668,16.677,3969,0
20140619,16.747,16.847,16.687,16.825,15252,0
20140620,16.892,16.892,16.839,16.839,2434,0
20140623,16.839,16.897,16.839,16.897,3335,0
20140624,16.897,16.897,16.825,16.879,9715,0
20140625,16.762,16.975,16.762,16.975,2195,0
20140626,16.825,16.839,16.825,16.839,1632,0
20140627,16.948,17.178,16.919,17.017,56326,0
20140630,17.12,17.291,17.093,17.113,51383,0
20140701,17.102,17.159,17.102,17.152,5248,0
20140702,17.113,17.146,17.093,17.102,5661,0
20140703,17.184,17.184,17.126,17.126,1668,0
20140707,17.093,17.152,17.075,17.075,13467,0
20140708,17.079,17.14,17.063,17.132,15409,0
20140709,17.178,17.19,17.159,17.19,8475,0
20140710,17.254,17.293,17.219,17.278,6296,0
20140711,17.278,17.293,17.213,17.264,2351,0
20140714,17.271,17.351,17.271,17.326,5033,0
20140715,17.3,17.3,17.206,17.206,4660,0
20140716,17.219,17.23,17.206,17.219,3278,0
20140717,17.372,17.385,17.19,17.19,10504,0
20140718,17.198,17.357,17.198,17.357,4070,0
20140721,17.344,17.405,17.19,17.405,6342,0
20140722,17.278,17.512,17.278,17.364,18212,0
20140723,17.311,17.351,17.311,17.344,1960,0
20140724,17.326,17.351,17.278,17.278,6992,0
20140725,17.333,17.333,17.225,17.293,2925,0
20140728,17.219,17.286,17.219,17.258,3968,0
20140729,17.225,17.238,17.198,17.225,1998,0
20140730,17.198,17.198,17.107,17.107,8480,0
20140731,17.107,17.125,17.09,17.099,4184,0
20140801,17.125,17.254,17.125,17.254,5476,0
20140804,17.09,17.09,16.985,16.985,906,0
20140805,17.09,17.278,17.073,17.073,14145,0
20140806,17.271,17.411,17.258,17.372,18662,0
20140807,17.326,17.505,17.326,17.491,23469,0
20140808,17.498,17.532,17.385,17.438,9881,0
20140811,17.458,17.551,17.396,17.551,24397,0
20140812,17.491,17.644,17.411,17.633,28590,0
20140813,17.62,17.65,17.551,17.644,33134,0
20140814,17.592,17.677,17.558,17.672,5643,0
20140815,17.65,17.723,17.626,17.723,5429,0
20140818,17.717,17.825,17.717,17.785,3783,0
20140819,17.691,17.812,17.691,17.758,18628,0
20140820,17.691,17.691,17.672,17.672,2579,0
20140821,17.644,17.812,17.597,17.758,13356,0
20140822,17.698,17.698,17.698,17.698,169,0
20140825,17.712,17.712,17.579,17.579,9951,0
20140826,17.667,17.677,17.573,17.573,10073,0
20140827,17.564,17.626,17.564,17.626,1022,0
20140828,17.573,17.592,17.419,17.419,18476,0
20140829,17.498,17.592,17.438,17.564,5808,0
20140902,17.597,17.771,17.564,17.732,15393,0
20140903,17.706,17.931,17.706,17.892,14408,0
20140904,17.799,17.904,17.706,17.706,26180,0
20140905,17.723,17.723,17.698,17.698,2798,0
20140908,17.723,17.723,17.723,17.723,2160,0
20140909,17.587,17.61,17.579,17.579,3613,0
20140910,17.65,17.65,17.573,17.597,752,0
20140911,17.62,17.62,17.573,17.579,4992,0
20140912,17.472,17.592,17.472,17.498,8130,0
20140915,17.498,17.592,17.491,17.592,1394,0
20140916,17.444,17.519,17.385,17.45,5280,0
20140917,17.545,17.644,17.524,17.644,4654,0
20140918,17.545,17.667,17.479,17.633,14521,0
20140919,17.519,17.564,17.486,17.498,5454,0
20140922,17.357,17.626,17.357,17.491,35605,0
20140923,17.419,17.539,17.419,17.479,8618,0
20140924,17.519,17.519,17.326,17.326,4730,0
20140925,17.238,17.438,17.238,17.405,6327,0
20140926,17.34,17.458,17.099,17.419,5680,0
20140929,17.467,17.467,17.326,17.45,4987,0
20140930,17.505,17.505,17.458,17.491,2665,0
20141001,17.65,17.65,17.65,17.65,644,0
20141002,17.633,17.633,17.364,17.539,9115,0
20141003,17.427,17.597,17.427,17.573,2227,0
20141006,17.558,17.626,17.491,17.532,4626,0
20141007,17.545,17.545,17.458,17.458,1217,0
20141008,17.458,17.626,17.458,17.626,6767,0
20141009,17.828,17.828,17.761,17.761,1336,0
20141010,17.748,17.918,17.667,17.918,6033,0
20141013,17.788,17.903,17.61,17.61,7087,0
20141014,17.61,17.61,17.435,17.435,454,0
20141015,17.388,17.693,17.183,17.667,11176,0
20141016,17.857,17.87,17.857,17.862,4768,0
20141017,17.579,17.66,17.579,17.66,6343,0
20141020,17.807,17.816,17.602,17.602,1485,0
20141021,17.66,17.898,17.447,17.882,5317,0
20141022,17.726,17.958,17.726,17.958,15936,0
20141023,17.761,17.958,17.667,17.958,6201,0
20141024,17.952,18.066,17.85,17.85,16374,0
20141027,17.923,18.01,17.923,18.01,3543,0
20141028,18.058,18.066,18.001,18.048,3688,0
20141029,18.066,18.066,17.952,17.975,6590,0
20141030,17.936,17.969,17.218,17.952,3217,0
20141031,17.975,17.975,17.91,17.91,2194,0
20141103,17.93,17.985,17.898,17.898,7859,0
20141105,17.936,17.969,17.936,17.969,4072,0
20141106,17.89,17.993,17.816,17.816,6930,0
20141107,17.693,17.726,17.66,17.693,13672,0
20141110,17.61,17.61,17.61,17.61,498,0
20141111,17.857,17.89,17.571,17.62,4061,0
20141112,17.453,17.592,17.453,17.592,506,0
20141113,17.91,17.91,17.441,17.579,2603,0
20141114,17.502,17.62,17.453,17.62,811,0
20141117,17.693,17.767,17.693,17.761,3056,0
20141118,17.903,17.903,17.53,17.726,838,0
20141119,17.66,17.782,17.66,17.782,549,0
20141121,17.61,17.639,17.596,17.639,4126,0
20141124,17.726,17.807,17.579,17.66,10143,0
20141125,17.761,17.761,17.592,17.651,7314,0
20141126,17.602,17.602,17.602,17.602,278,0
20141201,17.592,17.592,17.592,17.592,494,0
20141202,17.592,17.644,17.592,17.644,608,0
20141203,17.62,17.66,17.544,17.644,7713,0
20141204,17.563,17.66,17.453,17.453,2055,0
20141205,17.463,17.517,17.327,17.388,13713,0
20141208,17.414,17.494,17.406,17.435,2362,0
20141209,17.406,17.406,17.406,17.406,5376,0
20141210,17.406,17.633,17.406,17.633,1043,0
20141212,17.633,17.651,17.544,17.544,2658,0
20141215,17.483,17.651,17.429,17.651,4447,0
20141216,17.639,17.651,17.639,17.644,3667,0
20141217,17.62,17.62,17.62,17.62,624,0
20141218,17.651,17.822,17.626,17.822,5627,0
20141219,17.686,17.993,17.644,17.993,4712,0
20141222,17.993,17.993,17.993,17.993,391,0
20141223,17.707,17.923,17.707,17.828,1914,0
20141226,17.752,17.752,17.752,17.752,146,0
20141229,17.828,17.828,17.788,17.788,1140,0
20141230,17.794,17.828,17.794,17.828,6591,0
20141231,17.828,17.828,17.782,17.782,5822,0
20150102,17.923,17.93,17.91,17.93,5695,0
20150105,17.952,17.952,17.767,17.93,2783,0
20150107,17.828,17.964,17.822,17.89,8320,0
20150108,17.89,17.964,17.89,17.958,3113,0
20150109,17.91,17.964,17.91,17.952,7862,0
20150112,18.068,18.083,18.002,18.083,6961,0
20150114,18.01,18.083,17.909,17.909,5587,0
20150115,17.994,17.994,17.722,17.764,6430,0
20150116,17.736,18.083,17.736,18.083,6199,0
20150121,17.964,18.083,17.847,17.86,4257,0
20150122,18.002,18.002,17.799,17.799,536,0
20150123,17.854,17.902,17.854,17.897,2742,0
20150126,18.049,18.049,18.036,18.036,476,0
20150127,17.909,18.077,17.909,18.007,2226,0
20150128,18.002,18.002,18.002,18.002,671,0
20150129,17.917,18.077,17.917,18.077,1547,0
20150130,17.929,17.929,17.929,17.929,1315,0
20150202,18.002,18.043,18.002,18.026,2278,0
20150203,17.952,18.083,17.945,18.068,3120,0
20150204,18.068,18.068,18.059,18.068,2752,0
20150205,18.059,18.059,18.059,18.059,1284,0
20150206,18.002,18.083,18.002,18.083,12391,0
20150209,17.952,17.952,17.945,17.945,1017,0
20150210,18.124,18.124,18.124,18.124,451,0
20150211,17.97,17.97,17.722,17.826,4205,0
20150213,17.952,18.187,17.952,18.049,5524,0
20150217,18.049,18.049,18.049,18.049,955,0
20150218,18.153,18.16,18.049,18.059,8163,0
20150219,18.11,18.11,18.068,18.083,759,0
20150220,18.077,18.137,17.929,18.137,4859,0
20150224,18.31,18.31,18.187,18.201,2743,0
20150226,18.228,18.228,18.214,18.214,635,0
20150227,18.207,18.207,17.909,17.909,2632,0
20150302,18.096,18.096,18.096,18.096,432,0
20150303,18.242,18.242,18.002,18.002,2744,0
20150304,18.179,18.298,18.117,18.268,10111,0
20150305,18.298,18.298,18.207,18.228,2599,0
20150306,18.068,18.16,17.964,17.964,5199,0
20150309,17.986,18.007,17.97,18.007,1444,0
20150310,18.171,18.263,18.077,18.091,7366,0
20150311,18.137,18.153,18.01,18.01,5924,0
20150312,18.077,18.16,18.018,18.018,6933,0
20150313,18.026,18.026,18.018,18.018,1444,0
20150316,18.018,18.018,17.958,17.994,1300,0
20150317,17.958,18.026,17.922,18.026,3033,0
20150318,18.049,18.049,18.049,18.049,288,0
20150319,17.945,18.018,17.922,17.922,6644,0
20150320,17.964,18.026,17.964,17.97,2890,0
20150323,18.053,18.171,18.053,18.11,5924,0
20150324,18.137,18.137,18.137,18.137,2599,0
20150325,18.068,18.103,18.068,18.103,1157,0
20150326,18.103,18.103,18.103,18.103,143,0
20150327,18.103,18.103,18.091,18.091,1157,0
20150330,18.103,18.166,18.103,18.166,2168,0
20150331,18.137,18.166,18.026,18.053,6264,0
20150401,18.16,18.16,18.137,18.137,1444,0
20150402,18.068,18.13,18.068,18.13,5053,0
20150406,18.166,18.201,18.166,18.201,1444,0
20150407,18.103,18.317,18.083,18.11,5977,0
20150408,18.153,18.16,18.103,18.103,2310,0
20150409,18.096,18.201,18.096,18.153,9329,0
20150410,18.209,18.35,18.209,18.265,6092,0
20150413,18.265,18.271,18.258,18.258,2689,0
20150414,18.265,18.35,18.258,18.293,851,0
20150415,18.278,18.35,18.271,18.271,2483,0
20150416,18.265,18.391,18.265,18.391,3895,0
20150417,18.363,18.363,18.314,18.314,707,0
20150420,18.301,18.357,18.301,18.328,2434,0
20150421,18.37,18.37,18.37,18.37,687,0
20150422,18.363,18.384,18.328,18.384,7029,0
20150423,18.35,18.35,18.236,18.243,9211,0
20150424,18.196,18.293,18.166,18.209,14594,0
20150427,18.209,18.221,18.209,18.214,1701,0
20150428,18.271,18.301,18.16,18.243,2270,0
20150429,18.243,18.308,18.16,18.308,2410,0
20150430,18.209,18.251,18.16,18.16,2975,0
20150501,18.179,18.179,18.179,18.179,425,0
20150504,18.187,18.23,18.179,18.179,3827,0
20150505,18.187,18.187,17.998,18.129,4961,0
20150506,18.089,18.089,17.998,18.005,2472,0
20150507,18.102,18.102,17.998,18.009,4110,0
20150508,18.067,18.075,18.005,18.015,3541,0
20150511,18.033,18.04,17.998,17.998,7087,0
20150512,17.998,18.166,17.998,18.144,6425,0
20150513,18.16,18.166,18.16,18.166,2689,0
20150514,18.137,18.209,18.137,18.209,10344,0
20150515,18.265,18.265,18.265,18.265,1212,0
20150518,18.308,18.308,18.308,18.308,826,0
20150519,18.32,18.32,18.144,18.16,2270,0
20150520,18.243,18.308,18.236,18.236,1842,0
20150521,18.172,18.209,18.172,18.179,1842,0
20150522,18.214,18.278,18.214,18.278,1842,0
20150526,18.271,18.278,18.271,18.278,317,0
20150527,18.278,18.278,18.271,18.271,707,0
20150528,18.23,18.335,18.23,18.335,1300,0
20150529,18.335,18.335,18.335,18.335,567,0
20150601,18.328,18.35,18.328,18.343,4854,0
20150602,18.343,18.357,18.314,18.328,3610,0
20150603,18.202,18.214,18.202,18.214,1133,0
20150604,18.179,18.328,18.179,18.328,4675,0
20150605,18.172,18.314,18.172,18.187,2689,0
20150608,18.202,18.202,18.187,18.187,1987,0
20150609,18.251,18.271,18.243,18.251,1700,0
20150610,18.166,18.236,18.16,18.236,7889,0
20150611,18.251,18.278,18.187,18.187,1385,0
20150612,18.265,18.293,18.265,18.293,707,0
20150615,18.209,18.271,18.172,18.265,2550,0
20150616,18.265,18.265,18.172,18.209,3969,0
20150617,18.179,18.209,18.137,18.209,1701,0
20150618,18.187,18.343,18.187,18.343,7367,0
20150619,18.221,18.285,18.137,18.187,10627,0
20150622,18.179,18.209,18.009,18.033,16718,0
20150623,18.005,18.137,18.005,18.137,7281,0
20150624,18.089,18.236,18.075,18.11,2270,0
20150625,18.075,18.179,18.04,18.179,3260,0
20150626,18.095,18.137,18.095,18.123,3683,0
20150629,18.123,18.285,18.117,18.243,3827,0
20150630,18.278,18.674,18.196,18.456,48376,0
20150701,18.42,18.582,18.343,18.456,11762,0
20150702,18.492,18.555,18.363,18.547,3118,0
20150706,18.384,18.547,18.384,18.456,1559,0
20150707,18.555,18.717,18.35,18.666,10911,0
20150708,18.575,18.582,18.567,18.582,567,0
20150709,18.666,18.737,18.666,18.737,7228,0
20150710,18.904,18.904,18.702,18.765,4726,0
20150713,18.542,18.76,18.542,18.629,3335,0
20150714,18.722,18.773,18.443,18.451,21833,0
20150715,18.753,18.753,18.435,18.435,17638,0
20150716,18.427,18.637,18.263,18.342,32950,0
20150717,18.414,18.472,18.241,18.269,24885,0
20150720,18.327,18.357,18.307,18.307,5282,0
20150721,18.307,18.477,18.307,18.392,9870,0
20150722,18.327,18.384,18.283,18.327,6952,0
20150723,18.327,18.35,18.291,18.35,3197,0
20150724,18.291,18.407,18.291,18.407,2918,0
20150727,18.392,18.392,18.327,18.37,2503,0
20150728,18.363,18.392,18.363,18.378,3753,0
20150729,18.35,18.37,18.269,18.307,10565,0
20150730,18.342,18.421,18.307,18.363,7647,0
20150731,18.307,18.378,18.307,18.37,5423,0
20150803,18.407,18.414,18.363,18.363,861,0
20150804,18.35,18.378,18.342,18.35,6255,0
20150805,18.392,18.392,18.357,18.357,3059,0
20150806,18.319,18.407,18.307,18.407,5496,0
20150807,18.357,18.357,18.299,18.299,4171,0
20150810,18.334,18.37,18.313,18.363,1390,0
20150811,18.307,18.384,18.307,18.313,3975,0
20150812,18.342,18.342,18.291,18.291,1111,0
20150813,18.291,18.378,18.283,18.327,10984,0
20150814,18.327,18.594,18.327,18.458,6952,0
20150817,18.451,18.451,18.334,18.384,4312,0
20150818,18.427,18.435,18.357,18.363,4312,0
20150819,18.407,18.427,18.378,18.378,1807,0
20150820,18.378,18.414,18.378,18.414,694,0
20150821,18.407,18.414,18.269,18.269,7367,0
20150824,18.235,19.125,18.034,18.235,16593,0
20150825,18.342,18.342,18.049,18.119,29197,0
20150826,18.163,18.542,18.163,18.542,6952,0
20150827,18.363,18.765,18.363,18.765,8341,0
20150828,18.435,18.629,18.435,18.521,6398,0
20150831,18.61,18.61,18.61,18.61,136,0
20150901,18.515,18.629,18.407,18.451,3335,0
20150902,18.241,18.571,18.241,18.571,1529,0
20150903,18.565,18.565,18.565,18.565,1111,0
20150904,18.578,18.745,18.068,18.378,8482,0
20150908,18.664,18.664,18.501,18.508,1945,0
20150909,18.508,18.559,18.37,18.451,3335,0
20150910,18.578,18.578,18.384,18.414,3366,0
20150911,18.536,18.571,18.392,18.407,4032,0
20150914,18.421,18.664,18.421,18.508,2083,0
20150915,18.443,18.508,18.443,18.458,5726,0
20150916,18.521,18.61,18.501,18.585,1669,0
20150917,18.613,18.622,18.613,18.622,380,0
20150918,18.622,18.622,18.551,18.551,694,0
20150921,18.622,18.629,18.551,18.551,1945,0
20150922,18.494,18.629,18.427,18.494,2918,0
20150923,18.458,18.61,18.458,18.61,833,0
20150924,18.451,18.61,18.451,18.602,2474,0
20150925,18.629,18.652,18.602,18.652,2642,0
20150928,18.443,18.501,18.443,18.443,1267,0
20150929,18.464,18.637,18.427,18.427,3197,0
20150930,18.637,18.637,18.35,18.35,7925,0
20151001,18.414,18.652,18.414,18.451,3753,0
20151002,18.414,18.494,18.4,18.451,4032,0
20151005,18.551,18.551,18.472,18.472,2781,0
20151006,18.508,18.622,18.4,18.622,13208,0
20151007,18.551,18.664,18.551,18.645,7092,0
20151008,18.664,18.809,18.664,18.702,2225,0
20151009,18.841,18.841,18.841,18.841,554,0
20151012,18.723,18.825,18.708,18.798,5158,0
20151013,18.775,18.775,18.702,18.761,5319,0
20151014,18.775,18.798,18.716,18.716,3135,0
20151015,18.798,18.798,18.694,18.716,7092,0
20151016,18.694,18.775,18.629,18.753,3954,0
20151020,18.716,18.819,18.708,18.766,2849,0
20151021,18.766,18.766,18.708,18.708,6683,0
20151022,18.732,18.834,18.672,18.761,4089,0
20151023,18.708,18.708,18.702,18.708,1227,0
20151026,18.732,18.732,18.732,18.732,272,0
20151027,18.732,18.738,18.732,18.738,2455,0
20151028,18.738,18.753,18.702,18.746,3000,0
20151029,18.738,18.775,18.738,18.775,4910,0
20151030,18.738,18.848,18.738,18.738,1637,0
20151102,18.788,18.812,18.746,18.798,2165,0
20151103,18.863,18.863,18.825,18.825,683,0
20151104,18.753,18.886,18.753,18.805,3980,0
20151105,18.788,18.886,18.788,18.848,1637,0
20151106,18.766,18.886,18.766,18.886,5728,0
20151109,18.856,18.868,18.856,18.868,1473,0
20151110,18.886,18.886,18.819,18.819,546,0
20151111,18.893,18.957,18.775,18.957,3954,0
20151112,18.949,18.957,18.761,18.782,4638,0
20151113,18.834,19.031,18.834,18.877,1637,0
20151116,18.943,19.133,18.943,19.12,5590,0
20151117,19.017,19.105,19.017,19.075,4773,0
20151118,18.987,19.069,18.957,18.966,12408,0
20151119,18.987,19.075,18.966,19.075,4638,0
20151120,19.045,19.12,18.966,19.12,8181,0
20151124,19.061,19.215,19.061,19.201,5590,0
20151125,19.215,19.34,19.177,19.332,3406,0
20151127,19.361,19.361,19.361,19.361,133,0
20151130,19.17,19.17,19.081,19.081,954,0
20151201,19.017,19.215,19.017,19.075,5389,0
20151202,19.017,19.193,19.017,19.149,6375,0
20151203,19.165,19.193,19.165,19.184,2088,0
20151204,19.12,19.209,19.113,19.177,3544,0
20151207,19.075,19.184,18.863,18.863,6273,0
20151208,18.825,19.026,18.825,18.993,5042,0
20151209,19.061,19.061,18.863,18.863,2048,0
20151210,18.825,18.943,18.746,18.825,2728,0
20151211,18.746,18.913,18.525,18.525,8453,0
20151214,18.503,18.503,18.086,18.188,49084,0
20151215,18.094,18.394,18.018,18.018,51407,0
20151216,18.188,18.188,18.079,18.188,19090,0
20151217,18.262,18.716,18.262,18.402,16635,0
20151218,18.612,18.732,18.612,18.702,1501,0
20151221,18.644,18.766,18.473,18.746,9134,0
20151222,18.716,18.863,18.708,18.766,3730,0
20151223,18.467,18.753,18.467,18.512,9682,0
20151224,18.525,18.738,18.517,18.533,4632,0
20151228,18.423,18.582,18.423,18.582,1836,0
20151229,18.537,18.9,18.537,18.877,14640,0
20151230,18.877,19.055,18.877,19.031,3789,0
20151231,18.913,18.913,18.9,18.9,1390,0
20160104,18.981,19.026,18.67,18.761,14353,0
20160105,19.01,19.031,18.981,18.981,2106,0
20160106,18.981,18.981,18.702,18.702,2483,0
20160107,18.913,18.938,18.913,18.921,2645,0
20160108,18.975,18.975,18.746,18.863,8371,0
20160111,18.835,18.957,18.738,18.746,19671,0
20160112,18.926,19.074,18.783,18.812,30010,0
20160113,18.812,18.85,18.642,18.85,13590,0
20160114,18.844,18.85,18.604,18.662,8924,0
20160115,18.447,18.789,18.447,18.783,6614,0
20160119,18.783,18.835,17.802,18.326,93981,0
20160120,18.044,18.264,17.534,18.095,50026,0
20160121,17.84,18.245,17.84,18.018,26188,0
20160122,18.318,18.447,18.176,18.334,12385,0
20160125,18.289,18.507,18.036,18.357,8959,0
20160126,18.357,18.686,18.334,18.56,15526,0
20160127,18.626,18.693,18.604,18.604,4274,0
20160128,18.693,18.715,18.584,18.701,5882,0
20160129,18.738,18.844,18.701,18.807,9749,0
20160201,18.657,18.859,18.657,18.859,9099,0
20160202,18.56,18.85,18.56,18.85,5832,0
20160203,18.889,18.889,18.783,18.871,5617,0
20160204,18.877,18.881,18.807,18.864,5953,0
20160205,18.916,18.916,18.799,18.82,5318,0
20160208,18.863,18.863,18.761,18.82,2376,0
20160209,18.761,18.776,18.475,18.596,13063,0
20160210,18.693,18.693,18.386,18.475,4161,0
20160211,18.475,18.926,18.378,18.416,3874,0
20160212,18.678,18.678,18.564,18.67,14128,0
20160216,18.662,18.678,18.416,18.552,120394,0
20160217,18.611,18.889,18.552,18.859,10067,0
20160218,18.859,18.916,18.784,18.799,7299,0
20160219,18.753,18.799,18.577,18.746,17877,0
20160222,18.844,18.844,18.799,18.799,1501,0
20160223,18.715,18.789,18.641,18.746,21663,0
20160224,18.686,18.951,18.662,18.701,10891,0
20160225,18.947,18.979,18.776,18.926,5755,0
20160226,18.859,18.859,18.776,18.812,2805,0
20160229,18.789,18.953,18.789,18.953,3862,0
20160301,18.953,18.953,18.776,18.903,6736,0
20160302,18.821,18.821,18.821,18.821,1337,0
20160303,18.903,18.926,18.894,18.926,3946,0
20160304,18.934,18.947,18.776,18.889,10027,0
20160307,18.933,19.023,18.894,18.894,12423,0
20160308,18.894,18.991,18.827,18.985,5086,0
20160309,18.852,19.068,18.852,19.007,5869,0
20160310,18.979,18.991,18.979,18.991,2342,0
20160311,18.998,18.998,18.871,18.998,12356,0
20160314,18.812,18.973,18.783,18.926,19785,0
20160315,18.971,18.979,18.926,18.979,8562,0
20160316,18.962,18.998,18.926,18.998,4885,0
20160317,18.979,18.998,18.979,18.992,4817,0
20160318,18.998,18.998,18.991,18.998,2297,0
20160321,18.998,19.068,18.998,19.053,4005,0
20160322,19.068,19.141,19.068,19.141,3277,0
20160323,19.037,19.141,19.037,19.141,3644,0
20160324,19.126,19.186,19.126,19.186,1787,0
20160328,19.105,19.186,19.081,19.186,2997,0
20160329,19.157,19.169,19.157,19.169,1604,0
20160330,19.186,19.222,19.186,19.222,3300,0
20160331,19.222,19.222,18.998,19.081,6516,0
20160401,18.916,19.017,18.908,19.017,3232,0
20160404,19.037,19.249,19.037,19.249,3274,0
20160405,19.133,19.254,19.133,19.21,2256,0
20160406,18.979,19.126,18.864,19.126,4411,0
20160407,18.947,19.074,18.947,19.074,2914,0
20160408,19.097,19.215,18.933,19.171,3810,0
20160411,19.254,19.307,19.156,19.307,9894,0
20160412,19.436,19.436,19.293,19.355,4295,0
20160413,19.375,19.375,19.229,19.307,6530,0
20160414,19.274,19.375,19.274,19.375,3771,0
20160415,19.366,19.366,19.329,19.329,1793,0
20160418,19.353,19.474,19.3,19.474,6166,0
20160419,19.474,19.474,19.399,19.399,3826,0
20160420,19.412,19.412,19.274,19.274,5037,0
20160421,19.306,19.505,19.306,19.406,3629,0
20160422,19.505,19.598,19.505,19.598,1537,0
20160425,19.59,19.59,19.59,19.59,2556,0
20160426,19.563,19.74,19.563,19.72,3148,0
20160427,19.49,19.74,19.49,19.733,3133,0
20160428,19.512,19.512,19.512,19.512,793,0
20160429,19.321,19.726,19.321,19.726,1922,0
20160502,19.674,19.72,19.515,19.515,3555,0
20160503,19.509,19.509,19.509,19.509,288,0
20160504,19.452,19.74,19.375,19.665,3322,0
20160505,19.727,19.733,19.619,19.665,1902,0
20160506,19.598,19.727,19.559,19.681,3807,0
20160509,19.661,19.661,19.661,19.661,196,0
20160510,19.647,19.681,19.582,19.681,3631,0
20160511,19.559,19.681,19.559,19.681,6031,0
20160512,19.412,19.645,19.406,19.536,3147,0
20160513,19.681,19.681,19.654,19.654,510,0
20160516,19.665,19.757,19.598,19.598,7780,0
20160517,19.602,19.602,19.5,19.526,1925,0
20160518,19.586,19.586,19.467,19.467,991,0
20160519,19.452,19.694,19.452,19.694,1554,0
20160520,19.681,19.694,19.545,19.694,2977,0
20160523,19.545,19.694,19.545,19.694,1608,0
20160524,19.61,19.681,19.61,19.643,2670,0
20160525,19.681,19.757,19.518,19.518,1776,0
20160526,19.49,19.715,19.49,19.643,4507,0
20160527,19.702,19.757,19.648,19.757,7307,0
20160531,19.643,19.733,19.619,19.684,7230,0
20160601,19.598,19.598,19.598,19.598,223,0
20160602,19.681,19.757,19.681,19.757,1578,0
20160603,19.803,19.825,19.648,19.825,6191,0
20160606,19.757,19.757,19.643,19.733,5313,0
20160607,19.727,19.727,19.602,19.602,6143,0
20160608,19.681,19.72,19.681,19.712,1514,0
20160609,19.613,19.613,19.556,19.598,6347,0
20160610,19.72,19.72,19.699,19.72,1882,0
20160613,19.72,19.72,19.61,19.645,1532,0
20160614,19.639,19.72,19.639,19.72,1655,0
20160615,19.681,19.681,19.681,19.681,214,0
20160616,19.72,19.72,19.61,19.619,2756,0
20160617,19.712,19.72,19.639,19.72,2825,0
20160620,19.563,19.699,19.563,19.628,2649,0
20160621,19.71,19.71,19.71,19.71,355,0
20160622,19.619,19.72,19.61,19.72,4843,0
20160623,19.602,19.72,19.602,19.72,3789,0
20160624,19.665,19.811,19.665,19.811,275,0
20160627,19.757,19.757,19.681,19.736,8433,0
20160628,19.61,19.74,19.61,19.74,10604,0
20160629,19.756,19.832,19.67,19.691,86975,0
20160630,19.681,19.871,19.681,19.871,15633,0
20160701,19.819,20.107,19.819,19.984,20804,0
20160705,19.825,20.161,19.825,20.161,2807,0
20160706,20.101,20.161,19.919,20.024,20906,0
20160707,20.001,20.29,19.91,20.243,14936,0
20160708,20.259,20.596,20.253,20.405,25403,0
20160711,20.215,21.259,19.832,20.442,78794,0
20160712,20.714,20.87,20.373,20.551,23700,0
20160713,20.551,20.551,20.256,20.521,3586,0
20160714,20.537,20.537,20.117,20.117,10539,0
20160715,20.121,20.345,20.07,20.319,8723,0
20160718,20.137,20.193,20.109,20.109,1885,0
20160719,20.183,20.21,20.183,20.21,1607,0
20160720,20.207,20.349,20.207,20.341,3360,0
20160721,20.218,20.335,20.093,20.117,15476,0
20160722,20.21,20.326,20.21,20.218,11822,0
20160725,20.218,20.341,20.109,20.198,8724,0
20160726,20.302,20.302,20.193,20.302,1506,0
20160727,20.261,20.302,20.146,20.302,3142,0
20160728,20.302,20.302,20.074,20.074,7574,0
20160729,20.032,20.053,19.898,19.923,31614,0
20160801,20,20.093,19.93,19.954,11418,0
20160802,20.053,20.093,19.923,20.093,9729,0
20160803,20.014,20.1,20.014,20.085,2510,0
20160804,20.093,20.172,20.093,20.155,3053,0
20160805,20.186,20.186,19.908,19.923,123490,0
20160808,19.961,20.016,19.876,19.923,6024,0
20160809,20.048,20.062,19.898,19.898,10035,0
20160810,19.946,19.993,19.898,19.908,8268,0
20160811,19.957,20.062,19.909,20.062,10969,0
20160812,20.062,20.062,19.978,20.026,6443,0
20160815,19.998,20.058,19.983,19.983,2160,0
20160816,19.977,19.977,19.875,19.914,3658,0
20160817,20.024,20.093,20.024,20.085,2445,0
20160818,20.024,20.171,20.024,20.053,7140,0
20160819,19.983,20.053,19.977,20.053,1544,0
20160822,20.053,20.093,19.977,19.977,15225,0
20160823,20,20.139,20,20.053,19439,0
20160824,19.979,20.053,19.93,19.954,9789,0
20160825,19.977,20.016,19.937,19.937,6572,0
20160826,20,20.016,19.96,20.016,3746,0
20160829,20.016,20.047,19.977,20.047,5166,0
20160830,20.047,20.193,20.002,20.133,16954,0
20160831,20.044,20.093,20.044,20.093,4775,0
20160901,20.079,20.117,20.059,20.117,11563,0
20160902,20.193,20.24,20.163,20.172,4142,0
20160906,20.133,20.133,20.016,20.093,7005,0
20160907,20.133,20.18,20.038,20.133,10445,0
20160908,20.161,20.161,20.007,20.084,2284,0
20160909,20.085,20.085,20.044,20.044,1027,0
20160912,20.047,20.047,19.946,20.044,8238,0
20160913,20.043,20.047,19.974,20.038,5440,0
20160914,20.047,20.18,19.954,20.18,7186,0
20160915,20.133,20.21,20.133,20.21,9737,0
20160916,20.21,20.21,20.146,20.146,4052,0
20160919,20.201,20.201,20.079,20.093,2612,0
20160920,20.032,20.133,20.032,20.133,5306,0
20160921,20.097,20.21,20.097,20.21,3077,0
20160922,20.201,20.21,20.163,20.21,9348,0
20160923,20.21,20.404,20.134,20.376,25762,0
20160926,20.373,20.459,20.234,20.357,10474,0
20160927,20.401,20.483,20.366,20.474,23392,0
20160928,20.459,20.459,20.349,20.389,4389,0
20160929,20.439,20.439,20.218,20.42,5173,0
20160930,20.418,20.45,20.341,20.341,9781,0
20161003,20.428,20.428,20.287,20.366,5288,0
20161004,20.341,20.367,20.248,20.291,6691,0
20161005,20.287,20.405,20.287,20.349,9690,0
20161006,20.218,20.483,20.139,20.483,36738,0
20161007,20.42,20.483,20.395,20.442,5493,0
20161010,20.442,20.442,20.357,20.442,2987,0
20161011,20.349,20.483,20.335,20.483,6908,0
20161013,20.466,20.792,20.442,20.513,13036,0
20161014,20.607,20.72,20.442,20.474,28465,0
20161017,20.505,20.522,20.442,20.449,20846,0
20161018,20.49,20.513,20.483,20.501,1642,0
20161019,20.578,20.578,20.458,20.458,2201,0
20161020,20.483,20.486,20.379,20.436,15867,0
20161021,20.394,20.401,20.379,20.379,1657,0
20161024,20.379,20.402,20.377,20.395,2958,0
20161025,20.394,20.417,20.382,20.406,4858,0
20161026,20.402,20.402,20.325,20.394,6609,0
20161027,20.402,20.402,20.299,20.388,5527,0
20161028,20.388,20.402,20.333,20.388,2028,0
20161031,20.365,20.411,20.261,20.386,6782,0
20161101,20.307,20.355,20.174,20.213,9724,0
20161102,20.23,20.388,20.23,20.388,9107,0
20161103,20.418,20.442,20.093,20.148,9750,0
20161104,20.411,20.681,20.283,20.681,2780,0
20161107,20.474,20.484,20.299,20.308,6590,0
20161108,20.439,20.439,20.439,20.439,922,0
20161109,20.26,20.276,20.242,20.242,1404,0
20161110,20.222,20.222,20.053,20.053,11586,0
20161111,20.079,20.079,19.657,19.896,59905,0
20161114,19.976,19.976,19.767,19.77,54752,0
20161115,19.649,20.235,19.649,19.792,148527,0
20161116,19.8,20.079,19.745,19.77,128103,0
20161117,19.777,19.872,19.728,19.779,89909,0
20161118,19.848,19.848,19.715,19.83,50523,0
20161121,19.832,19.84,19.728,19.745,78044,0
20161122,19.752,19.81,19.723,19.723,138918,0
20161123,19.723,20.079,19.685,20.015,189261,0
20161125,20.079,20.157,20.079,20.157,908,0
20161128,19.909,20.141,19.88,20.134,3729,0
20161129,20.036,20.204,20.036,20.063,6275,0
20161130,20.093,20.165,20.026,20.026,1262,0
20161201,20.181,20.182,19.832,19.84,15058,0
20161202,19.84,19.936,19.84,19.927,5000,0
20161205,19.919,19.962,19.81,19.824,15712,0
20161206,19.89,19.89,19.81,19.81,6299,0
20161207,19.856,20.118,19.856,19.896,6001,0
20161208,19.888,20.08,19.818,19.818,4201,0
20161209,20.079,20.079,19.896,19.911,8090,0
20161212,19.967,20.06,19.967,20.06,5300,0
20161213,19.865,19.898,19.865,19.898,9422,0
20161214,19.919,19.952,19.856,19.856,9383,0
20161215,19.865,19.918,19.856,19.856,6830,0
20161216,19.865,20.085,19.865,20.079,9671,0
20161219,20.067,20.067,19.936,19.936,16109,0
20161220,19.957,20.031,19.904,20.031,14512,0
20161221,19.998,20.11,19.949,20.11,9971,0
20161222,20.118,20.283,20.118,20.283,3059,0
20161223,20.309,20.355,20.291,20.355,9471,0
20161227,20.324,20.331,20.283,20.283,6015,0
20161228,20.325,20.355,20.204,20.204,6390,0
20161229,20.157,20.347,20.11,20.206,19774,0
20161230,20.283,20.364,20.283,20.364,5427,0
20170103,20.284,20.284,20.284,20.284,505,0
20170104,20.402,20.411,20.26,20.411,24614,0
20170105,20.333,20.333,20.331,20.331,2901,0
20170106,20.324,20.496,20.301,20.442,13329,0
20170109,20.458,20.574,20.269,20.269,22639,0
20170110,20.418,20.483,20.301,20.427,13384,0
20170111,20.523,20.523,20.467,20.49,4071,0
20170112,20.49,20.49,20.464,20.484,1531,0
20170113,20.436,20.465,20.436,20.459,7453,0
20170117,20.523,20.523,20.427,20.459,1265,0
20170118,20.427,20.498,20.427,20.498,4101,0
20170119,20.475,20.507,20.475,20.507,1849,0
20170120,20.487,20.487,20.459,20.459,1362,0
20170123,20.459,20.49,20.459,20.489,2579,0
20170124,20.484,20.523,20.484,20.484,3644,0
20170125,20.475,20.512,20.442,20.484,10992,0
20170126,20.459,20.66,20.418,20.652,19785,0
20170127,20.506,20.558,20.505,20.558,2160,0
20170130,20.474,20.515,20.467,20.515,4456,0
20170131,20.45,20.49,20.427,20.436,25389,0
20170201,20.45,20.49,20.401,20.436,8059,0
20170202,20.502,20.502,20.436,20.491,2413,0
20170203,20.474,20.51,20.467,20.475,20316,0
20170206,20.507,20.645,20.49,20.604,22384,0
20170207,20.549,20.549,20.508,20.508,5262,0
20170208,20.644,20.645,20.484,20.484,14858,0
20170209,20.507,20.589,20.442,20.523,19972,0
20170210,20.49,20.592,20.49,20.523,8724,0
20170213,20.493,20.551,20.46,20.518,16392,0
20170214,20.49,20.51,20.442,20.442,7300,0
20170215,20.471,20.498,20.471,20.49,1362,0
20170216,20.484,20.645,20.475,20.644,25319,0
20170217,20.54,20.54,20.54,20.54,122,0
20170221,20.583,20.589,20.49,20.498,21433,0
20170222,20.519,20.523,20.498,20.523,9696,0
20170223,20.507,20.523,20.498,20.507,9741,0
20170224,20.498,20.523,20.459,20.484,15275,0
20170227,20.523,20.66,20.484,20.557,34908,0
20170228,20.557,20.604,20.515,20.547,11122,0
20170301,20.596,20.652,20.484,20.515,36879,0
20170302,20.596,20.621,20.49,20.507,7619,0
20170303,20.523,20.572,20.49,20.498,19572,0
20170306,20.498,20.588,20.498,20.581,4339,0
20170307,20.523,20.687,20.523,20.687,19752,0
20170308,20.581,20.66,20.484,20.484,9200,0
20170309,20.492,20.596,20.401,20.523,45607,0
20170310,20.459,20.54,20.442,20.54,5898,0
20170313,20.49,20.49,20.49,20.49,494,0
20170314,20.484,20.687,20.484,20.571,9279,0
20170315,20.581,20.621,20.581,20.606,2448,0
20170317,20.669,20.677,20.629,20.677,3397,0
20170320,20.677,20.687,20.621,20.621,4326,0
20170321,20.66,20.669,20.635,20.669,1238,0
20170322,20.645,20.687,20.644,20.652,11563,0
20170323,20.673,20.726,20.669,20.687,2583,0
20170324,20.67,20.67,20.604,20.604,2969,0
20170327,20.667,20.667,20.665,20.665,1486,0
20170328,20.687,20.726,20.687,20.717,13577,0
20170329,20.709,20.709,20.708,20.709,1101,0
20170330,20.797,20.831,20.797,20.797,942,0
20170331,20.771,20.797,20.66,20.66,4541,0
20170403,20.726,20.887,20.709,20.828,34389,0
20170404,20.766,20.968,20.748,20.935,33831,0
20170405,20.935,20.968,20.831,20.905,8929,0
20170406,20.919,20.928,20.806,20.88,9350,0
20170407,20.857,20.866,20.857,20.866,1587,0
20170410,20.888,20.935,20.888,20.919,6349,0
20170411,20.928,20.96,20.812,20.96,18166,0
20170412,20.978,20.978,20.969,20.969,2793,0
20170413,20.978,21.035,20.978,21.035,5027,0
20170417,21.043,21.043,20.911,20.911,14773,0
20170418,20.935,20.985,20.738,20.738,42488,0
20170419,20.762,21.035,20.762,21.035,20750,0
20170420,20.911,21.093,20.911,21.067,15777,0
20170421,20.986,21.208,20.978,21.191,14913,0
20170424,21.082,21.173,21.026,21.093,2796,0
20170425,21.093,21.191,20.952,21.191,4100,0
20170426,21.059,21.15,21.005,21.109,7875,0
20170427,21.15,21.158,21.014,21.126,5715,0
20170428,21.132,21.191,21.035,21.191,8191,0
20170501,21.151,21.175,21.067,21.175,1899,0
20170502,21.116,21.191,21.112,21.176,3603,0
20170503,21.116,21.183,21.084,21.15,2487,0
20170504,21.143,21.175,21.072,21.167,5039,0
20170505,21.183,21.183,21.099,21.109,6160,0
20170508,21.099,21.158,21.099,21.15,2115,0
20170509,21.15,21.15,21.132,21.142,4972,0
20170510,21.15,21.191,21.116,21.116,18693,0
20170511,21.093,21.109,21.093,21.109,5551,0
20170512,21.099,21.191,21.093,21.163,3119,0
20170515,21.093,21.13,21.093,21.109,5126,0
20170516,21.093,21.175,21.093,21.099,5475,0
20170517,21.093,21.175,20.969,21.175,5230,0
20170518,21.167,21.175,21.099,21.167,4927,0
20170519,21.175,21.216,21.175,21.216,679,0
20170522,21.208,21.208,21.116,21.208,929,0
20170523,21.133,21.208,21.131,21.175,3648,0
20170524,21.167,21.175,21.15,21.167,4515,0
20170525,21.076,21.167,21.076,21.167,3763,0
20170526,21.067,21.133,21.052,21.076,8302,0
20170530,21.208,21.208,21.007,21.026,1502,0
20170531,21.035,21.183,21.035,21.158,4430,0
20170601,21.059,21.084,21.01,21.084,7497,0
20170602,21.105,21.191,21.093,21.142,5753,0
20170605,21.142,21.167,21.126,21.133,4986,0
20170606,21.153,21.208,21.153,21.208,3952,0
20170607,21.232,21.299,21.197,21.299,3609,0
20170608,21.281,21.281,21.208,21.208,3258,0
20170609,21.217,21.289,21.216,21.289,7040,0
20170612,21.281,21.281,21.208,21.208,2426,0
20170613,21.208,21.266,21.208,21.249,5860,0
20170614,21.281,21.281,21.243,21.256,3206,0
20170615,21.256,21.289,21.225,21.266,1763,0
20170616,21.247,21.299,21.24,21.299,2247,0
20170619,21.256,21.256,21.208,21.208,1336,0
20170620,21.24,21.299,21.232,21.299,1880,0
20170621,21.281,21.38,21.256,21.355,16564,0
20170622,21.289,21.355,21.289,21.355,4805,0
20170623,21.327,21.339,21.289,21.331,9558,0
20170626,21.315,21.38,21.302,21.373,11500,0
20170627,21.353,21.38,21.289,21.373,4466,0
20170628,21.315,21.38,21.315,21.38,13437,0
20170629,21.324,21.324,21.315,21.315,1063,0
20170630,21.315,21.422,21.281,21.422,12009,0
20170703,21.38,21.38,21.38,21.38,1975,0
20170705,21.397,21.422,21.348,21.405,11223,0
20170706,21.365,21.409,21.249,21.388,15562,0
20170707,21.343,21.388,21.343,21.348,3286,0
20170710,21.348,21.376,21.274,21.376,26311,0
20170711,21.325,21.465,21.325,21.465,13957,0
20170712,21.631,21.757,21.295,21.322,56818,0
20170713,21.302,21.437,21.302,21.386,46619,0
20170714,21.409,21.437,21.404,21.421,5701,0
20170717,21.363,21.414,21.363,21.395,4736,0
20170718,21.387,21.415,21.378,21.404,3868,0
20170719,21.395,21.487,21.395,21.438,9932,0
20170720,21.452,21.487,21.437,21.446,3919,0
20170721,21.437,21.487,21.421,21.429,7284,0
20170724,21.498,21.498,21.437,21.479,1192,0
20170725,21.455,21.455,21.455,21.455,477,0
20170726,21.465,21.614,21.446,21.563,8341,0
20170727,21.507,21.631,21.507,21.631,8006,0
20170728,21.53,21.673,21.53,21.673,8273,0
20170731,21.64,21.64,21.64,21.64,118,0
20170801,21.541,21.59,21.532,21.572,4188,0
20170802,21.648,21.657,21.616,21.657,1648,0
20170803,21.572,21.657,21.572,21.627,2342,0
20170804,21.602,21.623,21.602,21.623,2961,0
20170807,21.623,21.657,21.548,21.657,7003,0
20170808,21.657,21.657,21.598,21.657,8349,0
20170809,21.648,21.657,21.648,21.657,1646,0
20170810,21.589,21.623,21.487,21.506,6400,0
20170811,21.497,21.572,21.472,21.563,3451,0
20170814,21.58,21.589,21.486,21.505,1927,0
20170815,21.58,21.589,21.514,21.514,2008,0
20170816,21.506,21.58,21.479,21.572,11244,0
20170817,21.506,21.589,21.497,21.589,11518,0
20170818,21.657,21.707,21.598,21.598,5698,0
20170821,21.606,21.715,21.589,21.698,5163,0
20170822,21.7,21.7,21.599,21.599,297,0
20170823,21.715,21.715,21.673,21.673,3451,0
20170825,21.707,21.803,21.589,21.622,12855,0
20170828,21.602,21.623,21.571,21.572,17922,0
20170829,21.623,21.623,21.487,21.556,4262,0
20170831,21.487,21.623,21.487,21.606,12803,0
20170901,21.606,21.606,21.606,21.606,314,0
20170905,21.589,21.606,21.507,21.598,6443,0
20170906,21.507,21.602,21.506,21.596,5137,0
20170907,21.548,21.606,21.531,21.606,3481,0
20170908,21.606,21.606,21.606,21.606,348,0
20170911,21.631,21.707,21.621,21.707,2275,0
20170912,21.657,21.657,21.657,21.657,118,0
20170913,21.679,21.679,21.679,21.679,852,0
20170914,21.707,21.715,21.598,21.598,3243,0
20170915,21.59,21.638,21.59,21.638,833,0
20170918,21.615,21.79,21.589,21.664,42384,0
20170919,21.623,21.79,21.623,21.79,5649,0
20170920,21.698,21.808,21.698,21.749,8168,0
20170921,21.673,21.682,21.631,21.631,3220,0
20170922,21.749,21.8,21.688,21.749,5220,0
20170925,21.732,21.757,21.732,21.757,5597,0
20170926,21.765,21.816,21.732,21.782,3628,0
20170927,21.808,21.808,21.749,21.808,1166,0
20170928,21.808,21.874,21.8,21.874,1185,0
20170929,21.739,21.824,21.715,21.824,5538,0
20171002,21.715,21.77,21.648,21.708,4642,0
20171003,21.682,21.757,21.673,21.719,8328,0
20171004,21.673,21.715,21.648,21.715,6221,0
20171005,21.707,21.841,21.707,21.832,4728,0
20171006,21.755,21.755,21.673,21.673,1731,0
20171009,21.832,21.841,21.757,21.757,2189,0
20171010,21.851,21.851,21.623,21.765,5805,0
20171011,21.724,21.765,21.648,21.757,5500,0
20171012,21.886,21.92,21.825,21.92,9998,0
20171013,21.928,21.946,21.876,21.938,1838,0
20171016,21.938,21.938,21.765,21.765,7495,0
20171017,21.775,22.005,21.765,21.858,12831,0
20171019,21.843,21.997,21.843,21.997,1610,0
20171020,22.013,22.048,21.939,21.962,6524,0
20171023,21.962,22.084,21.962,22.057,5823,0
20171024,21.98,22.013,21.98,22.013,1260,0
20171025,22.013,22.055,22.013,22.028,1006,0
20171026,22.013,22.057,22.013,22.013,833,0
20171030,21.971,21.971,21.962,21.967,584,0
20171031,21.868,22.048,21.868,21.98,4241,0
20171101,21.997,22.001,21.98,22.001,1752,0
20171102,21.98,22.013,21.98,22.013,1004,0
20171103,22.037,22.037,22.022,22.025,1084,0
20171106,22.022,22.053,21.997,21.997,1397,0
20171107,22.048,22.084,21.991,22.084,1590,0
20171108,22.074,22.084,22.013,22.077,3378,0
20171109,22.084,22.084,22.084,22.084,116,0
20171110,22.049,22.059,22.022,22.037,1882,0
20171113,22.022,22.022,22.013,22.013,1167,0
20171115,22.076,22.1,22.013,22.1,3520,0
20171116,22.013,22.108,22.013,22.09,6406,0
20171117,22.074,22.1,22.074,22.1,882,0
20171120,22.048,22.225,22.048,22.185,1858,0
20171121,22.251,22.251,22.09,22.142,4900,0
20171122,22.057,22.185,22.057,22.185,1467,0
20171127,22.185,22.185,22.136,22.169,9733,0
20171129,22.022,22.142,22.013,22.134,8651,0
20171130,22.117,22.194,22.014,22.194,2801,0
20171201,22.165,22.165,22.165,22.165,934,0
20171204,22.142,22.142,21.868,22.142,20997,0
20171205,22.1,22.1,22.013,22.019,3659,0
20171206,21.92,21.92,21.92,21.92,338,0
20171207,21.938,21.974,21.938,21.974,328,0
20171208,22.09,22.1,22.09,22.1,1307,0
20171211,22.029,22.029,22.029,22.029,116,0
20171212,22.142,22.194,22.142,22.194,692,0
20171214,22.108,22.212,22.079,22.203,4337,0
20171215,22.056,22.056,22.056,22.056,584,0
20171218,22.137,22.212,22.137,22.212,2111,0
20171219,22.162,22.162,22.16,22.16,490,0
20171220,22.224,22.442,22.203,22.442,5272,0
20171221,22.349,22.399,22.194,22.399,5371,0
20171222,22.442,22.442,22.281,22.358,4435,0
20171226,22.424,22.442,22.1,22.14,7106,0
20171227,22.227,22.227,22.227,22.227,389,0
20171229,22.379,22.578,22.299,22.578,4465,0
20180102,22.297,22.419,22.1,22.166,24401,0
20180103,22.1,22.134,22.1,22.117,2560,0
20180104,22.142,22.204,22.013,22.013,6304,0
20180105,22.185,22.286,22.169,22.286,3502,0
20180108,22.263,22.271,22.17,22.19,7430,0
20180109,22.194,22.287,22.194,22.229,3946,0
20180110,22.287,22.287,22.138,22.151,1629,0
20180111,22.535,22.535,22.29,22.51,2216,0
20180112,22.525,22.525,22.353,22.377,451,0
20180116,22.368,22.615,22.3,22.615,7537,0
20180117,22.466,22.666,22.449,22.666,14940,0
20180118,22.622,22.622,22.502,22.517,1644,0
20180119,22.535,22.545,22.53,22.535,5486,0
20180122,22.449,22.449,22.317,22.317,835,0
20180123,22.362,22.362,22.3,22.362,3647,0
20180124,22.318,22.343,22.238,22.343,3548,0
20180125,22.368,22.402,22.362,22.402,5759,0
20180126,22.368,22.376,22.362,22.368,4580,0
20180129,22.406,22.711,22.362,22.432,15690,0
20180130,22.406,22.492,22.396,22.492,2806,0
20180131,22.479,22.615,22.466,22.615,4268,0
20180201,22.502,22.502,22.29,22.29,9132,0
20180202,22.281,22.382,22.281,22.382,2226,0
20180205,22.393,22.578,22.318,22.466,19934,0
20180206,22.273,22.362,22.273,22.3,4726,0
20180207,22.353,22.357,22.273,22.316,3233,0
20180208,22.342,22.362,22.273,22.333,3264,0
20180209,22.273,22.309,22.116,22.23,11885,0
20180212,22.212,22.333,22.193,22.23,5501,0
20180213,22.273,22.451,22.273,22.363,4122,0
20180215,22.406,22.502,22.405,22.502,3137,0
20180216,22.502,22.507,22.495,22.502,4125,0
20180220,22.492,22.492,22.459,22.469,2805,0
20180221,22.501,22.555,22.459,22.555,1525,0
20180226,22.555,22.555,22.51,22.526,4611,0
20180227,22.535,22.544,22.535,22.537,3220,0
20180228,22.538,22.538,22.538,22.538,1144,0
20180301,22.545,22.555,22.535,22.555,2277,0
20180302,22.658,22.658,22.658,22.658,287,0
20180305,22.701,22.737,22.693,22.737,2366,0
20180306,22.711,22.883,22.711,22.877,1789,0
20180307,22.749,22.832,22.749,22.815,2719,0
20180308,22.946,22.964,22.764,22.946,9635,0
20180309,22.807,22.964,22.807,22.901,7039,0
20180312,22.859,22.868,22.502,22.744,10085,0
20180313,22.578,22.744,22.555,22.744,4458,0
20180314,22.615,22.744,22.555,22.744,4769,0
20180315,22.727,22.744,22.622,22.744,2034,0
20180316,22.744,22.744,22.737,22.737,1952,0
20180319,22.674,22.674,22.674,22.674,284,0
20180320,22.545,22.641,22.535,22.578,5153,0
20180321,22.525,22.525,22.525,22.525,175,0
20180322,22.588,22.666,22.588,22.666,1031,0
20180323,22.666,22.69,22.666,22.69,2751,0
20180326,22.711,22.711,22.535,22.58,1952,0
20180327,22.578,22.623,22.535,22.58,7550,0
20180328,22.622,22.622,22.622,22.622,632,0
20180402,22.721,22.727,22.695,22.695,3562,0
20180403,22.622,22.727,22.622,22.645,2233,0
20180404,22.666,22.703,22.631,22.631,2462,0
20180405,22.708,22.708,22.649,22.7,1718,0
20180406,22.652,22.711,22.649,22.703,4511,0
20180409,22.711,22.727,22.711,22.727,832,0
20180410,22.742,22.744,22.698,22.711,8302,0
20180411,22.744,22.859,22.744,22.859,5416,0
20180412,22.859,22.922,22.752,22.841,2807,0
20180413,22.929,23.019,22.883,23.019,3118,0
20180416,22.948,22.948,22.778,22.796,2641,0
20180417,22.85,22.85,22.85,22.85,707,0
20180418,22.85,22.992,22.85,22.884,3803,0
20180419,22.884,22.884,22.84,22.84,2246,0
20180420,22.742,22.859,22.742,22.761,1417,0
20180424,22.842,22.842,22.842,22.842,112,0
20180425,22.957,22.957,22.724,22.724,505,0
20180426,22.896,22.896,22.896,22.896,112,0
20180427,22.796,22.796,22.734,22.761,1460,0
20180430,22.929,22.929,22.796,22.926,5364,0
20180501,22.77,22.787,22.77,22.77,1354,0
20180502,22.778,22.778,22.778,22.778,115,0
20180503,22.841,22.923,22.814,22.84,10660,0
20180504,22.957,22.957,22.957,22.957,151,0
20180507,22.948,22.948,22.929,22.929,3594,0
20180508,22.929,22.929,22.917,22.917,3391,0
20180509,22.904,22.929,22.904,22.904,2759,0
20180510,22.928,22.928,22.928,22.928,336,0
20180511,22.889,22.982,22.889,22.982,2363,0
20180514,22.938,22.938,22.938,22.938,272,0
20180515,22.77,22.918,22.77,22.889,1805,0
20180516,22.982,23.268,22.937,23.126,14719,0
20180517,22.938,22.938,22.938,22.938,1357,0
20180518,22.992,22.992,22.982,22.982,922,0
20180521,23.088,23.135,23.063,23.134,1628,0
20180522,23.178,23.224,23.065,23.206,5962,0
20180524,22.996,22.996,22.996,22.996,224,0
20180529,22.992,23.08,22.982,23.08,2919,0
20180531,22.992,23.17,22.992,23.17,3036,0
20180604,23.001,23.153,23.001,23.153,674,0
20180605,23.143,23.25,23.097,23.241,8020,0
20180607,23.167,23.167,23.167,23.167,505,0
20180608,23.17,23.17,23.047,23.166,1320,0
20180612,23.153,23.184,23.12,23.184,2189,0
20180614,23.184,23.184,23.153,23.153,1416,0
20180615,23.063,23.11,23.046,23.046,6408,0
20180618,23.055,23.058,22.975,22.975,1534,0
20180619,23.011,23.011,22.982,23.001,2388,0
20180620,23.001,23.001,22.982,22.982,561,0
20180621,22.982,23.009,22.982,22.982,962,0
20180622,22.982,23.033,22.982,22.992,2201,0
20180625,23.001,23.085,23.001,23.063,7636,0
20180627,23.206,23.233,22.992,23.099,6850,0
20180628,23.063,23.126,23.063,23.126,2807,0
20180629,23.135,23.135,23.135,23.135,112,0
20180702,23.109,23.135,23.099,23.135,1199,0
20180703,23.019,23.376,23.019,23.366,5247,0
20180705,23.328,23.328,23.214,23.214,1301,0
20180706,23.241,23.332,23.24,23.332,1124,0
20180709,23.348,23.366,23.332,23.366,6352,0
20180710,23.258,23.376,23.241,23.376,3930,0
20180711,23.369,23.369,23.161,23.18,4417,0
20180712,23.334,23.36,23.31,23.36,1847,0
20180716,23.307,23.346,23.307,23.346,1697,0
20180717,23.334,23.47,23.288,23.297,3218,0
20180718,23.414,23.414,23.414,23.414,1104,0
20180719,23.397,23.511,23.397,23.471,3956,0
20180720,23.47,23.683,23.47,23.49,3148,0
20180723,23.76,23.76,23.479,23.535,5287,0
20180724,23.542,23.575,23.542,23.551,1322,0
20180725,23.627,23.627,23.334,23.334,9332,0
20180726,23.457,23.457,23.457,23.457,338,0
20180727,23.412,23.45,23.334,23.334,958,0
20180730,23.334,23.425,23.334,23.425,2599,0
20180731,23.425,23.425,23.325,23.325,7215,0
20180803,23.55,23.551,23.297,23.297,6829,0
20180806,23.443,23.479,23.443,23.479,1212,0
20180807,23.388,23.47,23.388,23.427,605,0
20180808,23.434,23.434,23.434,23.434,550,0
20180809,23.434,23.434,23.37,23.375,6829,0
20180813,23.425,23.425,23.425,23.425,275,0
20180815,23.404,23.488,23.37,23.38,5757,0
20180816,23.412,23.412,23.412,23.412,126,0
20180817,23.425,23.443,23.425,23.443,1101,0
20180820,23.426,23.426,23.425,23.425,2385,0
20180821,23.505,23.505,23.505,23.505,375,0
20180823,23.423,23.505,23.38,23.47,6611,0
20180824,23.358,23.435,23.358,23.36,4947,0
20180827,23.388,23.388,23.37,23.37,3456,0
20180828,23.354,23.479,23.354,23.378,6598,0
20180829,23.38,23.38,23.288,23.315,4139,0
20180830,23.37,23.38,23.37,23.37,4686,0
20180831,23.38,23.38,23.307,23.376,30190,0
20180905,23.355,23.38,23.355,23.38,20568,0
20180906,23.38,23.38,23.37,23.38,22868,0
20180907,23.37,23.375,23.37,23.37,2184,0
20180910,23.356,23.38,23.347,23.347,3760,0
20180912,23.408,23.408,23.408,23.408,1189,0
20180913,23.429,23.512,23.38,23.512,1212,0
20180914,23.425,23.47,23.425,23.462,2863,0
20180917,23.446,23.467,23.329,23.334,7466,0
20180918,23.343,23.446,23.334,23.385,5068,0
20180919,23.343,23.343,23.297,23.297,9091,0
20180920,23.397,23.404,23.396,23.404,1950,0
20180921,23.334,23.334,22.979,23.197,43527,0
20180924,23.197,23.334,23.189,23.334,14562,0
20180925,23.334,23.334,23.286,23.286,867,0
20180926,23.406,23.43,23.234,23.234,3758,0
20180927,23.312,23.312,23.234,23.275,6719,0
20180928,23.27,23.288,23.238,23.257,17386,0
20181001,23.434,23.443,23.242,23.252,39540,0
20181002,23.26,23.313,23.252,23.26,3896,0
20181003,23.315,23.315,23.234,23.306,12269,0
20181004,23.306,23.306,23.285,23.306,11823,0
20181005,23.302,23.36,23.242,23.352,5750,0
20181008,23.297,23.46,23.297,23.46,11988,0
20181009,23.465,23.551,23.465,23.551,7012,0
20181010,23.505,23.505,23.388,23.47,11020,0
20181011,23.637,23.729,23.47,23.729,18631,0
20181012,23.655,23.689,23.59,23.603,2375,0
20181015,23.618,23.688,23.59,23.59,5079,0
20181016,23.678,23.678,23.535,23.587,6598,0
20181017,23.535,23.702,23.535,23.702,730,0
20181018,23.535,23.619,23.535,23.607,3520,0
20181019,23.646,23.655,23.544,23.544,13177,0
20181022,23.554,23.655,23.554,23.655,11197,0
20181023,23.64,23.729,23.562,23.702,10874,0
20181024,23.702,23.719,23.683,23.702,5499,0
20181025,23.66,23.66,23.608,23.608,1860,0
20181026,23.618,23.618,23.618,23.618,216,0
20181029,23.729,23.794,23.729,23.794,4211,0
20181030,23.655,23.655,23.655,23.655,173,0
20181031,23.656,23.867,23.618,23.659,9379,0
20181101,23.705,23.841,23.678,23.678,4677,0
20181102,23.692,23.702,23.618,23.618,1624,0
20181105,23.683,23.887,23.641,23.887,5305,0
20181107,23.841,23.841,23.838,23.838,432,0
20181109,23.703,23.74,23.702,23.74,1026,0
20181112,23.794,23.794,23.703,23.703,432,0
20181115,23.71,23.819,23.702,23.819,2268,0
20181116,23.71,23.812,23.71,23.794,5616,0
20181120,23.739,23.739,23.608,23.608,5537,0
20181121,23.704,23.704,23.704,23.704,145,0
20181126,23.702,23.794,23.618,23.794,2484,0
20181127,23.572,23.739,23.572,23.739,676,0
20181128,23.637,23.688,23.637,23.688,475,0
20181129,23.673,23.776,23.618,23.646,7192,0
20181130,23.659,23.785,23.659,23.785,8680,0
20181203,23.749,23.749,23.749,23.749,718,0
20181204,23.71,23.726,23.702,23.726,7575,0
20181206,23.683,23.748,23.683,23.729,3277,0
20181207,23.748,23.794,23.748,23.794,2971,0
20181210,23.785,23.794,23.748,23.772,15687,0
20181211,23.807,23.807,23.729,23.748,1730,0
20181212,23.692,23.797,23.692,23.797,383,0
20181213,23.765,23.765,23.765,23.765,681,0
20181214,23.768,23.768,23.765,23.765,216,0
20181217,23.673,23.702,23.655,23.702,1189,0
20181218,23.764,23.765,23.608,23.627,9464,0
20181219,23.666,23.701,23.608,23.608,5908,0
20181220,23.608,23.719,23.239,23.424,26932,0
20181221,23.429,23.429,23.285,23.429,12701,0
20181224,23.378,23.497,23.312,23.406,36140,0
20181226,23.405,23.608,23.378,23.526,19437,0
20181227,23.588,23.588,23.285,23.424,21465,0
20181228,23.424,23.812,23.424,23.794,12947,0
20181231,23.794,23.794,23.526,23.526,1235,0
20190102,23.526,23.677,23.378,23.479,1189,0
20190103,23.611,23.794,23.611,23.754,12614,0
20190104,23.877,24.052,23.794,24.052,13472,0
20190107,23.914,23.914,23.897,23.913,440,0
20190108,23.969,23.969,23.914,23.933,4208,0
20190109,23.939,24.025,23.851,24.025,5452,0
20190110,23.935,24.025,23.933,23.933,4428,0
20190111,23.97,24.112,23.97,24.074,3295,0
20190114,24.027,24.074,23.98,24.003,7563,0
20190115,24.047,24.047,24.047,24.047,847,0
20190116,24.037,24.074,24.025,24.055,26943,0
20190117,24.068,24.242,24.008,24.046,13777,0
20190118,24.046,24.121,24.046,24.121,904,0
20190122,24.065,24.169,24.008,24.008,10893,0
20190123,24.177,24.177,23.952,24.027,21463,0
20190124,23.999,23.999,23.955,23.97,21742,0
20190125,23.999,24.094,23.99,24.065,43622,0
20190128,24.032,24.141,23.98,24.018,9420,0
20190129,24.065,24.149,24.027,24.149,1942,0
20190130,24.141,24.216,24.055,24.197,1853,0
20190131,24.206,24.481,24.115,24.481,42636,0
20190201,24.329,24.348,24.263,24.277,2099,0
20190204,24.258,24.348,24.171,24.258,896,0
20190205,24.381,24.395,24.171,24.386,5483,0
20190206,24.386,24.386,24.386,24.386,801,0
20190208,24.357,24.377,24.235,24.3,7569,0
20190211,24.377,24.404,24.377,24.404,2754,0
20190212,24.36,24.404,24.292,24.357,3893,0
20190213,24.32,24.414,24.32,24.414,1827,0
20190214,24.494,24.537,24.397,24.537,4102,0
20190215,24.414,24.414,24.373,24.377,583,0
20190219,24.451,24.546,24.392,24.392,1359,0
20190220,24.593,24.65,24.49,24.65,2904,0
20190221,24.582,24.622,24.555,24.565,989,0
20190222,24.565,24.565,24.453,24.49,5447,0
20190225,24.565,24.659,24.499,24.567,15215,0
20190226,24.528,24.659,24.461,24.622,7366,0
20190227,24.49,24.603,24.404,24.471,26217,0
20190228,24.575,24.81,24.443,24.81,43341,0
20190301,24.763,24.763,24.508,24.736,6357,0
20190304,24.736,24.792,24.508,24.645,18852,0
20190305,24.546,24.622,24.508,24.598,8456,0
20190306,24.593,24.622,24.565,24.603,1668,0
20190307,24.546,24.546,24.461,24.499,14981,0
20190308,24.414,24.499,24.414,24.419,5652,0
20190311,24.433,24.499,24.433,24.499,1639,0
20190312,24.433,24.593,24.414,24.546,4500,0
20190313,24.593,24.593,24.593,24.593,386,0
20190314,24.539,24.546,24.52,24.546,1893,0
20190315,24.593,24.593,24.519,24.537,27132,0
20190318,24.611,24.611,24.593,24.593,1272,0
20190319,24.499,24.585,24.495,24.585,6870,0
20190320,24.585,24.593,24.551,24.551,6045,0
20190321,24.518,24.555,24.518,24.528,1271,0
20190322,24.508,24.573,24.508,24.555,3966,0
20190325,24.593,24.632,24.593,24.632,2716,0
20190326,24.65,24.659,24.603,24.659,5614,0
20190327,24.632,24.679,24.603,24.669,10385,0
20190328,24.679,24.697,24.546,24.622,29549,0
20190329,24.622,24.659,24.546,24.612,49068,0
20190401,24.585,24.603,24.526,24.603,15063,0
20190402,24.562,24.57,24.518,24.565,14507,0
20190403,24.546,24.546,24.518,24.546,5559,0
20190404,24.546,24.679,24.546,24.643,19228,0
20190405,24.689,24.753,24.614,24.744,6378,0
20190408,24.652,24.726,24.621,24.726,4019,0
20190409,24.641,24.683,24.641,24.683,2184,0
20190410,24.659,24.726,24.603,24.716,6063,0
20190411,24.918,24.918,24.774,24.908,13518,0
20190412,24.908,24.908,24.788,24.788,4409,0
20190415,24.832,25.014,24.832,24.986,12286,0
20190417,24.933,24.933,24.86,24.86,2489,0
20190418,24.948,25.005,24.943,25.005,7667,0
20190422,24.899,25.005,24.86,25.005,5740,0
20190423,24.908,25.005,24.908,25.005,4247,0
20190424,24.928,25.005,24.928,25.005,2939,0
20190425,25.005,25.005,24.996,25.005,2946,0
20190426,25.005,25.014,24.979,25.014,4971,0
20190429,25.014,25.014,24.976,24.996,6688,0
20190430,25.005,25.005,24.968,25.005,37360,0
20190501,24.984,25.004,24.86,24.986,6001,0
20190502,24.948,24.981,24.87,24.979,4908,0
20190503,24.986,24.986,24.972,24.976,2333,0
20190506,25.005,25.005,24.96,24.96,1643,0
20190507,24.976,24.989,24.918,24.918,3757,0
20190508,24.966,24.966,24.933,24.966,587,0
20190509,24.966,25.024,24.918,24.959,8820,0
20190510,25.062,25.062,24.996,24.996,2523,0
20190513,24.918,25.014,24.918,24.986,3656,0
20190514,25.005,25.005,24.957,24.976,3687,0
20190515,24.986,25.005,24.986,25.005,3467,0
20190516,24.976,25.005,24.958,25.005,7439,0
20190517,25.005,25.005,24.936,25.005,8858,0
20190520,24.976,24.976,24.957,24.957,1299,0
20190521,24.938,25.005,24.938,25.005,2080,0
20190522,24.984,25.072,24.928,25.072,5119,0
20190523,25.005,25.12,25.005,25.102,3588,0
20190524,25.12,25.12,25.092,25.12,2116,0
20190528,25.12,25.12,24.986,25.12,2652,0
20190529,25.044,25.12,24.976,24.986,14679,0
20190530,25.018,25.018,24.986,24.986,5339,0
20190531,24.976,25.062,24.842,24.976,57039,0
20190603,24.961,24.961,24.918,24.943,2923,0
20190604,24.832,25.014,24.832,25.014,5813,0
20190605,25.014,25.014,24.976,25.009,2917,0
20190606,25.023,25.024,24.908,25.024,4292,0
20190607,24.949,24.986,24.949,24.976,1277,0
20190610,24.986,24.986,24.986,24.986,531,0
20190611,24.938,25.024,24.908,24.961,5454,0
20190612,24.87,24.957,24.86,24.886,5791,0
20190613,24.86,24.86,24.803,24.803,14806,0
20190614,24.803,24.834,24.736,24.736,7170,0
20190617,24.736,24.86,24.716,24.832,12018,0
20190618,24.854,24.933,24.794,24.88,9744,0
20190619,24.88,24.928,24.851,24.89,1821,0
20190620,24.966,25.024,24.908,24.948,4370,0
20190621,25.014,25.014,24.87,24.928,6251,0
20190624,24.966,25.014,24.966,25.014,13045,0
20190625,25.019,25.024,24.999,25.024,4501,0
20190626,25.054,25.072,25.005,25.008,6607,0
20190627,25.082,25.097,24.86,24.991,8611,0
20190628,25.106,25.13,24.976,24.976,36349,0
20190701,25.014,25.12,25.014,25.033,6658,0
20190702,25.002,25.14,25.002,25.14,1562,0
20190703,25.114,25.188,25.114,25.188,3682,0
20190705,25.216,25.313,25.216,25.313,9399,0
20190708,25.342,26.025,25.123,26.025,31375,0
20190709,25.342,25.362,25.256,25.256,7416,0
20190710,25.171,25.39,25.12,25.39,6491,0
20190711,25.549,25.549,25.312,25.496,22341,0
20190712,25.498,25.792,25.419,25.447,28026,0
20190715,25.41,25.557,25.41,25.498,5589,0
20190716,25.508,25.655,25.508,25.547,6336,0
20190717,25.565,25.565,25.429,25.518,9705,0
20190718,25.531,25.655,25.463,25.469,5912,0
20190719,25.655,25.655,25.439,25.557,6445,0
20190722,25.518,25.645,25.508,25.645,2676,0
20190723,25.773,25.773,25.594,25.645,15783,0
20190724,25.655,25.655,25.508,25.567,14895,0
20190725,25.508,25.606,25.508,25.606,3046,0
20190726,25.694,25.773,25.481,25.704,6467,0
20190729,25.743,25.743,25.665,25.694,4644,0
20190730,25.625,25.655,25.606,25.645,15978,0
20190731,25.63,25.655,25.567,25.606,35107,0
20190801,25.675,25.733,25.518,25.518,7608,0
20190802,25.675,25.675,25.419,25.419,8067,0
20190805,25.419,25.484,25.41,25.41,4738,0
20190806,25.408,25.41,25.312,25.312,4760,0
20190807,25.4,25.4,25.321,25.331,3757,0
20190808,25.365,25.41,25.322,25.322,3356,0
20190809,25.478,25.478,25.41,25.41,1618,0
20190812,25.223,25.321,25.223,25.262,43841,0
20190813,25.293,25.341,25.262,25.331,2763,0
20190814,25.302,25.34,25.262,25.321,10532,0
20190815,25.41,25.606,25.41,25.498,10702,0
20190816,25.586,25.596,25.569,25.586,3767,0
20190819,25.586,25.733,25.586,25.733,10262,0
20190820,25.704,25.733,25.518,25.537,8115,0
20190821,25.575,25.655,25.575,25.655,11330,0
20190822,25.655,25.704,25.655,25.704,4244,0
20190823,25.694,25.704,25.508,25.704,6364,0
20190826,25.703,25.743,25.675,25.743,3887,0
20190827,25.681,25.733,25.558,25.733,3875,0
20190828,25.64,25.9,25.64,25.861,3601,0
20190829,25.762,25.939,25.762,25.89,9629,0
20190830,25.723,25.851,25.606,25.606,32601,0
20190903,25.694,25.694,25.576,25.655,1393,0
20190904,25.655,25.655,25.645,25.645,853,0
20190905,25.619,25.655,25.619,25.625,685,0
20190906,25.635,25.861,25.635,25.714,4143,0
20190909,25.704,25.704,25.704,25.704,102,0
20190910,25.682,25.704,25.682,25.704,2059,0
20190911,25.704,25.704,25.557,25.557,2127,0
20190912,25.831,25.831,25.71,25.75,2822,0
20190913,25.719,25.763,25.361,25.694,7353,0
20190916,25.773,25.773,25.743,25.743,917,0
20190917,25.802,25.802,25.802,25.802,775,0
20190918,25.655,25.724,25.655,25.704,2477,0
20190919,25.704,25.704,25.673,25.704,882,0
20190920,25.569,25.704,25.569,25.704,2915,0
20190923,25.753,25.822,25.607,25.822,2914,0
20190924,25.792,25.89,25.753,25.816,4230,0
20190925,25.881,25.881,25.655,25.823,4445,0
20190926,25.782,25.782,25.782,25.782,894,0
20190927,25.706,25.93,25.706,25.93,1996,0
20190930,25.9,26.057,25.9,25.998,40044,0
20191001,25.998,26.053,25.9,25.978,3975,0
20191002,25.977,25.977,25.977,25.977,265,0
20191004,25.976,26.033,25.976,26.024,2766,0
20191007,26.047,26.047,25.635,25.9,2331,0
20191008,25.9,25.9,25.9,25.9,612,0
20191009,25.93,25.952,25.831,25.909,9694,0
20191010,26.19,26.19,26,26.01,3111,0
20191011,26.08,26.08,26.08,26.08,235,0
20191014,26.08,26.2,26.07,26.19,2418,0
20191015,26.2564,26.4,26.2564,26.3,3810,0
20191016,26.23,26.32,26.21,26.32,1614,0
20191017,26.35,26.36,26.2746,26.2746,634,0
20191018,26.3,26.36,26.3,26.36,1574,0
20191021,26.25,26.304,26.25,26.304,824,0
20191022,26.3,26.39,26.3,26.39,2135,0
20191023,26.38,26.39,26.2965,26.35,1692,0
20191024,26.44,26.44,26.3905,26.3905,1108,0
20191025,26.43,26.4334,26.3,26.41,3794,0
20191028,26.51,26.55,26.09,26.1723,22126,0
20191029,26.17,26.2075,26.1,26.1,2774,0
20191030,26.12,26.2117,26.07,26.07,18800,0
20191031,26.1447,26.24,26.05,26.12,33524,0
20191101,26.08,26.14,26,26,12893,0
20191104,26,26.1,25.9,25.92,16968,0
20191105,26,26.09,25.77,25.92,17618,0
20191106,26.01,26.01,25.92,25.99,4191,0
20191107,25.97,25.97,25.97,25.97,856,0
20191108,26.01,26.01,25.95,25.95,302,0
20191111,26.07,26.07,26.07,26.07,724,0
20191112,26.0325,26.053,25.95,26.0019,2810,0
20191113,25.9492,25.9492,25.83,25.8944,5434,0
20191114,25.9482,25.99,25.8649,25.985,8355,0
20191115,25.99,26,25.98,26,2301,0
20191118,26.04,26.05,26.03,26.05,1753,0
20191119,26.01,26.09,25.86,25.91,10572,0
20191120,25.87,26.03,25.87,25.9156,3110,0
20191121,25.9027,25.99,25.88,25.99,2995,0
20191122,25.962,25.992,25.92,25.9235,1296,0
20191125,25.92,26.02,25.8715,25.8715,9319,0
20191126,25.931,25.9398,25.8202,25.8202,5224,0
20191127,25.89,25.89,25.8,25.8,2399,0
20191129,25.8834,26.05,25.85,26.05,5103,0
20191202,26.05,26.05,25.9,25.96,3186,0
20191203,25.9852,26.09,25.9852,26.06,3745,0
20191204,26.0099,26.0099,26.0055,26.0055,1484,0
20191205,26.01,26.01,25.9,25.9,2800,0
20191206,25.94,25.94,25.92,25.92,771,0
20191209,25.92,25.9395,25.92,25.9395,600,0
20191210,25.9599,26.0135,25.952,26.0135,4010,0
20191211,26.0576,26.09,26.0311,26.09,4285,0
20191212,26.0716,26.12,26.02,26.02,7287,0
20191213,26.1,26.1058,25.96,26.0848,3916,0
20191216,26.1389,26.15,26.083,26.1394,14526,0
20191217,26.1999,26.2,26.1315,26.1997,2976,0
20191218,26.2,26.2,26.1328,26.182,2858,0
20191219,26.175,26.2,26.1736,26.1736,607,0
20191220,26.1565,26.2,26.08,26.1211,8268,0
20191223,26.16,26.23,26.14,26.1778,4730,0
20191224,26.1,26.23,26,26.21,3860,0
20191226,26.1759,26.23,26.17,26.17,1900,0
20191227,26.2273,26.2273,26.2273,26.2273,120,0
20191231,26.2036,26.23,26.164,26.23,1690,0
20200102,26.1928,26.41,26.1928,26.2402,4907,0
20200103,26.25,26.3393,26.24,26.32,6270,0
20200106,26.35,26.37,26.2998,26.338,6508,0
20200107,26.37,26.37,26.13,26.2296,3492,0
20200108,26.32,26.39,26.25,26.38,12561,0
20200109,26.2448,26.39,26.2,26.25,12306,0
20200110,26.37,26.37,26.28,26.29,3957,0
20200113,25.84,25.985,25.84,25.9599,13592,0
20200114,25.99,26.0991,25.99,26.0991,2826,0
20200115,26.1,26.1,25.9077,26.07,8087,0
20200116,26.08,26.1,26.033,26.06,8482,0
20200117,26.05,26.05,26.05,26.05,269,0
20200121,25.91,26.14,25.91,26.0671,1761,0
20200122,26.12,26.15,26.0146,26.08,5282,0
20200123,26.15,26.15,26.04,26.14,20491,0
