Date,Open,High,Low,Close,Volume,OpenInt
20160616,18.779,19.25,18.779,19.229,244909,0
20160617,19.25,19.297,19.212,19.243,123576,0
20160620,19.29,19.29,19.25,19.29,134249,0
20160621,19.196,19.297,19.196,19.29,160028,0
20160622,19.29,19.606,19.29,19.405,246538,0
20160623,19.366,19.451,19.35,19.39,169132,0
20160624,19.366,19.484,19.224,19.329,131777,0
20160627,19.29,19.375,18.904,19.229,120415,0
20160628,19.484,19.484,19.212,19.297,84521,0
20160629,19.366,19.567,19.312,19.42,114092,0
20160630,19.513,20.176,19.297,19.676,187548,0
20160701,19.676,19.953,19.311,19.42,108209,0
20160705,19.583,19.583,19.29,19.305,76906,0
20160706,19.412,19.488,19.32,19.329,59825,0
20160707,19.405,19.583,19.36,19.567,96196,0
20160708,19.56,19.676,19.536,19.62,123656,0
20160711,19.638,19.79,19.451,19.484,140713,0
20160712,19.49,19.552,19.337,19.358,103593,0
20160713,19.42,19.532,19.358,19.484,144096,0
20160714,19.484,19.559,19.383,19.412,121494,0
20160715,19.444,19.448,19.405,19.405,79802,0
20160718,19.444,19.444,19.337,19.405,143579,0
20160719,19.405,19.522,19.366,19.475,157979,0
20160720,19.484,20.023,19.429,20.023,169756,0
20160721,19.907,19.907,19.76,19.86,99671,0
20160722,19.83,19.83,19.738,19.79,62208,0
20160725,19.852,19.86,19.791,19.86,58809,0
20160726,19.86,19.869,19.621,19.83,125131,0
20160727,19.697,19.869,19.697,19.869,86896,0
20160728,19.869,20.053,19.76,19.985,135113,0
20160729,19.985,20.05,19.946,20.023,51795,0
20160801,20.061,20.169,20.023,20.044,106747,0
20160802,20.053,20.061,19.83,19.953,89797,0
20160803,20.023,20.273,19.977,20.053,85361,0
20160804,20.176,20.409,20.061,20.069,80080,0
20160805,20.085,20.277,19.985,19.985,41947,0
20160808,20.076,20.269,20.031,20.144,89849,0
20160809,20.247,20.254,20.006,20.016,82957,0
20160810,20.091,20.153,20.037,20.099,80670,0
20160811,20.106,20.176,20.061,20.061,57873,0
20160812,20.144,20.144,19.783,19.836,111248,0
20160815,19.898,19.938,19.875,19.875,141120,0
20160816,19.915,20.044,19.915,20.023,64565,0
20160817,20.044,20.239,20.023,20.144,101363,0
20160818,20.144,20.392,20.116,20.153,92408,0
20160819,20.269,20.292,19.953,20.006,66238,0
20160822,20.061,20.239,20.044,20.169,36704,0
20160823,20.247,20.324,20.192,20.269,95375,0
20160824,20.292,20.704,20.239,20.509,85360,0
20160825,20.832,22.067,20.416,20.955,94642,0
20160826,20.857,20.949,20.653,20.764,56804,0
20160829,20.841,20.872,20.646,20.725,62826,0
20160830,20.889,20.959,20.566,20.638,64405,0
20160831,20.678,20.777,20.646,20.747,94874,0
20160901,20.764,20.833,20.685,20.701,51959,0
20160902,20.739,20.739,20.512,20.584,67941,0
20160906,20.685,20.685,20.552,20.559,37784,0
20160907,20.646,20.841,20.616,20.685,65074,0
20160908,20.732,20.732,20.552,20.616,31914,0
20160909,20.63,20.63,20.02,20.02,70281,0
20160912,20.278,20.403,20.136,20.175,86029,0
20160913,20.395,20.395,19.981,20.121,97357,0
20160914,20.121,20.239,20.083,20.169,32846,0
20160915,20.129,20.247,20.02,20.191,75729,0
20160916,20.269,20.403,20.214,20.334,69260,0
20160919,20.362,20.607,20.316,20.45,75174,0
20160920,20.518,20.518,20.175,20.239,84713,0
20160921,20.239,20.395,20.239,20.387,49160,0
20160922,20.419,20.512,20.231,20.247,92529,0
20160923,20.356,20.481,20.293,20.403,41843,0
20160926,20.45,20.45,20.3,20.325,43994,0
20160927,20.411,20.685,20.343,20.441,80301,0
20160928,20.537,20.921,20.466,20.725,60305,0
20160929,20.718,20.725,20.466,20.552,38755,0
20160930,20.566,20.566,20.411,20.433,56637,0
20161003,20.512,20.725,20.488,20.662,27368,0
20161004,20.685,20.701,20.512,20.512,28163,0
20161005,20.662,20.662,20.537,20.606,29735,0
20161006,20.662,20.866,20.426,20.668,63620,0
20161007,20.708,20.866,20.708,20.866,36349,0
20161010,20.866,20.866,20.576,20.692,59755,0
20161011,20.685,20.685,20.136,20.347,72816,0
20161012,20.403,20.441,20.362,20.395,20933,0
20161013,20.45,20.45,20.27,20.38,31455,0
20161014,20.334,20.433,20.278,20.426,31842,0
20161017,20.45,20.622,20.351,20.464,40922,0
20161018,20.45,20.536,20.426,20.426,34006,0
20161019,20.481,20.506,20.45,20.463,12255,0
20161020,20.488,20.488,20.403,20.466,17005,0
20161021,20.584,20.662,20.387,20.646,24899,0
20161024,20.833,20.881,20.564,20.739,14837,0
20161025,20.732,20.732,20.507,20.507,24872,0
20161026,20.646,20.646,20.45,20.459,52491,0
20161027,20.646,20.795,20.512,20.662,20026,0
20161028,20.653,20.818,20.606,20.747,18320,0
20161031,20.747,20.747,20.685,20.732,33972,0
20161101,20.747,20.747,20.459,20.466,28826,0
20161102,20.747,20.747,20.214,20.254,29571,0
20161103,20.411,20.417,20.293,20.325,8407,0
20161104,20.403,20.622,20.356,20.606,10205,0
20161107,20.622,20.622,20.426,20.426,20104,0
20161108,20.622,20.622,20.269,20.293,21138,0
20161109,20.142,20.254,20.086,20.136,31839,0
20161110,20.129,20.161,19.297,19.596,46457,0
20161111,19.572,19.823,19.509,19.548,56275,0
20161114,19.705,19.705,19.461,19.539,47828,0
20161115,19.548,19.933,19.548,19.933,31745,0
20161116,19.893,20.169,19.846,20.097,35301,0
20161117,19.823,20.207,19.823,19.981,19423,0
20161118,20.034,20.034,19.702,19.823,13172,0
20161121,19.956,20.05,19.898,19.901,9657,0
20161122,19.917,19.981,19.838,19.862,22566,0
20161123,19.995,19.995,19.831,19.838,17362,0
20161125,20.02,20.175,20.02,20.05,3675,0
20161128,20.509,20.552,20.173,20.277,18483,0
20161129,20.316,20.514,20.148,20.259,39843,0
20161130,20.173,20.334,19.711,19.768,36113,0
20161201,19.743,19.961,19.464,19.472,42884,0
20161202,19.607,19.816,19.601,19.768,19920,0
20161205,19.894,20.037,19.838,19.838,19216,0
20161206,19.983,19.983,19.883,19.894,3645,0
20161207,19.975,19.997,19.949,19.949,10339,0
20161208,19.99,19.99,19.894,19.894,17331,0
20161209,19.99,19.99,19.83,19.846,20402,0
20161212,19.975,19.975,19.838,19.846,4772,0
20161213,19.965,19.965,19.83,19.91,16775,0
20161214,19.949,20.134,19.943,20.023,20233,0
20161215,20.023,20.023,19.91,19.91,13193,0
20161216,20.004,20.004,19.91,19.975,27510,0
20161219,19.99,19.99,19.918,19.935,9691,0
20161220,19.949,19.99,19.902,19.943,8290,0
20161221,19.997,20.037,19.935,20.004,14257,0
20161222,20.004,20.031,19.949,19.992,10562,0
20161223,20.1,20.1,19.975,20.078,4982,0
20161227,20.093,20.095,19.935,20.004,12708,0
20161228,20.085,20.14,20.044,20.077,36292,0
20161229,20.061,20.148,20.061,20.108,5131,0
20161230,20.18,20.18,20.053,20.173,23152,0
20170103,20.18,20.292,20.13,20.166,9509,0
20170104,20.259,20.307,20.166,20.277,5979,0
20170105,20.347,20.347,20.246,20.336,15010,0
20170106,20.341,20.347,20.259,20.306,21618,0
20170109,20.347,20.347,20.237,20.237,8866,0
20170110,20.3,20.3,20.148,20.148,6018,0
20170111,20.268,20.268,20.148,20.18,16946,0
20170112,20.334,20.491,20.189,20.428,14140,0
20170113,20.428,20.482,20.316,20.443,17549,0
20170117,20.421,20.436,20.306,20.404,14178,0
20170118,20.421,20.435,20.316,20.412,24478,0
20170119,20.421,20.473,20.344,20.428,27542,0
20170120,20.428,20.509,20.306,20.509,16827,0
20170123,20.501,20.501,20.356,20.501,17599,0
20170124,20.428,20.501,20.412,20.412,11575,0
20170125,20.443,20.468,20.341,20.347,16913,0
20170126,20.452,20.452,20.237,20.237,19258,0
20170127,20.268,20.342,20.134,20.157,24065,0
20170130,20.229,20.341,20.189,20.246,15154,0
20170131,20.259,20.387,20.18,20.18,19280,0
20170201,20.22,20.54,20.216,20.428,26338,0
20170202,20.435,20.509,20.428,20.428,14508,0
20170203,20.468,20.786,20.468,20.706,23253,0
20170206,20.651,20.729,20.482,20.491,22475,0
20170207,20.602,20.642,20.558,20.642,7148,0
20170208,20.682,20.698,20.58,20.689,17905,0
20170209,20.689,20.716,20.612,20.612,18291,0
20170210,20.689,20.755,20.626,20.642,19114,0
20170213,20.667,20.833,20.667,20.747,14949,0
20170214,20.716,20.804,20.675,20.746,11136,0
20170215,20.746,20.827,20.435,20.468,34100,0
20170216,20.514,20.553,20.334,20.412,35723,0
20170217,20.501,20.501,20.412,20.461,26388,0
20170221,20.635,20.635,20.435,20.468,26751,0
20170222,20.509,20.548,20.428,20.514,37384,0
20170223,20.54,20.682,20.514,20.612,25322,0
20170224,20.694,20.768,20.688,20.735,20287,0
20170227,20.775,20.89,20.68,20.832,38473,0
20170228,20.784,20.85,20.727,20.832,14934,0
20170301,20.825,20.832,20.67,20.688,35872,0
20170302,20.703,20.743,20.638,20.67,26677,0
20170303,20.703,20.735,20.638,20.655,20960,0
20170306,20.694,20.84,20.68,20.832,16611,0
20170307,20.84,20.866,20.799,20.857,20745,0
20170308,20.84,20.84,20.516,20.557,31329,0
20170309,20.721,20.762,20.557,20.606,24009,0
20170310,20.597,20.597,20.396,20.557,17787,0
20170313,20.551,20.616,20.538,20.543,14241,0
20170314,20.557,20.63,20.516,20.524,14984,0
20170315,20.557,20.655,20.551,20.583,30535,0
20170316,20.622,20.744,20.606,20.655,32697,0
20170317,20.703,20.762,20.67,20.68,12683,0
20170320,20.712,20.792,20.606,20.646,27657,0
20170321,20.703,20.743,20.67,20.688,12483,0
20170322,20.784,20.84,20.694,20.84,17838,0
20170323,20.832,20.832,20.63,20.67,45887,0
20170324,20.664,20.762,20.664,20.752,25879,0
20170327,20.735,20.739,20.646,20.68,23186,0
20170328,20.703,20.762,20.655,20.743,18005,0
20170329,20.735,20.781,20.721,20.781,13375,0
20170330,20.784,20.8,20.743,20.8,16148,0
20170331,20.8,20.937,20.8,20.881,21915,0
20170403,20.953,21.077,20.901,20.986,9795,0
20170404,21.011,21.163,21.003,21.163,20009,0
20170405,21.286,21.286,21.035,21.163,27394,0
20170406,21.231,21.231,21.02,21.116,19378,0
20170407,21.163,21.163,21.132,21.132,6862,0
20170410,21.236,21.236,21.069,21.124,6769,0
20170411,21.124,21.124,20.735,20.84,34914,0
20170412,20.84,20.84,20.516,20.63,48474,0
20170413,20.557,20.84,20.557,20.68,19862,0
20170417,20.646,20.945,20.638,20.923,16646,0
20170418,20.923,20.923,20.589,20.694,13424,0
20170419,20.752,20.762,20.516,20.524,21520,0
20170420,20.524,20.612,20.524,20.557,18520,0
20170421,20.574,20.67,20.574,20.597,7020,0
20170424,20.638,20.87,20.583,20.63,11367,0
20170425,20.68,20.751,20.606,20.606,8268,0
20170426,20.703,20.792,20.638,20.784,9649,0
20170427,20.817,20.817,20.745,20.792,6934,0
20170428,20.817,21.011,20.688,20.98,20287,0
20170501,21.083,21.083,20.936,20.936,2245,0
20170502,20.892,21.003,20.892,20.897,4998,0
20170503,21.042,21.042,20.956,20.993,6964,0
20170504,21.116,21.116,21.012,21.012,7309,0
20170505,21.011,21.011,20.971,21.011,8420,0
20170508,21.027,21.124,21.027,21.124,19437,0
20170509,21.083,21.091,20.811,21.003,20216,0
20170510,20.972,20.972,20.89,20.971,3787,0
20170511,20.963,20.963,20.923,20.963,7169,0
20170512,20.923,20.945,20.923,20.923,5106,0
20170515,20.938,21.1,20.912,21.1,8345,0
20170516,21.034,21.083,20.84,20.84,4948,0
20170517,20.85,20.977,20.84,20.905,7165,0
20170518,20.881,21.019,20.872,21.003,7148,0
20170519,20.905,20.952,20.638,20.923,21632,0
20170522,20.89,21.163,20.762,20.986,15846,0
20170523,20.945,21.02,20.817,20.953,16672,0
20170524,21.182,21.343,20.953,21.261,12617,0
20170525,21.289,21.345,21.192,21.321,7281,0
20170526,21.298,21.356,21.217,21.331,13116,0
20170530,21.38,21.882,21.256,21.577,18823,0
20170531,21.577,21.577,21.273,21.577,11518,0
20170601,21.586,21.586,21.476,21.545,9869,0
20170602,21.529,21.545,21.395,21.395,8872,0
20170605,21.586,21.586,21.43,21.566,12460,0
20170606,21.52,21.528,21.482,21.483,6454,0
20170607,21.47,21.47,21.24,21.278,17830,0
20170608,21.363,21.363,20.929,20.97,70804,0
20170609,20.97,21.081,20.97,21.069,49935,0
20170612,21.125,21.125,21.019,21.029,19867,0
20170613,20.985,21.06,20.985,21.039,18837,0
20170614,21.06,21.192,21.051,21.192,42059,0
20170615,21.165,21.165,21.042,21.06,36109,0
20170616,21.077,21.101,21.027,21.027,30273,0
20170619,21.051,21.134,21.051,21.125,31560,0
20170620,21.175,21.204,21.128,21.175,27743,0
20170621,21.216,21.237,21.184,21.206,14079,0
20170622,21.233,21.355,21.225,21.24,14464,0
20170623,21.256,21.298,21.184,21.298,14614,0
20170626,21.298,21.314,21.282,21.282,14669,0
20170627,21.314,21.479,21.29,21.372,21835,0
20170628,21.298,21.586,21.298,21.586,25377,0
20170629,21.586,21.586,21.363,21.38,3103,0
20170630,21.38,21.463,21.38,21.446,12425,0
20170703,21.463,21.463,21.414,21.446,3835,0
20170705,21.38,22.432,21.38,21.988,55209,0
20170706,21.939,21.939,21.586,21.619,23795,0
20170707,21.495,21.577,21.414,21.488,4779,0
20170710,21.488,21.488,21.405,21.459,6323,0
20170711,21.577,21.608,21.396,21.396,10236,0
20170712,21.67,21.67,21.476,21.67,30106,0
20170713,21.67,21.947,21.652,21.743,45135,0
20170714,21.709,21.709,21.475,21.678,9134,0
20170717,21.562,21.595,21.561,21.586,8493,0
20170718,21.776,21.841,21.636,21.676,12793,0
20170719,21.682,22.087,21.676,22.071,14313,0
20170720,22.029,22.029,21.529,22.029,43000,0
20170721,21.882,22.341,21.512,22.341,50979,0
20170724,21.997,22.004,21.776,21.997,19468,0
20170725,21.825,21.939,21.508,21.595,21539,0
20170726,21.61,21.791,21.61,21.791,13559,0
20170727,21.791,21.833,21.586,21.833,12665,0
20170728,21.907,22.112,21.692,22.111,11118,0
20170731,21.907,21.915,21.764,21.915,8511,0
20170801,21.897,21.897,21.734,21.897,3788,0
20170802,22.096,22.096,21.661,21.956,21238,0
20170803,21.767,21.939,21.733,21.856,10333,0
20170804,21.874,21.874,21.691,21.874,16972,0
20170807,21.874,21.874,21.66,21.701,16342,0
20170808,21.791,21.791,21.587,21.791,3514,0
20170809,21.562,21.562,21.002,21.11,29853,0
20170810,21.002,21.099,20.949,21.051,23304,0
20170811,21.051,21.051,20.188,20.894,51790,0
20170814,20.943,21.069,20.943,21.06,12887,0
20170815,21.077,21.125,20.97,21.019,24912,0
20170816,21.175,21.289,21.165,21.192,24602,0
20170817,21.421,21.529,21.266,21.347,35038,0
20170818,21.545,21.553,21.437,21.453,9846,0
20170821,21.455,21.586,21.351,21.52,10361,0
20170822,21.586,21.84,21.508,21.84,6820,0
20170823,21.791,21.843,21.521,21.577,12686,0
20170824,21.791,21.791,21.503,21.56,11537,0
20170825,21.586,21.782,21.503,21.701,15087,0
20170828,21.801,21.801,21.484,21.754,7265,0
20170829,21.701,22.094,21.701,21.834,9568,0
20170830,21.978,21.978,21.349,21.709,5453,0
20170831,21.65,21.65,21.476,21.551,3311,0
20170901,21.559,21.687,21.559,21.608,5380,0
20170905,21.767,21.834,21.451,21.451,36177,0
20170906,21.641,21.75,21.528,21.676,14868,0
20170907,21.676,21.676,20.899,21.207,108398,0
20170908,21.275,21.466,21.049,21.217,37422,0
20170911,21.275,21.452,21.275,21.348,7088,0
20170912,21.425,21.472,21.325,21.333,9131,0
20170913,21.451,21.517,21.316,21.476,22429,0
20170914,21.584,21.584,21.465,21.492,4695,0
20170915,21.627,21.627,21.508,21.566,5461,0
20170918,21.659,21.659,21.448,21.49,8782,0
20170919,21.425,21.581,21.417,21.484,15773,0
20170920,21.508,21.551,21.446,21.446,4726,0
20170921,21.551,21.584,21.5,21.575,2956,0
20170922,21.575,21.584,21.403,21.575,8852,0
20170925,21.593,21.718,21.593,21.718,13717,0
20170926,21.718,21.718,21.551,21.718,4425,0
20170927,21.718,22.02,21.517,22.02,6421,0
20170928,21.91,21.926,21.81,21.892,3436,0
20170929,22.034,22.218,21.864,22.218,37882,0
20171002,22.168,22.168,21.892,21.926,5593,0
20171003,22.135,22.135,21.851,21.859,6288,0
20171004,21.843,21.926,21.784,21.793,15088,0
20171005,21.801,22.02,21.796,21.886,5290,0
20171006,21.884,21.884,21.562,21.641,15235,0
20171009,21.659,21.665,21.655,21.665,1642,0
20171010,21.659,21.659,21.376,21.476,17409,0
20171011,21.492,21.608,21.392,21.409,31221,0
20171012,21.466,21.489,21.367,21.392,16757,0
20171013,21.333,21.635,21.333,21.635,9663,0
20171016,21.635,21.843,21.552,21.552,7520,0
20171017,21.542,21.692,21.489,21.676,8864,0
20171018,21.759,21.759,21.466,21.709,8244,0
20171019,21.759,21.759,21.561,21.718,17085,0
20171020,21.586,21.751,21.568,21.751,10362,0
20171023,21.767,21.767,21.635,21.734,8025,0
20171024,21.651,21.94,21.635,21.743,22611,0
20171025,21.718,21.718,21.629,21.716,8235,0
20171026,21.725,21.985,21.718,21.952,12154,0
20171027,21.91,22.009,21.618,22.009,2878,0
20171030,21.77,21.968,21.669,21.968,3429,0
20171031,21.982,22.007,21.91,21.993,4608,0
20171101,21.934,21.952,21.751,21.759,6803,0
20171102,21.759,21.838,21.759,21.784,2832,0
20171103,21.795,21.96,21.776,21.96,5414,0
20171106,21.96,21.96,21.708,21.716,11040,0
20171107,21.659,21.659,21.551,21.635,3305,0
20171108,21.635,21.784,21.599,21.767,4869,0
20171109,21.517,21.709,21.342,21.627,37104,0
20171110,21.641,21.709,21.517,21.641,9070,0
20171113,21.692,21.851,21.692,21.731,4713,0
20171114,21.725,22.102,21.725,22.077,24667,0
20171115,22.026,22.034,21.786,21.802,7967,0
20171116,21.968,22.01,21.835,22.01,6328,0
20171117,21.892,21.978,21.892,21.956,6107,0
20171120,21.869,21.892,19.897,20.231,130762,0
20171121,20.231,20.704,20.131,20.255,97536,0
20171122,20.272,20.597,20.039,20.341,44632,0
20171124,20.541,20.667,20.466,20.532,15397,0
20171127,20.589,20.732,20.298,20.415,89968,0
20171128,20.415,20.481,20.139,20.364,33414,0
20171129,20.474,20.552,19.814,20.304,51293,0
20171130,20.254,20.578,20.254,20.346,50242,0
20171201,20.313,20.559,20.219,20.449,35377,0
20171204,20.482,20.797,20.449,20.78,35266,0
20171205,20.611,21.063,20.566,20.935,24319,0
20171206,20.789,21.07,20.568,20.765,32262,0
20171207,20.772,20.986,20.652,20.832,13327,0
20171208,20.729,20.956,20.729,20.941,8345,0
20171211,20.789,20.815,20.247,20.44,21012,0
20171212,20.297,20.449,19.847,19.847,55118,0
20171213,19.795,20.237,19.158,19.991,54196,0
20171214,20.389,20.628,20.05,20.093,46222,0
20171215,20.093,20.332,19.603,19.71,36667,0
20171218,19.719,19.931,19.719,19.914,30257,0
20171219,19.922,20.297,19.922,20.076,21260,0
20171220,20.177,20.297,19.847,20.297,30020,0
20171221,20.135,20.135,19.771,19.815,47959,0
20171222,19.956,19.998,19.719,19.719,15698,0
20171226,19.761,19.871,19.728,19.771,22519,0
20171227,19.752,19.922,19.752,19.795,15331,0
20171228,19.837,19.878,19.699,19.805,38097,0
20171229,19.795,19.922,19.539,19.539,52221,0
20180102,19.558,19.771,19.304,19.31,14661,0
20180103,19.328,19.421,19.31,19.421,12221,0
20180104,19.481,19.88,19.455,19.668,14341,0
20180105,19.668,20.177,19.668,19.702,26665,0
20180108,19.71,19.865,19.209,19.209,37196,0
20180109,19.218,19.361,18.834,18.988,30940,0
20180110,19.124,19.497,19.105,19.328,11977,0
20180111,19.226,19.496,19.143,19.421,19633,0
20180112,19.362,19.88,18.911,18.911,23510,0
20180116,18.911,19.064,17.548,18.054,64356,0
20180117,17.918,18.179,17.79,17.91,46381,0
20180118,17.841,17.925,16.914,17.348,82661,0
20180119,17.331,17.331,16.592,16.991,48157,0
20180122,16.981,17.519,16.933,17.009,86000,0
20180123,17.06,17.543,17.056,17.365,34536,0
20180124,17.408,17.425,17.17,17.306,30547,0
20180125,17.374,17.485,17.093,17.433,17250,0
20180126,17.458,17.698,17.256,17.256,17218,0
20180129,17.265,17.669,16.864,16.89,45355,0
20180130,16.779,17.204,16.779,17.07,23073,0
20180131,16.915,17.118,16.312,16.881,43620,0
20180201,16.634,17.001,16.193,16.252,73893,0
20180202,16.21,16.788,15.871,16.355,42720,0
20180205,16.397,16.771,16.057,16.141,17934,0
20180206,15.929,16.294,15.929,16.141,17579,0
20180207,16.066,16.465,16.066,16.179,11058,0
20180208,15.981,16.02,15.547,15.861,18819,0
20180209,15.759,15.759,15.342,15.377,13203,0
20180212,15.488,16.049,15.488,16.049,19052,0
20180213,15.938,16.796,15.826,16.049,21745,0
20180214,15.997,16.55,15.997,16.141,27446,0
20180215,16.15,16.397,15.717,16.1,22879,0
20180216,15.922,16.312,15.641,15.904,12275,0
20180220,16.303,16.346,16.303,16.303,8196,0
20180221,16.083,16.554,15.932,16.55,37385,0
20180222,16.567,16.762,16.5,16.507,26418,0
20180223,16.788,16.855,16.568,16.855,12836,0
20180226,16.77,16.981,16.533,16.597,16796,0
20180227,16.739,16.904,16.357,16.357,11904,0
20180228,16.384,16.384,15.188,15.482,38456,0
20180301,15.404,15.716,15.404,15.603,29121,0
20180302,15.611,15.611,15.248,15.464,18337,0
20180305,15.464,15.724,15.325,15.724,11684,0
20180306,15.786,15.82,15.534,15.751,14485,0
20180307,15.751,16.488,15.693,16.488,41072,0
20180308,16.193,17.105,15.916,16.505,39139,0
20180309,16.505,17.017,16.181,16.331,7794,0
20180312,16.288,16.89,16.262,16.75,7725,0
20180313,16.566,16.701,16.138,16.21,4188,0
20180314,16.262,16.532,16.262,16.531,10359,0
20180315,16.479,16.566,16.149,16.193,13838,0
20180316,16.071,16.28,16.064,16.272,4748,0
20180319,16.063,16.306,16.063,16.306,7989,0
20180320,16.306,16.629,16.306,16.387,5677,0
20180321,16.272,16.479,16.21,16.218,5549,0
20180322,16.272,16.362,16.158,16.158,10793,0
20180323,16.315,16.333,15.494,15.569,28265,0
20180326,15.794,15.794,14.475,15.256,31478,0
20180327,15.153,15.222,14.613,14.691,22601,0
20180328,14.691,15.443,14.691,14.77,5688,0
20180329,14.792,15.039,14.778,15.039,10286,0
20180402,15.039,15.144,14.709,15.1,7863,0
20180403,15.021,15.021,14.674,14.718,12879,0
20180404,14.665,15.178,14.665,15.153,14586,0
20180405,14.935,15.188,14.935,15.057,19367,0
20180406,14.978,15.194,14.978,15.194,5029,0
20180409,15.299,15.603,15.273,15.361,19733,0
20180410,15.412,15.88,15.412,15.577,14328,0
20180411,15.464,15.863,15.39,15.498,10197,0
20180412,15.525,15.846,15.507,15.786,17334,0
20180413,15.682,15.786,15.682,15.684,3438,0
20180416,15.707,15.881,15.707,15.758,8166,0
20180417,15.768,16.384,15.768,16.288,13107,0
20180418,16.262,16.488,16.168,16.488,11779,0
20180419,16.358,17.242,16.358,17.242,7893,0
20180420,17.113,17.312,16.835,16.87,20237,0
20180423,16.87,17.347,16.87,16.975,12166,0
20180424,17.051,17.773,17.001,17.381,12958,0
20180425,17.459,17.755,17.062,17.478,15682,0
20180426,17.443,17.53,17.312,17.399,12983,0
20180427,17.268,17.399,16.966,17.001,9695,0
20180430,17.001,17.399,17.001,17.399,5319,0
20180501,17.198,17.399,17.164,17.164,6800,0
20180502,17.164,17.399,17.164,17.399,6563,0
20180503,17.261,17.512,17.226,17.261,13617,0
20180504,17.261,17.53,17.261,17.399,10180,0
20180507,17.304,17.773,17.304,17.72,8261,0
20180508,17.599,17.763,17.192,17.459,7156,0
20180509,17.478,17.72,17.478,17.608,5128,0
20180510,17.65,18.076,17.517,18.067,15885,0
20180511,18.086,18.658,18.086,18.602,14709,0
20180514,18.562,18.684,18.006,18.214,7927,0
20180515,18.136,18.136,17.025,17.208,26834,0
20180516,17.095,17.387,17.095,17.234,1948,0
20180517,17.356,18.136,17.009,17.408,9915,0
20180518,17.599,17.643,17.538,17.643,1730,0
20180521,17.643,18.305,17.607,17.608,6309,0
20180522,17.581,17.815,17.581,17.815,4443,0
20180523,17.763,17.763,17.416,17.677,15751,0
20180524,17.72,17.825,17.365,17.825,10053,0
20180525,17.625,17.777,17.625,17.72,9298,0
20180529,17.907,18.143,17.888,18.032,11967,0
20180530,17.916,18.553,17.916,18.048,15996,0
20180531,18.003,18.465,17.968,18.385,3569,0
20180601,18.286,18.579,18.189,18.189,13355,0
20180604,18.084,18.251,18.082,18.251,6444,0
20180605,18.571,18.571,17.862,18.571,6549,0
20180606,18.509,18.651,17.696,17.696,13526,0
20180607,18.305,18.524,18.18,18.225,11390,0
20180608,18.18,18.597,18.18,18.376,5659,0
20180611,18.394,18.588,18.18,18.199,5472,0
20180612,18.199,18.208,17.827,17.888,18508,0
20180613,17.818,17.907,17.454,17.454,20499,0
20180614,17.535,17.623,17.136,17.358,29558,0
20180615,17.447,17.676,17.447,17.676,12474,0
20180618,17.447,18.109,17.447,18.109,19503,0
20180619,17.949,17.977,17.614,17.799,40726,0
20180620,17.844,18.109,17.755,17.995,13232,0
20180621,18.065,18.314,18.065,18.314,6750,0
20180622,18.305,18.341,18.164,18.341,7596,0
20180625,18.225,18.544,17.712,18.517,21354,0
20180626,18.526,18.526,18.048,18.376,15059,0
20180627,18.376,18.42,18.202,18.42,8505,0
20180628,18.251,18.66,18.226,18.66,5947,0
20180629,18.597,18.597,18.27,18.588,15692,0
20180702,18.402,18.677,18.331,18.366,15934,0
20180703,18.385,18.951,18.296,18.757,6151,0
20180705,18.509,18.586,18.366,18.482,7024,0
20180706,18.376,18.594,18.376,18.546,785,0
20180709,18.473,18.797,18.402,18.677,17045,0
20180710,18.597,18.871,18.402,18.429,19729,0
20180711,18.509,18.792,18.305,18.579,9310,0
20180712,18.42,18.596,18.314,18.517,13376,0
20180713,18.509,18.632,18.341,18.5,8416,0
20180716,18.402,18.553,17.827,18.109,14172,0
20180717,18.144,18.649,17.916,17.986,14214,0
20180718,18.022,18.286,18.022,18.119,11755,0
20180719,18.199,18.63,18.156,18.437,7265,0
20180720,18.359,18.49,18.272,18.411,6178,0
20180723,18.411,18.8,18.411,18.606,19377,0
20180724,18.667,19.234,18.651,19.234,11373,0
20180725,19.198,19.35,18.856,19.323,13212,0
20180726,19.323,19.696,19.323,19.598,18170,0
20180727,19.598,19.607,18.677,19.041,14150,0
20180730,19.173,19.173,18.712,19.084,18994,0
20180731,19.013,19.046,18.466,18.8,15656,0
20180801,18.667,19.208,18.667,18.757,10340,0
20180802,18.783,18.941,18.544,18.651,14316,0
20180803,18.641,18.863,18.615,18.81,5790,0
20180806,18.765,18.885,18.651,18.651,9756,0
20180807,18.526,18.526,18.154,18.243,8715,0
20180808,17.974,18.243,17.932,17.977,6495,0
20180809,17.587,17.907,16.339,16.649,65550,0
20180810,16.206,17.18,15.772,16.489,54752,0
20180813,16.489,17.011,16.206,16.559,30397,0
20180814,16.507,16.559,16.188,16.454,19790,0
20180815,16.223,16.399,15.356,15.675,36666,0
20180816,15.675,16.268,15.675,15.896,22538,0
20180817,15.781,16.117,15.575,15.931,14740,0
20180820,15.843,16.914,15.843,16.559,11871,0
20180821,16.454,17.047,16.206,17.047,30170,0
20180822,16.859,17.218,16.859,17.004,22899,0
20180823,17.004,17.26,16.826,17.021,54349,0
20180824,17.048,17.048,16.515,16.808,37141,0
20180827,16.826,17.181,16.826,17.181,42213,0
20180828,17.091,17.572,16.914,17.428,45517,0
20180829,17.346,17.627,17.23,17.365,20386,0
20180830,17.528,17.537,16.958,17.374,51586,0
20180831,17.237,17.713,17.112,17.7,37485,0
20180904,17.428,17.636,17.057,17.057,29731,0
20180905,17.139,17.257,15.882,16.288,38668,0
20180906,16.28,16.397,15.773,16.054,74086,0
20180907,16.054,16.054,13.801,14.064,169569,0
20180910,14,14.877,13.069,14.877,114071,0
20180911,14.832,15.175,13.792,13.865,155391,0
20180912,13.865,14.995,13.837,14.741,71244,0
20180913,15.222,15.222,14.345,14.805,47249,0
20180914,14.715,15.682,14.245,15.556,42607,0
20180917,15.511,15.918,14.353,14.814,89546,0
20180918,14.751,15.538,14.751,15.285,14682,0
20180919,15.311,15.52,15.043,15.285,25657,0
20180920,15.285,15.546,14.953,15.493,42723,0
20180921,15.511,15.81,15.511,15.737,18368,0
20180924,15.619,15.943,15.619,15.943,31119,0
20180925,15.764,15.926,15.465,15.574,24582,0
20180926,15.529,15.646,15.393,15.646,6706,0
20180927,15.646,15.899,15.556,15.71,11922,0
20180928,15.646,15.646,15.402,15.583,5257,0
20181001,15.52,15.701,15.466,15.624,14120,0
20181002,15.484,15.674,15.402,15.674,16330,0
20181003,15.511,15.665,15.402,15.556,12395,0
20181004,15.438,15.574,15.321,15.574,58375,0
20181005,15.538,16.701,15.373,16.416,41818,0
20181008,16.288,16.379,15.753,16.189,14773,0
20181009,16.008,16.244,15.737,16.008,32179,0
20181010,15.882,15.99,15.393,15.818,34530,0
20181011,15.638,15.891,15.466,15.836,12193,0
20181012,15.727,15.727,15.022,15.601,29763,0
20181015,15.484,15.484,14.995,15.275,11040,0
20181016,15.193,15.547,15.106,15.339,11342,0
20181017,15.222,15.311,14.697,15.311,12018,0
20181018,15.186,15.285,14.959,15.157,9723,0
20181019,15.068,15.375,14.96,15.331,5599,0
20181022,15.375,15.928,15.375,15.928,6714,0
20181023,15.438,15.908,15.393,15.872,10712,0
20181024,15.691,15.737,15.511,15.737,15487,0
20181025,15.638,15.827,15.601,15.827,13166,0
20181026,15.674,15.908,15.601,15.908,16168,0
20181029,15.818,15.863,15.502,15.863,8151,0
20181030,15.755,15.855,15.457,15.827,11508,0
20181031,15.746,15.891,15.646,15.891,11758,0
20181101,15.791,15.882,15.488,15.701,10384,0
20181102,15.673,15.827,15.506,15.827,24191,0
20181105,15.71,15.802,15.691,15.703,4002,0
20181106,15.619,15.737,15.556,15.691,5507,0
20181107,15.655,15.773,15.556,15.556,6500,0
20181108,15.466,15.638,14.968,15.638,28698,0
20181109,15.511,15.511,14.987,15.438,17220,0
20181112,14.245,17.32,14.245,15.375,213307,0
20181113,15.601,15.71,14.262,14.289,60498,0
20181114,14.108,15.094,14.019,14.932,42750,0
20181115,14.715,14.76,14.308,14.308,13183,0
20181116,14.335,14.426,13.883,14.308,17979,0
20181119,13.982,14.651,13.892,14.118,76441,0
20181120,14.064,14.426,13.91,14.154,32829,0
20181121,14.036,14.909,13.928,14.516,33158,0
20181123,14.524,14.665,14.281,14.651,6988,0
20181126,14.661,14.941,14.19,14.615,28085,0
20181127,14.471,15.078,14.471,15.078,23990,0
20181128,15.078,15.474,14.677,15.474,23198,0
20181129,15.65,15.836,15.048,15.836,17935,0
20181130,15.567,15.567,14.696,15.206,27757,0
20181203,15.41,15.863,14.426,15.41,37853,0
20181204,15.29,15.704,15.019,15.261,37118,0
20181206,14.362,15.048,14.345,14.362,94373,0
20181207,14.251,14.251,12.648,13.89,155228,0
20181210,13.667,13.667,13.001,13.353,41429,0
20181211,12.991,15.012,12.796,14.826,95158,0
20181212,14.826,15.29,14.156,14.872,39131,0
20181213,14.696,15.511,14.316,15.29,89127,0
20181214,15.104,15.196,14.845,15.104,44037,0
20181217,14.918,15.373,14.918,14.946,52854,0
20181218,14.983,15.502,14.983,15.243,36795,0
20181219,15.28,15.557,15.067,15.437,22828,0
20181220,15.336,15.5,14.965,15.057,34330,0
20181221,15.215,15.604,15.215,15.428,48853,0
20181224,15.428,15.428,15.067,15.243,16996,0
20181226,15.225,15.225,14.39,14.789,46597,0
20181227,14.455,14.779,13.13,13.899,69223,0
20181228,14.604,15.928,14.604,15.846,104768,0
20181231,15.66,16.123,15.394,15.846,74208,0
20190102,15.493,16.91,15.493,16.012,36541,0
20190103,15.741,16.54,15.567,16.54,18226,0
20190104,16.494,16.494,14.835,15.307,44879,0
20190107,15.178,15.206,14.799,14.946,37761,0
20190108,14.835,15.151,14.642,14.826,24774,0
20190109,14.734,14.826,14.362,14.362,35159,0
20190110,14.288,14.909,14.131,14.186,19753,0
20190111,14.176,14.826,14.131,14.223,26132,0
20190114,14.149,15.02,13.76,14.362,33667,0
20190115,14.279,14.479,14.131,14.131,22921,0
20190116,14.131,14.52,13.876,14.27,38826,0
20190117,13.951,14.965,13.915,14.548,16260,0
20190118,14.844,15.196,14.566,15.196,20385,0
20190122,14.975,14.975,13.645,13.807,52779,0
20190123,13.714,13.766,13.194,13.204,64649,0
20190124,13.13,13.353,12.865,13.028,50707,0
20190125,13.028,13.427,12.888,13.231,52269,0
20190128,13.065,13.566,12.973,13.231,40453,0
20190129,13.224,13.465,13.028,13.231,29421,0
20190130,13.177,13.177,12.788,13.158,16186,0
20190131,13.204,14.176,13.204,13.528,29580,0
20190201,13.483,13.983,13.483,13.76,6435,0
20190204,13.853,14.029,13.528,13.904,21639,0
20190205,13.779,14.029,13.437,13.483,35308,0
20190206,13.491,13.77,13.399,13.76,15006,0
20190207,13.575,13.681,13.231,13.593,25673,0
20190208,13.445,13.613,13.204,13.454,11848,0
20190211,13.437,13.696,13.268,13.321,30508,0
20190212,13.538,13.593,13.365,13.593,7729,0
20190213,13.51,13.899,13.375,13.667,8180,0
20190214,13.983,14.687,13.686,14.687,18235,0
20190215,14.548,14.918,14.139,14.835,8755,0
20190219,14.826,14.967,14.595,14.734,7528,0
20190220,14.604,15.428,14.604,15.104,31031,0
20190221,15.122,15.243,14.826,14.918,58316,0
20190222,14.835,15.094,14.826,14.946,31233,0
20190225,15.104,15.173,14.854,15.039,7806,0
20190226,14.864,15.188,14.864,14.92,5410,0
20190227,15.213,15.213,14.833,14.833,64061,0
20190228,14.737,14.77,14.517,14.566,34546,0
20190301,15.109,15.394,14.595,15.051,16055,0
20190304,15.014,15.014,14.015,14.262,26710,0
20190305,14.262,14.424,13.692,13.692,28690,0
20190306,13.692,14.196,13.226,13.701,116948,0
20190307,13.549,13.692,12.541,12.798,151764,0
20190308,12.798,13.354,12.561,13.311,18746,0
20190311,13.217,13.482,12.836,13.311,37004,0
20190312,13.311,13.311,13.064,13.169,7727,0
20190313,13.026,13.502,13.026,13.311,25353,0
20190314,13.444,13.645,13.311,13.597,12232,0
20190315,13.587,13.701,13.549,13.549,23320,0
20190318,13.416,13.834,13.416,13.74,69454,0
20190319,13.597,13.977,13.454,13.787,15069,0
20190320,13.692,13.787,13.549,13.549,30396,0
20190321,13.502,13.825,13.169,13.587,80575,0
20190322,13.426,13.949,13.407,13.882,29900,0
20190325,13.749,13.834,13.645,13.787,6085,0
20190326,13.645,14.11,13.632,14.11,11876,0
20190327,13.967,15.042,13.834,14.833,37367,0
20190328,14.747,14.928,14.334,14.737,26683,0
20190329,14.747,15.479,14.747,15.423,61034,0
20190401,15.223,15.479,15.223,15.356,20394,0
20190402,15.213,15.478,15.014,15.242,9169,0
20190403,15.242,15.47,15.206,15.47,23848,0
20190404,15.47,15.47,15.337,15.47,8114,0
20190405,15.384,15.427,15.223,15.223,15731,0
20190408,15.109,15.451,15.109,15.451,19181,0
20190409,15.252,15.384,15.068,15.213,25342,0
20190410,15.156,15.185,15.023,15.185,6242,0
20190411,15.023,15.166,15.014,15.014,2550,0
20190412,14.966,15.213,14.966,15.213,15062,0
20190415,15.109,15.109,14.871,14.966,7121,0
20190416,14.89,14.966,14.574,14.928,7890,0
20190417,14.842,14.928,14.529,14.548,5016,0
20190418,14.548,14.548,14.034,14.244,8378,0
20190422,14.101,14.424,14.101,14.405,6526,0
20190423,14.186,14.301,14.094,14.272,33633,0
20190424,14.186,14.395,14.186,14.319,43528,0
20190425,14.158,14.319,14.158,14.319,17989,0
20190426,14.272,14.281,14.185,14.281,6394,0
20190429,14.158,14.348,14.158,14.262,15184,0
20190430,14.158,14.538,14.158,14.538,43738,0
20190501,14.462,14.462,14.262,14.357,12210,0
20190502,14.319,14.528,14.319,14.5,7726,0
20190503,14.693,14.693,14.348,14.643,15763,0
20190506,14.319,14.797,14.177,14.519,17715,0
20190507,14.558,14.737,14.462,14.576,8394,0
20190508,14.453,14.737,14.443,14.595,22037,0
20190509,14.548,14.548,14.025,14.548,9563,0
20190510,14.481,14.605,14.168,14.511,9299,0
20190513,14.291,14.614,14.186,14.357,12283,0
20190514,14.281,14.687,14.281,14.481,7367,0
20190515,14.386,14.737,14.386,14.548,18357,0
20190516,14.472,14.7,14.262,14.262,92701,0
20190517,14.025,14.272,13.844,14.272,7232,0
20190520,14.262,14.291,14.215,14.291,5989,0
20190521,14.206,14.49,14.195,14.49,6009,0
20190522,14.5,14.576,14.357,14.462,15214,0
20190523,14.462,14.462,14.262,14.433,8847,0
20190524,14.433,14.433,14.291,14.433,13920,0
20190528,14.281,14.5,14.281,14.367,22925,0
20190529,14.299,14.514,14.299,14.434,9994,0
20190530,14.357,14.357,13.966,14.318,21549,0
20190531,14.279,14.543,14.028,14.25,16079,0
20190603,14.201,14.327,14.181,14.22,11980,0
20190604,14.24,14.523,14.22,14.299,23611,0
20190605,14.22,14.289,14.093,14.172,9450,0
20190606,14.084,14.299,14.075,14.299,19630,0
20190607,14.22,14.348,14.172,14.348,18552,0
20190610,14.347,15.149,14.284,15.149,32785,0
20190611,15.041,15.041,14.484,14.484,40467,0
20190612,14.445,14.523,14.328,14.328,8588,0
20190613,14.328,14.396,14.328,14.367,2744,0
20190614,14.318,14.905,14.318,14.475,32846,0
20190617,14.484,14.758,14.484,14.631,15348,0
20190618,14.611,14.699,14.611,14.66,7258,0
20190619,14.611,15.344,14.611,14.856,13573,0
20190620,14.836,14.924,14.69,14.924,7624,0
20190621,14.905,14.963,14.675,14.885,3254,0
20190624,14.778,15.223,14.778,15.053,17162,0
20190625,14.758,15.344,14.758,14.836,7291,0
20190626,14.67,15.032,14.66,14.968,1702,0
20190627,14.758,14.949,14.758,14.933,4251,0
20190628,14.856,15.638,14.709,15.638,25926,0
20190701,15.383,15.774,15.383,15.774,21779,0
20190702,15.403,15.74,15.403,15.686,7530,0
20190703,15.564,15.686,15.442,15.638,5117,0
20190705,15.423,15.784,15.423,15.784,7385,0
20190708,15.784,15.915,15.784,15.915,5362,0
20190709,15.696,16.116,15.696,15.727,1856,0
20190710,15.638,16.026,15.638,15.662,2925,0
20190711,15.638,15.853,15.638,15.833,12581,0
20190712,15.696,15.921,15.638,15.833,2819,0
20190715,15.735,15.921,15.735,15.882,3998,0
20190716,15.813,15.985,15.794,15.985,4708,0
20190717,15.882,16.107,15.882,16.068,1177,0
20190718,16.029,16.029,15.807,15.931,8894,0
20190719,15.784,16.116,15.784,16.077,4731,0
20190722,15.853,16.077,15.853,16.077,5023,0
20190723,16.029,16.126,15.941,16.107,11268,0
20190724,16.048,16.4,15.931,16.4,5317,0
20190725,16.126,16.126,15.931,15.931,6414,0
20190726,15.872,16.244,15.872,16.244,7604,0
20190729,16.097,16.168,15.931,16.029,10056,0
20190730,16.038,16.097,15.931,15.95,5648,0
20190731,15.853,16.053,15.853,15.901,7931,0
20190801,15.972,16.224,15.97,16.029,7090,0
20190802,16.126,16.126,15.931,15.98,91072,0
20190805,15.979,16.028,15.882,15.892,2059,0
20190806,16.126,17.191,16.126,16.908,36855,0
20190807,16.713,17.191,16.665,17.094,13397,0
20190808,16.908,17.107,16.908,17.006,11572,0
20190809,17.024,17.592,16.879,17.592,13161,0
20190812,17.133,17.543,17.113,17.201,3192,0
20190813,17.154,17.348,17.104,17.275,7393,0
20190814,17.104,17.287,17.104,17.287,1284,0
20190815,17.201,17.397,17.201,17.377,3520,0
20190816,17.397,17.397,17.337,17.351,3524,0
20190819,17.397,17.397,17.358,17.377,1125,0
20190820,16.978,17.377,16.978,17.377,2752,0
20190821,17.219,17.592,17.011,17.558,5266,0
20190822,17.546,17.71,17.546,17.697,8119,0
20190823,17.68,17.729,17.592,17.719,11270,0
20190826,17.622,17.788,17.425,17.633,39640,0
20190827,17.348,17.69,17.348,17.643,30339,0
20190828,17.416,17.788,17.397,17.69,33446,0
20190829,17.9,18,17.9,18,7113,0
20190830,17.9136,18.07,17.76,18.07,40697,0
20190903,17.9,18.01,17.9,17.95,7430,0
20190904,17.85,17.95,17.84,17.84,1693,0
20190905,17.94,17.98,17.93,17.95,3374,0
20190906,17.5029,17.93,17.5029,17.8234,2837,0
20190909,17.8,17.8,17.62,17.8,9001,0
20190910,17.8006,17.89,17.79,17.89,2252,0
20190911,17.6233,17.98,17.62,17.98,2310,0
20190912,17.91,18.05,17.81,17.99,56243,0
20190913,17.89,18.15,17.76,18.15,21761,0
20190916,18.15,18.15,18,18,1408,0
20190917,17.87,17.9738,17.87,17.92,3389,0
20190918,17.95,17.9689,17.55,17.85,8176,0
20190919,17.868,18.12,17.86,17.89,2802,0
20190920,17.97,18.45,17.7027,18,10295,0
20190923,18.5494,18.5494,17.2889,17.76,11764,0
20190924,18.12,18.16,18,18.16,1385,0
20190925,18.1142,18.39,18.114,18.33,4144,0
20190926,17.96,18.15,17.92,18,2892,0
20190927,18.07,18.1481,17.81,17.81,5212,0
20190930,18.0511,18.0511,17.85,17.85,8275,0
20191001,17.88,17.88,17.37,17.6,6811,0
20191002,17.45,17.55,17.45,17.5,3770,0
20191003,17.59,17.94,17.34,17.62,5632,0
20191004,17.62,18.064,17.387,17.5,6347,0
20191007,17.67,18.1,17.5,18.1,9114,0
20191008,17.8,17.8,17.8,17.8,1643,0
20191009,17.05,17.7475,17.0301,17.7,2276,0
20191010,17.6672,17.8097,17.5,17.5,794,0
20191011,17.5821,18.085,17.5,18,3228,0
20191014,18,18.09,17.71,18.09,14421,0
20191016,18.2776,18.49,17.76,18.23,5928,0
20191017,17.76,18,17.75,17.98,4543,0
20191018,17.97,18.1027,17.77,18.09,4598,0
20191021,17.8,17.95,17.75,17.91,4852,0
20191022,17.81,18.0799,17.81,18.0795,1420,0
20191023,18.049,18.049,18.049,18.049,582,0
20191024,17.9502,18.08,17.91,18.08,1418,0
20191025,18.09,18.09,17.8,18.08,3904,0
20191028,17.75,18.09,17.75,17.94,2406,0
20191029,17.96,18.16,17.96,18.16,3202,0
20191030,18.0457,18.3266,18.0457,18.1,3970,0
20191031,18.04,18.3,17.76,18.3,19433,0
20191101,17.75,19,17.75,18.8725,4686,0
20191104,18.61,19.25,18.61,19.16,5496,0
20191105,19,19.49,19,19.25,12648,0
20191106,19.2723,19.35,18.91,19.33,3262,0
20191107,19.23,19.46,18.9,19.35,4024,0
20191108,19.2742,19.41,19.0801,19.41,4463,0
20191111,19.5,19.5,19.25,19.32,2899,0
20191112,19.38,19.44,19.38,19.44,2004,0
20191113,19.25,19.25,19.09,19.09,3030,0
20191114,19.175,19.19,19,19.12,12634,0
20191115,18.93,19.15,18.93,18.98,5920,0
20191118,18.88,18.88,18.31,18.31,1562,0
20191119,18.45,18.75,18.31,18.6775,1635,0
20191120,18.4154,18.4154,18.3614,18.37,20229,0
20191121,18.4,18.98,18.4,18.792,3701,0
20191122,18.8789,19,18.8789,18.92,3878,0
20191125,18.46,19,18.46,18.9631,2540,0
20191126,18.8765,19.15,18.8001,18.894,4464,0
20191127,18.6988,18.6988,18.68,18.68,1482,0
20191129,18.3405,18.64,18.3405,18.64,1702,0
20191202,18.36,18.7008,17.97,18.7008,5827,0
20191203,18.02,18.3,18,18,4883,0
20191204,17.84,18.16,17.75,18.16,12889,0
20191205,18.25,18.4,18.09,18.1,27679,0
20191206,18.31,18.8236,18.1,18.783,2931,0
20191209,18.35,18.6892,18.01,18.18,6391,0
20191210,18.3,18.863,18.3,18.5,693,0
20191211,18.67,18.67,18.45,18.5,5083,0
20191212,18.71,18.71,18.5,18.6304,2942,0
20191213,18.8,18.8,18.53,18.67,2320,0
20191216,18.67,18.67,18.5,18.5,6512,0
20191217,18.6,18.7,18.5212,18.6074,10937,0
20191218,18.7,18.7313,18.51,18.51,13777,0
20191219,18.74,18.98,18.4,18.8,16115,0
20191220,18.85,19.3955,18.7328,19.2926,10768,0
20191223,19.48,19.5,18.04,19.3789,15928,0
20191224,18.7538,18.9,18.7538,18.9,300,0
20191226,18.51,19.4,18.51,19.4,6687,0
20191227,19.5,19.6,19.04,19.59,8661,0
20191230,19.6,19.62,19.15,19.34,10620,0
20191231,19.48,19.65,19.25,19.65,10101,0
20200102,19.6599,19.725,19.6599,19.7,6997,0
20200103,19.75,19.8,19.53,19.53,9898,0
20200106,19.56,19.75,19.54,19.6989,39836,0
20200107,19.6493,19.75,19.6493,19.7,2125,0
20200108,19.7,19.7,19.5816,19.69,2095,0
20200109,19.75,19.75,19.3,19.3481,5833,0
20200110,19.54,19.75,19.33,19.75,12030,0
20200113,19.4937,19.6,19.4937,19.6,610,0
20200114,19.58,19.59,19.46,19.5432,2906,0
20200115,19.53,19.59,19.5,19.5,904,0
20200116,19.51,19.575,19.21,19.4738,7968,0
20200117,19.46,19.46,19.46,19.46,456,0
20200121,19.6,19.6,19.521,19.5335,2030,0
20200122,19.546,19.6,19.546,19.6,3648,0
20200123,19.5764,19.598,19.2356,19.598,2943,0
