Date,Open,High,Low,Close,Volume,OpenInt
20110705,8.521,8.561,8.44,8.4615,260155,0
20110706,8.44,8.4996,8.44,8.4482,114139,0
20110707,8.4482,8.521,8.4305,8.4641,100054,0
20110708,8.4615,8.5379,8.4279,8.5263,258831,0
20110711,8.5041,8.5477,8.4952,8.5477,118685,0
20110712,8.5041,8.5477,8.4926,8.4926,102852,0
20110713,8.5422,8.5422,8.4828,8.5263,118119,0
20110714,8.5263,8.5351,8.4748,8.5351,151381,0
20110715,8.5422,8.5422,8.5084,8.5263,267608,0
20110718,8.5263,8.5263,8.44,8.5263,57325,0
20110719,8.5041,8.5263,8.4615,8.5084,59463,0
20110720,8.5477,8.5477,8.4641,8.5084,135448,0
20110721,8.5084,8.5084,8.4446,8.4828,92564,0
20110722,8.5041,8.5041,8.4482,8.4784,59637,0
20110725,8.4784,8.5084,8.3589,8.3632,99873,0
20110726,8.3977,8.521,8.3977,8.4615,84024,0
20110727,8.4525,8.4525,8.3761,8.384,56663,0
20110728,8.384,8.4192,8.3761,8.384,35923,0
20110729,8.3547,8.3547,7.6944,8.2651,169989,0
20110801,8.2598,8.2598,8.0963,8.2245,108022,0
20110802,8.2555,8.2693,8.1691,8.2374,63955,0
20110803,8.2555,8.2858,7.9343,8.246,267510,0
20110804,8.2245,8.2693,8.0551,8.0754,131529,0
20110805,8.1442,8.1874,7.4975,7.9522,147191,0
20110808,7.7743,7.9891,7.712,7.8836,189159,0
20110809,7.9253,8.2374,7.6429,8.1843,276170,0
20110810,8.1391,8.2202,7.9253,8.0963,249354,0
20110811,8.0963,8.209,8.0342,8.1482,109321,0
20110812,8.2133,8.2313,8.0846,8.2202,54267,0
20110815,8.2056,8.3099,8.1843,8.2693,84652,0
20110816,8.2762,8.2899,8.2202,8.2418,66618,0
20110817,8.2953,8.3512,8.2899,8.321,69903,0
20110818,8.2994,8.2994,8.1391,8.1743,74160,0
20110819,8.0805,8.1793,8.0754,8.1442,31045,0
20110822,8.2651,8.2651,7.8183,7.9655,61403,0
20110823,7.9655,8.041,7.909,8.0059,97686,0
20110824,8.088,8.2521,7.7557,8.0754,171334,0
20110825,8.0619,8.0619,7.8485,7.9522,177144,0
20110826,7.8698,8.0619,7.7923,8.0216,54070,0
20110829,8.0754,8.0963,8.0117,8.0117,29550,0
20110830,7.9824,8.0963,7.9587,8.0729,29011,0
20110831,8.1874,8.1874,7.8642,7.8959,71468,0
20110901,7.8959,7.8959,7.5833,7.6651,125223,0
20110902,7.5618,7.6944,7.5098,7.673,163432,0
20110906,7.52,7.5881,7.4596,7.5881,48047,0
20110907,7.6819,8.1357,7.6819,7.8241,107652,0
20110908,7.7412,7.7923,7.6819,7.7198,35019,0
20110909,7.712,7.7381,7.6651,7.6651,33316,0
20110912,7.6127,7.7963,7.6047,7.6469,121569,0
20110913,7.6857,8.0216,7.673,7.8135,82972,0
20110914,7.8183,7.8183,7.6675,7.6778,21818,0
20110915,7.7557,7.8093,7.6778,7.78,28218,0
20110916,7.8183,8.1357,7.8183,8.1224,33541,0
20110919,8.119,8.119,7.7159,8.0117,70627,0
20110920,8.0503,8.1224,7.9343,8.119,37883,0
20110921,8.0342,8.0342,7.9048,7.9048,63540,0
20110922,7.7325,8.2805,7.708,8.0059,30289,0
20110923,7.9587,8.1022,7.931,7.9531,74446,0
20110926,8.0117,8.0117,7.8183,7.9253,39682,0
20110927,8.1099,8.1099,7.6516,7.9212,37208,0
20110928,7.7743,7.7923,7.5777,7.6309,69966,0
20110929,7.7557,7.9682,7.6341,7.9048,46195,0
20110930,7.8404,8.0754,7.7159,8.0117,1228287,0
20111003,7.918,8.1391,7.6094,7.712,104056,0
20111004,7.712,8.041,7.6094,8.0117,171227,0
20111005,8.0284,8.0284,7.6007,7.8437,43102,0
20111006,7.8347,7.8836,7.7557,7.8642,49745,0
20111007,7.8803,7.8803,7.5443,7.7198,174140,0
20111010,7.7743,7.9138,7.6263,7.8616,106551,0
20111011,7.8061,8.0033,7.6906,7.7589,85200,0
20111012,7.7589,7.7963,7.6778,7.78,83048,0
20111013,7.7286,7.7589,7.6857,7.7461,62127,0
20111014,7.8135,8.0117,7.712,7.8183,26792,0
20111017,7.7159,7.8698,7.5833,7.7501,51796,0
20111018,7.8061,7.918,7.7026,7.7963,100449,0
20111019,7.7325,7.7557,7.6675,7.7159,32814,0
20111020,7.7198,7.7743,7.5238,7.7325,97137,0
20111021,7.8485,7.8616,7.5881,7.8485,60717,0
20111024,7.8485,7.9999,7.8485,7.9587,45983,0
20111025,7.8878,7.9774,7.6857,7.6857,22559,0
20111026,7.7963,7.8534,7.5967,7.8347,37131,0
20111027,8.046,8.2374,7.8061,8.0342,83902,0
20111028,8.0117,8.0729,7.5053,7.8347,51660,0
20111031,7.7461,7.8437,7.6651,7.7726,81385,0
20111101,7.712,7.8135,7.6263,7.6564,61638,0
20111102,7.7726,7.8485,7.673,7.8241,25332,0
20111103,7.8911,7.8911,7.7026,7.7726,75709,0
20111104,7.7743,7.8305,7.6602,7.6602,19545,0
20111107,7.6469,7.7726,7.6047,7.6127,36447,0
20111108,7.6564,7.7461,7.5921,7.6309,42882,0
20111109,7.5833,7.6047,7.3905,7.3944,81445,0
20111110,7.5012,7.7026,7.4123,7.5053,37618,0
20111111,7.5706,7.6127,7.0612,7.3789,131827,0
20111114,7.5407,8.2245,7.5053,8.0846,127011,0
20111115,8.0729,8.246,8.0729,8.2245,86636,0
20111116,8.1618,8.2245,8.041,8.2056,50735,0
20111117,8.2056,8.2202,8.0376,8.1022,107889,0
20111118,8.0729,8.2167,7.7198,8.2133,88585,0
20111121,8.0846,8.1843,8.0342,8.0376,51927,0
20111122,8.0551,8.119,7.9891,8.1138,43817,0
20111123,8.0503,8.0503,7.7963,7.8404,61659,0
20111125,7.8305,7.9891,7.789,7.789,23614,0
20111128,7.9587,8.0503,7.918,8.0059,50361,0
20111129,8.0284,8.046,7.9212,7.9489,41644,0
20111130,8.1138,8.2245,7.6906,7.6906,277553,0
20111201,7.7412,7.8437,7.7247,7.7247,76733,0
20111202,7.7325,7.8305,7.7325,7.8135,39281,0
20111205,7.8738,8.0059,7.8404,7.8836,44218,0
20111206,7.8616,7.8616,7.7557,7.8281,86410,0
20111207,7.7923,7.9848,7.7743,7.9722,31035,0
20111208,7.9048,8.046,7.7743,8.0059,55454,0
20111209,8.0059,8.1542,7.9891,8.1482,55070,0
20111212,8.0342,8.0805,7.9253,8.041,34525,0
20111213,8.1138,8.2003,8.0342,8.1843,102482,0
20111214,8.1482,8.3547,8.0846,8.3547,149801,0
20111215,8.3547,8.3977,8.2521,8.3977,38034,0
20111216,8.44,9.0698,8.2953,8.9782,655952,0
20111219,8.7975,8.8086,8.5938,8.6684,158866,0
20111220,8.697,8.697,8.5351,8.5974,194769,0
20111221,8.6498,8.9111,8.617,8.7116,128582,0
20111222,8.7784,8.8872,8.5556,8.5974,208191,0
20111223,8.6498,8.8424,8.5867,8.7912,64512,0
20111227,8.7811,8.869,8.7573,8.8022,242168,0
20111228,8.5974,8.6631,8.4525,8.5182,84808,0
20111229,8.521,8.7628,8.3099,8.7628,147750,0
20111230,8.697,8.8644,8.457,8.6241,141774,0
20120103,8.6329,8.6329,8.4615,8.5263,95185,0
20120104,8.5503,8.6187,8.3882,8.4482,185408,0
20120105,8.4482,8.457,8.4012,8.4192,28208,0
20120106,8.4226,8.4482,8.3589,8.3761,62491,0
20120109,8.4305,8.4615,8.3787,8.4279,60470,0
20120110,8.4615,8.4828,8.372,8.4348,96863,0
20120111,8.4615,8.4615,8.3977,8.4348,57457,0
20120112,8.3942,8.4615,8.3547,8.4279,70874,0
20120113,8.3365,8.457,8.3365,8.3882,237569,0
20120117,8.414,8.4615,8.3459,8.3977,76640,0
20120118,8.4012,8.457,8.384,8.4525,199789,0
20120119,8.0754,8.1391,8.041,8.0503,8538369,0
20120120,8.0503,8.0929,8.0284,8.0805,1100746,0
20120123,8.0754,8.1391,8.0754,8.1315,704227,0
20120124,8.1224,8.1442,8.1022,8.1442,651876,0
20120125,8.1391,8.1442,8.1022,8.1357,670059,0
20120126,8.1442,8.1743,8.1274,8.1743,668072,0
20120127,8.1743,8.1843,8.1274,8.1691,517234,0
20120130,8.1442,8.1843,8.1315,8.1315,263877,0
20120131,8.1874,8.1874,8.1022,8.1618,903368,0
20120201,8.1793,8.1843,8.1357,8.1691,474460,0
20120202,8.1691,8.1962,8.1542,8.1962,349525,0
20120203,8.1793,8.2003,8.1357,8.1962,1171975,0
20120206,8.1618,8.2056,8.1442,8.1618,254546,0
20120207,8.1391,8.2003,8.1357,8.1843,362522,0
20120208,8.1843,8.2003,8.1542,8.1962,224048,0
20120209,8.1962,8.2393,8.1843,8.2167,585622,0
20120210,8.209,8.2374,8.1542,8.2374,294335,0
20120213,8.246,8.2598,8.2167,8.2598,645968,0
20120214,8.2555,8.3459,8.2418,8.2953,740926,0
20120215,8.2805,8.4192,8.2762,8.4192,868464,0
20120216,8.4089,8.5041,8.3675,8.44,634073,0
20120217,8.5084,8.5645,8.4872,8.5422,509028,0
20120221,8.5422,8.5707,8.4872,8.5707,409546,0
20120222,8.5663,8.5663,8.4926,8.5263,292579,0
20120223,8.5308,8.6329,8.521,8.5663,294771,0
20120224,8.5707,8.5707,8.4828,8.4872,175715,0
20120227,8.4525,8.4828,8.3632,8.457,186097,0
20120228,8.457,8.4828,8.4012,8.4279,493260,0
20120229,8.457,8.5379,8.44,8.5351,734061,0
20120301,8.6382,8.6498,8.5884,8.6187,578694,0
20120302,8.6027,8.6187,8.4952,8.4952,337433,0
20120305,8.5041,8.5263,8.4226,8.44,357296,0
20120306,8.44,8.5182,8.44,8.4828,306284,0
20120307,8.5351,8.5663,8.5041,8.5663,207832,0
20120308,8.5867,8.6329,8.5477,8.5938,427712,0
20120309,8.5938,8.6765,8.5503,8.5832,231791,0
20120312,8.6063,8.6427,8.5707,8.6063,274670,0
20120313,8.6382,8.6525,8.5884,8.6525,328145,0
20120314,8.6525,8.6765,8.4828,8.514,431629,0
20120315,8.5503,8.5663,8.4872,8.5477,487133,0
20120316,8.5974,8.5974,8.4828,8.4828,498085,0
20120319,8.4748,8.5645,8.4641,8.5477,277763,0
20120320,8.521,8.5779,8.5041,8.5503,193518,0
20120321,8.6471,8.6631,8.5503,8.5974,456724,0
20120322,8.5663,8.6134,8.5263,8.5867,324150,0
20120323,8.5938,8.6329,8.5645,8.6187,232534,0
20120326,8.6187,8.7116,8.6187,8.6827,541218,0
20120327,8.7162,8.7162,8.5832,8.5867,730485,0
20120328,8.2202,8.3365,8.2202,8.246,411631,0
20120329,8.2245,8.2994,8.2245,8.2805,201930,0
20120330,8.2899,8.4784,8.2728,8.457,394311,0
20120402,8.44,8.4828,8.3632,8.4305,425293,0
20120403,8.4694,8.4694,8.4012,8.4046,114541,0
20120404,8.4012,8.4012,8.2899,8.3547,223646,0
20120405,8.34,8.4192,8.3331,8.3512,78108,0
20120409,8.384,8.4046,8.2994,8.3512,182306,0
20120410,8.372,8.372,8.209,8.2313,294297,0
20120411,8.3029,8.3675,8.2418,8.3632,223441,0
20120412,8.3787,8.4872,8.3512,8.457,154617,0
20120413,8.4525,8.457,8.3761,8.4525,141023,0
20120416,8.4525,8.5263,8.4279,8.4615,264810,0
20120417,8.4748,8.4828,8.3547,8.372,222039,0
20120418,8.3761,8.3761,8.2994,8.2994,186909,0
20120419,8.316,8.3547,8.1793,8.2374,171347,0
20120420,8.2693,8.3288,8.2521,8.2805,150342,0
20120423,8.2555,8.3459,8.2056,8.2953,197771,0
20120424,8.3073,8.4192,8.2805,8.3882,166384,0
20120425,8.4694,8.5308,8.4046,8.4748,152659,0
20120426,8.4748,8.521,8.3632,8.4926,102055,0
20120427,8.521,8.5351,8.4615,8.521,73911,0
20120430,8.5041,8.5379,8.4446,8.4828,189593,0
20120501,8.4996,8.5379,8.4641,8.4784,162378,0
20120502,8.44,8.5182,8.44,8.4748,141885,0
20120503,8.4641,8.5974,8.4446,8.4748,209923,0
20120504,8.4926,8.4926,8.3547,8.4279,160973,0
20120507,8.4046,8.4872,8.3589,8.4226,220598,0
20120508,8.414,8.4784,8.384,8.4482,420079,0
20120509,8.4305,8.6498,8.4226,8.6027,331228,0
20120510,8.688,8.7875,8.5974,8.7226,389446,0
20120511,8.7098,8.7318,8.6134,8.6498,230134,0
20120514,8.5779,8.7162,8.5041,8.521,250014,0
20120515,8.4996,8.6063,8.4996,8.5556,195383,0
20120516,8.5779,8.6525,8.5503,8.617,230433,0
20120517,8.5974,8.6241,8.3236,8.34,386689,0
20120518,8.3288,8.457,8.2521,8.372,507127,0
20120521,8.3761,8.521,8.34,8.4996,151391,0
20120522,8.5351,8.5663,8.4482,8.514,247777,0
20120523,8.4525,8.4615,8.3288,8.4305,330818,0
20120524,8.4348,8.5645,8.3942,8.5422,233597,0
20120525,8.5503,8.6241,8.4952,8.5477,194534,0
20120529,8.5884,8.6498,8.5645,8.6241,257980,0
20120530,8.6241,8.6241,8.5263,8.5503,240348,0
20120531,8.5645,8.6329,8.5182,8.5707,487015,0
20120601,8.4926,8.5503,8.414,8.4748,460985,0
20120604,8.4615,8.4996,8.3761,8.44,185888,0
20120605,8.4279,8.6578,8.4279,8.6525,219346,0
20120606,8.7098,8.773,8.617,8.7353,338053,0
20120607,8.773,8.8872,8.7445,8.8178,320469,0
20120608,8.8332,8.8872,8.7318,8.8597,425302,0
20120611,8.9074,9.1434,8.8644,8.9275,687405,0
20120612,8.9587,9.0783,8.8937,8.9614,475384,0
20120613,8.9504,9.0632,8.9019,8.9838,338168,0
20120614,9.0367,9.1679,8.9952,9.134,507204,0
20120615,9.1623,9.1679,9.0009,9.1,414272,0
20120618,9.0924,9.1434,9.0405,9.0433,254255,0
20120619,9.082,9.1084,9.0405,9.0858,466264,0
20120620,9.0858,9.1122,9.0159,9.0924,265392,0
20120621,9.066,9.1,9.0009,9.0565,526494,0
20120622,9.0565,9.1462,8.8974,9.0207,2061615,0
20120625,8.9668,9.0726,8.9449,9.0009,342496,0
20120626,9.0283,9.0519,8.8332,8.9668,472851,0
20120627,8.6934,8.9321,8.6684,8.9111,860009,0
20120628,8.8754,9.2029,8.8369,9.1897,683003,0
20120629,9.2803,9.3085,9.1378,9.2057,476628,0
20120702,9.1755,9.2275,9.082,9.2246,321889,0
20120703,9.2322,9.288,9.1935,9.2589,169700,0
20120705,9.2618,9.3395,9.2152,9.2618,264603,0
20120706,9.2057,9.4037,9.2057,9.3483,201047,0
20120709,9.3395,9.4037,9.3055,9.323,250612,0
20120710,9.3434,9.3434,9.1679,9.1935,285204,0
20120711,9.2365,9.2365,9.066,9.0698,280616,0
20120712,9.0367,9.1378,9.0009,9.1084,222495,0
20120713,9.1084,9.2057,9.1028,9.1434,243235,0
20120716,9.118,9.2275,9.0405,9.1897,262588,0
20120717,9.2199,9.3347,9.1897,9.1981,305123,0
20120718,9.1803,9.2114,9.1122,9.1897,241212,0
20120719,9.2057,9.2511,9.134,9.1434,229531,0
20120720,9.1264,9.2803,9.1264,9.2754,261957,0
20120723,9.2322,9.2754,9.0962,9.1981,511789,0
20120724,9.1897,9.2246,9.0962,9.1585,415365,0
20120725,9.1935,9.2453,9.1585,9.2114,499216,0
20120726,9.2246,9.4892,9.1028,9.3911,774217,0
20120727,9.4814,9.82,9.4814,9.639,626796,0
20120730,9.699,9.699,9.566,9.597,244304,0
20120731,9.597,9.683,9.597,9.668,422576,0
20120801,9.683,9.84,9.639,9.639,619837,0
20120802,9.725,9.802,9.597,9.663,809647,0
20120803,9.713,9.905,9.703,9.825,454529,0
20120806,9.859,9.935,9.679,9.825,504723,0
20120807,9.893,9.931,9.576,9.601,607125,0
20120808,9.699,9.893,9.579,9.825,507637,0
20120809,9.955,10.035,9.828,9.978,823979,0
20120810,9.737,9.787,9.703,9.777,5490103,0
20120813,9.811,9.974,9.771,9.918,1535050,0
20120814,9.911,10.221,9.911,10.035,1978403,0
20120815,10.067,10.146,9.971,10.064,884102,0
20120816,10.091,10.151,9.931,10.005,839073,0
20120817,9.996,10.012,9.921,9.982,723214,0
20120820,10.006,10.012,9.938,9.971,930258,0
20120821,9.971,10.079,9.955,10.061,652066,0
20120822,10.067,10.076,9.966,10.012,503258,0
20120823,10.026,10.098,9.99,10.042,385159,0
20120824,10.029,10.085,10.029,10.071,641471,0
20120827,10.095,10.132,10.067,10.079,568896,0
20120828,10.125,10.159,10.091,10.104,1125584,0
20120829,10.132,10.188,10.104,10.111,1148543,0
20120830,10.125,10.128,10.076,10.111,341083,0
20120831,10.17,10.192,10.085,10.111,2402798,0
20120904,10.14,10.213,10.085,10.111,1221890,0
20120905,10.128,10.181,10.05,10.135,988617,0
20120906,10.192,10.213,10.095,10.121,688983,0
20120907,10.196,10.402,10.177,10.281,2162926,0
20120910,10.364,10.368,10.266,10.281,1522295,0
20120911,10.33,10.436,10.296,10.415,1146786,0
20120912,10.445,10.642,10.304,10.313,1970255,0
20120913,10.343,10.459,10.291,10.384,2140509,0
20120914,10.111,10.316,10.098,10.218,2045964,0
20120917,10.218,10.221,9.966,9.986,1374327,0
20120918,9.978,9.982,9.851,9.851,1764918,0
20120919,9.886,10.181,9.855,10.104,1557174,0
20120920,10.095,10.181,10.079,10.159,710462,0
20120921,10.24,10.402,10.188,10.402,1593809,0
20120924,10.415,10.431,10.221,10.238,1056734,0
20120925,10.278,10.364,10.243,10.246,1060760,0
20120926,10.296,10.321,10.104,10.14,733400,0
20120927,10.192,10.354,10.159,10.354,965192,0
20120928,10.346,10.395,10.217,10.337,745946,0
20121001,10.398,10.398,10.291,10.33,452359,0
20121002,10.38,10.41,10.335,10.406,460438,0
20121003,10.429,10.436,10.384,10.395,358935,0
20121004,10.431,10.495,10.388,10.462,859642,0
20121005,10.51,10.625,10.466,10.51,689411,0
20121008,10.518,10.535,10.38,10.479,470340,0
20121009,10.476,10.518,10.274,10.308,647550,0
20121010,10.291,10.304,9.966,10.071,1538604,0
20121011,10.125,10.266,10.111,10.24,659619,0
20121012,10.278,10.278,10.006,10.026,790304,0
20121015,10.017,10.067,9.51,10.061,2169071,0
20121016,10.116,10.166,10.017,10.166,942321,0
20121017,10.185,10.266,10.166,10.201,1147589,0
20121018,10.252,10.335,10.221,10.335,762623,0
20121019,10.291,10.308,10.135,10.177,658241,0
20121022,10.17,10.177,10.05,10.14,445028,0
20121023,10.067,10.14,9.99,10.121,532429,0
20121024,10.121,10.231,10.042,10.196,639329,0
20121025,10.218,10.26,10.098,10.151,382412,0
20121026,10.151,10.154,10.047,10.091,305363,0
20121031,10.125,10.266,10.102,10.26,403891,0
20121101,10.281,10.395,10.24,10.395,738098,0
20121102,10.402,10.402,10.246,10.252,480835,0
20121105,10.252,10.296,10.177,10.266,314148,0
20121106,10.316,10.35,10.022,10.067,692587,0
20121107,9.888,9.982,9.556,9.759,1313773,0
20121108,10.029,10.067,9.905,9.99,1176159,0
20121109,10.035,10.128,9.986,10.071,1874842,0
20121112,10.125,10.21,10.079,10.125,670240,0
20121113,10.111,10.121,9.597,9.82,1119969,0
20121114,9.83,9.851,9.2029,9.2978,1510904,0
20121115,9.288,9.628,8.9952,9.4931,1040623,0
20121116,9.691,10.017,9.51,9.955,1415872,0
20121119,10.042,10.064,9.893,9.926,908973,0
20121120,9.961,9.961,9.802,9.855,618979,0
20121121,9.855,9.911,9.82,9.855,682849,0
20121123,9.862,9.931,9.84,9.918,312792,0
20121126,9.978,10.274,9.953,10.266,1291587,0
20121127,10.274,10.321,10.181,10.278,424356,0
20121128,10.281,10.441,10.192,10.354,433562,0
20121129,10.388,10.471,10.343,10.459,582356,0
20121130,10.492,10.566,10.446,10.552,671731,0
20121203,10.642,10.742,10.501,10.539,859632,0
20121204,10.591,10.642,10.551,10.618,766601,0
20121205,10.653,10.685,10.565,10.586,657732,0
20121206,10.586,10.625,10.501,10.625,347116,0
20121207,10.683,10.711,10.56,10.642,574380,0
20121210,10.685,10.762,10.633,10.727,823373,0
20121211,10.792,10.813,10.69,10.715,708603,0
20121212,10.806,10.806,10.586,10.642,1028547,0
20121213,10.702,10.702,10.479,10.586,2245599,0
20121214,10.304,10.466,10.079,10.111,942152,0
20121217,10.274,10.313,10.192,10.296,1294537,0
20121218,10.346,10.51,10.296,10.479,703838,0
20121219,10.495,10.529,10.368,10.425,769848,0
20121220,10.067,10.121,10.035,10.061,3926688,0
20121221,10.047,10.047,9.899,10.005,1642000,0
20121224,10.026,10.111,9.99,10.076,545821,0
20121226,10.076,10.102,9.982,10.022,480438,0
20121227,10.005,10.067,9.893,10.005,536127,0
20121228,9.949,10.005,9.895,9.931,493602,0
20121231,9.955,10.091,9.899,10.061,766569,0
20130102,10.181,10.221,10.125,10.218,1848669,0
20130103,10.231,10.354,10.231,10.281,1260414,0
20130104,10.346,10.42,10.304,10.395,977462,0
20130107,10.51,10.51,10.377,10.395,739059,0
20130108,10.41,10.565,10.372,10.565,1127993,0
20130109,10.569,10.639,10.539,10.56,633218,0
20130110,10.618,10.653,10.565,10.586,487741,0
20130111,10.653,10.653,10.545,10.584,585260,0
20130114,10.574,10.591,10.486,10.501,738866,0
20130115,10.521,10.545,10.486,10.535,942637,0
20130116,10.56,10.593,10.505,10.586,533230,0
20130117,10.628,10.683,10.604,10.621,741970,0
20130118,10.633,10.685,10.574,10.685,871538,0
20130122,10.711,10.737,10.654,10.715,1017496,0
20130123,10.732,10.737,10.683,10.708,723763,0
20130124,10.723,10.727,10.659,10.676,418623,0
20130125,10.691,10.708,10.584,10.702,637175,0
20130128,10.723,10.792,10.662,10.737,849510,0
20130129,10.749,10.826,10.711,10.823,800784,0
20130130,10.83,10.908,10.8,10.882,623839,0
20130131,10.83,10.964,10.8,10.882,1600421,0
20130201,10.964,11.054,10.922,11.011,812894,0
20130204,11.054,11.065,10.926,10.947,632216,0
20130205,11.011,11.034,10.956,10.958,658909,0
20130206,10.984,11.017,10.956,10.981,645221,0
20130207,10.989,10.989,10.83,10.869,930083,0
20130208,10.861,10.95,10.839,10.926,641269,0
20130211,10.964,11.017,10.947,10.999,870054,0
20130212,11.03,11.051,10.882,10.916,844123,0
20130213,10.958,10.958,10.839,10.916,637792,0
20130214,10.912,10.932,10.818,10.869,578542,0
20130215,10.922,10.95,10.839,10.95,764311,0
20130219,11.03,11.039,10.95,10.989,1239693,0
20130220,11.033,11.069,10.891,10.891,630968,0
20130221,10.888,10.958,10.593,10.633,1538392,0
20130222,10.71,10.849,10.667,10.845,762543,0
20130225,10.912,10.956,10.792,10.792,438169,0
20130226,10.797,10.891,10.672,10.865,585001,0
20130227,10.874,10.964,10.81,10.929,735769,0
20130228,10.889,11.262,10.889,11.236,1513717,0
20130301,11.216,11.231,11.093,11.216,671284,0
20130304,11.224,11.447,11.189,11.447,926277,0
20130305,11.544,11.544,11.305,11.371,1392037,0
20130306,11.43,11.459,10.977,11.079,1985431,0
20130307,11.248,11.259,11.126,11.231,970612,0
20130308,11.288,11.288,11.085,11.115,826761,0
20130311,11.131,11.248,11.074,11.212,1011821,0
20130312,11.253,11.354,11.216,11.354,940732,0
20130313,11.354,11.384,11.272,11.375,1395568,0
20130314,11.393,11.43,11.331,11.342,1392869,0
20130315,11.319,11.414,11.319,11.342,1525060,0
20130318,11.264,11.307,11.115,11.272,1404914,0
20130319,11.272,11.324,11.109,11.119,802048,0
20130320,11.115,11.18,11.042,11.085,741510,0
20130321,11.054,11.105,10.929,10.977,865489,0
20130322,11.014,11.189,10.999,11.189,767821,0
20130325,11.242,11.3,11.115,11.18,546514,0
20130326,11.233,11.287,11.109,11.136,482326,0
20130327,11.115,11.199,11.109,11.176,452935,0
20130328,11.242,11.287,11.168,11.253,720014,0
20130401,11.259,11.307,11.062,11.119,1024802,0
20130402,11.168,11.203,10.999,11.042,760022,0
20130403,11.026,11.037,10.748,10.853,1424602,0
20130404,10.866,10.911,10.764,10.901,973462,0
20130405,10.792,10.999,10.744,10.964,750951,0
20130408,11.017,11.146,10.929,11.146,779683,0
20130409,11.199,11.203,11.095,11.109,561918,0
20130410,11.109,11.161,11.042,11.149,775353,0
20130411,11.141,11.347,11.141,11.224,652727,0
20130412,11.212,11.248,11.105,11.233,486849,0
20130415,11.231,11.231,10.947,11.042,1122769,0
20130416,11.141,11.238,11.085,11.233,739493,0
20130417,11.212,11.216,10.968,11.054,793401,0
20130418,11.089,11.109,11.021,11.093,601418,0
20130419,11.105,11.122,10.959,11.042,914957,0
20130422,11.057,11.115,10.849,11.079,849809,0
20130423,11.095,11.221,11.069,11.184,703807,0
20130424,11.206,11.216,11.089,11.203,467831,0
20130425,11.231,11.282,11.18,11.272,567448,0
20130426,11.278,11.278,11.18,11.259,350958,0
20130429,11.322,11.393,11.295,11.375,849767,0
20130430,11.387,11.428,11.338,11.428,587036,0
20130501,11.43,11.436,11.224,11.259,781443,0
20130502,11.305,11.43,11.264,11.395,659146,0
20130503,11.354,11.411,11.109,11.161,1003095,0
20130506,11.095,11.259,11.089,11.224,920354,0
20130507,11.272,11.336,11.161,11.295,676563,0
20130508,11.342,11.36,11.216,11.287,640213,0
20130509,11.307,11.307,11.184,11.206,484648,0
20130510,11.212,11.255,11.069,11.105,722365,0
20130513,11.085,11.146,10.8,10.92,1190595,0
20130514,10.956,11.149,10.907,11.034,905055,0
20130515,11.069,11.074,10.907,11.037,659671,0
20130516,11.069,11.282,11.042,11.255,857978,0
20130517,11.305,11.375,11.255,11.331,672844,0
20130520,11.342,11.388,11.272,11.305,775861,0
20130521,11.342,11.347,11.272,11.282,925020,0
20130522,11.272,11.395,10.968,11.065,1075922,0
20130523,10.999,11.042,10.748,10.999,621477,0
20130524,10.985,11.042,10.782,10.943,755911,0
20130528,11.054,11.093,10.52,10.612,2010850,0
20130529,10.515,10.56,9.809,10.56,3544948,0
20130530,10.552,10.697,10.464,10.487,710138,0
20130531,10.429,10.487,10.111,10.111,1114435,0
20130603,10.102,10.129,9.564,9.766,2434129,0
20130604,9.741,9.952,9.699,9.898,1520019,0
20130605,9.918,10.01,9.859,9.923,1027134,0
20130606,9.923,10.035,9.804,9.979,591417,0
20130607,10.116,10.182,9.983,10.052,1235247,0
20130610,10.057,10.159,10.021,10.052,795188,0
20130611,9.983,10.026,9.813,9.827,925736,0
20130612,9.827,9.83,9.1538,9.1746,3019884,0
20130613,9.1661,9.595,9.0886,9.506,2156182,0
20130614,9.542,9.794,9.4698,9.572,1448567,0
20130617,9.628,9.669,9.3036,9.357,1000704,0
20130618,9.36,9.4746,9.1935,9.4222,1167657,0
20130619,9.4873,9.576,9.291,9.2997,1679635,0
20130620,9.1783,9.2227,8.7207,8.7848,1197707,0
20130621,8.8287,8.8763,8.4472,8.7079,1582555,0
20130624,8.5654,8.569,7.9358,8.2427,2489896,0
20130625,8.2762,8.4236,8.2374,8.3323,1219531,0
20130626,8.4012,8.5743,8.3598,8.5111,973730,0
20130627,8.5565,8.6684,8.5513,8.6569,794138,0
20130628,8.672,8.7353,8.5477,8.6293,866531,0
20130701,8.6516,8.6988,8.5805,8.6134,682484,0
20130702,8.5867,8.672,8.4881,8.5477,582337,0
20130703,8.5246,8.5246,8.3685,8.4677,330806,0
20130705,8.4935,8.4935,7.6516,7.8828,1918996,0
20130708,7.7437,7.8503,7.5053,7.6578,2066641,0
20130709,7.6516,7.8503,7.5936,7.7906,1525355,0
20130710,7.7808,7.8167,7.5977,7.6429,1475535,0
20130711,7.7808,8.1349,7.7476,8.1205,1862666,0
20130712,8.1433,8.1535,7.9326,8.0837,890651,0
20130715,8.0486,8.2486,8.005,8.2082,909297,0
20130716,8.1884,8.2908,8.0385,8.129,822030,0
20130717,8.1849,8.3236,8.1652,8.3236,701052,0
20130718,8.3512,8.3512,8.1759,8.216,685006,0
20130719,8.216,8.3236,8.1759,8.3193,437206,0
20130722,8.3236,8.3968,8.2961,8.3512,403050,0
20130723,8.365,8.4321,8.2908,8.3193,749008,0
20130724,8.3547,8.3547,8.0729,8.1935,550456,0
20130725,8.1849,8.34,8.1374,8.2805,521194,0
20130726,8.2805,8.3745,8.2323,8.365,425248,0
20130729,8.3745,8.4192,8.34,8.365,424652,0
20130730,8.4012,8.5884,8.4012,8.4472,649441,0
20130731,8.4287,8.456,8.171,8.3236,576721,0
20130801,8.3236,8.3512,7.8674,7.878,1114421,0
20130802,7.9228,8.0754,7.9228,8.0025,578002,0
20130805,8.0025,8.0662,7.9358,7.9874,424315,0
20130806,7.9874,7.9975,7.8559,7.9664,637902,0
20130807,7.9358,7.9731,7.7358,7.8305,906358,0
20130808,7.8347,7.9479,7.7751,7.9155,734047,0
20130809,7.9155,7.9155,7.7589,7.7726,978025,0
20130812,7.7726,8.0025,7.7589,8.0025,1536826,0
20130813,8.0025,8.0294,7.8959,8.005,955573,0
20130814,8.005,8.1433,7.9587,8.0486,421292,0
20130815,7.9874,8.0294,7.8305,7.8633,627286,0
20130816,7.8347,7.9664,7.8087,7.8347,816378,0
20130819,7.8452,7.8452,7.1947,7.2127,2064916,0
20130820,7.291,7.5098,7.291,7.4703,1726485,0
20130821,7.4424,7.7726,7.427,7.6516,894552,0
20130822,7.685,7.8559,7.6578,7.7406,708816,0
20130823,7.7726,8.0754,7.7206,8.0427,888282,0
20130826,8.0385,8.0754,7.9587,7.9916,539310,0
20130827,7.9506,8.1633,7.9343,8.0695,678564,0
20130828,8.0486,8.0754,7.8991,7.9479,471005,0
20130829,7.9358,8.0837,7.8959,8.0788,525305,0
20130830,8.0754,8.1935,8.0427,8.0561,614946,0
20130903,8.088,8.2624,7.913,7.984,674031,0
20130904,7.9682,8.0695,7.9648,8.005,679892,0
20130905,7.9866,8.005,7.7589,7.8069,860522,0
20130906,7.8967,8.0216,7.8731,7.8886,655906,0
20130909,7.9244,8.005,7.8886,7.9648,522563,0
20130910,7.8267,7.8886,7.7963,7.8493,979732,0
20130911,7.8069,7.9008,7.7963,7.8886,781151,0
20130912,7.9244,7.9506,7.8298,7.9343,631638,0
20130913,7.9722,8.0822,7.9343,8.0444,732260,0
20130916,8.1719,8.1893,7.9866,7.9975,1285975,0
20130917,7.9975,8.129,7.9866,8.0922,761118,0
20130918,8.0394,8.3623,8.0394,8.3589,1049153,0
20130919,8.3046,8.3761,8.088,8.1349,837473,0
20130920,8.1349,8.1719,7.984,8.0242,914195,0
20130923,8.0216,8.1046,7.9563,8.0109,886976,0
20130924,8.0025,8.1046,7.9648,8.0771,696689,0
20130925,8.0578,8.1574,8.0486,8.1482,766503,0
20130926,8.1574,8.1574,8.0361,8.0695,400096,0
20130927,8.0361,8.088,7.9563,7.9648,422573,0
20130930,7.917,7.9866,7.8493,7.8967,423073,0
20131001,7.8788,7.9531,7.8267,7.9531,744588,0
20131002,7.9343,7.984,7.8445,7.8674,564908,0
20131003,7.8404,7.8836,7.7444,7.7833,425483,0
20131004,7.7647,7.8267,7.712,7.7444,281509,0
20131007,7.7206,7.7693,7.6787,7.7493,513205,0
20131008,7.7255,7.8159,7.697,7.712,512241,0
20131009,7.7166,7.7647,7.7026,7.7166,482226,0
20131010,7.7412,7.8159,7.7366,7.8022,406515,0
20131011,7.7647,7.8298,7.7647,7.8159,289499,0
20131014,7.7833,7.8159,7.6738,7.712,379565,0
20131015,7.712,7.7412,7.6492,7.6675,648100,0
20131016,7.6787,7.7166,7.6452,7.6738,445400,0
20131017,7.6928,7.8731,7.6874,7.8731,801899,0
20131018,7.939,8.0737,7.8836,8.0695,1295500,0
20131021,8.0545,8.0737,7.9975,8.0242,325980,0
20131022,8.0771,8.1835,8.0737,8.1382,499251,0
20131023,8.1248,8.2865,8.1046,8.272,1088227,0
20131024,8.3046,8.3865,8.253,8.3391,636047,0
20131025,8.3236,8.3917,8.302,8.3589,452747,0
20131028,8.3761,8.3917,8.309,8.334,312997,0
20131029,8.309,8.309,7.8836,7.9447,970969,0
20131030,7.917,7.9648,7.7914,7.8298,867196,0
20131031,7.855,7.8674,7.7589,7.7647,820581,0
20131101,7.7444,7.8836,7.7412,7.8591,809031,0
20131104,7.855,7.8633,7.8022,7.8445,368312,0
20131105,7.7963,7.8022,7.5443,7.5936,959689,0
20131106,7.6119,7.7311,7.6032,7.697,619188,0
20131107,7.6738,7.7412,7.635,7.6546,750612,0
20131108,7.5936,7.5936,7.4168,7.5407,782790,0
20131111,7.4782,7.506,7.3836,7.4029,512890,0
20131112,7.3797,7.4371,7.275,7.3882,899070,0
20131113,7.3929,7.5231,7.3459,7.4827,1013933,0
20131114,7.5169,7.7589,7.5029,7.7166,950676,0
20131115,7.712,7.7736,7.697,7.712,412699,0
20131118,7.7589,7.7776,7.6643,7.6675,571852,0
20131119,7.6825,7.7589,7.53,7.5407,709484,0
20131120,7.5499,7.6452,7.4827,7.6032,383518,0
20131121,7.5881,7.6452,7.5231,7.6071,390877,0
20131122,7.6032,7.6119,7.5169,7.5643,381188,0
20131125,7.5354,7.6787,7.53,7.5499,555971,0
20131126,7.5699,7.5936,7.3882,7.4262,686785,0
20131127,7.4168,7.53,7.3929,7.53,454995,0
20131129,7.5554,7.5699,7.5029,7.5269,203722,0
20131202,7.506,7.5231,7.2832,7.3797,1357440,0
20131203,7.3459,7.4029,7.3028,7.3611,490211,0
20131204,7.275,7.3611,7.2133,7.317,574322,0
20131205,7.2938,7.3266,7.2239,7.2367,720567,0
20131206,7.2637,7.4168,7.26,7.3214,1197365,0
20131209,7.3404,7.4123,7.3214,7.4083,1059665,0
20131210,7.4262,7.6596,7.3976,7.6309,1240526,0
20131211,7.6492,7.6643,7.5106,7.5977,866185,0
20131212,7.5977,7.6167,7.506,7.5643,553323,0
20131213,7.6071,7.708,7.5699,7.6032,1300375,0
20131216,7.6032,7.6819,7.5074,7.5769,1284268,0
20131217,7.6032,7.6119,7.5191,7.5475,842680,0
20131218,7.5324,7.5881,7.4703,7.5618,1628993,0
20131219,7.5191,7.5881,7.4548,7.4782,1023912,0
20131220,7.5074,7.558,7.4889,7.5531,1723190,0
20131223,7.5324,7.7112,7.5324,7.6364,796670,0
20131224,7.6762,7.7412,7.6571,7.6571,380099,0
20131226,7.6571,7.7255,7.5436,7.5436,951305,0
20131227,7.5436,7.6516,7.5436,7.6079,681230,0
20131230,7.5738,7.642,7.5618,7.5826,741642,0
20131231,7.5881,7.7614,7.5881,7.7198,1063621,0
20140102,7.7255,7.7614,7.692,7.7501,357986,0
20140103,7.7501,7.8846,7.7501,7.8731,372059,0
20140106,7.8983,8.041,7.8731,7.9682,604525,0
20140107,8.0033,8.0527,7.9547,8.0216,370297,0
20140108,8.0059,8.041,7.9774,8.0059,426063,0
20140109,8.0059,8.0176,7.9334,7.9722,316405,0
20140110,8.026,8.0611,7.9866,8.0125,357037,0
20140113,7.9866,8.1357,7.984,8.1248,549412,0
20140114,8.0871,8.1449,8.026,8.0527,457607,0
20140115,8.0318,8.1205,8.0318,8.0754,244636,0
20140116,8.0954,8.155,8.0611,8.1105,351942,0
20140117,8.1248,8.1248,8.026,8.0611,387493,0
20140121,8.0729,8.1357,8.0527,8.1307,285440,0
20140122,8.1248,8.1884,8.1046,8.1818,336791,0
20140123,8.2056,8.3029,8.1884,8.2245,342420,0
20140124,8.2418,8.2728,8.155,8.1849,575910,0
20140127,8.2245,8.2245,8.0216,8.0469,471849,0
20140128,8.0754,8.1205,8.026,8.1205,416818,0
20140129,8.0954,8.1205,8.0059,8.041,384071,0
20140130,8.0729,8.1391,8.0318,8.1157,322677,0
20140131,8.0527,8.2056,8.0527,8.1884,379089,0
20140203,8.1997,8.2056,8.0469,8.155,471655,0
20140204,8.1953,8.2418,8.1248,8.2176,507422,0
20140205,8.2176,8.2702,8.0754,8.2151,558300,0
20140206,8.2151,8.259,8.1357,8.2486,530493,0
20140207,8.2702,8.3288,8.2151,8.2642,576324,0
20140210,8.2374,8.4055,8.1997,8.3623,376818,0
20140211,8.377,8.4106,8.3236,8.3383,267773,0
20140212,8.3134,8.4419,8.3134,8.4226,277193,0
20140213,8.4348,8.5743,8.4106,8.5111,360180,0
20140214,8.5254,8.5814,8.4952,8.5111,267133,0
20140218,8.4917,8.6401,8.4472,8.6401,378209,0
20140219,8.6401,8.7326,8.5254,8.5254,540500,0
20140220,8.5174,8.568,8.4917,8.5254,274178,0
20140221,8.5814,8.6241,8.5351,8.6108,394066,0
20140224,8.6044,8.7079,8.5743,8.6703,316740,0
20140225,8.6978,8.7226,8.616,8.6444,219031,0
20140226,8.664,8.7299,8.664,8.6934,276331,0
20140227,8.7647,8.8872,8.7509,8.8562,677112,0
20140228,8.836,9.1188,8.8315,9.0519,964629,0
20140303,9.0113,9.0481,8.9595,8.998,633442,0
20140304,9.0519,9.1321,8.998,9.0952,816346,0
20140305,9.1076,9.2303,9.0886,9.1576,529351,0
20140306,9.2123,9.2764,9.1538,9.1604,659391,0
20140307,9.1661,9.1727,8.8872,8.9156,935941,0
20140310,8.9156,9.0141,8.9056,8.9886,622788,0
20140311,8.9631,9.0387,8.8415,8.8818,762801,0
20140312,8.8872,8.9504,8.8607,8.9413,682764,0
20140313,8.9449,8.9933,8.9056,8.9631,1248458,0
20140314,8.9403,9.1236,8.9339,9.1018,1347253,0
20140317,9.1132,9.133,9.0868,9.1018,469311,0
20140318,9.0944,9.1434,9.0764,9.0944,511570,0
20140319,9.1188,9.1188,8.9138,8.9595,590958,0
20140320,8.9202,8.982,8.868,8.982,503708,0
20140321,8.9848,9.1623,8.868,9.1623,1459386,0
20140324,9.1699,9.1737,9.0187,9.0405,421977,0
20140325,9.0679,9.0944,8.9403,8.9403,550764,0
20140326,8.955,8.9848,8.8479,8.8626,689091,0
20140327,8.8891,8.9202,8.836,8.8891,585367,0
20140328,8.8771,8.9895,8.8526,8.9449,241782,0
20140331,8.9595,9.0367,8.9037,8.9403,431756,0
20140401,8.9403,9.0121,8.8928,8.9999,482926,0
20140402,8.9933,9.0641,8.9848,8.9933,289424,0
20140403,8.9848,8.9895,8.9083,8.9202,235701,0
20140404,8.9449,9.0075,8.9248,8.9449,534770,0
20140407,8.9696,9.0707,8.9631,9.0121,403079,0
20140408,9.0121,9.1076,8.9848,9.0565,468955,0
20140409,9.0565,9.0565,8.982,9.0141,352335,0
20140410,9.0121,9.1378,8.9696,8.9933,518046,0
20140411,8.9696,9.0329,8.9403,8.9504,446896,0
20140414,8.9696,9.0273,8.8836,8.9339,269927,0
20140415,8.9083,8.982,8.9037,8.955,326198,0
20140416,8.9696,9.0075,8.9248,8.9999,340449,0
20140417,8.9848,9.0141,8.9449,8.9782,241434,0
20140421,8.9595,9.0367,8.9449,9.0367,321266,0
20140422,8.9999,9.0981,8.9999,9.0944,304226,0
20140423,9.0944,9.1132,9.0499,9.0868,246921,0
20140424,9.0868,9.1132,9.0405,9.0565,303016,0
20140425,9.0405,9.0811,8.9933,9.0367,254500,0
20140428,9.0679,9.0868,8.9595,8.9848,330602,0
20140429,8.9999,9.0075,8.8974,8.9275,288337,0
20140430,8.8928,9.0367,8.8836,9.0329,263301,0
20140501,9.0121,9.0811,8.9782,9.0707,395159,0
20140502,9.0141,9.0707,8.9848,9.0273,264895,0
20140505,9.0121,9.0679,8.982,9.0641,360444,0
20140506,9.0141,9.0641,8.982,9.0121,302346,0
20140507,9.1188,9.3891,9.0641,9.3182,1012151,0
20140508,9.3318,9.3891,9.2284,9.2346,684254,0
20140509,9.2048,9.3473,9.2048,9.3473,430385,0
20140512,9.3619,9.4445,9.3415,9.3668,652328,0
20140513,9.392,9.4192,9.3473,9.3668,528916,0
20140514,9.3988,9.4231,9.3541,9.3619,448396,0
20140515,9.3619,9.4037,9.3182,9.3784,424253,0
20140516,9.3541,9.4416,9.3541,9.4358,304199,0
20140519,9.4445,9.546,9.4192,9.546,419295,0
20140520,9.542,9.553,9.4756,9.531,452433,0
20140521,9.515,9.612,9.4912,9.595,419924,0
20140522,9.597,9.685,9.567,9.668,280926,0
20140523,9.69,9.77,9.668,9.761,333041,0
20140527,9.792,9.873,9.765,9.828,448449,0
20140528,9.817,9.854,9.765,9.796,353884,0
20140529,9.792,9.825,9.69,9.704,513837,0
20140530,9.699,9.777,9.685,9.699,759980,0
20140602,9.717,9.77,9.562,9.567,918205,0
20140603,9.567,9.618,9.506,9.567,690249,0
20140604,9.573,9.612,9.523,9.583,333004,0
20140605,9.625,9.741,9.597,9.73,450938,0
20140606,9.788,9.817,9.704,9.796,269526,0
20140609,9.831,9.96,9.825,9.96,775997,0
20140610,9.947,9.997,9.898,9.934,371380,0
20140611,9.951,9.954,9.873,9.873,389643,0
20140612,9.889,9.918,9.849,9.898,315557,0
20140613,9.911,9.975,9.873,9.918,426726,0
20140616,9.947,9.985,9.894,9.916,1155040,0
20140617,9.947,10.041,9.916,9.983,599818,0
20140618,9.952,9.977,9.835,9.858,796729,0
20140619,9.871,9.93,9.825,9.866,626948,0
20140620,9.911,9.968,9.871,9.941,777785,0
20140623,9.968,9.983,9.866,9.894,401742,0
20140624,9.902,9.902,9.84,9.853,497405,0
20140625,9.835,9.853,9.81,9.825,301057,0
20140626,9.853,9.902,9.77,9.894,327875,0
20140627,9.862,9.952,9.858,9.947,453576,0
20140630,9.955,9.973,9.897,9.973,236084,0
20140701,9.977,10.008,9.93,9.935,307244,0
20140702,9.947,9.952,9.835,9.925,494868,0
20140703,9.879,9.918,9.695,9.766,438326,0
20140707,9.748,9.762,9.561,9.708,442351,0
20140708,9.734,9.814,9.708,9.81,468407,0
20140709,9.82,9.885,9.783,9.866,448812,0
20140710,9.846,9.988,9.829,9.977,376121,0
20140711,9.983,9.983,9.866,9.866,235268,0
20140714,9.894,10.014,9.879,10.014,472589,0
20140715,10.008,10.02,9.885,9.941,389509,0
20140716,9.93,9.977,9.916,9.947,330077,0
20140717,9.918,10,9.902,9.925,405959,0
20140718,9.925,10.005,9.925,9.968,206427,0
20140721,9.968,9.973,9.902,9.911,210855,0
20140722,9.955,9.983,9.93,9.952,127885,0
20140723,9.973,10.005,9.955,9.962,109405,0
20140724,9.952,9.973,9.888,9.911,154078,0
20140725,9.916,9.916,9.862,9.866,160932,0
20140728,9.902,9.925,9.879,9.888,213462,0
20140729,9.888,9.916,9.866,9.871,351051,0
20140730,9.885,9.93,9.756,9.79,255888,0
20140731,9.734,9.79,9.663,9.663,400323,0
20140801,9.67,9.762,9.67,9.725,234865,0
20140804,9.734,9.804,9.67,9.793,301785,0
20140805,9.814,9.814,9.703,9.793,186979,0
20140806,9.783,9.879,9.748,9.79,275172,0
20140807,9.79,9.858,9.766,9.81,595577,0
20140808,9.79,9.885,9.777,9.866,295532,0
20140811,9.866,9.983,9.846,9.962,240452,0
20140812,9.952,9.955,9.902,9.947,248549,0
20140813,9.977,9.977,9.941,9.952,276939,0
20140814,9.955,9.983,9.941,9.952,162898,0
20140815,9.983,9.995,9.916,9.968,349617,0
20140818,10.005,10.031,9.968,10.008,208947,0
20140819,10.035,10.062,10.02,10.046,269522,0
20140820,10.041,10.126,10.031,10.121,371859,0
20140821,10.131,10.278,10.09,10.258,1167588,0
20140822,10.23,10.309,10.23,10.294,1023803,0
20140825,10.346,10.442,10.326,10.362,543039,0
20140826,10.346,10.43,10.336,10.357,334177,0
20140827,10.342,10.453,10.336,10.395,408161,0
20140828,10.378,10.446,10.346,10.446,341317,0
20140829,10.474,10.525,10.405,10.521,288202,0
20140902,10.535,10.562,10.422,10.442,978243,0
20140903,10.478,10.51,10.422,10.43,764838,0
20140904,10.43,10.43,10.331,10.351,336926,0
20140905,10.373,10.493,10.373,10.446,370122,0
20140908,10.474,10.584,10.462,10.535,520490,0
20140909,10.535,10.567,10.405,10.43,410547,0
20140910,10.436,10.446,10.331,10.357,187981,0
20140911,10.368,10.446,10.368,10.436,269014,0
20140912,10.408,10.436,10.147,10.179,627454,0
20140915,10.224,10.224,10.126,10.153,396796,0
20140916,10.134,10.172,10.081,10.134,415447,0
20140917,10.141,10.198,10.126,10.161,614249,0
20140918,10.158,10.179,10.093,10.125,417886,0
20140919,10.113,10.179,10.113,10.146,745305,0
20140922,10.158,10.161,10.015,10.036,514670,0
20140923,10.022,10.086,10.005,10.005,393072,0
20140924,10,10.032,9.933,9.951,439526,0
20140925,9.951,9.977,9.867,9.887,894942,0
20140926,9.867,9.946,9.796,9.938,494141,0
20140929,9.913,9.938,9.847,9.859,459279,0
20140930,9.853,9.882,9.679,9.679,527306,0
20141001,9.699,9.84,9.684,9.825,293541,0
20141002,9.788,9.847,9.667,9.699,590014,0
20141003,9.744,9.788,9.696,9.732,302519,0
20141006,9.769,9.813,9.711,9.759,561499,0
20141007,9.759,9.788,9.711,9.732,556921,0
20141008,9.711,9.973,9.711,9.973,451676,0
20141009,9.954,10.079,9.922,9.933,413766,0
20141010,9.922,10.028,9.895,9.913,442308,0
20141013,9.933,10.133,9.933,10.009,428072,0
20141014,10.101,10.14,10.015,10.074,340635,0
20141015,10.069,10.167,10.015,10.125,777796,0
20141016,10.065,10.221,10.065,10.167,421135,0
20141017,10.215,10.227,10.125,10.146,240514,0
20141020,10.146,10.248,10.125,10.248,240051,0
20141021,10.24,10.326,10.227,10.298,258418,0
20141022,10.304,10.374,10.243,10.255,287047,0
20141023,10.298,10.336,10.243,10.298,201043,0
20141024,10.158,10.255,10.14,10.24,346968,0
20141027,10.255,10.287,10.14,10.271,209284,0
20141028,10.277,10.384,10.266,10.384,364069,0
20141029,10.368,10.406,10.206,10.255,290100,0
20141030,10.255,10.401,10.243,10.368,268145,0
20141031,10.425,10.425,10.336,10.368,383092,0
20141103,10.374,10.433,10.374,10.429,253758,0
20141104,10.429,10.461,10.298,10.358,277255,0
20141105,10.484,10.484,10.384,10.429,416880,0
20141106,10.397,10.425,10.351,10.384,292492,0
20141107,10.397,10.425,10.308,10.417,389626,0
20141110,10.406,10.451,10.379,10.429,373612,0
20141111,10.412,10.457,10.397,10.417,268953,0
20141112,10.417,10.439,10.347,10.429,346469,0
20141113,10.439,10.493,10.331,10.347,352973,0
20141114,10.358,10.433,10.358,10.374,384564,0
20141117,10.374,10.477,10.363,10.451,351539,0
20141118,10.493,10.624,10.477,10.603,364073,0
20141119,10.565,10.603,10.493,10.498,419127,0
20141120,10.515,10.597,10.49,10.536,263511,0
20141121,10.62,10.62,10.457,10.461,292265,0
20141124,10.473,10.603,10.473,10.597,312077,0
20141125,10.603,10.679,10.592,10.679,253081,0
20141126,10.684,10.749,10.679,10.716,251652,0
20141128,10.733,10.826,10.691,10.739,164812,0
20141201,10.777,10.814,10.711,10.723,316798,0
20141202,10.723,10.83,10.707,10.792,256671,0
20141203,10.799,10.847,10.765,10.836,284855,0
20141204,10.83,10.858,10.809,10.841,216149,0
20141205,10.805,10.82,10.536,10.597,594393,0
20141208,10.624,10.624,10.351,10.368,524573,0
20141209,10.351,10.62,10.331,10.62,378752,0
20141210,10.603,10.62,10.451,10.461,304753,0
20141211,10.457,10.62,10.457,10.608,264977,0
20141212,10.559,10.608,10.473,10.49,285080,0
20141215,10.53,10.536,10.248,10.271,790622,0
20141216,10.214,10.31,10.164,10.183,1037689,0
20141217,10.183,10.35,10.149,10.35,495703,0
20141218,10.405,10.405,10.254,10.368,355722,0
20141219,10.361,10.608,10.321,10.591,620565,0
20141222,10.541,10.591,10.501,10.585,448918,0
20141223,10.608,10.608,10.491,10.501,329691,0
20141224,10.474,10.534,10.368,10.433,243329,0
20141226,10.433,10.574,10.399,10.55,265908,0
20141229,10.547,10.71,10.523,10.591,472641,0
20141230,10.55,10.629,10.534,10.585,216999,0
20141231,10.602,10.641,10.405,10.429,313356,0
20150102,10.429,10.596,10.343,10.581,282554,0
20150105,10.55,10.629,10.491,10.591,243829,0
20150106,10.654,10.688,10.567,10.585,519703,0
20150107,10.602,10.77,10.581,10.764,605515,0
20150108,10.782,10.806,10.683,10.691,369881,0
20150109,10.669,10.721,10.591,10.608,225316,0
20150112,10.567,10.602,10.411,10.491,460249,0
20150113,10.462,10.523,10.327,10.399,341043,0
20150114,10.343,10.35,10.219,10.327,404302,0
20150115,10.305,10.451,10.247,10.343,377209,0
20150116,10.31,10.462,10.299,10.462,268941,0
20150120,10.581,10.581,10.327,10.35,455928,0
20150121,10.333,10.388,10.247,10.368,422443,0
20150122,10.396,10.518,10.396,10.491,216833,0
20150123,10.534,10.534,10.378,10.417,173585,0
20150126,10.445,10.529,10.339,10.518,194318,0
20150127,10.518,10.523,10.451,10.458,191389,0
20150128,10.523,10.523,10.396,10.439,254332,0
20150129,10.396,10.462,10.26,10.462,435830,0
20150130,10.458,10.467,10.299,10.327,373724,0
20150202,10.315,10.321,10.204,10.321,328815,0
20150203,10.299,10.445,10.247,10.399,448308,0
20150204,10.327,10.417,10.219,10.281,454731,0
20150205,10.277,10.388,10.254,10.378,243501,0
20150206,10.35,10.371,10.219,10.247,322430,0
20150209,10.266,10.361,10.241,10.241,260185,0
20150210,10.247,10.26,10.177,10.225,235836,0
20150211,10.16,10.294,10.149,10.241,195569,0
20150212,10.26,10.381,10.26,10.354,118281,0
20150213,10.333,10.433,10.333,10.399,184014,0
20150217,10.339,10.486,10.321,10.388,316180,0
20150218,10.411,10.462,10.31,10.425,279433,0
20150219,10.429,10.486,10.378,10.396,244704,0
20150220,10.411,10.491,10.411,10.467,241572,0
20150223,10.512,10.512,10.396,10.433,339046,0
20150224,10.396,10.547,10.396,10.529,356589,0
20150225,10.547,10.596,10.512,10.534,291937,0
20150226,10.55,10.662,10.534,10.614,510569,0
20150227,10.669,10.675,10.557,10.563,636503,0
20150302,10.596,10.648,10.534,10.62,560765,0
20150303,10.62,10.636,10.55,10.596,376456,0
20150304,10.648,10.73,10.608,10.724,450003,0
20150305,10.724,10.806,10.641,10.792,404057,0
20150306,10.683,10.691,10.361,10.378,619887,0
20150309,10.399,10.491,10.361,10.361,435043,0
20150310,10.343,10.378,10.31,10.321,333717,0
20150311,10.368,10.368,10.277,10.343,470478,0
20150312,10.417,10.486,10.343,10.479,277801,0
20150313,10.512,10.541,10.429,10.541,497546,0
20150316,10.574,10.625,10.55,10.574,358828,0
20150317,10.591,10.625,10.501,10.625,356865,0
20150318,10.669,10.86,10.585,10.81,973904,0
20150319,10.81,10.857,10.735,10.741,394223,0
20150320,10.81,10.914,10.764,10.908,574955,0
20150323,10.908,10.972,10.874,10.902,350403,0
20150324,10.891,10.891,10.806,10.806,260689,0
20150325,10.806,10.874,10.699,10.712,357301,0
20150326,10.688,10.827,10.688,10.776,278285,0
20150327,10.781,10.839,10.723,10.81,277938,0
20150330,10.839,10.902,10.815,10.902,266210,0
20150331,10.879,10.921,10.845,10.921,482814,0
20150401,10.956,10.989,10.868,10.989,378693,0
20150402,11.001,11.032,10.931,10.944,265863,0
20150406,10.96,11.034,10.96,11.023,308135,0
20150407,11.034,11.04,10.96,10.995,226943,0
20150408,10.995,11.017,10.956,11.001,234810,0
20150409,11.001,11.001,10.902,10.927,218694,0
20150410,10.984,11.07,10.972,11.013,245851,0
20150413,11.017,11.07,10.989,11.034,237916,0
20150414,11.07,11.135,11.04,11.135,311067,0
20150415,11.152,11.228,11.112,11.203,407628,0
20150416,11.228,11.233,11.128,11.21,207054,0
20150417,11.193,11.233,11.17,11.203,217556,0
20150420,11.21,11.314,11.21,11.314,277724,0
20150421,11.367,11.367,11.245,11.245,262293,0
20150422,11.255,11.308,11.228,11.26,303824,0
20150423,11.216,11.255,11.21,11.222,184432,0
20150424,11.233,11.308,11.233,11.298,178213,0
20150427,11.36,11.36,11.253,11.286,251889,0
20150428,11.269,11.314,11.193,11.303,245756,0
20150429,11.253,11.26,11.152,11.17,339529,0
20150430,11.193,11.193,11.076,11.14,380594,0
20150501,11.158,11.187,11.106,11.176,221350,0
20150504,11.176,11.289,11.176,11.216,234290,0
20150505,11.245,11.289,11.089,11.14,358340,0
20150506,11.146,11.17,10.984,11.064,388368,0
20150507,11.122,11.122,10.654,10.717,964363,0
20150508,10.741,10.857,10.723,10.776,465991,0
20150511,10.832,10.868,10.776,10.781,270523,0
20150512,10.654,10.788,10.607,10.707,520571,0
20150513,10.691,10.806,10.691,10.752,410443,0
20150514,10.752,10.96,10.752,10.886,354543,0
20150515,10.902,10.96,10.832,10.96,221918,0
20150518,10.956,10.956,10.861,10.944,344228,0
20150519,10.921,11.034,10.886,10.977,262969,0
20150520,10.989,11.054,10.972,11.032,289500,0
20150521,11.034,11.064,10.977,11.001,208757,0
20150522,11.001,11.005,10.938,10.966,198405,0
20150526,10.938,10.966,10.839,10.897,270619,0
20150527,10.927,10.995,10.879,10.995,208931,0
20150528,11.013,11.032,10.921,10.966,148530,0
20150529,10.972,11.005,10.914,10.921,256029,0
20150601,10.96,11.089,10.956,11.07,300292,0
20150602,11.032,11.093,10.995,11.013,227564,0
20150603,11.001,11.013,10.815,10.827,386285,0
20150604,10.822,10.857,10.781,10.815,194436,0
20150605,10.752,10.799,10.629,10.67,384044,0
20150608,10.636,10.663,10.584,10.614,306407,0
20150609,10.584,10.614,10.445,10.545,261360,0
20150610,10.537,10.659,10.496,10.614,389270,0
20150611,10.663,10.781,10.619,10.776,216129,0
20150612,10.776,10.827,10.741,10.776,334184,0
20150615,10.77,10.781,10.601,10.601,732031,0
20150616,10.629,10.741,10.59,10.723,499980,0
20150617,10.776,10.868,10.691,10.827,604531,0
20150618,10.761,10.889,10.737,10.827,748927,0
20150619,10.809,10.947,10.798,10.869,638884,0
20150622,10.875,10.955,10.858,10.889,340482,0
20150623,10.869,10.893,10.809,10.858,520686,0
20150624,10.845,10.862,10.779,10.779,320443,0
20150625,10.786,10.805,10.756,10.779,527508,0
20150626,10.756,10.756,10.39,10.451,1004917,0
20150629,10.431,10.54,10.307,10.325,459207,0
20150630,10.36,10.427,10.301,10.348,561873,0
20150701,10.372,10.492,10.251,10.451,448190,0
20150702,10.498,10.546,10.451,10.451,244633,0
20150706,10.431,10.588,10.413,10.57,288884,0
20150707,10.737,10.918,10.67,10.881,584111,0
20150708,10.911,10.984,10.822,10.889,298736,0
20150709,10.924,10.924,10.731,10.731,276027,0
20150710,10.744,10.862,10.714,10.809,266005,0
20150713,10.815,10.862,10.756,10.858,285711,0
20150714,10.875,10.929,10.822,10.875,371628,0
20150715,10.862,10.929,10.805,10.924,378645,0
20150716,10.918,11.049,10.899,11.049,501121,0
20150717,11.041,11.041,10.947,10.994,329295,0
20150720,10.989,10.989,10.875,10.899,275024,0
20150721,10.889,10.958,10.862,10.911,236618,0
20150722,10.911,10.976,10.893,10.918,138931,0
20150723,10.899,10.929,10.731,10.737,403770,0
20150724,10.761,10.809,10.66,10.664,304247,0
20150727,10.678,10.761,10.664,10.689,219581,0
20150728,10.689,10.798,10.664,10.724,141436,0
20150729,10.744,10.935,10.654,10.889,354343,0
20150730,10.858,10.906,10.75,10.774,270847,0
20150731,10.827,10.958,10.815,10.899,374548,0
20150803,10.899,10.964,10.774,10.84,225281,0
20150804,10.852,10.852,10.693,10.701,252480,0
20150805,10.701,10.737,10.588,10.629,462882,0
20150806,10.583,10.744,10.312,10.481,427107,0
20150807,10.437,10.457,10.265,10.276,456871,0
20150810,10.312,10.372,10.301,10.36,346493,0
20150811,10.319,10.533,10.319,10.481,223468,0
20150812,10.437,10.551,10.402,10.533,161310,0
20150813,10.521,10.576,10.431,10.521,181843,0
20150814,10.492,10.606,10.492,10.606,122566,0
20150817,10.546,10.642,10.457,10.642,220088,0
20150818,10.612,10.624,10.51,10.593,157633,0
20150819,10.606,10.635,10.51,10.606,185188,0
20150820,10.498,10.606,10.427,10.486,269516,0
20150821,10.421,10.527,10.312,10.372,325452,0
20150824,10.289,10.289,8.8808,9.887,798022,0
20150825,9.989,10.018,9.845,9.845,275024,0
20150826,9.989,10.006,9.787,9.913,300404,0
20150827,9.947,10.122,9.853,9.954,549713,0
20150828,9.947,10.006,9.867,9.918,355012,0
20150831,9.918,9.972,9.859,9.897,178510,0
20150901,9.81,9.859,9.7,9.726,389076,0
20150902,9.772,9.883,9.714,9.761,192033,0
20150903,9.772,9.839,9.726,9.726,180011,0
20150904,9.64,9.714,9.617,9.653,187859,0
20150908,9.721,9.772,9.697,9.75,197877,0
20150909,9.81,9.81,9.64,9.647,244801,0
20150910,9.647,9.73,9.64,9.677,174306,0
20150911,9.669,9.81,9.669,9.791,719371,0
20150914,9.787,9.822,9.677,9.755,405441,0
20150915,9.761,9.867,9.721,9.832,312490,0
20150916,9.867,9.928,9.853,9.894,384733,0
20150917,9.924,10.11,9.819,10.03,463796,0
20150918,9.949,10.098,9.949,9.98,499175,0
20150921,10.01,10.191,10.005,10.18,357079,0
20150922,10.129,10.173,10.049,10.061,312185,0
20150923,10.061,10.141,10.049,10.078,262353,0
20150924,10.086,10.134,10.035,10.086,318430,0
20150925,10.125,10.125,9.882,9.882,337447,0
20150928,9.874,9.874,9.533,9.564,385704,0
20150929,9.557,9.628,9.3648,9.3648,381703,0
20150930,9.3843,9.4882,9.2472,9.4571,405837,0
20151001,9.4708,9.577,9.3784,9.4708,231885,0
20151002,9.4513,9.4766,9.3201,9.4513,176528,0
20151005,9.513,9.756,9.4882,9.756,297561,0
20151006,9.782,9.825,9.721,9.762,214186,0
20151007,9.768,10.03,9.768,10.025,381218,0
20151008,10.054,10.066,9.968,10.049,279682,0
20151009,10.035,10.061,9.962,10.025,224321,0
20151012,9.974,10.03,9.943,10.01,174199,0
20151013,9.974,10.035,9.756,9.825,365289,0
20151014,9.843,9.943,9.799,9.857,213061,0
20151015,9.857,9.936,9.73,9.936,268899,0
20151016,9.943,9.943,9.882,9.924,177818,0
20151019,9.913,9.943,9.799,9.806,181166,0
20151020,9.775,9.867,9.745,9.843,251840,0
20151021,9.857,9.905,9.799,9.806,168806,0
20151022,9.806,9.936,9.768,9.867,216758,0
20151023,9.897,9.897,9.713,9.75,304460,0
20151026,9.73,9.867,9.713,9.789,321357,0
20151027,9.789,9.812,9.426,9.4834,340507,0
20151028,9.521,9.674,9.3843,9.674,375587,0
20151029,9.696,9.699,9.3843,9.4338,289818,0
20151030,9.4882,9.495,9.3784,9.4513,280483,0
20151102,9.495,9.533,9.4154,9.533,396923,0
20151103,9.527,9.619,9.4571,9.619,229796,0
20151104,9.631,9.644,9.4465,9.508,236687,0
20151105,9.3949,9.521,9.0726,9.2472,742165,0
20151106,9.0622,9.1538,8.868,9.1104,806853,0
20151109,9.0471,9.1349,8.8113,8.8424,690284,0
20151110,8.8553,8.981,8.836,8.9678,417586,0
20151111,8.9678,9.0669,8.9678,8.9867,322964,0
20151112,8.9744,9.0055,8.7939,8.804,333104,0
20151113,8.7693,8.8553,8.7372,8.7693,410989,0
20151116,8.7737,8.9111,8.7171,8.8799,428206,0
20151117,8.9193,8.943,8.8012,8.826,497887,0
20151118,8.804,8.9971,8.8012,8.981,381381,0
20151119,8.9905,9.1472,8.9744,9.0726,349681,0
20151120,9.1226,9.1774,9.0924,9.1472,263105,0
20151123,9.1028,9.1538,9.0849,9.1349,188275,0
20151124,9.1349,9.1349,9.0301,9.1349,340187,0
20151125,9.0924,9.1774,9.0405,9.1538,297703,0
20151127,9.1472,9.2085,9.1472,9.2085,139194,0
20151130,9.2414,9.2472,9.1585,9.1849,325057,0
20151201,9.1973,9.254,9.0792,9.0849,285381,0
20151202,9.0471,9.0849,8.8727,8.8982,268537,0
20151203,8.8727,8.9193,8.7939,8.8113,299167,0
20151204,8.826,8.8727,8.8012,8.8305,351450,0
20151207,8.8305,8.8882,8.7006,8.7171,366898,0
20151208,8.7006,8.7006,8.4694,8.4828,706444,0
20151209,8.421,8.5884,8.421,8.4508,793016,0
20151210,8.4508,8.5334,8.4321,8.4694,453634,0
20151211,8.315,8.39,8.01,8.1408,823589,0
20151214,8.0922,8.1893,7.7373,7.8167,545589,0
20151215,7.8298,8.0954,7.8046,8.0846,417430,0
20151216,8.1099,8.4508,8.1099,8.421,579958,0
20151217,8.4175,8.5387,8.4098,8.5147,547513,0
20151218,8.5147,8.9321,8.5068,8.9321,2594715,0
20151221,8.9128,8.9202,8.5788,8.6694,476398,0
20151222,8.6934,8.8305,8.6614,8.772,358290,0
20151223,8.7985,8.8178,8.6232,8.6284,537885,0
20151224,8.6284,8.673,8.5894,8.6284,210466,0
20151228,8.5788,8.6284,8.4658,8.6115,372213,0
20151229,8.6178,8.6232,8.4881,8.5529,484347,0
20151230,8.5068,8.5521,8.314,8.3726,561388,0
20151231,8.321,8.3598,8.2418,8.2693,452885,0
20160104,8.1978,8.3977,8.14,8.334,405546,0
20160105,8.3529,8.6044,8.321,8.5387,343745,0
20160106,8.5005,8.6756,8.5005,8.6284,326994,0
20160107,8.545,8.5788,8.3977,8.3977,302604,0
20160108,8.3917,8.4296,8.2987,8.302,343085,0
20160111,8.2961,8.3761,8.2056,8.2374,353136,0
20160112,8.302,8.302,7.9673,8.0628,395361,0
20160113,8.0444,8.0889,7.7089,7.7989,378692,0
20160114,7.7792,7.8437,7.5858,7.7865,349098,0
20160115,7.6119,7.6255,7.1488,7.4712,807474,0
20160119,7.5083,7.5083,7.1548,7.2261,735556,0
20160120,7.0136,7.1683,6.6522,7.0906,890956,0
20160121,7.1235,7.2705,7.0136,7.1159,466789,0
20160122,7.1999,7.4123,7.1548,7.329,297734,0
20160125,7.329,7.3544,6.9931,6.9999,622283,0
20160126,7.007,7.4185,7.007,7.3735,604492,0
20160127,7.3482,7.4393,7.2192,7.2968,245334,0
20160128,7.3404,7.4898,7.278,7.3214,233104,0
20160129,7.3875,7.5738,7.3361,7.5539,437510,0
20160201,7.5475,7.5738,7.434,7.4819,307884,0
20160202,7.4324,7.5231,7.2787,7.4712,294195,0
20160203,7.4765,7.6255,7.4508,7.5928,370875,0
20160204,7.58,7.6952,7.5563,7.6445,241277,0
20160205,7.6255,7.6564,7.4898,7.4898,206286,0
20160208,7.406,7.4508,7.3096,7.3482,435531,0
20160209,7.2968,7.3361,7.0489,7.1607,254656,0
20160210,7.1869,7.2457,7.1001,7.1037,206508,0
20160211,7.007,7.0489,6.8654,6.9423,258034,0
20160212,6.9552,7.1548,6.9552,7.0526,128184,0
20160216,7.0906,7.3214,7.0906,7.2968,192044,0
20160217,7.3214,7.4765,7.3214,7.3875,251662,0
20160218,7.4123,7.5238,7.3875,7.4712,183360,0
20160219,7.4246,7.4967,7.3735,7.406,233671,0
20160222,7.444,7.4898,7.392,7.444,483298,0
20160223,7.444,7.5022,7.4185,7.4393,314675,0
20160224,7.3735,7.4712,7.1607,7.4587,192057,0
20160225,7.4898,7.4898,7.406,7.4508,436134,0
20160226,7.6762,8.1652,7.6047,7.8902,942385,0
20160229,7.895,7.9848,7.8437,7.94,614623,0
20160301,8.005,8.005,7.8257,7.909,321598,0
20160302,7.909,8.1457,7.8836,8.1341,557061,0
20160303,8.2418,8.4828,8.2056,8.4482,544565,0
20160304,8.4623,8.5529,8.378,8.4296,449904,0
20160307,8.4175,8.5263,8.3917,8.5005,416218,0
20160308,8.4828,8.5068,8.2486,8.3271,296960,0
20160309,8.3271,8.4244,8.2555,8.334,242540,0
20160310,8.3726,8.3726,8.0954,8.2125,379149,0
20160311,8.2693,8.378,8.2125,8.378,369532,0
20160314,8.3917,8.3977,8.2125,8.3271,293803,0
20160315,8.2624,8.3313,8.1793,8.2486,312694,0
20160316,8.2418,8.3917,8.1978,8.3847,624938,0
20160317,8.3616,8.5556,8.3547,8.5281,344459,0
20160318,8.5618,8.6703,8.5084,8.6622,892359,0
20160321,8.6276,8.7299,8.5672,8.5672,413566,0
20160322,8.5166,8.6703,8.4615,8.6703,429301,0
20160323,8.648,8.6765,8.4952,8.4952,294412,0
20160324,8.456,8.5618,8.302,8.536,277075,0
20160328,8.536,8.5832,8.4012,8.4952,206853,0
20160329,8.4881,8.6827,8.4226,8.6703,240560,0
20160330,8.6827,8.7088,8.5022,8.6427,214091,0
20160331,8.6213,8.7409,8.5752,8.7353,281159,0
20160401,8.7042,8.7409,8.5832,8.7042,211253,0
20160404,8.688,8.6951,8.5884,8.6098,193714,0
20160405,8.5884,8.632,8.5022,8.5752,236801,0
20160406,8.5618,8.6178,8.5166,8.5422,155478,0
20160407,8.5422,8.5946,8.5022,8.5485,179995,0
20160408,8.5832,8.688,8.5752,8.5832,86088,0
20160411,8.5884,8.7556,8.5884,8.7088,452003,0
20160412,8.7299,8.9782,8.6951,8.8562,344810,0
20160413,8.8891,8.9504,8.8305,8.9019,148699,0
20160414,8.9093,8.9782,8.7821,8.9229,232822,0
20160415,8.9229,8.9952,8.8744,8.9358,223155,0
20160418,8.9358,9.0113,8.8744,8.9782,107234,0
20160419,8.9782,9.083,8.9567,9.0217,135088,0
20160420,8.9829,9.0565,8.944,8.9782,127206,0
20160421,9.0113,9.049,8.8744,8.9293,182632,0
20160422,8.9358,8.9696,8.8597,8.9229,94035,0
20160425,8.944,8.9668,8.8634,8.9567,123334,0
20160426,8.9624,9.015,8.9229,9.0113,219105,0
20160427,8.9624,9.0367,8.944,9.015,96340,0
20160428,9.015,9.015,8.9229,8.9504,113692,0
20160429,8.9567,9.015,8.8626,8.9504,145159,0
20160502,8.9567,9.015,8.9093,9.0037,136746,0
20160503,8.9175,8.9696,8.8022,8.8489,116014,0
20160504,8.8241,8.9567,8.7701,8.9175,126007,0
20160505,8.9175,9.0565,8.9175,8.9624,178247,0
20160506,8.8352,9.0367,8.688,9.0217,324528,0
20160509,8.9504,9.1623,8.9504,9.1246,282153,0
20160510,9.1623,9.1708,8.9914,9.0972,201362,0
20160511,9.1104,9.3104,9.0698,9.2511,391585,0
20160512,9.2978,9.3104,9.117,9.1907,259973,0
20160513,9.15,9.2237,9.1246,9.1831,230883,0
20160516,9.2511,9.2647,9.1576,9.1831,214782,0
20160517,9.1246,9.2365,9.0367,9.1104,235002,0
20160518,9.0915,9.1302,8.8699,8.9782,335888,0
20160519,8.9019,8.9696,8.7821,8.9019,289582,0
20160520,8.9293,9.0217,8.9175,9.0217,288412,0
20160523,9.0651,9.1246,9.0217,9.0651,151883,0
20160524,9.0424,9.2433,9.0424,9.1973,276653,0
20160525,9.1907,9.3366,9.1765,9.2832,208830,0
20160526,9.2774,9.3512,9.2676,9.3182,125054,0
20160527,9.3366,9.3434,9.2569,9.2978,152357,0
20160531,9.3512,9.4037,9.2433,9.3638,264942,0
20160601,9.324,9.505,9.3182,9.505,145484,0
20160602,9.531,9.557,9.4503,9.551,162251,0
20160603,9.498,9.598,9.498,9.578,168524,0
20160606,9.638,9.692,9.572,9.644,136063,0
20160607,9.678,9.712,9.618,9.644,132435,0
20160608,9.712,9.763,9.644,9.758,180217,0
20160609,9.712,9.805,9.697,9.786,151569,0
20160610,9.792,9.853,9.726,9.792,312142,0
20160613,9.819,9.83,9.704,9.758,288384,0
20160614,9.73,9.746,9.604,9.686,235377,0
20160615,9.692,9.753,9.618,9.697,209492,0
20160616,9.571,9.874,9.571,9.866,328077,0
20160617,9.856,9.891,9.717,9.874,673202,0
20160620,9.883,9.95,9.856,9.917,190888,0
20160621,9.964,9.964,9.763,9.785,150838,0
20160622,9.763,9.805,9.689,9.722,165181,0
20160623,9.744,9.77,9.7,9.73,113830,0
20160624,9.556,9.813,9.4231,9.632,370305,0
20160627,9.612,9.627,9.3775,9.4601,289807,0
20160628,9.4328,9.73,9.4328,9.696,215076,0
20160629,9.763,9.91,9.73,9.866,220377,0
20160630,9.86,9.985,9.778,9.978,227341,0
20160701,10.02,10.04,9.928,10.006,175103,0
20160705,9.972,10.029,9.901,9.91,123001,0
20160706,9.856,9.972,9.792,9.91,191775,0
20160707,9.895,9.923,9.763,9.797,121977,0
20160708,9.839,9.923,9.792,9.895,292447,0
20160711,9.895,10.02,9.839,10.012,115478,0
20160712,9.985,9.999,9.95,9.985,232152,0
20160713,10.02,10.02,9.956,10.006,92066,0
20160714,9.978,10.009,9.874,9.889,138319,0
20160715,9.889,9.928,9.813,9.923,143510,0
20160718,9.923,9.956,9.883,9.944,210439,0
20160719,9.956,10.066,9.901,10.066,189170,0
20160720,10.029,10.171,10.006,10.108,93487,0
20160721,10.108,10.159,10.073,10.09,79449,0
20160722,10.029,10.171,10.029,10.108,102716,0
20160725,10.125,10.171,10.053,10.125,104664,0
20160726,10.136,10.227,10.096,10.219,115010,0
20160727,10.164,10.269,10.145,10.227,102530,0
20160728,10.227,10.317,10.187,10.296,80024,0
20160729,10.338,10.427,10.282,10.351,179224,0
20160801,10.393,10.462,10.254,10.448,163529,0
20160802,10.462,10.468,10.366,10.398,141877,0
20160803,10.412,10.593,9.592,10.586,163370,0
20160804,10.58,10.621,10.51,10.614,129764,0
20160805,10.684,10.911,10.58,10.807,382690,0
20160808,10.842,10.938,10.814,10.834,118075,0
20160809,10.834,10.98,10.8,10.98,111539,0
20160810,10.947,11.001,10.938,10.966,125925,0
20160811,10.966,10.972,10.883,10.966,195086,0
20160812,11.015,11.049,10.947,10.994,163968,0
20160815,11.034,11.034,10.856,10.898,166237,0
20160816,10.876,10.883,10.819,10.849,194406,0
20160817,10.822,10.822,10.607,10.704,227722,0
20160818,10.662,10.834,10.662,10.793,220152,0
20160819,10.723,10.787,10.695,10.766,149654,0
20160822,10.856,10.869,10.69,10.807,149931,0
20160823,10.78,10.925,10.78,10.883,167504,0
20160824,10.856,10.904,10.807,10.904,236356,0
20160825,10.904,10.931,10.856,10.925,124662,0
20160826,10.966,10.966,10.746,10.78,139037,0
20160829,10.814,10.898,10.814,10.842,99388,0
20160830,10.883,10.911,10.809,10.904,59886,0
20160831,10.869,10.938,10.834,10.931,135966,0
20160901,10.904,10.911,10.704,10.834,237924,0
20160902,10.904,11.068,10.904,11.063,140254,0
20160906,11.092,11.187,10.98,11.153,217793,0
20160907,11.187,11.312,11.148,11.29,143194,0
20160908,11.256,11.341,11.23,11.325,170058,0
20160909,11.354,11.354,10.78,10.793,396507,0
20160912,10.746,11.03,10.65,11.001,268771,0
20160913,10.994,10.994,10.758,10.807,242671,0
20160914,10.78,11.015,10.738,10.876,174649,0
20160915,10.834,11.105,10.834,11.076,191317,0
20160916,11.076,11.096,10.919,11.092,1618554,0
20160919,11.124,11.198,11.076,11.181,286997,0
20160920,11.223,11.277,11.159,11.194,303702,0
20160921,11.184,11.312,11.097,11.289,288394,0
20160922,11.319,11.424,11.269,11.418,243448,0
20160923,11.369,11.404,11.283,11.283,158097,0
20160926,11.233,11.424,11.184,11.205,276166,0
20160927,11.26,11.312,11.184,11.241,123549,0
20160928,11.22,11.26,11.113,11.26,136668,0
20160929,11.241,11.289,11.097,11.134,117099,0
20160930,11.205,11.26,11.141,11.212,222063,0
20161003,11.12,11.191,11.004,11.04,175792,0
20161004,11.125,11.141,10.622,10.699,426999,0
20161005,10.699,10.757,10.586,10.592,180875,0
20161006,10.544,10.592,10.423,10.48,214241,0
20161007,10.464,10.599,10.399,10.535,162752,0
20161010,10.535,10.743,10.464,10.614,232881,0
20161011,10.557,10.652,10.521,10.572,147893,0
20161012,10.55,10.806,10.55,10.699,150183,0
20161013,10.592,10.821,10.592,10.743,133822,0
20161014,10.749,10.792,10.652,10.685,121984,0
20161017,10.679,10.743,10.656,10.662,105870,0
20161018,10.721,10.821,10.643,10.757,146659,0
20161019,10.771,10.849,10.727,10.813,77780,0
20161020,10.813,10.862,10.757,10.785,108722,0
20161021,10.679,10.849,10.679,10.834,93152,0
20161024,10.906,11.02,10.87,10.934,78981,0
20161025,10.962,11.141,10.962,11.12,89656,0
20161026,11.113,11.134,10.969,11.028,97588,0
20161027,11.04,11.04,10.813,10.862,114711,0
20161028,10.885,10.957,10.792,10.921,129936,0
20161031,11.004,11.063,10.934,11.056,197776,0
20161101,11.085,11.12,10.743,10.757,281773,0
20161102,10.764,10.867,10.757,10.821,199252,0
20161103,10.834,10.991,10.834,10.877,217999,0
20161104,11.068,11.384,11.068,11.191,499948,0
20161107,11.496,11.569,11.354,11.432,477566,0
20161108,11.46,11.61,11.447,11.569,260994,0
20161109,11.518,11.89,11.39,11.831,529707,0
20161110,11.874,11.917,11.632,11.724,369587,0
20161111,11.739,12.066,11.739,11.952,468782,0
20161114,12.037,12.094,11.945,12.03,456501,0
20161115,11.973,12.103,11.887,12.059,300918,0
20161116,12.109,12.301,12.087,12.286,421072,0
20161117,12.251,12.33,12.151,12.18,289783,0
20161118,12.186,12.258,12.123,12.209,350707,0
20161121,12.258,12.48,12.223,12.415,362279,0
20161122,12.515,12.628,12.451,12.58,374855,0
20161123,12.48,12.593,12.366,12.415,277594,0
20161125,12.401,12.544,12.394,12.544,132525,0
20161128,12.609,12.663,12.451,12.656,283849,0
20161129,12.685,13.021,12.622,12.97,380880,0
20161130,12.934,12.934,12.445,12.521,436380,0
20161201,12.501,12.636,12.38,12.48,485609,0
20161202,12.485,12.562,12.366,12.394,158854,0
20161205,12.394,12.721,12.382,12.721,261075,0
20161206,12.721,12.934,12.721,12.929,253650,0
20161207,12.941,13.233,12.934,13.163,379937,0
20161208,13.171,13.227,13.056,13.155,332666,0
20161209,13.119,13.417,13.111,13.417,423280,0
20161212,13.417,13.417,12.993,13.098,475017,0
20161213,13.091,13.091,12.58,12.628,514129,0
20161214,12.672,12.785,12.536,12.651,562689,0
20161215,12.618,12.641,12.069,12.113,540550,0
20161216,12.156,12.551,12.156,12.427,1051073,0
20161219,12.42,12.594,12.42,12.545,333291,0
20161220,12.581,12.677,12.449,12.565,295826,0
20161221,12.594,12.656,12.471,12.529,304739,0
20161222,12.354,12.565,12.316,12.471,403753,0
20161223,12.537,12.537,12.382,12.485,159332,0
20161227,12.5,12.574,12.361,12.456,191490,0
20161228,12.456,12.5,12.325,12.391,157279,0
20161229,12.398,12.618,12.398,12.603,151843,0
20161230,12.581,12.603,12.5,12.515,188954,0
20170103,12.551,12.975,12.537,12.888,508800,0
20170104,12.904,13.02,12.875,12.962,276245,0
20170105,12.719,12.837,12.508,12.735,495538,0
20170106,12.719,12.749,12.603,12.647,177895,0
20170109,12.683,12.785,12.574,12.618,122683,0
20170110,12.574,12.799,12.558,12.779,168403,0
20170111,12.757,12.975,12.695,12.875,131663,0
20170112,12.954,12.967,12.623,12.719,195618,0
20170113,12.677,12.764,12.545,12.735,195297,0
20170117,12.785,12.909,12.719,12.727,114475,0
20170118,12.727,12.727,12.614,12.683,155062,0
20170119,12.631,12.709,12.537,12.639,213795,0
20170120,12.545,12.719,12.545,12.719,131836,0
20170123,12.858,12.909,12.743,12.875,137514,0
20170124,12.879,12.991,12.793,12.917,162364,0
20170125,12.945,12.997,12.741,12.749,147611,0
20170126,12.69,12.866,12.669,12.779,119859,0
20170127,12.844,12.85,12.741,12.779,127644,0
20170130,12.779,12.808,12.647,12.757,196035,0
20170131,12.808,12.829,12.471,12.814,179534,0
20170201,12.844,12.954,12.764,12.793,211106,0
20170202,12.858,12.909,12.727,12.793,151197,0
20170203,12.844,12.954,12.749,12.785,197755,0
20170206,12.785,12.9,12.764,12.844,124552,0
20170207,12.85,12.904,12.799,12.837,120443,0
20170208,12.875,12.904,12.77,12.875,157880,0
20170209,12.888,12.917,12.777,12.799,186432,0
20170210,12.837,12.962,12.821,12.933,127750,0
20170213,12.967,13.03,12.917,12.983,135017,0
20170214,12.925,12.962,12.799,12.954,181728,0
20170215,12.837,12.983,12.779,12.962,174669,0
20170216,12.945,13.144,12.935,13.092,209048,0
20170217,13.167,13.167,12.954,12.962,174879,0
20170221,12.962,13.105,12.962,13.085,133062,0
20170222,13.042,13.085,12.933,13.056,142205,0
20170223,13.13,13.239,13.13,13.167,161662,0
20170224,13.203,13.232,13.062,13.217,239200,0
20170227,13.209,13.245,13.071,13.078,170001,0
20170228,13.078,13.154,12.962,13.064,277768,0
20170301,13.209,13.415,13.064,13.268,275810,0
20170302,13.179,13.229,12.997,13.071,212114,0
20170303,13.092,13.11,12.933,13.02,323761,0
20170306,12.975,13.034,12.875,12.938,316030,0
20170307,12.938,13.026,12.875,12.879,241608,0
20170308,12.909,12.925,12.639,12.647,393199,0
20170309,12.647,12.779,12.558,12.565,208662,0
20170310,12.66,12.785,12.653,12.719,192161,0
20170313,12.77,12.925,12.706,12.719,279935,0
20170314,12.741,12.779,12.639,12.706,192336,0
20170315,12.727,13.002,12.727,12.967,338755,0
20170316,13.034,13.092,12.914,13.026,557277,0
20170317,13.167,13.301,13.023,13.294,832432,0
20170320,13.247,13.247,13.069,13.137,246787,0
20170321,13.143,13.264,13.073,13.159,262621,0
20170322,13.143,13.241,13.046,13.204,223122,0
20170323,13.189,13.301,13.12,13.226,168775,0
20170324,13.21,13.317,13.09,13.098,201649,0
20170327,13.106,13.229,13.031,13.218,167422,0
20170328,13.218,13.347,13.159,13.317,194606,0
20170329,13.294,13.51,13.252,13.497,220501,0
20170330,13.526,13.593,13.45,13.534,209110,0
20170331,13.52,13.609,13.458,13.564,204919,0
20170403,13.556,13.556,13.407,13.51,161356,0
20170404,13.497,13.616,13.45,13.594,142310,0
20170405,13.646,13.676,13.505,13.534,227503,0
20170406,13.51,13.684,13.407,13.662,162375,0
20170407,13.684,13.79,13.616,13.662,171444,0
20170410,13.616,13.744,13.602,13.646,270844,0
20170411,13.676,13.985,13.646,13.909,271475,0
20170412,13.909,13.909,13.714,13.76,95964,0
20170413,13.753,13.796,13.662,13.783,248370,0
20170417,13.79,13.985,13.744,13.985,138701,0
20170418,13.992,14.014,13.879,13.933,129954,0
20170419,13.933,13.992,13.827,13.827,155016,0
20170420,13.813,13.925,13.766,13.834,140514,0
20170421,13.902,14.038,13.783,13.917,245499,0
20170424,14.022,14.061,13.903,14.044,149939,0
20170425,14.038,14.308,14.038,14.179,230948,0
20170426,14.173,14.503,14.142,14.4,170775,0
20170427,14.459,14.55,14.42,14.503,208542,0
20170428,14.557,14.563,14.204,14.24,308378,0
20170501,14.346,14.48,14.285,14.406,138893,0
20170502,14.43,14.437,14.023,14.106,222609,0
20170503,14.074,14.106,13.917,13.933,139047,0
20170504,13.865,13.897,13.415,13.505,430602,0
20170505,13.489,13.925,13.489,13.865,207929,0
20170508,14.001,14.074,13.842,13.872,205855,0
20170509,13.917,13.917,13.52,13.594,244357,0
20170510,13.556,13.723,13.549,13.692,165121,0
20170511,13.7,13.842,13.632,13.753,225567,0
20170512,13.723,13.805,13.646,13.655,130364,0
20170515,13.676,13.79,13.67,13.76,126657,0
20170516,13.744,13.813,13.714,13.805,116096,0
20170517,13.827,13.827,13.624,13.655,170647,0
20170518,13.692,13.834,13.64,13.684,198384,0
20170519,13.662,13.834,13.662,13.76,183036,0
20170522,13.79,13.895,13.721,13.848,132907,0
20170523,13.917,14.014,13.796,14.001,100722,0
20170524,14.014,14.052,13.935,14.006,114075,0
20170525,14.038,14.113,13.977,14.038,111004,0
20170526,14.052,14.061,13.917,14.031,72736,0
20170530,14.044,14.061,13.925,14.006,83026,0
20170531,14.052,14.068,13.857,14.001,144290,0
20170601,13.985,14.166,13.902,14.128,151038,0
20170602,14.187,14.292,14.095,14.106,173644,0
20170605,14.091,14.157,13.94,13.955,201384,0
20170606,13.947,14.098,13.895,13.985,160438,0
20170607,13.977,14.12,13.977,14.052,100427,0
20170608,14.082,14.263,14.082,14.149,105020,0
20170609,14.179,14.369,14.167,14.3,319762,0
20170612,14.353,14.353,14.173,14.285,296319,0
20170613,14.271,14.353,14.24,14.308,177350,0
20170614,14.315,14.355,14.256,14.338,445519,0
20170615,14.165,14.589,14.121,14.557,270672,0
20170616,14.373,14.521,14.312,14.412,745176,0
20170619,14.449,14.565,14.441,14.552,271067,0
20170620,14.527,14.552,14.366,14.503,148173,0
20170621,14.534,14.595,14.335,14.356,214708,0
20170622,14.356,14.527,14.33,14.366,216510,0
20170623,14.449,14.658,14.414,14.626,422468,0
20170626,14.626,14.696,14.521,14.635,145090,0
20170627,14.619,14.619,14.366,14.412,183951,0
20170628,14.489,14.497,13.926,14.241,588243,0
20170629,14.21,14.258,13.996,14.141,359761,0
20170630,14.165,14.241,13.972,14.104,222601,0
20170703,14.134,14.326,14.119,14.28,113490,0
20170705,14.296,14.412,14.218,14.349,170520,0
20170706,14.272,14.272,14.111,14.21,144943,0
20170707,14.241,14.241,13.996,14.041,113092,0
20170710,14.003,14.218,13.996,14.072,156462,0
20170711,14.065,14.187,14.017,14.104,131607,0
20170712,14.157,14.322,14.096,14.149,132371,0
20170713,14.204,14.204,13.949,14.088,218164,0
20170714,14.179,14.241,14.069,14.21,194718,0
20170717,14.218,14.218,14.128,14.157,101316,0
20170718,14.096,14.134,13.91,14.041,223177,0
20170719,14.034,14.227,13.986,14.173,134650,0
20170720,14.179,14.319,14.127,14.227,123207,0
20170721,14.296,14.511,14.157,14.418,336233,0
20170724,14.412,14.449,14.241,14.272,149504,0
20170725,14.288,14.312,14.08,14.204,173344,0
20170726,14.28,14.28,14.149,14.173,127414,0
20170727,14.21,14.249,14.111,14.179,168790,0
20170728,14.104,14.196,13.887,14.173,110336,0
20170731,14.179,14.258,14.104,14.187,125217,0
20170801,14.235,14.342,14.187,14.266,159502,0
20170802,14.241,14.335,14.173,14.258,109358,0
20170803,14.266,14.356,14.241,14.312,96445,0
20170804,14.304,14.304,14.165,14.249,115796,0
20170807,14.366,14.366,14.157,14.288,111184,0
20170808,14.249,14.489,14.218,14.458,200376,0
20170809,14.573,14.99,14.397,14.904,391982,0
20170810,14.867,15.074,14.82,14.936,473749,0
20170811,14.874,14.911,14.612,14.904,226802,0
20170814,14.941,15.082,14.681,14.804,336949,0
20170815,14.612,14.897,14.612,14.797,217615,0
20170816,14.811,14.843,14.704,14.75,271418,0
20170817,14.758,14.889,14.689,14.704,291793,0
20170818,14.619,14.911,14.595,14.904,240317,0
20170821,14.889,14.936,14.75,14.859,180436,0
20170822,14.889,15.012,14.851,14.92,357084,0
20170823,14.941,15.051,14.874,14.881,282129,0
20170824,14.968,14.968,14.851,14.889,82505,0
20170825,14.981,14.981,14.773,14.867,120574,0
20170828,14.874,14.911,14.804,14.835,112066,0
20170829,14.867,14.951,14.75,14.758,291959,0
20170830,14.75,14.828,14.666,14.712,229667,0
20170831,14.728,14.904,14.728,14.851,130368,0
20170901,14.867,14.968,14.828,14.951,117247,0
20170905,14.911,14.951,14.681,14.72,211861,0
20170906,14.728,14.797,14.603,14.666,189437,0
20170907,14.681,14.704,14.589,14.626,128859,0
20170908,14.595,14.797,14.595,14.666,156937,0
20170911,14.689,14.82,14.689,14.742,132346,0
20170912,14.758,14.911,14.758,14.828,230703,0
20170913,14.828,14.828,14.653,14.681,309721,0
20170914,14.666,14.82,14.666,14.781,180876,0
20170915,14.835,14.951,14.728,14.904,696472,0
20170918,14.928,15.004,14.809,14.941,206973,0
20170919,14.951,15.12,14.911,15.089,206800,0
20170920,15.051,15.144,14.968,15.012,193047,0
20170921,14.999,15.113,14.99,15.097,170558,0
20170922,15.105,15.144,15.065,15.082,261784,0
20170925,15.136,15.144,15.051,15.097,262483,0
20170926,15.144,15.181,15.089,15.097,430534,0
20170927,15.12,15.144,15.029,15.113,463887,0
20170928,14.694,15.059,14.592,14.958,385325,0
20170929,14.998,15.113,14.857,14.903,232986,0
20171002,14.95,14.989,14.756,14.967,270081,0
20171003,15.029,15.069,14.95,15.02,283162,0
20171004,15.011,15.051,14.919,15.003,128681,0
20171005,15.029,15.141,15.003,15.059,203061,0
20171006,15.059,15.059,14.835,14.888,161504,0
20171009,14.941,14.969,14.88,14.928,146586,0
20171010,14.95,14.967,14.835,14.903,161616,0
20171011,14.928,15.074,14.919,14.998,175139,0
20171012,14.98,15.011,14.91,14.958,125259,0
20171013,14.98,15.128,14.941,15.065,117380,0
20171016,15.144,15.221,15.111,15.19,233489,0
20171017,15.105,15.221,15.105,15.176,123574,0
20171018,15.19,15.275,15.185,15.199,209048,0
20171019,15.105,15.266,15.105,15.23,249480,0
20171020,15.172,15.221,15.159,15.199,213239,0
20171023,15.252,15.252,15.011,15.082,235012,0
20171024,15.097,15.163,15.011,15.011,195985,0
20171025,15.029,15.042,14.748,14.897,244396,0
20171026,14.935,14.971,14.601,14.61,236946,0
20171027,14.632,14.808,14.476,14.787,180491,0
20171030,14.756,14.818,14.561,14.618,165624,0
20171031,14.772,14.772,14.57,14.57,296834,0
20171101,14.756,15.097,14.756,14.989,499002,0
20171102,14.98,14.98,14.655,14.748,365466,0
20171103,14.772,14.772,14.647,14.694,148528,0
20171106,14.64,14.671,14.377,14.392,362846,0
20171107,14.377,14.655,14.353,14.548,183180,0
20171108,14.548,14.548,14.408,14.538,186940,0
20171109,14.486,14.59,14.432,14.556,135757,0
20171110,14.548,14.663,14.414,14.423,124010,0
20171113,14.423,14.518,14.346,14.517,116914,0
20171114,14.476,14.624,14.438,14.601,106536,0
20171115,14.561,14.632,14.469,14.53,218210,0
20171116,14.507,14.702,14.507,14.64,115833,0
20171117,14.618,14.772,14.61,14.772,123852,0
20171120,14.772,14.998,14.748,14.989,173977,0
20171121,15.02,15.097,14.958,15.02,217522,0
20171122,15.011,15.128,14.964,15.042,189320,0
20171124,15.034,15.087,14.958,14.989,69289,0
20171127,15.074,15.09,14.919,14.928,149220,0
20171128,14.95,14.98,14.818,14.95,137733,0
20171129,14.941,15.074,14.897,14.935,175265,0
20171130,14.971,14.971,14.624,14.663,426375,0
20171201,14.702,14.81,14.556,14.81,273372,0
20171204,14.897,14.998,14.841,14.872,227887,0
20171205,14.835,14.935,14.78,14.872,184824,0
20171206,14.872,15.029,14.872,14.967,127312,0
20171207,14.967,15.051,14.919,14.941,158210,0
20171208,14.958,14.989,14.857,14.919,208429,0
20171211,14.919,15.065,14.888,14.897,175939,0
20171212,14.897,14.958,14.867,14.872,103532,0
20171213,14.935,15.144,14.935,15.074,148205,0
20171214,15.074,15.136,14.958,15.011,159041,0
20171215,15.011,15.275,15.011,15.206,556113,0
20171218,15.266,15.454,15.181,15.23,248116,0
20171219,15.261,15.368,14.818,14.826,288119,0
20171220,14.857,15.042,14.841,14.872,175228,0
20171221,14.872,15.059,14.872,14.967,125243,0
20171222,15.029,15.089,14.95,14.95,103154,0
20171226,14.941,15.15,14.941,15.089,88339,0
20171227,15.074,15.181,15.034,15.082,175249,0
20171228,15.005,15.267,14.982,15.252,160964,0
20171229,15.267,15.308,15.086,15.093,103878,0
20180102,15.086,15.093,14.824,14.896,274531,0
20180103,14.865,14.991,14.593,14.601,285216,0
20180104,14.555,14.775,14.173,14.641,336306,0
20180105,14.689,14.753,14.546,14.744,189511,0
20180108,14.744,14.807,14.618,14.744,206244,0
20180109,14.728,14.761,14.555,14.555,125012,0
20180110,14.497,14.625,14.291,14.592,298927,0
20180111,14.537,14.768,14.514,14.712,175624,0
20180112,14.728,14.865,14.601,14.673,144427,0
20180116,14.673,14.824,14.514,14.523,170219,0
20180117,14.569,14.775,14.569,14.689,159386,0
20180118,14.696,14.736,14.56,14.61,293910,0
20180119,14.56,14.768,14.56,14.673,149453,0
20180122,14.712,14.768,14.592,14.61,116065,0
20180123,14.61,14.807,14.61,14.768,87828,0
20180124,14.807,14.815,14.704,14.712,102258,0
20180125,14.689,14.736,14.546,14.569,231174,0
20180126,14.578,14.618,14.442,14.56,186492,0
20180129,14.569,14.569,14.173,14.173,330725,0
20180130,14.108,14.251,14.095,14.157,140155,0
20180131,14.26,14.354,13.728,13.848,354601,0
20180201,13.816,13.973,13.696,13.704,299036,0
20180202,13.601,13.711,13.481,13.554,239789,0
20180205,13.506,13.538,13.037,13.21,454258,0
20180206,13.045,13.498,13.016,13.417,287967,0
20180207,13.475,13.657,13.331,13.379,260711,0
20180208,13.371,13.538,13.268,13.315,245007,0
20180209,13.371,13.443,13.166,13.331,287784,0
20180212,13.371,13.435,13.197,13.394,181626,0
20180213,13.403,13.616,13.319,13.554,159832,0
20180214,13.513,13.616,13.506,13.554,179990,0
20180215,13.648,13.91,13.633,13.84,125053,0
20180216,13.84,14.101,13.84,13.982,136859,0
20180220,13.711,14.036,13.711,13.711,140177,0
20180221,13.704,13.95,13.616,13.689,123714,0
20180222,13.704,13.791,13.592,13.592,81696,0
20180223,13.657,13.816,13.657,13.785,118950,0
20180226,13.791,13.935,13.775,13.872,108904,0
20180227,13.84,13.95,13.458,13.458,148666,0
20180228,13.895,13.895,12.99,12.99,474934,0
20180301,12.95,13.283,12.95,13.14,203927,0
20180302,13.109,13.323,13.078,13.291,203488,0
20180305,13.276,13.679,13.276,13.585,305827,0
20180306,13.673,13.728,13.426,13.711,249321,0
20180307,13.633,13.785,13.616,13.665,156750,0
20180308,13.665,13.728,13.577,13.609,170539,0
20180309,13.642,13.721,13.538,13.679,146281,0
20180312,13.696,14.005,13.696,13.982,171686,0
20180313,14.013,14.108,13.918,13.941,117130,0
20180314,13.95,14.117,13.95,14.054,191194,0
20180315,14.062,14.062,13.76,13.863,250380,0
20180316,13.895,14.141,13.895,14.101,401749,0
20180319,14.076,14.076,13.807,13.95,127350,0
20180320,13.958,13.958,13.791,13.831,108370,0
20180321,13.816,13.927,13.816,13.831,80790,0
20180322,13.791,13.999,13.791,13.807,156733,0
20180323,13.855,13.919,13.679,13.679,122776,0
20180326,13.855,13.878,13.704,13.84,156712,0
20180327,13.855,13.99,13.775,13.958,189064,0
20180328,13.954,14.069,13.906,14.043,96188,0
20180329,14.108,14.305,14.108,14.174,268358,0
20180402,14.094,14.232,13.873,14.003,157733,0
20180403,14.011,14.223,14.003,14.19,105299,0
20180404,14.108,14.28,14.075,14.174,123203,0
20180405,14.215,14.297,14.127,14.223,112071,0
20180406,14.174,14.371,14.127,14.183,93715,0
20180409,14.223,14.371,14.174,14.207,98769,0
20180410,14.28,14.305,14.178,14.19,58924,0
20180411,14.207,14.256,14.117,14.15,55554,0
20180412,14.141,14.174,14.028,14.028,56475,0
20180413,14.028,14.069,13.93,13.93,57312,0
20180416,13.954,14.084,13.93,14.036,51721,0
20180417,14.117,14.174,14.043,14.167,111759,0
20180418,14.207,14.297,14.15,14.207,106728,0
20180419,14.157,14.24,14.101,14.127,67162,0
20180420,14.094,14.223,14.094,14.19,92342,0
20180423,14.248,14.264,14.183,14.264,86699,0
20180424,14.289,14.411,14.199,14.371,145523,0
20180425,14.338,14.428,14.248,14.353,132598,0
20180426,14.418,14.546,14.305,14.508,95906,0
20180427,14.526,14.551,14.468,14.518,92498,0
20180430,14.526,14.551,14.418,14.428,139356,0
20180501,14.461,14.468,14.248,14.452,101988,0
20180502,14.428,14.468,14.289,14.418,118764,0
20180503,14.533,14.77,14.475,14.713,174518,0
20180504,14.689,15.048,14.689,15.015,130894,0
20180507,15.088,15.113,14.984,15.048,136230,0
20180508,14.908,15.048,14.696,14.786,156322,0
20180509,14.786,14.786,14.631,14.763,137370,0
20180510,14.868,14.897,14.753,14.81,149754,0
20180511,14.884,14.884,14.704,14.745,202438,0
20180514,14.77,14.806,14.715,14.737,138847,0
20180515,14.713,14.884,14.713,14.828,141415,0
20180516,14.934,15.076,14.884,15.048,240437,0
20180517,15.138,15.138,15.048,15.113,144583,0
20180518,15.195,15.261,15.072,15.251,96546,0
20180521,15.276,15.369,15.146,15.366,181296,0
20180522,15.383,15.439,15.284,15.415,148577,0
20180523,15.261,15.415,15.121,15.383,130156,0
20180524,15.39,15.423,15.3,15.325,69217,0
20180525,15.267,15.341,15.218,15.3,74846,0
20180529,15.261,15.463,15.261,15.432,161200,0
20180530,15.481,15.537,15.39,15.521,142365,0
20180531,15.529,15.529,15.35,15.406,143069,0
20180601,15.463,15.504,15.284,15.415,114691,0
20180604,15.496,15.496,15.383,15.456,83724,0
20180605,15.423,15.471,15.366,15.415,109183,0
20180606,15.423,15.456,15.35,15.439,72523,0
20180607,15.481,15.619,15.471,15.537,103895,0
20180608,15.537,15.611,15.481,15.481,103465,0
20180611,15.513,15.57,15.448,15.546,100662,0
20180612,15.554,15.554,15.439,15.456,90103,0
20180613,15.456,15.513,15.358,15.399,128906,0
20180614,15.415,15.521,15.383,15.521,112038,0
20180615,15.504,15.504,15.374,15.39,448987,0
20180618,15.415,15.815,15.415,15.815,257409,0
20180619,15.815,16.006,15.798,16.002,186519,0
20180620,15.627,16.06,15.623,15.971,277460,0
20180621,16.01,16.067,15.815,15.913,383155,0
20180622,15.937,16.035,15.824,15.871,405296,0
20180625,15.881,15.92,15.838,15.881,139798,0
20180626,15.913,15.995,15.759,15.773,289316,0
20180627,15.749,15.749,15.463,15.471,430112,0
20180628,15.481,15.883,15.444,15.865,217694,0
20180629,15.891,15.925,15.748,15.748,186611,0
20180702,15.731,15.942,15.731,15.933,166409,0
20180703,15.983,16.201,15.983,16.11,117476,0
20180705,16.134,16.227,16.1,16.126,217343,0
20180706,16.143,16.201,15.958,16.134,184464,0
20180709,16.134,16.176,16.067,16.168,165306,0
20180710,16.176,16.243,16.117,16.126,219479,0
20180711,16.11,16.184,16.092,16.1,198271,0
20180712,16.168,16.168,16.041,16.059,157273,0
20180713,16.092,16.168,16.026,16.05,149216,0
20180716,16.075,16.092,16.007,16.041,98500,0
20180717,16.05,16.117,16.001,16.026,213066,0
20180718,16.026,16.126,15.974,16.1,290239,0
20180719,16.117,16.243,16.067,16.218,184725,0
20180720,16.184,16.311,16.16,16.252,151193,0
20180723,16.218,16.301,16.184,16.184,87891,0
20180724,16.193,16.201,16.007,16.075,75408,0
20180725,16.075,16.11,15.983,16.033,94949,0
20180726,16.05,16.209,16.017,16.143,102937,0
20180727,16.227,16.238,16.017,16.16,201670,0
20180730,16.134,16.399,16.134,16.285,120940,0
20180731,16.352,16.427,16.209,16.369,202689,0
20180801,16.36,16.36,16.143,16.277,151384,0
20180802,16.234,16.402,16.184,16.326,147478,0
20180803,16.176,16.234,16.026,16.033,187959,0
20180806,16.026,16.026,15.825,15.891,203688,0
20180807,15.816,15.976,15.178,15.556,376445,0
20180808,15.471,15.825,15.471,15.773,217970,0
20180809,15.874,15.874,15.681,15.799,138293,0
20180810,15.739,15.899,15.681,15.832,190467,0
20180813,15.916,15.916,15.782,15.865,116260,0
20180814,15.816,15.908,15.799,15.85,146603,0
20180815,15.84,15.899,15.758,15.799,138306,0
20180816,15.865,15.916,15.758,15.858,203862,0
20180817,15.832,15.933,15.825,15.925,222270,0
20180820,15.925,16.05,15.891,15.925,179174,0
20180821,15.933,16.084,15.883,15.974,173982,0
20180822,15.925,16.026,15.825,15.85,139150,0
20180823,15.832,15.891,15.782,15.799,112594,0
20180824,15.799,15.832,15.673,15.748,134842,0
20180827,15.758,15.799,15.681,15.765,141489,0
20180828,15.765,15.791,15.69,15.731,87770,0
20180829,15.724,15.85,15.724,15.791,191109,0
20180830,15.791,15.899,15.731,15.832,208231,0
20180831,15.799,15.799,15.673,15.758,165692,0
20180904,15.715,15.844,15.697,15.731,141885,0
20180905,15.739,15.949,15.739,15.942,141222,0
20180906,15.942,16.041,15.85,15.983,116223,0
20180907,16.007,16.007,15.799,15.874,112740,0
20180910,15.908,15.925,15.806,15.84,114331,0
20180911,15.84,15.862,15.731,15.765,145280,0
20180912,15.765,15.765,15.471,15.597,159299,0
20180913,15.605,15.673,15.463,15.597,153939,0
20180914,15.615,15.615,15.264,15.548,187452,0
20180917,15.556,15.739,15.523,15.639,236116,0
20180918,15.706,15.706,15.523,15.556,168474,0
20180919,15.556,15.556,15.397,15.405,150714,0
20180920,15.455,15.514,15.388,15.497,124355,0
20180921,15.471,15.673,15.435,15.657,778742,0
20180924,15.648,15.731,15.455,15.564,267648,0
20180925,15.615,15.615,15.431,15.489,179455,0
20180926,15.505,15.547,15.405,15.405,233399,0
20180927,15.448,15.624,15.448,15.577,180107,0
20180928,15.543,15.706,15.543,15.663,206947,0
20181001,15.663,15.68,15.422,15.465,238043,0
20181002,15.465,15.647,15.448,15.586,180911,0
20181003,15.552,15.672,15.405,15.413,187751,0
20181004,15.413,15.445,15.068,15.138,226068,0
20181005,15.154,15.189,14.888,14.923,164828,0
20181008,14.913,15.094,14.913,15.087,110215,0
20181009,15.087,15.301,15.087,15.233,93029,0
20181010,15.164,15.387,14.992,15.017,163698,0
20181011,15.007,15.061,14.87,14.879,195009,0
20181012,14.982,14.982,14.612,14.638,154813,0
20181015,14.621,14.939,14.612,14.853,159170,0
20181016,15.077,15.129,14.81,15.087,175124,0
20181017,15.042,15.12,14.992,15.061,95172,0
20181018,15,15.077,14.81,14.836,103165,0
20181019,14.741,14.913,14.672,14.767,173712,0
20181022,14.776,14.923,14.741,14.751,79911,0
20181023,14.681,14.784,14.569,14.664,112544,0
20181024,14.646,14.905,14.586,14.741,131427,0
20181025,14.776,14.913,14.746,14.863,86481,0
20181026,14.784,14.897,14.569,14.724,139070,0
20181029,14.853,15.042,14.819,14.905,181747,0
20181030,14.905,15.052,14.828,14.967,106135,0
20181031,15.034,15.047,14.888,14.905,229695,0
20181101,14.932,15.087,14.863,14.948,222805,0
20181102,14.793,15.111,14.793,15.052,158948,0
20181105,15.129,15.199,14.967,15,73883,0
20181106,15,15.121,14.957,15.103,65539,0
20181107,15.121,15.259,14.973,15.18,142066,0
20181108,15.284,15.577,15.146,15.577,176457,0
20181109,15.594,15.603,15.352,15.518,177177,0
20181112,15.533,15.759,15.493,15.594,162291,0
20181113,15.629,15.794,15.604,15.732,122865,0
20181114,15.794,15.794,15.603,15.724,102042,0
20181115,15.663,15.663,15.465,15.568,149439,0
20181116,15.533,15.629,15.457,15.629,115660,0
20181119,15.647,15.759,15.499,15.577,114916,0
20181120,15.594,15.647,15.38,15.518,261838,0
20181121,15.508,15.62,15.432,15.491,92580,0
20181123,15.387,15.589,15.387,15.499,56563,0
20181126,15.612,15.655,15.483,15.603,144932,0
20181127,15.629,15.68,15.543,15.543,115216,0
20181128,15.533,15.706,15.508,15.629,170601,0
20181129,15.594,15.774,15.577,15.715,93985,0
20181130,15.68,15.759,15.559,15.647,304711,0
20181203,15.819,15.819,15.56,15.647,199427,0
20181204,15.655,15.724,15.413,15.439,187241,0
20181206,15.362,15.594,15.319,15.594,206912,0
20181207,15.577,15.577,15.439,15.499,178637,0
20181210,15.491,15.543,15.266,15.319,171180,0
20181211,15.413,15.457,15.301,15.301,201778,0
20181212,15.397,15.397,15.165,15.293,151271,0
20181213,15.293,15.327,15.138,15.138,158311,0
20181214,15.138,15.37,15.138,15.241,150953,0
20181217,15.112,15.207,14.5,14.603,404902,0
20181218,14.603,14.967,14.603,14.656,259183,0
20181219,14.716,14.767,14.414,14.414,214160,0
20181220,14.432,14.467,13.691,13.828,467688,0
20181221,13.837,14.241,13.76,13.76,868426,0
20181224,13.707,13.751,13.372,13.423,233599,0
20181226,13.492,14.096,13.492,14.077,286159,0
20181227,13.94,14.225,13.733,14.199,416727,0
20181228,14.322,14.483,14.261,14.404,322645,0
20181231,14.447,14.447,14.118,14.154,383326,0
20190102,14.047,14.404,13.878,14.394,186522,0
20190103,14.358,14.616,14.305,14.519,196592,0
20190104,14.607,14.964,14.542,14.954,261049,0
20190107,14.954,15.22,14.882,15.042,194782,0
20190108,15.096,15.212,15.006,15.114,196092,0
20190109,15.158,15.203,15.002,15.203,111228,0
20190110,15.184,15.256,15.105,15.114,109050,0
20190111,15.114,15.212,15.087,15.194,108066,0
20190114,15.184,15.389,15.132,15.238,131039,0
20190115,15.23,15.246,15.132,15.194,160677,0
20190116,15.22,15.353,15.22,15.345,129893,0
20190117,15.327,15.381,15.23,15.274,111956,0
20190118,15.318,15.336,15.167,15.203,136233,0
20190122,15.194,15.265,15.061,15.194,158613,0
20190123,15.194,15.452,15.194,15.425,116068,0
20190124,15.478,15.558,15.412,15.54,101933,0
20190125,15.504,15.682,15.504,15.593,75212,0
20190128,15.602,15.708,15.571,15.682,103901,0
20190129,15.728,15.852,15.656,15.78,132417,0
20190130,15.816,15.958,15.736,15.913,151661,0
20190131,15.967,16.02,15.852,16.011,258414,0
20190201,16.029,16.207,15.923,16.179,174661,0
20190204,16.179,16.34,16.1,16.34,101620,0
20190205,16.386,16.428,16.189,16.278,110358,0
20190206,16.304,16.304,16.1,16.179,121456,0
20190207,16.233,16.233,16.056,16.064,130128,0
20190208,16.118,16.144,16.02,16.136,139156,0
20190211,16.136,16.136,15.798,15.816,287917,0
20190212,15.309,15.442,15.212,15.23,3547197,0
20190213,15.274,15.318,15.23,15.265,643107,0
20190214,15.292,15.452,15.282,15.353,701670,0
20190215,15.399,15.433,15.327,15.353,545493,0
20190219,15.407,15.461,15.336,15.452,467583,0
20190220,15.371,15.523,15.327,15.407,434845,0
20190221,15.381,15.656,15.345,15.629,449718,0
20190222,15.612,15.744,15.612,15.692,523877,0
20190225,15.692,15.79,15.62,15.718,516302,0
20190226,15.728,15.728,15.416,15.576,468349,0
20190227,15.461,15.79,15.282,15.744,496007,0
20190228,15.736,15.861,15.708,15.798,463844,0
20190301,15.806,15.887,15.407,15.576,675764,0
20190304,15.593,15.638,15.461,15.531,758770,0
20190305,15.514,15.586,15.376,15.496,508085,0
20190306,15.478,15.571,15.416,15.416,291315,0
20190307,15.416,15.514,15.265,15.292,522064,0
20190308,15.246,15.576,15.246,15.425,485824,0
20190311,15.478,15.692,15.469,15.638,500076,0
20190312,15.664,15.718,15.612,15.656,381700,0
20190313,15.656,15.798,15.576,15.62,366874,0
20190314,15.593,15.764,15.586,15.718,381030,0
20190315,15.736,15.736,15.586,15.62,600787,0
20190318,15.638,15.744,15.629,15.736,195049,0
20190319,15.754,15.754,15.638,15.682,320802,0
20190320,15.7,15.7,15.555,15.586,530293,0
20190321,15.602,15.728,15.576,15.612,424650,0
20190322,15.593,15.612,15.399,15.416,321613,0
20190325,15.442,15.55,15.345,15.504,371961,0
20190326,15.576,15.602,15.442,15.461,417950,0
20190327,15.478,15.575,15.336,15.416,392053,0
20190328,15.462,15.489,15.15,15.47,309981,0
20190329,15.507,15.507,15.205,15.407,431816,0
20190401,15.453,15.517,15.398,15.489,411677,0
20190402,15.498,15.498,15.324,15.361,239624,0
20190403,15.388,15.443,15.37,15.398,164929,0
20190404,15.398,15.498,15.361,15.498,180673,0
20190405,15.554,15.581,15.489,15.517,134110,0
20190408,15.489,15.626,15.48,15.618,185908,0
20190409,15.608,15.608,15.462,15.489,210813,0
20190410,15.498,15.581,15.47,15.507,147194,0
20190411,15.526,15.562,15.462,15.526,133894,0
20190412,15.59,15.598,15.48,15.498,120643,0
20190415,15.48,15.517,15.388,15.425,135961,0
20190416,15.425,15.554,15.388,15.498,160484,0
20190417,15.544,15.544,15.443,15.517,122627,0
20190418,15.498,15.534,15.443,15.47,108097,0
20190422,15.517,15.635,15.443,15.635,193841,0
20190423,15.598,15.745,15.571,15.736,157795,0
20190424,15.736,15.846,15.718,15.819,124680,0
20190425,15.782,15.782,15.534,15.663,161228,0
20190426,15.699,15.819,15.686,15.764,208659,0
20190429,15.745,15.809,15.686,15.708,157597,0
20190430,15.755,15.755,15.594,15.654,245734,0
20190501,15.681,15.777,15.626,15.645,275053,0
20190502,15.571,15.654,15.489,15.554,228063,0
20190503,15.554,15.618,15.242,15.261,289862,0
20190506,15.187,15.453,15.096,15.288,258783,0
20190507,15.224,15.42,15.205,15.288,211085,0
20190508,15.316,15.398,15.224,15.224,168477,0
20190509,15.187,15.224,14.986,15.133,329361,0
20190510,15.087,15.251,15.05,15.205,152290,0
20190513,15.214,15.251,15.077,15.105,224423,0
20190514,15.133,15.224,15.068,15.197,138714,0
20190515,15.214,15.233,15.123,15.169,159143,0
20190516,15.15,15.215,15.077,15.114,159118,0
20190517,15.004,15.006,14.775,14.831,358604,0
20190520,14.822,14.876,14.73,14.748,184194,0
20190521,14.812,14.839,14.694,14.711,219411,0
20190522,14.702,14.709,14.473,14.501,272988,0
20190523,14.465,14.547,14.409,14.528,249583,0
20190524,14.584,14.758,14.584,14.684,181591,0
20190528,14.738,14.775,14.556,14.584,246282,0
20190529,14.565,14.629,14.428,14.473,185100,0
20190530,14.473,14.537,14.163,14.245,255664,0
20190531,14.18,14.2,13.952,14.107,327554,0
20190603,14.136,14.483,14.136,14.473,231037,0
20190604,14.547,14.639,14.341,14.528,231960,0
20190605,14.574,14.574,14.309,14.446,144411,0
20190606,14.483,14.528,14.318,14.483,197057,0
20190607,14.501,14.528,14.346,14.437,149674,0
20190610,14.437,14.492,14.382,14.428,152782,0
20190611,14.446,14.501,14.364,14.418,156902,0
20190612,14.373,14.501,14.373,14.437,176895,0
20190613,14.437,14.547,14.418,14.51,153530,0
20190614,14.473,14.647,14.418,14.547,141289,0
20190617,14.574,14.649,14.528,14.592,227775,0
20190618,14.666,14.758,14.584,14.62,224325,0
20190619,14.666,14.822,14.602,14.802,210190,0
20190620,14.849,14.903,14.711,14.73,279197,0
20190621,14.684,14.758,14.657,14.748,329440,0
20190624,14.822,14.858,14.73,14.775,304190,0
20190625,14.849,14.867,14.702,14.758,251293,0
20190626,14.766,14.831,14.694,14.748,374573,0
20190627,14.776,14.918,14.71,14.9,292612,0
20190628,14.918,15.164,14.918,15.012,926017,0
20190701,15.012,15.107,14.918,14.956,228708,0
20190702,14.928,14.994,14.748,14.824,222016,0
20190703,14.786,14.928,14.786,14.908,75877,0
20190705,14.89,14.994,14.804,14.984,210913,0
20190708,14.966,15.069,14.89,14.936,148508,0
20190709,14.9,14.928,14.829,14.89,108012,0
20190710,14.928,15.012,14.862,14.89,147775,0
20190711,14.89,14.936,14.842,14.928,169899,0
20190712,14.928,15.06,14.9,14.974,196247,0
20190715,14.974,15.201,14.974,15.192,157831,0
20190716,15.164,15.267,15.069,15.144,161240,0
20190717,15.126,15.23,15.05,15.211,193189,0
20190718,15.182,15.23,15.107,15.144,125747,0
20190719,15.126,15.131,15.022,15.022,148128,0
20190722,15.088,15.192,15.003,15.192,101384,0
20190723,15.201,15.239,15.107,15.22,115156,0
20190724,15.182,15.315,15.126,15.296,159391,0
20190725,15.248,15.32,15.116,15.154,212600,0
20190726,15.192,15.333,15.144,15.315,162257,0
20190729,15.324,15.419,15.324,15.399,232800,0
20190730,15.381,15.523,15.343,15.513,157338,0
20190731,15.56,15.589,15.39,15.447,282784,0
20190801,15.437,15.551,15.326,15.428,234544,0
20190802,15.371,15.465,15.277,15.437,222184,0
20190805,15.447,15.447,15.069,15.22,377801,0
20190806,15.182,15.343,15.022,15.069,271832,0
20190807,14.956,15.116,14.824,15.069,259538,0
20190808,15.078,15.267,15.032,15.239,232776,0
20190809,15.201,15.315,15.078,15.164,152959,0
20190812,15.135,15.211,15.078,15.201,131481,0
20190813,15.258,15.266,15.135,15.164,130238,0
20190814,15.116,15.116,14.701,14.72,281288,0
20190815,14.701,14.786,14.616,14.72,150081,0
20190816,14.738,14.928,14.729,14.862,95150,0
20190819,14.918,15.107,14.842,14.928,184297,0
20190820,14.928,14.984,14.824,14.824,140564,0
20190821,14.758,14.796,14.455,14.503,197722,0
20190822,14.465,14.569,14.418,14.455,148158,0
20190823,14.484,14.635,14.371,14.408,253765,0
20190826,14.427,14.635,14.427,14.559,134763,0
20190827,14.616,14.625,14.163,14.173,262486,0
20190828,14.181,14.399,14.087,14.163,192215,0
20190829,14.257,14.257,14.031,14.069,175071,0
20190830,14.201,14.257,14.087,14.153,642776,0
20190903,14.125,14.21,14.049,14.181,232956,0
20190904,14.247,14.308,14.201,14.201,201125,0
20190905,14.285,14.493,14.239,14.342,253283,0
20190906,14.257,14.361,14.219,14.295,187038,0
20190909,14.257,14.588,14.229,14.521,222906,0
20190910,14.465,14.703,14.437,14.606,220760,0
20190911,14.672,14.767,14.578,14.738,259596,0
20190912,14.738,14.824,14.644,14.738,323437,0
20190913,14.824,15.022,14.72,14.956,327271,0
20190916,14.956,14.966,14.748,14.862,203965,0
20190917,14.842,14.842,14.682,14.767,121941,0
20190918,14.786,14.814,14.701,14.729,146646,0
20190919,14.767,14.87,14.729,14.729,264032,0
20190920,14.729,14.88,14.672,14.71,600494,0
20190923,14.758,14.847,14.729,14.804,212557,0
20190924,14.833,14.928,14.707,14.72,239306,0
20190925,14.72,14.862,14.72,14.833,209926,0
20190926,14.852,14.994,14.833,14.918,253755,0
20190927,14.908,14.947,14.714,14.753,252358,0
20190930,14.821,14.85,14.656,14.724,260793,0
20191001,14.724,14.801,14.52,14.568,180857,0
20191002,14.51,14.617,14.286,14.471,239324,0
20191003,14.403,14.52,14.257,14.354,318463,0
20191004,14.345,14.461,14.325,14.413,183917,0
20191007,14.354,14.558,14.345,14.442,223577,0
20191008,14.393,14.471,14.32,14.374,154106,0
20191009,14.374,14.422,14.315,14.315,159046,0
20191010,14.286,14.452,14.286,14.403,146142,0
20191011,14.461,14.568,14.452,14.49,188262,0
20191014,14.461,14.49,14.393,14.432,94091,0
20191015,14.432,14.571,14.432,14.481,118569,0
20191016,14.481,14.607,14.481,14.578,153349,0
20191017,14.626,14.743,14.597,14.714,163365,0
20191018,14.656,14.792,14.656,14.733,143550,0
20191021,14.733,14.85,14.733,14.831,111171,0
20191022,14.782,14.908,14.753,14.889,87847,0
20191023,14.889,14.986,14.859,14.986,93213,0
20191024,14.967,14.967,14.782,14.811,149596,0
20191025,14.782,14.811,14.665,14.665,80573,0
20191028,14.675,14.753,14.626,14.675,99280,0
20191029,14.675,14.908,14.656,14.899,154035,0
20191030,14.879,14.937,14.792,14.908,112616,0
20191031,14.996,15.21,14.785,15.2,266752,0
20191101,15.18,15.346,15.151,15.171,250442,0
20191104,15.239,15.239,15.131,15.21,197338,0
20191105,15.112,15.132,14.656,14.763,273758,0
20191106,14.753,14.947,14.694,14.899,194330,0
20191107,14.957,14.976,14.835,14.899,134242,0
20191108,14.84,15.093,14.821,14.967,223858,0
20191111,14.967,15.19,14.967,15.064,136364,0
20191112,15.074,15.18,15.064,15.083,119821,0
20191113,15.025,15.142,14.967,15.035,142747,0
20191114,15.035,15.083,14.947,14.986,117658,0
20191115,15.035,15.079,14.897,14.947,118364,0
20191118,14.918,15.015,14.908,14.947,99134,0
20191119,14.947,14.996,14.869,14.889,122670,0
20191120,14.889,14.899,14.763,14.792,143175,0
20191121,14.84,14.84,14.675,14.763,124465,0
20191122,14.733,14.811,14.679,14.772,133280,0
20191125,14.831,14.976,14.802,14.957,159181,0
20191126,14.957,15.054,14.908,14.957,203744,0
20191127,14.967,15.064,14.937,15.035,99310,0
20191129,14.976,15.151,14.976,15.132,68314,0
20191202,15.18,15.21,15.064,15.132,233494,0
20191203,15.093,15.268,15.064,15.248,213529,0
20191204,15.268,15.297,15.083,15.112,231207,0
20191205,15.18,15.2,15.083,15.103,166464,0
20191206,15.132,15.258,15.132,15.2,155997,0
20191209,15.112,15.219,15.112,15.18,182332,0
20191210,15.171,15.248,15.132,15.2,120558,0
20191211,15.142,15.278,15.142,15.258,152721,0
20191212,15.248,15.355,15.19,15.258,157149,0
20191213,15.258,15.307,15.142,15.2,201900,0
20191216,15.2,15.21,14.743,14.986,844408,0
20191217,14.976,15.166,14.976,15.142,282003,0
20191218,15.122,15.355,15.112,15.355,278099,0
20191219,15.404,15.404,15.312,15.404,232588,0
20191220,15.394,15.443,15.219,15.365,1277611,0
20191223,15.375,15.453,15.297,15.394,272109,0
20191224,15.404,15.491,15.336,15.443,119451,0
20191226,15.443,15.598,15.423,15.511,239956,0
20191227,15.55,15.569,15.453,15.54,396958,0
20191230,15.57,15.625,15.425,15.43,363903,0
20191231,15.44,15.53,15.3768,15.42,213082,0
20200102,15.42,15.47,15.26,15.43,297660,0
20200103,15.38,15.53,15.35,15.5,222329,0
20200106,15.44,15.62,15.43,15.52,179501,0
20200107,15.52,15.67,15.51,15.6,154230,0
20200108,15.58,15.64,15.54,15.54,105132,0
20200109,15.55,15.65,15.54,15.62,144156,0
20200110,15.57,15.74,15.57,15.73,149630,0
20200113,15.72,15.76,15.6696,15.75,127279,0
20200114,15.7,15.79,15.69,15.72,186592,0
20200115,15.72,15.845,15.72,15.75,189101,0
20200116,15.78,15.85,15.76,15.79,129339,0
20200117,15.83,15.84,15.76,15.78,141414,0
20200121,15.78,15.89,15.78,15.86,132714,0
20200122,15.88,15.9,15.82,15.83,276015,0
20200123,15.8,15.88,15.76,15.83,133841,0
