Date,Open,High,Low,Close,Volume,OpenInt
20120629,23.75,24.75,22.83,24.6,10922374,0
20120702,24.75,25.2,24.1,24.77,656652,0
20120703,24.85,25.32,24.6,25.31,401048,0
20120705,25.5,26.26,25.14,25.96,540959,0
20120706,25.75,26.12,25.1,25.84,355017,0
20120709,25.96,26.3,25.18,25.27,152336,0
20120710,25.22,25.69,25.05,25.05,303969,0
20120711,25.02,25.35,23.49,23.74,296479,0
20120712,23.3,24.47,22.62,24.08,325426,0
20120713,24.69,24.92,23.98,24.18,89055,0
20120716,24.08,24.56,23.8,24.38,118000,0
20120717,24.48,24.48,23.93,24.27,227454,0
20120718,24.43,24.69,24,24.23,103725,0
20120719,24.67,24.67,23.9,24,254456,0
20120720,24.04,25.23,23.9,25.23,260839,0
20120723,25.01,25.01,23.91,24.35,603333,0
20120724,24.83,25.96,24.6,24.84,291458,0
20120725,25.06,25.47,24.84,24.93,110704,0
20120726,24.93,25.35,24,24.42,157915,0
20120727,24.48,25.44,24.32,25.33,100051,0
20120730,25.25,25.45,25.05,25.39,84203,0
20120731,25.44,27.56,25.41,27,283931,0
20120801,27.32,27.98,26.76,27.71,111834,0
20120802,27.5,29.3,27,29.08,556879,0
20120803,29.43,31.43,28.58,28.67,430928,0
20120806,29,29.16,27.23,28.02,583736,0
20120807,28.3,28.75,27.79,28,197951,0
20120808,27.91,27.91,27.01,27.57,296624,0
20120809,27.48,30.02,27.3,29.51,135433,0
20120810,29.37,32,29.37,31.65,219939,0
20120813,32.03,32.55,31.72,32.43,214803,0
20120814,32.65,33.96,32.2,32.28,553200,0
20120815,32.11,32.11,29.47,29.68,467714,0
20120816,30.06,30.57,29.6,29.75,300501,0
20120817,30,30.04,29.44,29.6,389247,0
20120820,29.55,29.95,29.55,29.89,277662,0
20120821,30.19,30.61,29.95,30.26,196645,0
20120822,30.27,30.52,29.83,29.85,617755,0
20120823,29.93,30.67,28.81,29.03,292194,0
20120824,28.79,29.94,28.79,29.7,145544,0
20120827,29.7,31.31,29.13,29.27,259951,0
20120828,29.27,29.7,29.05,29.32,152466,0
20120829,29.39,29.79,29.25,29.49,116549,0
20120830,29.24,31,29.03,29.78,186469,0
20120831,30.24,31.5,29.92,31.1,285934,0
20120904,31.11,33.84,31.11,33.67,332776,0
20120905,33.66,34.33,33.01,34.19,331630,0
20120906,34.2,36.08,34.11,36.06,396188,0
20120907,36.5,37.31,35.62,36.55,410974,0
20120910,37,37,34.24,34.39,457263,0
20120911,34.8,35.17,32.84,33.01,288458,0
20120912,33.54,35.44,33.26,35.05,350491,0
20120913,35.13,38.32,34.71,37.51,460486,0
20120914,37.88,39.33,37.72,39.06,724049,0
20120917,39,39.77,38.03,38.19,812200,0
20120918,38.65,38.65,36.38,36.8,677909,0
20120919,36.88,38.73,36.84,38.65,406231,0
20120920,38.5,38.63,37.18,38,739402,0
20120921,38.48,39.83,38.1,39.63,353590,0
20120924,39.9,40.7,38.58,40.37,378688,0
20120925,40.9,41.77,39.61,39.99,605401,0
20120926,39.85,39.85,36.77,38.08,853831,0
20120927,38.4,40.33,38.4,40.04,478750,0
20120928,39.99,39.99,36.16,38.68,1582523,0
20121001,37.98,38.14,34.62,36.48,903815,0
20121002,36.07,36.75,35.59,36.5,586650,0
20121003,36.53,37.68,36.52,37.03,283021,0
20121004,36.7,37.2,36.7,37.15,145658,0
20121005,37.2,37.45,36.5,37,449418,0
20121008,36.6,36.66,35.97,36.53,251337,0
20121009,36.61,36.8,35.78,36,505221,0
20121010,35.95,36.06,34.62,34.78,445937,0
20121011,35.01,35.29,34.36,34.5,267280,0
20121012,34.83,34.83,32.89,33.32,597628,0
20121015,32.88,34.91,32.8,34.51,754758,0
20121016,34.64,34.64,33.7,34.31,503221,0
20121017,34.33,35.46,34.02,34.77,684487,0
20121018,34.77,34.88,34.5,34.79,261446,0
20121019,34.8,35.48,33.9,34.35,534525,0
20121022,34.45,34.5,32.54,33.44,721130,0
20121023,33.3,34.86,32.61,34.56,440020,0
20121024,34.56,35.77,34.04,35.65,604560,0
20121025,35.65,37.59,30.71,31.39,1953835,0
20121026,31.68,32.98,31.39,31.89,601641,0
20121031,32.11,32.74,30.12,30.65,568824,0
20121101,31.33,31.64,29.55,31.04,788599,0
20121102,31.23,32.73,30.61,32.14,450138,0
20121105,32.15,32.58,31.16,32.28,345074,0
20121106,32.41,33.53,32.18,32.95,462278,0
20121107,32.53,32.73,31,31.25,532631,0
20121108,30.87,31.59,30.68,30.9,287928,0
20121109,30.91,31.55,29.71,30.07,410199,0
20121112,30,30.99,29.52,29.66,537269,0
20121113,30.49,30.49,28.38,29.48,550938,0
20121114,30.39,30.6,28.15,28.71,502838,0
20121115,28.34,31.98,28.28,31.79,7050802,0
20121116,33.43,34.5,29.45,30.35,1798500,0
20121119,30.4,31.44,28.82,31.06,1238532,0
20121120,30.93,33.75,30.71,31.67,981112,0
20121121,31.03,32.17,29.88,31.18,1658445,0
20121123,31.18,31.2,30.51,30.77,186608,0
20121126,28.61,30.86,28.61,30.5,790776,0
20121127,30.53,30.8,29.2,30.3,1097389,0
20121128,30.52,31.38,29.98,31.21,446105,0
20121129,31.55,32.82,31.11,32.3,715710,0
20121130,32.23,33.02,31.08,32.63,2460351,0
20121203,31.38,32.65,31.16,32.04,1012190,0
20121204,31.98,32.39,29.75,30.19,1278964,0
20121205,30.49,30.49,28.52,29.41,1314772,0
20121206,29.39,29.65,29.09,29.47,651405,0
20121207,29.5,29.62,28.87,29.3,373809,0
20121210,29.42,29.75,29.25,29.45,190922,0
20121211,29.66,30.24,29.38,29.83,471831,0
20121212,30.03,31.28,29.41,30.63,834547,0
20121213,30.35,30.96,29.82,30.33,410263,0
20121214,30.29,30.94,30.02,30.54,373921,0
20121217,30.5,31.13,30,31.1,382731,0
20121218,31.01,33,31.01,32.63,833913,0
20121219,32.85,32.85,31.96,32.43,439369,0
20121220,32.25,32.85,32.25,32.83,343868,0
20121221,32.48,32.74,32.23,32.49,622505,0
20121224,32.24,32.57,30.9,31.66,677656,0
20121226,30.84,30.94,29.39,29.95,3430340,0
20121227,29.49,29.99,29.25,29.52,1234870,0
20121228,29.16,29.48,28.9,29.05,1106997,0
20121231,28.94,30.25,28.9,30.03,1247381,0
20130102,30.75,30.75,29.18,30.2,1525475,0
20130103,30.1,30.4,29.41,29.69,863018,0
20130104,29.8,29.84,28.96,29.02,1034356,0
20130107,28.54,29.1,27.02,27.36,2516970,0
20130108,27.36,27.61,25.61,26.2,2827068,0
20130109,26.35,26.67,25.54,26.37,1430339,0
20130110,26.45,26.62,26.15,26.46,691111,0
20130111,26.6,27.5,26.46,27.46,1133736,0
20130114,27.22,27.28,25.94,26.07,1047069,0
20130115,26.04,27.48,25.59,27.22,1239007,0
20130116,27.23,27.48,26.85,27.34,797919,0
20130117,27.42,27.78,27.25,27.6,953013,0
20130118,27.53,27.75,27.16,27.4,391963,0
20130122,27.16,27.72,26.83,27.62,905695,0
20130123,27.56,28.01,27.45,27.93,601500,0
20130124,27.64,29.59,27,29.52,1730080,0
20130125,29.54,31.5,29.39,31.1,1529790,0
20130128,30.76,31.47,30.72,31.25,944851,0
20130129,30.88,31.23,29.9,30.2,1110993,0
20130130,30.07,30.5,28.57,28.97,2501962,0
20130131,27.75,30.5,27.65,27.72,3540636,0
20130201,26.33,28.84,25.71,28.07,8243387,0
20130204,28,29.15,27.7,28.96,1650242,0
20130205,28.9,29.92,28.61,29.78,1909688,0
20130206,29.36,29.78,29.36,29.72,757322,0
20130207,29.42,29.45,28.58,29.42,1065994,0
20130208,29.35,29.83,29.24,29.83,1021258,0
20130211,29.75,29.75,29.15,29.55,721366,0
20130212,29.5,29.75,29.04,29.25,679215,0
20130213,29,29.89,28.7,29.78,2704707,0
20130214,30.63,33.21,30.4,32.88,5687739,0
20130215,33,34.12,32.34,33.86,3513390,0
20130219,33.66,34.33,32.86,33.46,3227865,0
20130220,33.4,33.92,32.84,32.96,1475926,0
20130221,32.13,32.9,31.14,31.54,2572411,0
20130222,31.45,33.86,31.11,33.48,2128899,0
20130225,33.48,33.75,32,32.17,1357574,0
20130226,31.88,32.11,30.89,31.25,2125433,0
20130227,31.59,33.63,31.26,32.2,1950699,0
20130228,32.14,32.55,31.78,32.47,937468,0
20130301,32.06,33.01,31.69,32.79,1562298,0
20130304,32.48,33.78,32.48,33.68,1298654,0
20130305,33.65,36.82,33.33,36.57,3713928,0
20130306,36.41,37.47,35.72,36.95,2400679,0
20130307,36.82,37,36.45,36.77,572119,0
20130308,36.79,36.95,36.33,36.66,610778,0
20130311,36.91,37.14,35.72,37,1185091,0
20130312,37,38.22,37,37.83,1856652,0
20130313,37.88,38.18,37.01,37.61,996600,0
20130314,37.83,37.87,36.57,37.45,1129556,0
20130315,37.58,37.75,37.09,37.1,1552013,0
20130318,36.64,36.64,35.4,35.63,1541037,0
20130319,35.77,36.03,34.39,34.46,1187341,0
20130320,35.36,35.44,34.44,34.76,877906,0
20130321,34.6,36.17,34.44,36,1497838,0
20130322,36.31,36.49,35.83,36.27,723317,0
20130325,36.38,36.51,35.74,36.05,472902,0
20130326,36.35,36.39,35.68,36.14,583549,0
20130327,36.12,36.69,35.93,36.21,608468,0
20130328,36.74,37.24,35.92,36.2,744062,0
20130401,36.49,36.5,34.78,35.23,1391364,0
20130402,36.04,36.06,35.32,35.71,839655,0
20130403,35.64,35.81,33.95,34.53,1100532,0
20130404,34.45,35.14,34.15,35.05,721045,0
20130405,34.28,35.2,34.28,35.17,543711,0
20130408,35.24,35.59,35.07,35.55,716381,0
20130409,35.51,36.13,35.29,35.76,601101,0
20130410,35.69,35.97,35.25,35.85,764896,0
20130411,35.67,35.8,34.86,34.99,866955,0
20130412,35.05,35.57,34.76,35.19,1170675,0
20130415,34.98,35.54,34.64,34.94,740371,0
20130416,35.04,36.94,34.95,36.35,1439244,0
20130417,35.83,36.09,34.98,35.63,693618,0
20130418,35.81,36.51,35.46,36.07,1248032,0
20130419,36.32,37.85,36.11,36.29,1629144,0
20130422,36.27,36.87,35.99,36.67,903247,0
20130423,37,38.38,36.85,37.33,1934575,0
20130424,37.51,38.21,37.42,37.62,1159899,0
20130425,40.07,43.99,39.76,43.39,6030135,0
20130426,43.1,43.3,41.85,42.51,2807833,0
20130429,42.4,43.01,42.07,42.09,1030090,0
20130430,41.96,41.97,40.27,40.96,1780145,0
20130501,40.75,40.77,38.65,38.8,2944545,0
20130502,39.71,40.17,38.7,39.14,1312634,0
20130503,39.73,41,38.69,40.95,1527196,0
20130506,41,41,39.95,40.4,723593,0
20130507,40.58,40.58,39.01,39.52,1846599,0
20130508,39.62,40.25,39.29,39.58,1441400,0
20130509,39.26,39.6,38.52,38.85,1895091,0
20130510,38.54,40.22,38.31,38.99,2530160,0
20130513,39.22,40.14,39.05,39.47,1559502,0
20130514,39.45,40.34,39.43,40.24,2501168,0
20130515,40.08,40.98,40.03,40.53,2086834,0
20130516,40.6,41.08,39.65,39.9,1867489,0
20130517,39.75,40.48,39.44,40.39,1419734,0
20130520,40.48,41,39.96,40.31,1829090,0
20130521,40.13,40.39,39.26,40.04,1205931,0
20130522,40.06,40.98,38.1,38.42,1375630,0
20130523,37.72,38.24,36.5,37.65,1123594,0
20130524,37.66,37.86,37.05,37.81,671318,0
20130528,38.57,38.88,37.25,37.31,624476,0
20130529,36.79,37.07,35.21,36.72,2483287,0
20130530,36.84,37.67,36.61,36.77,1360346,0
20130531,36.4,37.17,36.15,36.76,1116405,0
20130603,36.54,36.77,35.91,36.75,1744551,0
20130604,36.89,37.31,35.89,36.09,973104,0
20130605,35.99,36.1,35.62,35.91,783820,0
20130606,35.79,36.75,35.58,36.74,646058,0
20130607,37,39.23,36.61,39.16,1598751,0
20130610,39.34,39.76,38.95,39.65,1532022,0
20130611,39.44,40.24,38.9,39.95,2812188,0
20130612,40.34,40.49,38.23,38.37,2877456,0
20130613,38.33,38.33,35.9,37.93,2043375,0
20130614,37.92,38.3,37.24,37.25,645753,0
20130617,37.76,38.18,37.46,38.04,812868,0
20130618,38.37,38.44,37.23,37.67,1359900,0
20130619,37.78,39.61,37.78,38.69,1614868,0
20130620,38.31,38.52,37.78,38.33,1137043,0
20130621,38.86,39.28,37.61,39.24,1676949,0
20130624,38.92,40.02,38.12,39.43,1700522,0
20130625,39.75,40.01,39.04,39.6,905724,0
20130626,40,41,39.82,40.89,1638822,0
20130627,41,41.4,40.19,40.93,2105140,0
20130628,40.86,41.35,40.21,40.39,4740479,0
20130701,40.21,41.4,39.83,40.79,1504944,0
20130702,40.79,41.29,40.53,41.21,1037346,0
20130703,40.93,41.82,40.93,41.74,1015155,0
20130705,41.77,43.34,41.68,43.31,1393842,0
20130708,43.14,44,42.79,42.87,1540328,0
20130709,43.05,43.45,42.18,43.29,1120643,0
20130710,42.98,44,42.89,43.47,948078,0
20130711,44.02,44.81,43.9,44.43,1840405,0
20130712,44.84,46.54,44.82,45.46,3342527,0
20130715,45.43,45.92,44.96,45.26,959869,0
20130716,45.31,45.38,43.91,43.99,1891182,0
20130717,44.36,44.62,43.7,43.73,1135474,0
20130718,43.73,45.07,43.53,44.84,1359531,0
20130719,44.55,44.55,43.84,43.89,718128,0
20130722,44,44.01,43.62,43.83,787051,0
20130723,44,44,43.41,43.52,671607,0
20130724,43.95,44.94,43.95,44.54,1067711,0
20130725,44.47,45.57,44.47,45.38,807436,0
20130726,45.09,45.29,44.05,44.14,712979,0
20130729,44.1,44.62,43.6,43.75,889802,0
20130730,43.75,43.91,42.89,43.21,1061061,0
20130731,43.29,43.91,43.16,43.58,1652124,0
20130801,46.09,47.43,42.57,46.4,4927347,0
20130802,45.6,46,45.19,45.62,3912574,0
20130805,45.36,45.36,43.91,44.01,1146878,0
20130806,43.5,43.68,41.93,42.3,2022355,0
20130807,42.24,42.31,41.35,41.64,1371871,0
20130808,41.71,42.88,41.33,42.68,928916,0
20130809,42.6,42.96,42.17,42.49,1123300,0
20130812,41.9,43,41.77,42.06,964475,0
20130813,42.16,42.16,41.35,41.59,690683,0
20130814,41.59,43.56,41.53,43.51,1712350,0
20130815,42.92,43.61,42.68,43.61,1890947,0
20130816,43.69,44.61,43.32,44.47,2291121,0
20130819,44.35,44.38,43.66,43.88,1747441,0
20130820,43.72,44.61,43.52,44.48,895767,0
20130821,44.2,46.03,44.02,45.46,3527247,0
20130822,45.14,46.6,45.04,45.56,1814773,0
20130823,45.45,46.27,45.45,45.74,1788446,0
20130826,45.82,47.83,45.58,47.35,2248969,0
20130827,46.72,46.72,45.61,46.08,1731510,0
20130828,46.46,46.83,45.87,46.43,1026767,0
20130829,45.92,47.03,45.9,47,766858,0
20130830,46.9,47.05,45.98,46.88,2180021,0
20130903,47.1,47.64,46.41,46.9,1931287,0
20130904,47.6,47.6,46.12,47.2,1213111,0
20130905,47.25,48.09,46.8,47.6,1251117,0
20130906,47.81,48,46.52,46.95,1980283,0
20130909,47.02,49.47,46.61,49.14,1801635,0
20130910,49.3,49.97,49.15,49.88,927188,0
20130911,49.86,50.27,49.55,49.89,1185110,0
20130912,50,50.35,49.41,49.45,1246351,0
20130913,49.44,49.55,47.34,48.79,1667086,0
20130916,48.96,49.85,48.22,48.75,1324390,0
20130917,48.62,49.41,48.62,49.34,1454753,0
20130918,50.67,51.65,50.44,51.22,2185496,0
20130919,51.4,51.75,51.08,51.57,990212,0
20130920,51.63,52.26,51.26,52.23,3878295,0
20130923,52,52.39,51.5,51.82,1414366,0
20130924,51.72,53.11,51.57,52.59,1065334,0
20130925,52.68,53.11,52.18,52.35,1009900,0
20130926,52.58,52.78,52.13,52.39,1147424,0
20130927,52.44,53,52.36,52.52,838420,0
20130930,52.1,52.34,51.17,51.95,1383145,0
20131001,51.6,51.89,50.61,51.49,1288635,0
20131002,51.35,52.42,51.21,52.27,1158196,0
20131003,52.39,52.9,51.56,52.15,1512797,0
20131004,53.09,55.46,52.81,54.43,1688824,0
20131007,54.26,55.46,53.14,53.25,1235713,0
20131008,53.06,53.06,47.64,48.91,4258244,0
20131009,48.92,49.08,47.37,48.08,1583189,0
20131010,49.05,51.82,48.7,51.6,1422388,0
20131011,51.65,51.89,50.88,51.59,726757,0
20131014,51.18,52.9,50.77,51.9,716454,0
20131015,51.92,51.92,49.68,49.69,1080686,0
20131016,50.11,52.3,50.04,51.85,1204948,0
20131017,51.57,52,50.88,51.71,1325430,0
20131018,52.15,52.38,51.24,51.83,636898,0
20131021,52.68,54.04,52.68,53.88,1108656,0
20131022,54.22,54.57,52.59,54.08,1281810,0
20131023,54,54,52.5,52.96,1418262,0
20131024,54.75,58.41,54.75,58.37,3032544,0
20131025,57.55,57.8,56.05,56.69,2050901,0
20131028,56.6,56.94,54.68,54.84,1122317,0
20131029,54.81,55.49,53.93,54.05,1179379,0
20131030,54.03,55.17,53.7,54.1,1058085,0
20131031,54.17,54.92,52.82,54.61,972200,0
20131101,54.22,54.51,53.01,53.81,1217870,0
20131104,54.14,54.41,53.71,54.16,1058534,0
20131105,54.16,56.36,53.92,55.36,1294652,0
20131106,55.03,55.35,51.8,53.73,2555604,0
20131107,54.14,54.42,51.52,51.79,3767006,0
20131108,51.53,52.99,51.2,51.86,1963021,0
20131111,51.82,52.49,51.71,51.96,1141227,0
20131112,52,52.81,51.5,52.35,1389308,0
20131113,52,53.57,51.54,53.54,1145027,0
20131114,53.37,53.86,52.41,52.62,1126311,0
20131115,53.05,53.49,52.63,53.1,765779,0
20131118,53.27,53.68,51.43,51.66,1130052,0
20131119,52.01,52.75,51.08,51.85,2327401,0
20131120,51.84,52.52,50.54,51.15,1457035,0
20131121,51.64,52.89,51.14,52.84,1227251,0
20131122,53.25,55.82,52.84,55.42,2571309,0
20131125,55.49,55.5,52.17,52.61,1833010,0
20131126,53.22,55.06,52.64,54.5,7598271,0
20131127,54.45,54.46,53.4,53.76,740584,0
20131129,53.96,54.44,52.42,53.11,589921,0
20131202,53.2,53.25,51.9,52.34,1120620,0
20131203,52.06,52.53,51.72,51.98,638293,0
20131204,51.52,53.32,51.52,53.2,1353981,0
20131205,52.96,54.06,52.49,53.49,1093766,0
20131206,54.14,54.29,52.53,52.71,861403,0
20131209,52.98,53,51.22,51.63,1604881,0
20131210,50.9,51.35,50.74,50.86,1300153,0
20131211,50.99,51.18,49.31,49.35,1813895,0
20131212,49.35,49.59,48.22,49,2265531,0
20131213,49.49,50.84,49.25,50.53,1928554,0
20131216,51.02,51.99,50.62,51.37,1842337,0
20131217,51.1,51.61,50.78,51.43,1238923,0
20131218,51.53,51.88,50.16,51.01,1104845,0
20131219,50.83,51.55,50.15,50.84,1157467,0
20131220,51.23,54.27,51.11,54.21,3200897,0
20131223,54.75,55.84,54.63,55.24,1538099,0
20131224,54.84,55.22,54.44,55.05,435167,0
20131226,54.94,55.13,54.53,55.07,449930,0
20131227,55.21,55.63,55.02,55.5,606284,0
20131230,55.53,55.67,55.23,55.51,748316,0
20131231,55.39,56.04,55.39,56.01,422940,0
20140102,55.57,56.71,55.15,55.69,917422,0
20140103,54.67,55.7,54.36,55.18,668053,0
20140106,55.1,56.47,55.1,55.73,1143779,0
20140107,56.07,58.85,56.04,57.78,2306254,0
20140108,58.26,59.08,57.55,57.89,1544901,0
20140109,58.9,59.08,57.45,57.66,1800095,0
20140110,58.02,59.5,57.51,59.38,1290783,0
20140113,59.68,59.98,56.76,57.09,1978781,0
20140114,57.45,58.04,56.45,57.63,1432911,0
20140115,58,60.49,58,60.31,1530503,0
20140116,60,62.23,59.69,61.89,1533023,0
20140117,61.67,63.04,61.58,62.05,1199039,0
20140121,62.5,62.77,60.65,60.8,1688640,0
20140122,60.8,61.68,60.49,61.48,932346,0
20140123,61.09,62.48,60.65,62.46,795625,0
20140124,62.59,62.82,58.06,58.56,1954727,0
20140127,59.06,59.17,56.07,58,2477098,0
20140128,58.27,59.49,57.99,58.96,1527549,0
20140129,58.19,58.22,56.44,57.6,2003178,0
20140130,68.45,70.48,65.27,65.61,6921904,0
20140131,63.99,64.69,62.31,63.43,3252788,0
20140203,63.07,65.19,61.46,62.96,2942191,0
20140204,63.61,64.63,63.14,64.15,2261891,0
20140205,64.53,64.69,61.87,63.53,1993453,0
20140206,63.68,63.91,61.99,62.65,1540199,0
20140207,62.02,67.71,62.02,66.29,2967332,0
20140210,65.96,66.08,65.21,65.84,1523961,0
20140211,65.5,66.53,65.04,66.13,861955,0
20140212,66.18,66.84,65.51,66.19,817182,0
20140213,65.39,68.48,65.14,67.65,1211621,0
20140214,67.55,68,66.67,67.53,972304,0
20140218,67.11,67.89,67,67.52,1267742,0
20140219,67.28,67.46,66.02,66.75,817664,0
20140220,67,67.38,66.04,67.08,790296,0
20140221,67.45,71.1,67.23,69.28,2324192,0
20140224,68.88,69.85,68.51,68.9,930726,0
20140225,69,69.3,67.81,68.76,886425,0
20140226,68.63,70.42,68.2,68.68,1377859,0
20140227,68.92,71.8,68.92,70.12,2123053,0
20140228,69.69,70.2,65.78,68.06,1804374,0
20140303,66.31,67.98,65.58,67.95,1638195,0
20140304,68.78,71.34,68.74,70.81,1780777,0
20140305,70.72,71.46,69.43,70.03,1322575,0
20140306,70.25,70.4,68.33,68.57,1450596,0
20140307,69.25,69.32,66.26,67.14,1373779,0
20140310,66.94,67.22,65.41,66.9,1529832,0
20140311,67.18,68.18,66.23,66.94,1214781,0
20140312,66.44,68.99,65.8,68.82,1223713,0
20140313,69.29,69.41,66.01,67.74,1233112,0
20140314,67.64,68.04,66.07,66.18,1150727,0
20140317,66.8,67.97,66.35,66.99,751149,0
20140318,67.08,69.45,66.51,68.46,1337254,0
20140319,68.46,68.89,67,67.44,825690,0
20140320,66.87,68.58,66.43,66.6,1109620,0
20140321,66.64,66.64,62.53,62.56,2996497,0
20140324,62.63,63.06,59.58,61.54,2764718,0
20140325,61.8,62.25,57.57,59.21,3398905,0
20140326,60,60.71,57.39,57.55,1893200,0
20140327,57.2,59.25,55.14,59.01,3132207,0
20140328,59.28,59.69,57.8,57.91,1526377,0
20140331,58.38,59.95,57.86,59.92,1877135,0
20140401,60.07,62.55,59.71,62.53,2254090,0
20140402,63.23,63.96,60.5,61.27,1637216,0
20140403,61.08,61.33,53.77,54.68,5284710,0
20140404,55.5,55.8,51.87,52.32,5890275,0
20140407,51.75,52.68,49.21,50.94,4198719,0
20140408,51.21,52.25,50.26,50.86,8369284,0
20140409,52.1,55,51.15,54.88,4494518,0
20140410,54.74,54.89,49.84,50.63,4070316,0
20140411,49.91,50.84,49.1,49.67,2564341,0
20140414,50.12,51.14,48.8,49.65,2130497,0
20140415,49.94,51.99,48.63,51.71,2538079,0
20140416,52.12,53.51,50.95,53.29,3210096,0
20140417,53.15,53.97,51.9,53.26,1716059,0
20140421,52.1,53.37,51.3,53.15,1806867,0
20140422,53.47,55.33,53.16,55.23,2329320,0
20140423,55.09,55.15,52.52,53.07,3321074,0
20140424,54.7,54.7,45.07,49.88,10449438,0
20140425,49.59,49.86,47.04,47.23,4431647,0
20140428,47.6,49.08,44.17,46.42,5747366,0
20140429,46.4,50.42,46.4,49.17,4090021,0
20140430,49.15,50.1,47.84,49.72,3084026,0
20140501,49.25,53.04,49.02,50.48,3002449,0
20140502,50.73,51.94,49.32,51.18,2653418,0
20140505,50.56,52.24,49.82,52.22,2522528,0
20140506,52.24,52.74,49.46,49.49,2199713,0
20140507,49.64,49.74,45.53,47.06,6097295,0
20140508,46.49,48.17,45.67,46.74,3065195,0
20140509,46.5,47.53,45.87,46.46,2414659,0
20140512,46.83,48.94,46.08,48.51,2208986,0
20140513,48.28,49,47.31,47.33,1920261,0
20140514,47.17,48.75,46.81,47.57,1195656,0
20140515,47.19,48.04,45.96,47.82,2179349,0
20140516,48,48.11,46.34,47.39,2116772,0
20140519,47.18,48.93,46.8,48.4,1605413,0
20140520,48.4,49.26,47.01,48.49,1716616,0
20140521,48.63,49.43,47.7,48.37,1192490,0
20140522,48.43,50.81,48,50.44,1715997,0
20140523,50.5,52.96,49.86,52.53,2624243,0
20140527,52.75,54.45,52.6,54.3,3130886,0
20140528,54.21,54.38,52.13,53.81,3027946,0
20140529,53.98,54.78,53.52,54.39,1646682,0
20140530,54.06,54.36,51.51,52.31,2385137,0
20140602,52.33,52.34,49.46,50.26,3069076,0
20140603,49.9,50.75,48.67,50.41,2854196,0
20140604,50.1,51.42,49.28,51.39,1398711,0
20140605,51.43,53.98,50.79,53.89,2883476,0
20140606,54.07,56.99,53.91,56.61,3493324,0
20140609,56.77,57.49,55.64,55.94,1554711,0
20140610,56.17,56.85,54.95,55.97,1235100,0
20140611,55.82,57.85,55.22,57.8,1763265,0
20140612,57.23,58.9,56.24,57.48,2378429,0
20140613,57.56,59.21,56.96,59.2,1869062,0
20140616,58.96,60.12,58.36,59.96,1630235,0
20140617,59.76,60.43,58.87,60,1787368,0
20140618,60.26,60.71,59.25,60.52,1266559,0
20140619,60.75,60.75,59.21,60.02,1036719,0
20140620,60.2,60.52,59.09,60.47,1214393,0
20140623,60.07,61.3,59.52,61.23,1542678,0
20140624,60.94,62.81,60.94,61.09,1353394,0
20140625,60.89,62.02,60.6,61.93,885292,0
20140626,61.78,62.18,60.83,61.63,1235869,0
20140627,61.51,62.51,60.65,61.4,4465733,0
20140630,61.4,62.34,61.4,61.96,1523099,0
20140701,62.36,64.61,62.19,63.58,2411750,0
20140702,63.17,63.48,61.7,62.12,1193100,0
20140703,62.33,62.33,61.19,61.6,598146,0
20140707,61.33,61.71,59.67,59.93,1308961,0
20140708,59.64,59.73,55.52,55.88,3241249,0
20140709,56.17,56.88,55.31,56.64,1249415,0
20140710,55.68,58.3,54.12,57.5,1511745,0
20140711,57.59,58.02,56.29,57.02,1025836,0
20140714,57.72,59,57.08,57.55,1067819,0
20140715,57.67,58.15,55.77,56.02,1432765,0
20140716,56.65,57.16,55.62,56.32,1174742,0
20140717,55.95,57.22,55.95,56.61,2246734,0
20140718,56.94,58.41,56.85,57.52,1457973,0
20140721,57.03,59.04,56.69,58.88,1513650,0
20140722,59.28,60.31,58.36,58.55,1358242,0
20140723,59.08,59.17,57.87,58.23,976316,0
20140724,58.37,59.62,58.12,59.43,1168671,0
20140725,59.02,59.98,58.52,59.73,654031,0
20140728,59.56,59.97,57.65,58.33,2003642,0
20140729,58.27,59.85,57.88,59.7,1222178,0
20140730,60,63.17,59.72,62.64,3375190,0
20140731,57.37,61.45,57.06,58.8,3004535,0
20140801,58.35,59.05,56.03,56.67,1959752,0
20140804,56.83,57.93,56.47,57.71,1196467,0
20140805,57.06,58.11,56.42,56.63,1166539,0
20140806,56.04,56.69,55.19,55.37,1617547,0
20140807,55.77,56.16,54.89,55.36,1035978,0
20140808,55.77,55.77,54.51,55,1057876,0
20140811,55.41,56.07,54.89,55.99,801749,0
20140812,56,56.27,54.35,54.61,928365,0
20140813,55,55.39,54.53,55.31,1439353,0
20140814,55.41,55.47,54.56,54.89,725711,0
20140815,55.1,55.46,54.11,54.7,937433,0
20140818,55.35,56.1,55.22,56,1456196,0
20140819,56.14,57.78,56.14,57.71,1740805,0
20140820,57.81,58.52,57.14,57.53,1246232,0
20140821,57.64,57.93,56.57,56.9,833457,0
20140822,56.97,60.4,56.62,59.62,2087456,0
20140825,60,60,58.47,58.82,994297,0
20140826,58.88,59.99,58.22,59.73,1039000,0
20140827,60.11,60.67,59.56,60.08,1346256,0
20140828,60,60,59.36,59.53,884704,0
20140829,59.78,61.58,59.76,61.13,1675914,0
20140902,61.27,62.88,60.51,62.85,1575306,0
20140903,63.32,63.75,62.26,62.74,1521701,0
20140904,62.8,62.99,60.89,61.26,1121414,0
20140905,61.21,62.68,60.68,62.47,883329,0
20140908,62.75,64.98,62.72,64.31,1961649,0
20140909,63.84,63.97,61.96,62.23,1199914,0
20140910,62.2,62.66,61.44,62.48,1483282,0
20140911,62.25,63.39,61.63,63.36,1506014,0
20140912,63.15,63.16,61.14,61.61,1459768,0
20140915,62.43,62.43,57.89,58.98,1442334,0
20140916,58.46,60.26,58.2,59.91,1523292,0
20140917,59.8,61.47,59.69,61.01,1417935,0
20140918,61.02,61.45,60.23,61.31,853390,0
20140919,61.97,63.67,61.64,62.34,3001285,0
20140922,61.96,61.96,60.11,60.6,866771,0
20140923,60.23,60.68,59.16,59.17,1230872,0
20140924,59.17,60.36,58.88,60.07,874527,0
20140925,59.96,60.15,58.25,58.4,933357,0
20140926,58.43,59.79,58.31,59.56,614732,0
20140929,58.9,59.8,58.74,59.79,530798,0
20140930,59.86,60.22,58.17,58.78,1109813,0
20141001,58.49,58.49,56.6,57.3,1079011,0
20141002,57.44,58.09,55.8,57.92,875111,0
20141003,58.25,60.38,58.21,60.29,1000482,0
20141006,60.25,61.89,59.96,60.53,1109561,0
20141007,60.05,60.05,57.72,57.82,713632,0
20141008,57.99,59.51,56.3,59.36,801660,0
20141009,59.28,60.81,58.34,58.36,1275670,0
20141010,57.91,58.66,56.47,56.47,1019894,0
20141013,56.83,57.52,54.11,54.2,1941068,0
20141014,54.93,56.48,54.13,56.03,1943066,0
20141015,54.79,57.97,54.05,57.4,1269597,0
20141016,55.87,58.2,55.56,57.25,1208872,0
20141017,58.24,61.1,57.75,60.38,1557231,0
20141020,60.23,61.13,58.93,59.28,1046322,0
20141021,59.62,61.3,59.54,60.48,1519183,0
20141022,60.48,60.67,57.87,58.07,1798790,0
20141023,59.75,65.48,59.52,64.54,5352417,0
20141024,63.9,66.49,63.7,65.45,2327166,0
20141027,65.14,65.44,63.97,64.09,1145486,0
20141028,64.49,67.15,64.21,66.97,1629132,0
20141029,66.84,66.97,64.95,65.03,1240569,0
20141030,64.69,66.94,63.86,66.42,1119991,0
20141031,67.46,69.87,67.19,67.93,1712333,0
20141103,67.44,67.99,66.01,66.21,1289813,0
20141104,66.13,67.08,65.96,66.88,838997,0
20141105,67.15,67.24,65.24,65.55,922001,0
20141106,65.69,67.51,65.62,66.85,1408968,0
20141107,66.66,68.28,66.12,67.79,771728,0
20141110,67.4,69.34,67.09,68.91,1335740,0
20141111,68.62,69,67.94,68.15,809465,0
20141112,67.77,68.64,67.35,67.68,1247630,0
20141113,67.62,68.26,66.51,66.97,773109,0
20141114,66.77,67.61,66.51,67.51,614362,0
20141117,67.01,67.4,64.37,65.32,1129535,0
20141118,65.21,65.98,64.62,64.98,919149,0
20141119,64.94,65.07,62.69,63.72,802579,0
20141120,63.28,64.6,62.69,64.13,1194901,0
20141121,64.82,65.75,63.74,63.98,924079,0
20141124,64.36,64.57,63.51,63.97,924979,0
20141125,63.9,63.98,62.76,62.98,848932,0
20141126,63.02,64.55,62.86,63.97,830209,0
20141128,63.44,64.66,62,63.96,478477,0
20141201,63.36,63.44,61.16,61.85,1114264,0
20141202,61.59,61.98,60.48,61.73,1429700,0
20141203,61.67,62.1,60.58,61.83,1124047,0
20141204,61.4,62.68,61.15,62.5,890313,0
20141205,62.66,62.81,61.98,62.63,767694,0
20141208,61.99,63.24,61.32,61.69,1136449,0
20141209,60.63,62.18,59.58,62.03,724990,0
20141210,62.53,63.48,60.97,61.26,1409498,0
20141211,61.89,62.58,61.15,61.35,923921,0
20141212,60.75,61.83,60.51,61.25,1216581,0
20141215,62.75,63.8,62.09,63.44,1606445,0
20141216,63.9,65.44,62.65,63.58,1760117,0
20141217,64.05,66.02,63,65.69,1321841,0
20141218,66.75,68.12,66.68,68.08,1467100,0
20141219,68.22,69.34,68.05,69.1,1560661,0
20141222,69,70.54,68.99,69.71,1003743,0
20141223,70,70.64,69.52,69.57,976846,0
20141224,69.61,70.45,69.33,69.69,269751,0
20141226,69.77,70.9,69.53,70.12,386804,0
20141229,69.96,69.96,68.25,68.86,462008,0
20141230,68.45,69.17,67.09,67.88,809751,0
20141231,67.94,68.93,67.62,67.85,573883,0
20150102,67.81,68.49,66.27,67.38,815825,0
20150105,66.57,68.37,66.43,67.15,800527,0
20150106,67.18,67.87,65.17,66.33,857475,0
20150107,66.91,67.47,66,67.09,622984,0
20150108,67.87,69.08,67.44,68.89,640288,0
20150109,69.28,69.28,66.23,67.11,1037125,0
20150112,67.12,68.44,66.5,68.19,799564,0
20150113,67.8,69.44,66.46,67.27,628353,0
20150114,66.4,66.6,65.42,66.34,755558,0
20150115,66.69,66.69,63.44,63.63,1017586,0
20150116,63.62,64.21,63.1,63.96,837187,0
20150120,63.84,65.05,62.55,64.83,874524,0
20150121,64.71,66.84,64.37,65.52,755601,0
20150122,66.19,66.55,64.57,66.14,490190,0
20150123,66.59,69.5,66.55,68.74,1029797,0
20150126,68.7,68.7,66.5,68.01,883389,0
20150127,67.26,68.18,66.41,67.91,879654,0
20150128,68.5,70.21,66.94,68.91,2576230,0
20150129,73.05,74.35,70.04,73.88,3751975,0
20150130,72.61,73.45,70.5,72.9,2233462,0
20150202,72.33,73,70.07,72.99,2084767,0
20150203,72.99,73.44,71.73,72.65,1335892,0
20150204,72.05,74.75,71.96,74.61,1608777,0
20150205,74.9,75.27,73.79,74.22,1549703,0
20150206,73.92,75.15,73.36,74.94,1053836,0
20150209,74.27,74.65,72.77,72.88,930630,0
20150210,73.13,73.54,72.55,73.32,1147954,0
20150211,72.82,74,72.46,73.88,1039807,0
20150212,73.88,75.97,73.85,75.95,1488855,0
20150213,76.41,77.64,74.99,77.55,1470870,0
20150217,77.12,77.25,75.46,76.88,949655,0
20150218,77,77.72,76.1,77.48,871186,0
20150219,77.38,78.99,77.07,78.16,1057631,0
20150220,77.91,79.3,77.52,79.06,1004251,0
20150223,78.77,79.37,78.36,78.67,1124221,0
20150224,78.78,79,77.93,78.75,1156504,0
20150225,78.17,79.41,78.07,79.03,1422967,0
20150226,80.01,81.24,78.86,79.53,1960209,0
20150227,79.2,79.2,75.95,76.26,3541960,0
20150302,75.97,76.8,75.13,76.44,1382500,0
20150303,76.12,76.94,74.61,75.45,1148000,0
20150304,74.97,75.06,73.37,73.6,1190300,0
20150305,73.6,75.44,73.45,74.7,1052100,0
20150306,74.28,75.29,73.52,74.06,907300,0
20150309,74,74.32,72.42,74.24,721600,0
20150310,73.6,74.07,72.61,73.59,873500,0
20150311,73.75,74.81,73.44,74.24,710200,0
20150312,74.35,76.66,74.24,76.66,1781300,0
20150313,76.62,77.3,75.97,76.92,1116600,0
20150316,77.26,79.18,76.95,78.65,1212800,0
20150317,79.17,80.15,78.9,79.9,1569000,0
20150318,80,81,79.06,80.05,1126000,0
20150319,79.88,80.99,79.85,80.46,702200,0
20150320,80.54,81,79,79.38,1304900,0
20150323,79.37,79.82,78.76,79.28,570200,0
20150324,79.24,80.39,79.05,79.25,654900,0
20150325,79.49,79.49,76.11,76.2,1430900,0
20150326,75.56,77.68,75,77.03,1620900,0
20150327,77.31,78.8,76.9,78.47,782500,0
20150330,78.96,80,78.83,79.44,611600,0
20150331,79.26,80.04,78.61,78.78,975000,0
20150401,78.55,78.77,75.13,75.65,1987600,0
20150402,75.75,76.23,75.14,76.12,1129200,0
20150406,76.93,79.1,75.98,78.24,1790000,0
20150407,78.69,79.95,78.32,78.47,842051,0
20150408,78.76,81,78.76,80.84,1137300,0
20150409,80.72,81.9,79.78,81.74,872934,0
20150410,81.77,82.36,81.11,82.34,698800,0
20150413,82.79,83.52,80.66,80.73,1218500,0
20150414,80.74,81.09,79.51,80.2,1003500,0
20150415,80.46,80.95,79.71,80.75,1159437,0
20150416,80.36,83.45,80.31,82.84,4304118,0
20150417,74.8,74.99,70.32,73.29,13045700,0
20150420,73.6,75.66,72.78,74.64,3783547,0
20150421,75.68,77.81,75.51,77.5,3631247,0
20150422,77.97,78.23,76.7,77.72,2243700,0
20150423,77.02,77.71,76.75,76.88,1803600,0
20150424,77.31,77.35,76.01,76.09,1380800,0
20150427,76.77,76.79,74.42,74.76,1342500,0
20150428,74.98,75.96,74,74.99,1127200,0
20150429,74.62,79.5,73.64,77.47,2818600,0
20150430,76.66,77.57,74.57,74.86,1728100,0
20150501,74.57,75.49,73.52,73.75,1455800,0
20150504,73.73,74.54,73.43,73.61,869200,0
20150505,73,73.79,71.42,73.28,1886300,0
20150506,73.5,73.98,72.34,73.3,889629,0
20150507,73.29,74.41,73.05,74.01,682815,0
20150508,74.85,76.26,73.9,73.91,1862600,0
20150511,73.71,74.66,73.39,73.99,758600,0
20150512,73,74.98,72.09,74.26,837206,0
20150513,74.39,75.31,73.46,75.11,1600900,0
20150514,75.34,77.14,74.46,76.05,1571700,0
20150515,76.01,76.35,75.04,75.71,867009,0
20150518,75.32,77.53,75.32,77.26,990633,0
20150519,77.41,78.27,76.77,77.78,1521600,0
20150520,77.72,77.91,76.26,77.45,1826500,0
20150521,77.74,78.96,77.55,78.87,1153900,0
20150522,78.58,79,77.6,78.76,1214400,0
20150526,78.34,78.69,76.95,77.71,1019941,0
20150527,77.25,78.65,75.66,78.39,1488100,0
20150528,78,79.13,77.62,78.4,1364888,0
20150529,77.69,78.05,76.02,76.61,2922500,0
20150601,76.64,76.9,75.02,75.68,1360233,0
20150602,75.6,75.91,75.04,75.38,1134658,0
20150603,75.39,76.81,75.23,76.61,898300,0
20150604,76.2,77.12,74.95,75.46,953800,0
20150605,74.91,77.16,74.91,76.89,1139600,0
20150608,76.78,77.11,74.67,74.67,1155000,0
20150609,75.12,76.18,73.66,75.66,1288967,0
20150610,75.99,77.82,75.24,77.7,1263542,0
20150611,78,78.68,77.11,77.73,822048,0
20150612,77.33,78.28,77.33,77.94,580500,0
20150615,77.07,77.87,76.46,77.64,673900,0
20150616,77.57,79.43,77.35,79.4,941300,0
20150617,79.51,80.89,79.37,79.92,1313600,0
20150618,80.19,81.15,79.2,80.97,1598100,0
20150619,81.32,81.32,80.01,80.38,1932000,0
20150622,81,81.67,79.63,80.32,928900,0
20150623,80.9,80.9,80.04,80.75,674390,0
20150624,80.39,80.64,77.13,77.47,1693300,0
20150625,77.82,79.32,77.75,78.92,1071700,0
20150626,79.27,79.27,75.31,77.02,2086600,0
20150629,75.8,76.61,73.46,73.77,1309200,0
20150630,74.3,74.71,73.6,74.31,1113588,0
20150701,75.42,75.63,73.47,73.9,1072900,0
20150702,73.87,74.6,73.16,74.53,801900,0
20150706,73.4,74.72,73.07,73.7,1079500,0
20150707,73.87,75.86,72.08,75.68,1380300,0
20150708,74.99,76.04,74.21,74.83,703200,0
20150709,75.61,77.05,75.61,76.18,931100,0
20150710,77.15,77.59,76.62,76.74,656400,0
20150713,77.34,77.55,75.81,76.6,999300,0
20150714,76.7,78.85,76.7,77.41,998335,0
20150715,77.6,78.42,76.96,77.58,911704,0
20150716,78.15,79.15,77.84,78.92,665900,0
20150717,79.12,80.23,78.57,78.92,809500,0
20150720,79.17,79.33,78.57,78.84,453000,0
20150721,78.81,79.68,77.97,78.57,574700,0
20150722,78.11,78.94,77.77,77.85,622900,0
20150723,78.32,79.25,77.47,78.02,920500,0
20150724,78.47,80.97,77.51,79.64,1436800,0
20150727,78.85,78.89,76.12,76.34,1579300,0
20150728,76.77,78.88,76.08,78.63,1055200,0
20150729,76.9,78.5,74.95,77.98,3943000,0
20150730,78.48,81.21,76.6,81.03,3264600,0
20150731,80.24,81.13,79.38,80.5,1827600,0
20150803,80.5,80.96,78.56,79.15,1192544,0
20150804,79.28,79.48,77.2,77.91,1973100,0
20150805,78.22,79.89,78.02,78.41,1171900,0
20150806,78.28,78.28,75.42,75.99,1678395,0
20150807,75.91,77,74.91,76.95,932500,0
20150810,77.54,77.84,76.32,76.59,879500,0
20150811,75.79,77.1,75.3,76.67,710925,0
20150812,75.9,76.91,74.44,76.85,1092500,0
20150813,76.71,77.05,74.73,75.7,912800,0
20150814,75.5,76.75,74.59,76.63,805800,0
20150817,76.03,77.28,75.82,77.25,634200,0
20150818,77.28,77.88,75.82,75.89,588100,0
20150819,76.5,76.54,74.8,75.63,1155700,0
20150820,74.88,74.95,70.16,70.31,1680300,0
20150821,69.43,71,68.55,69.91,1832400,0
20150824,65.97,71.96,64.29,68,3299851,0
20150825,70.8,72.13,68.24,68.67,1927200,0
20150826,70.34,71.69,68.88,71.41,1674000,0
20150827,71.94,73.26,70.42,72.36,1580700,0
20150828,72.36,73.37,71.54,72.54,856500,0
20150831,72.15,72.78,70.84,70.96,1004500,0
20150901,69.59,70.87,68.65,68.92,1573500,0
20150902,69.57,69.96,67.85,69.95,1781700,0
20150903,70.34,71.93,70.07,71.22,1544600,0
20150904,70.21,70.75,69.25,69.79,1069000,0
20150908,70.98,73.45,70.7,73.33,1353600,0
20150909,73.75,74.44,71.81,72.02,1250100,0
20150910,71.64,73.24,71.64,72.66,871193,0
20150911,72.75,73.66,71.88,73.6,839200,0
20150914,73.57,73.87,72.35,73.56,1044600,0
20150915,73.65,74.36,73.03,74.26,827300,0
20150916,74.41,74.62,73.37,73.94,894700,0
20150917,73.61,75.54,73.57,74.61,720911,0
20150918,73.72,75.02,73.63,74.36,1424300,0
20150921,74.78,75.62,73.64,74.41,1010400,0
20150922,73.27,73.75,72.17,73.06,1063800,0
20150923,73.18,74.25,72.38,72.99,798000,0
20150924,72.69,72.73,70.97,72.12,1107952,0
20150925,73.13,74.48,71.94,72.86,2369500,0
20150928,72.63,72.81,68.76,69.03,1761419,0
20150929,68.97,69.65,67.76,68.94,1083200,0
20150930,69.72,70.3,67.07,69.45,1693000,0
20151001,69.14,71.65,67.65,71.58,1778300,0
20151002,70.35,72.26,69.9,72.23,924300,0
20151005,72.62,76.53,72.4,76.47,1826627,0
20151006,75.9,76.91,74.25,74.58,1272800,0
20151007,75.23,75.27,73.02,74.97,1845800,0
20151008,74.93,74.93,71.77,73.02,1679300,0
20151009,73.12,74.71,72.18,74.42,942200,0
20151012,74.34,75.24,73.56,74.28,555590,0
20151013,74.08,76.21,73.6,74.16,767800,0
20151014,74.02,75.02,73.43,73.9,1022900,0
20151015,73.99,76.3,73.92,75.64,1289100,0
20151016,75.38,76.49,75.07,76.46,1054600,0
20151019,76.34,76.73,74.87,75.79,1039700,0
20151020,75.92,76.59,74.32,74.73,906346,0
20151021,74.94,75.13,72.96,73.02,2601200,0
20151022,72.31,78.61,72.29,77.95,4022200,0
20151023,78.19,78.96,75.32,78.89,2620900,0
20151026,78.87,79.3,77.75,78.8,938100,0
20151027,78.37,80.47,78.17,80.17,1799400,0
20151028,80.08,82.18,79.72,82.15,1742500,0
20151029,82.01,82.91,81.38,81.56,815600,0
20151030,81.94,82.35,80.9,81.65,1432600,0
20151102,81.68,82.42,80.64,82.02,798762,0
20151103,82,83.68,81.18,82.53,1266300,0
20151104,82.67,84.4,82.16,83.84,1734920,0
20151105,83.23,84.49,82.79,83.91,1308800,0
20151106,84.12,85.88,84,85.24,1344900,0
20151109,85,85.53,84.07,84.6,1355941,0
20151110,83.73,84.5,83.21,84.15,1302200,0
20151111,84,84.67,83.08,83.9,856400,0
20151112,83.49,85.25,82.89,84.5,1052800,0
20151113,84.04,84.64,82.32,82.88,1111200,0
20151116,82.57,84.64,82.04,84.37,763500,0
20151117,84.4,85.53,84,84.91,921300,0
20151118,85,85.95,84.28,85.75,1968000,0
20151119,86,86.99,85.55,85.75,1600700,0
20151120,86.14,87.21,85.77,86.19,1435400,0
20151123,86.07,87.7,85.82,86.46,880100,0
20151124,85.71,86.86,85.15,86.7,832100,0
20151125,86.67,87.73,86.66,86.89,665000,0
20151127,86.74,87.74,86.66,87.29,420500,0
20151130,87.58,87.58,86.15,87.01,1211200,0
20151201,87.27,87.42,86.13,86.47,1420761,0
20151202,87,88.9,86.8,87.53,1857186,0
20151203,88.32,90.54,87.56,88.09,2277887,0
20151204,88.1,91.28,88.1,89.99,1821500,0
20151207,89.53,89.91,87.63,87.98,1237200,0
20151208,87.07,88.47,85.65,87.72,1385633,0
20151209,87.28,87.65,85.72,86.1,1167200,0
20151210,86.07,87.88,85.97,86.94,1115300,0
20151211,85.97,87,83.17,83.49,1901100,0
20151214,83.47,84.25,82.12,83.57,1643461,0
20151215,84.03,86.29,84.03,85.6,1422600,0
20151216,85.99,87.6,84.94,87.39,1566800,0
20151217,87.51,88.22,85.69,87.27,1570400,0
20151218,87.18,87.82,85.72,85.73,3043600,0
20151221,86.93,87.1,86.12,87.02,1457200,0
20151222,87.5,87.55,86.07,86.48,1032726,0
20151223,86.97,87.63,86.4,86.89,920000,0
20151224,86.8,87.36,86.59,86.96,251290,0
20151228,86.64,87.26,86.29,86.89,471582,0
20151229,87.47,88.56,87.36,88.12,1121871,0
20151230,88.2,88.36,87.13,87.38,691955,0
20151231,87.38,87.61,85.99,86.56,708460,0
20160104,84.98,85.67,83.17,84.07,1273607,0
20160105,84.51,85.55,83.47,84,1328660,0
20160106,82.88,83.065,80.7,81.42,1418179,0
20160107,79.68,81.65,78.93,79.64,1553068,0
20160108,80.11,80.65,77.89,78.12,1219886,0
20160111,78.72,79.06,77.2,78.53,1113587,0
20160112,79.73,81.49,79.73,80.99,1665225,0
20160113,81.09,81.79,75.49,76.79,1889662,0
20160114,77.23,78.5,73.91,78.21,1511361,0
20160115,76.12,77.26,74.72,76.34,1773616,0
20160119,77.16,77.79,73.67,74.32,1993100,0
20160120,73.25,75.32,70.14,74.31,2111975,0
20160121,74.74,76.11,73.62,74.41,1921763,0
20160122,75.58,76.7599,75.58,76.67,1270961,0
20160125,76.44,77.16,75.055,76.1,1840679,0
20160126,76.12,78.19,75.2675,77.96,2496782,0
20160127,77.12,77.6,74.53,75.37,4231547,0
20160128,57.82,64.38,57.67,63.57,19775122,0
20160129,63.99,65.51,60.71,62.21,7290955,0
20160201,61.6,62.83,61.44,61.96,2667255,0
20160202,61.48,61.64,56.83,57.25,4793270,0
20160203,57.57,59.44,56.67,59.3,3651725,0
20160204,58.85,60.25,58.39,58.62,3647299,0
20160205,54.12,55.47,49.4601,52.31,7257300,0
20160208,50.92,51.12,45.995,47.14,6546436,0
20160209,46.6,49.33,46.12,48.52,5618672,0
20160210,48.67,51.8,48.67,49.99,3093729,0
20160211,49.28,49.64,47.31,49.03,2912991,0
20160212,49.48,50.29,48.11,50.08,2099523,0
20160216,50.59,52.26,49.95,52.04,2719437,0
20160217,52.5,55.55,52.31,55.26,5309261,0
20160218,55.53,55.84,54.22,54.26,3307744,0
20160219,54.22,55.62,54.06,54.74,2840101,0
20160222,55.1,56.35,54.25,54.69,2461055,0
20160223,54.24,54.39,51.45,53.01,2872701,0
20160224,52.02,52.75,50,52.55,2689279,0
20160225,53.11,55,52.77,54.16,2703506,0
20160226,54.58,56.2,54.27,55.51,2586441,0
20160229,55.25,56.23,54.94,54.99,1966314,0
20160301,55.84,57.85,55.36,57.85,3652317,0
20160302,57.5,58.11,56.62,57.66,2063739,0
20160303,57.36,58.4,56.74,58.36,2307961,0
20160304,58.87,59.56,58.13,58.5,1906091,0
20160307,57.99,58.8,56.58,58.22,1393689,0
20160308,58.41,61.055,58.15,60.34,3140083,0
20160309,60.54,60.58,59.25,60.49,2225627,0
20160310,61.4,62.32,59.76,60.72,2295696,0
20160311,61.1,63.675,60.935,63.35,2121435,0
20160314,62.84,63.11,61.86,62.35,1795573,0
20160315,61.89,62.07,60.75,61.65,1523265,0
20160316,61.35,62.64,60.97,62.37,1193106,0
20160317,62.33,62.76,60.15,60.8,2468105,0
20160318,61.05,61.34,59.94,60.15,2735886,0
20160321,60.25,61.32,59.91,61.05,1377751,0
20160322,60.42,62.82,60.25,62.32,1623040,0
20160323,62.2,63.12,61.995,62.25,2035886,0
20160324,61.53,61.72,60.83,61.69,1052252,0
20160328,61.64,61.67,59.77,60.34,1616840,0
20160329,60.24,61.37,59.93,61.14,1557474,0
20160330,61.5,62.43,61.02,61.07,1661909,0
20160331,60.9,61.41,59.93,61.18,2388317,0
20160401,61.13,62.25,60.05,62.03,1536951,0
20160404,62.07,64.37,61.959,64.28,2272130,0
20160405,63.47,64.41,63.1101,63.65,1670900,0
20160406,63.74,64.11,62.91,63.84,1775709,0
20160407,63.59,64.82,63.32,64.02,1302291,0
20160408,64.36,65.03,63.79,64.5,1236110,0
20160411,64.87,65.33,63.18,63.31,1348227,0
20160412,62.99,63.32,61.55,61.75,2461342,0
20160413,62.47,63.93,61.43,63.77,1775442,0
20160414,63.08,63.5,61.9,63,3443582,0
20160415,63.18,63.42,62.46,63.28,1188625,0
20160418,63.2,64.9,63.02,64.47,2259238,0
20160419,64.47,64.74,62.55,63.67,2091683,0
20160420,64.18,65.5,63.88,65.11,2799334,0
20160421,74.77,76.84,73.21,74.27,8395067,0
20160422,73.44,73.75,71.8,73.11,3253622,0
20160425,73.35,74.57,73.1,73.41,2525077,0
20160426,73.42,73.49,72.07,72.66,1409279,0
20160427,72.25,73.81,72.25,73.15,1523076,0
20160428,73.12,73.64,71.12,71.37,1414001,0
20160429,71.34,72.13,70.17,71.48,1780051,0
20160502,71.45,72.1,70.86,72.02,1156639,0
20160503,70.84,71.09,69.14,69.84,1597940,0
20160504,69.48,69.83,67.52,67.61,1698888,0
20160505,68.07,68.63,67.265,67.79,1510283,0
20160506,67.05,67.74,65.83,67.28,1612833,0
20160509,66.85,68.3,66.85,67.43,918759,0
20160510,67.44,68.7,67.18,68.53,1400922,0
20160511,68.51,70.12,68.4184,68.64,1560243,0
20160512,69.29,69.58,67.2,67.47,1688445,0
20160513,67.26,68.38,66.84,67.44,1476993,0
20160516,67.56,70.4499,67.29,70.3,1943974,0
20160517,70.17,70.51,68.96,69.5,1180227,0
20160518,69.59,71.05,69.23,70.03,1006536,0
20160519,71,72,69.61,69.75,1920294,0
20160520,70.38,70.77,68.08,70,2883189,0
20160523,69.57,71.13,69.46,70.23,1180892,0
20160524,70.54,71.81,70.09,70.98,1502533,0
20160525,71.35,71.4999,70.63,70.76,1116040,0
20160526,70.71,71.06,69.94,70.05,1171832,0
20160527,69.91,70.89,68.91,70.73,1349660,0
20160531,70.58,71.69,70.27,71.63,2295437,0
20160601,71.38,73.5,71.06,73.17,1889654,0
20160602,72.79,74.26,72.51,74.23,1184705,0
20160603,73.82,74.0045,72.86,73.53,1102676,0
20160606,73.69,75.245,73.46,75.06,1079295,0
20160607,74.88,76.07,74.05,76.02,1978637,0
20160608,75.96,77.76,75.4,77.04,2531027,0
20160609,76.43,77.26,75.4,75.56,855972,0
20160610,74.68,75.09,73.79,74.03,1391166,0
20160613,73.32,74.38,72.55,72.71,1753940,0
20160614,72.51,73.52,72.19,72.98,934759,0
20160615,73.12,75.09,73.01,74.47,1080471,0
20160616,73.81,73.96,72.68,73.68,776867,0
20160617,73.27,74.53,71.62,72.07,1774359,0
20160620,73.17,73.63,72.495,72.6,1109235,0
20160621,72.86,73.14,71.87,72.73,927375,0
20160622,72.47,72.62,71.8,71.92,752321,0
20160623,72.15,75.19,71.75,75.18,1362738,0
20160624,72.57,73.22,70.21,70.33,2646412,0
20160627,69.67,69.86,63.51,63.67,3034057,0
20160628,65,65.7,63.88,65.13,2255759,0
20160629,65.83,66.98,65.57,66.44,1484828,0
20160630,67,67,64.9,66.4,1715743,0
20160701,66.52,67.45,66.01,66.21,817226,0
20160705,65.91,65.91,64.77,65.27,1538214,0
20160706,65.05,65.555,64.31,65.33,1171912,0
20160707,65.55,65.69,64.75,65.01,1304048,0
20160708,65.41,69.63,65.41,69.12,2096340,0
20160711,69.41,70.275,68.8,68.85,1135509,0
20160712,69.34,72.33,68.115,70.46,1857852,0
20160713,71.67,72.76,70.07,70.15,1821131,0
20160714,70.85,71.26,70.15,70.16,842776,0
20160715,71.47,71.63,70.33,71.02,1228439,0
20160718,70.82,70.9,69.68,69.83,1429739,0
20160719,69.83,70.91,69.63,69.99,939526,0
20160720,70.68,73.42,70.11,72.65,1755930,0
20160721,72.4,72.93,70.605,71.05,1358073,0
20160722,71.55,73.14,70.76,72.67,1133937,0
20160725,72.84,74.18,72.6101,73.56,1383216,0
20160726,73.56,73.985,72.96,73.34,1116141,0
20160727,74,75,72.48,72.98,2127050,0
20160728,75.4,78.77,74.15,76.38,3991920,0
20160729,75.9,75.9,73.44,74.92,2495854,0
20160801,74.79,75.45,74.05,75.07,1286223,0
20160802,74.59,74.82,71.69,73.23,2146787,0
20160803,72.81,74.39,72.5,74.27,2010446,0
20160804,73.87,75.03,73.87,74.94,1716316,0
20160805,75.09,75.9915,74.89,75.83,883370,0
20160808,75,75.632,74.64,74.94,1121047,0
20160809,74.82,75.28,74.67,75,733138,0
20160810,75,75.08,74.27,74.55,667905,0
20160811,74.64,76.2932,74.5,76.09,1264832,0
20160812,75.53,75.8,74.96,75.77,1079568,0
20160815,75.84,76.81,75.6,76.74,861619,0
20160816,76.41,76.48,74.5,74.52,894982,0
20160817,74.21,74.7,72.68,73.07,1165807,0
20160818,73.24,73.63,72.48,73.07,1044519,0
20160819,72.86,73.96,72.58,73.69,736325,0
20160822,73.63,73.6999,71.245,71.39,1350694,0
20160823,72,72.995,71.8,72.62,1007015,0
20160824,72.44,73.46,72.44,72.77,1017523,0
20160825,73.17,74.91,72.78,73.6,1017541,0
20160826,73.42,74.08,72.88,73.5,746441,0
20160829,73.61,73.83,72.92,73.39,884961,0
20160830,73.3,73.75,73.09,73.44,876132,0
20160831,72.7,72.8,71.74,72.67,956883,0
20160901,72.13,74.09,71.93,74,1548071,0
20160902,74.1,76.86,74.1,76.24,1989297,0
20160906,76.73,77.99,75.98,77.72,2139756,0
20160907,77.38,78.39,76.48,76.56,1722123,0
20160908,76.4,76.65,74.935,75.4,1154727,0
20160909,74.82,75.36,73.35,73.58,844546,0
20160912,73.22,74.71,72.689,74.53,703952,0
20160913,73.61,74.27,71.34,72.42,1997359,0
20160914,72.47,73.28,71.98,72.56,1295983,0
20160915,73.27,77.75,72.98,77.71,3069418,0
20160916,77.05,78.3499,76.78,77.29,2113666,0
20160919,77.88,78.2,75.9,75.99,923852,0
20160920,75.52,76.09,74.78,75.28,1123610,0
20160921,75.92,76.92,74.96,76.88,1145783,0
20160922,77.45,78.17,76.91,77.92,1406411,0
20160923,77.62,77.78,76.8,77.45,1205559,0
20160926,77.13,77.23,76.41,76.75,909128,0
20160927,76.49,79.195,76.35,79.04,1506507,0
20160928,79.09,80.31,79.09,79.77,1892963,0
20160929,79.41,80.1,77.73,78.48,1028388,0
20160930,78.76,79.7,78.06,79.15,1568362,0
20161003,79.07,79.72,78.4,79.57,1056740,0
20161004,79.59,79.84,78.43,79.28,1442289,0
20161005,78.95,80.02,78.8,79.43,1086640,0
20161006,79.49,79.9099,77.97,78.38,1167968,0
20161007,78.15,78.95,77.47,78.52,1293500,0
20161010,79.04,80.49,79.04,80.03,1057114,0
20161011,80.25,80.8,78.36,78.8,1674897,0
20161012,76.63,77.07,73.02,75.27,3201978,0
20161013,74.75,75.62,73.85,75.39,1489602,0
20161014,76.15,76.44,75.06,75.62,1582905,0
20161017,75.73,75.74,74.26,74.64,1033151,0
20161018,76.39,77.97,75.61,76.16,1000430,0
20161019,79.17,80.15,78.16,78.92,3482034,0
20161020,78.71,79,78.19,78.85,1561409,0
20161021,78.45,80.26,78.19,80.06,1455325,0
20161024,80.39,81.58,80.16,81,2127620,0
20161025,81.13,81.95,79.41,79.79,2117039,0
20161026,79.51,79.98,78.61,78.9,2286726,0
20161027,86.82,89.79,84.56,84.96,11111726,0
20161028,85.21,87.39,84.58,86.12,3102319,0
20161031,86.13,88.04,85.89,87.91,2790916,0
20161101,87.45,87.56,85.91,86.89,2562482,0
20161102,86.02,86.92,84.55,84.59,1646665,0
20161103,84.57,85.09,83.53,83.88,1629300,0
20161104,84,84.77,83.1,83.21,1630834,0
20161107,84.77,85.82,84.39,85.09,1409273,0
20161108,84.47,86,83.75,85.5,1136169,0
20161109,83.99,86.05,83.335,84.98,1358110,0
20161110,85.75,87.7,82.05,82.14,2597000,0
20161111,81.81,82.829,80.5,82.63,1851741,0
20161114,82.89,83.92,82.3,83.27,1359244,0
20161115,83.43,86.22,83.2012,85.62,1653743,0
20161116,85.24,86.03,84.89,85.67,1065700,0
20161117,85.77,87.17,85.505,86.83,917025,0
20161118,87.01,87.79,85.5,85.75,1248346,0
20161121,85.8,87,85.77,86.55,1505479,0
20161122,86.26,86.68,85.42,86.23,1344573,0
20161123,85.93,87.66,85.93,87.05,1353003,0
20161125,86.91,88.39,86.5,87.74,718825,0
20161128,87.7,88.4,84.56,84.82,1816034,0
20161129,84.85,85.4993,83.27,83.42,1562207,0
20161130,84.25,84.77,82.66,83.15,1563986,0
20161201,83.2,83.5,76.34,77.09,3122396,0
20161202,72.85,76.71,72.8,76.56,3102889,0
20161205,77.33,79.97,77.26,79.87,2173146,0
20161206,80,80,78.47,79.61,1657291,0
20161207,80.17,80.17,78.225,79.98,1414132,0
20161208,80.4,80.78,79.52,80.11,1298916,0
20161209,80.73,81.59,79.22,79.4,903045,0
20161212,78.85,78.85,76.76,77.88,1691541,0
20161213,78.69,80.7,78.69,79.39,864146,0
20161214,79.62,79.65,78.58,78.95,1008138,0
20161215,78.93,80.27,78.86,79.43,741625,0
20161216,79.46,79.8799,77.26,77.86,1338069,0
20161219,77.72,78.08,77.2,77.5,974827,0
20161220,78.1,78.515,77.18,78.3,907959,0
20161221,78.04,78.04,76.03,77.25,1019091,0
20161222,76.92,77.05,74.17,74.55,1365586,0
20161223,74.6,76.07,74.36,76.02,606186,0
20161227,76.01,77.4,76,76.88,548764,0
20161228,76.76,77.05,75.14,75.22,978396,0
20161229,75.17,75.6099,74.2,74.94,759288,0
20161230,75.11,75.44,73.66,74.34,1051731,0
20170103,75.31,76.99,74.63,75.66,1101812,0
20170104,76.09,78.98,75.89,78.83,2015348,0
20170105,78.71,79.67,78.34,79.13,1564020,0
20170106,79.24,82.39,78.9,82.1,1686580,0
20170109,81.8,82.57,81.3,82,1339252,0
20170110,82.25,82.43,81.14,81.67,1268804,0
20170111,81.26,84.9,81.26,83.9,2084701,0
20170112,83.02,83.76,80.91,83.46,1397980,0
20170113,83.82,84,82.63,83.53,745833,0
20170117,83.08,83.25,81.29,81.41,879932,0
20170118,83.01,84.349,82.69,82.85,1466114,0
20170119,82.96,83.6,82.39,82.7,1302082,0
20170120,83.12,84.27,83.11,83.4,1251869,0
20170123,83.84,83.91,82.26,83.25,988780,0
20170124,83.86,84.59,82.14,83.97,1487810,0
20170125,84.91,86.96,84.49,86.36,2665017,0
20170126,92.01,92.98,89.41,89.48,4365116,0
20170127,89.01,90.5,88.7066,90.09,1980916,0
20170130,89.6,90.328,88.01,90.12,1585650,0
20170131,90.1,90.67,88.95,90.62,1326870,0
20170201,91.17,91.17,89.39,89.7,2884156,0
20170202,89.25,89.84,88.23,88.86,2125715,0
20170203,89.18,89.99,89.12,89.47,2454808,0
20170206,89.19,90.71,88.63,90.5,1441749,0
20170207,90.81,91.16,90.35,90.66,1644548,0
20170208,89.76,90.44,89.39,90.09,1887246,0
20170209,90.14,92.31,90.1,92.3,1819978,0
20170210,92.58,92.82,91.7,92.46,1647909,0
20170213,92.18,92.5,91.5,91.74,960385,0
20170214,91.68,93.3,91.3501,92.89,1422454,0
20170215,92.44,94.72,92.33,93.97,1584467,0
20170216,93.94,94.19,91.54,91.85,1411179,0
20170217,91.87,92.9692,91.23,92.74,1116950,0
20170221,93.02,93.51,92.17,93.18,617651,0
20170222,92.71,93.67,92.17,92.98,547666,0
20170223,93.36,93.4,91.41,92.65,832050,0
20170224,91.6,92.39,90.66,91.82,1038173,0
20170227,90.61,90.61,86.93,87.75,5591893,0
20170228,87.22,88.28,86.815,86.92,2168345,0
20170301,88.02,88.99,86.74,88.89,3165753,0
20170302,89.09,89.14,86.24,86.34,1411414,0
20170303,86.03,87.19,86.01,86.47,1189485,0
20170306,85.93,86.77,85.56,86.26,1419050,0
20170307,86.33,87.69,86.1,87.06,1478591,0
20170308,87.32,88.27,86.98,87.29,793494,0
20170309,87.31,88.13,86.39,87.83,893161,0
20170310,88.27,88.59,86.8978,88.03,857091,0
20170313,88.09,88.86,87.66,88.64,1292811,0
20170314,88.49,88.61,86.68,87.47,1142589,0
20170315,87.88,88.77,87.29,88.41,1020658,0
20170316,88.79,89.37,88.49,88.8,953622,0
20170317,89.05,89.47,88.51,88.71,1010277,0
20170320,88.85,88.945,87.75,88.11,621321,0
20170321,88.8,89,83.79,83.93,2409851,0
20170322,83.85,85.19,83.46,85.04,1423350,0
20170323,85.12,85.805,84.13,84.4,860136,0
20170324,85.04,85.69,84.31,84.81,818649,0
20170327,84.24,85.59,83.42,84.87,906894,0
20170328,85.4,86.37,84.83,86,940816,0
20170329,86.28,87.88,86.1,87.61,1438420,0
20170330,87.44,87.7,86.81,86.94,771791,0
20170331,86.82,88,86.38,87.47,910624,0
20170403,87.6,88.3614,85.41,86.22,1250023,0
20170404,86.06,87.3825,85.2,85.29,1177198,0
20170405,85.99,87.68,85.41,85.66,1416340,0
20170406,85.75,86.42,85.1,86.19,673557,0
20170407,85.9,86.57,85.52,86.02,767039,0
20170410,85.95,86.39,85.42,85.53,671436,0
20170411,85.35,85.99,84.82,85.39,939028,0
20170412,85.01,85.71,84.03,84.49,874250,0
20170413,84.37,85.2025,84.3355,84.64,1132148,0
20170417,85.04,86.42,84.92,86.41,1118215,0
20170418,86,87.67,85.93,87.6,1381737,0
20170419,87.96,88.4,87.65,88.15,1194688,0
20170420,88.49,88.49,87.46,88.26,1352573,0
20170421,88.8,89.85,88.08,88.32,1076475,0
20170424,89.67,89.67,88.35,89.42,1312012,0
20170425,89.92,90.8,89.56,90.24,1417602,0
20170426,90.43,91.21,89.03,90.92,2798932,0
20170427,96.281,96.92,93.3,94.33,4688590,0
20170428,94.3,95.32,92.94,94.48,2342129,0
20170501,94.64,95.44,93.71,94.93,2741325,0
20170502,94.82,95.1,93.77,94.96,1168149,0
20170503,94.69,95.15,93.73,94.11,982385,0
20170504,94.59,96.3,94.15,96.02,1515817,0
20170505,96.12,98.19,96.12,98.07,1818083,0
20170508,97.675,99.09,97.1501,97.9,2173116,0
20170509,98.16,98.47,96.96,97.33,1586006,0
20170510,97.22,97.57,96.36,96.47,1210042,0
20170511,96.5,96.92,95.5,96.76,1100191,0
20170512,96.81,97.35,95.99,96.9,966061,0
20170515,97.24,98.61,97,97.95,921250,0
20170516,98.76,100.19,97.81,100.18,1841262,0
20170517,98.7,99.395,98.06,98.55,3630285,0
20170518,97.88,99.1,97.354,98.97,2842059,0
20170519,99.5,100.72,99.23,99.3,2131754,0
20170522,99.81,102.23,99.755,101.7,2087395,0
20170523,101.37,101.76,100.06,101.7,2338051,0
20170524,102.53,103.92,101.83,103,5774927,0
20170525,103.7,105.29,103.55,104.52,1770547,0
20170526,104,106.73,103.53,106.03,2988235,0
20170530,105.42,106.795,104.82,105.36,1612305,0
20170531,105.51,105.79,103.81,104.65,2230662,0
20170601,105.18,106.55,104.32,106.51,2626125,0
20170602,106.56,107.55,105.73,107.3,1464083,0
20170605,107.39,108.43,107.15,107.43,1597992,0
20170606,107.08,108.63,106.89,107.87,1517244,0
20170607,108,108.49,107.07,108.19,1934036,0
20170608,108.17,109.78,107.77,109.68,1843107,0
20170609,109.75,110.66,101.82,103.74,3859160,0
20170612,102.2,103.69,99.5,102.32,4478100,0
20170613,103.55,103.89,101.3,102.22,2071540,0
20170614,102.76,104.14,100.75,102.16,2139063,0
20170615,99.95,101.82,99.01,101.26,2349256,0
20170616,101.59,102.21,100.69,101.2,1557717,0
20170619,102.24,104.18,101.96,103.6,1551989,0
20170620,103.83,105.3,102.78,103.01,1921990,0
20170621,103.82,105.824,103.36,105.62,1734879,0
20170622,105.94,108.08,104.66,106.93,2186391,0
20170623,106.99,108.55,106.47,107.79,2329635,0
20170626,107.9,108.79,106.78,108.35,2228967,0
20170627,107.9,109,106.41,106.77,3355139,0
20170628,107.47,109.13,106.71,108.81,2611253,0
20170629,108.47,108.81,104.51,105.82,2366171,0
20170630,106.14,106.68,104.82,106,1539530,0
20170703,106.55,106.55,103.22,103.58,1209875,0
20170705,104.34,105.64,104.13,105.11,1758308,0
20170706,104.05,105.7,103.8,104.54,1664738,0
20170707,104.53,106.85,104.53,106.29,1586220,0
20170710,106.66,108.47,106.29,108.19,1381465,0
20170711,107.73,110,107.18,109.2,1633842,0
20170712,110,113.01,109.58,112.26,1756485,0
20170713,112.68,112.97,111.12,111.23,1545586,0
20170714,108.8,110.71,108.05,110.38,3089276,0
20170717,110.74,111.19,109.32,110,1925318,0
20170718,109.83,111.05,109.23,110.78,1673317,0
20170719,111,111.68,110.1,110.12,1501603,0
20170720,110.15,110.645,109.03,109.84,1633559,0
20170721,109.88,109.925,107.58,108.19,2151627,0
20170724,108.38,108.5,107.31,107.95,2242467,0
20170725,108.11,108.183,106.8,107.78,1904337,0
20170726,107.96,110.11,107.86,109.72,2823756,0
20170727,115.13,115.85,108.21,110.54,5051367,0
20170728,109.75,111.67,108.902,111.65,2083417,0
20170731,111.87,112.36,108.95,110.45,2055672,0
20170801,110.88,111.76,110.1,110.75,1557021,0
20170802,110.82,110.92,105.89,107.17,1944915,0
20170803,107.27,107.79,105.93,107.12,1566206,0
20170804,107.39,109.82,107.11,109.71,1780576,0
20170807,109.65,109.75,108.47,108.76,1009614,0
20170808,108.23,108.46,107.11,107.68,802219,0
20170809,106.87,107.86,106.63,107.33,894252,0
20170810,106.77,106.997,103,104.42,1706881,0
20170811,104.93,106.83,104.24,106.05,957047,0
20170814,106.85,108.57,106.36,107.9,973002,0
20170815,107.75,108.35,106.71,107.31,920337,0
20170816,107.89,109.83,107.57,109.5,899525,0
20170817,109.04,109.685,106.74,106.86,1233416,0
20170818,106.83,108.66,106.275,107.23,979784,0
20170821,107.02,108.965,107.02,108.81,1114242,0
20170822,109,110.77,108.86,110.41,1249882,0
20170823,109.3,110.98,108.84,109.84,974233,0
20170824,110.07,110.93,109.61,110.67,728388,0
20170825,110.95,112.68,110.445,110.59,1197931,0
20170828,111,112.11,109.7,111.91,1193369,0
20170829,110.62,112.2,110.14,111.75,1003103,0
20170830,111.61,115.81,111.61,114.27,1289359,0
20170831,114.55,116.535,114.51,116.19,1465634,0
20170901,116.3,116.51,114.53,115.49,958415,0
20170905,115.58,116.4,114.41,116.15,1027196,0
20170906,116.39,116.7,114.08,114.68,1111709,0
20170907,115.33,118.64,115.33,117.78,1587990,0
20170908,117.62,118.625,116.38,116.4,1246884,0
20170911,117.71,118.627,117.4,117.67,1690338,0
20170912,117.94,118.17,115.14,116.26,1322951,0
20170913,116.17,116.89,115.69,116.05,1025337,0
20170914,115.5,116.715,114.5,115.96,1593555,0
20170915,116.49,116.84,114.76,116.11,1001619,0
20170918,116.63,117.66,115.96,116.51,1127750,0
20170919,116.85,116.97,115.94,116.68,1234474,0
20170920,116.42,116.75,114.2,115.4,1080099,0
20170921,115.29,115.64,113.93,115.02,857464,0
20170922,114.76,116.14,114.682,115.81,630466,0
20170925,115.8,115.85,111.41,111.84,1333119,0
20170926,112.88,112.95,110.17,111.79,1526634,0
20170927,112.49,116.58,112.43,115.5,1766920,0
20170928,115.19,116.72,114.71,116.65,1045157,0
20170929,116.81,117.79,116.2,117.53,1145653,0
20171002,117.65,118.456,116.22,116.8,1511746,0
20171003,116.8,118.29,116.445,117.83,726796,0
20171004,118.15,118.26,116.63,118.06,660171,0
20171005,118.31,119.47,117.1,119.38,951926,0
20171006,118.73,121.76,118.548,121.75,1285979,0
20171009,121.925,122.45,120.86,121.33,981322,0
20171010,121.88,122.03,120.14,120.96,788017,0
20171011,120.86,121.069,119.27,120.68,812180,0
20171012,120.42,122.415,120.42,121.97,1439716,0
20171013,122.88,123.13,121.71,122.29,826395,0
20171016,122.25,122.67,121.36,121.4,831104,0
20171017,121.54,122.8,121,122.75,1084230,0
20171018,123.21,123.58,120.67,120.77,1133956,0
20171019,120.48,120.865,118.96,120.81,1065991,0
20171020,122.09,124.87,120.85,124.82,1790189,0
20171023,128.99,129.56,123.4,123.99,1846821,0
20171024,124.49,126.28,123.27,125.89,2052012,0
20171025,126.72,127.75,124.28,124.62,3181978,0
20171026,119.98,127.34,118.5,126.14,4286833,0
20171027,126,126.78,122.91,125.73,2629598,0
20171030,125.3,125.85,123.94,125.05,1122641,0
20171031,125.11,126.8,124.77,126.37,1457465,0
20171101,127.2,127.5,123.2,124.51,1137486,0
20171102,123.92,125,122.66,124.34,864887,0
20171103,124.25,125.449,123.15,124.91,1150983,0
20171106,125.5,125.99,124.43,124.73,776914,0
20171107,125,125.84,123.74,125.53,1031121,0
20171108,124.42,127.95,124.42,127.62,1639849,0
20171109,127.4,127.4,124.1,125.55,909722,0
20171110,125.15,126.3,125.05,125.98,958477,0
20171113,124.6,125.23,123.44,125.03,893788,0
20171114,124.86,125.2,123.73,124.48,954194,0
20171115,123.46,124.9,122.01,123.32,622242,0
20171116,123.57,126.368,123.51,125.72,1150506,0
20171117,125.84,127.63,125.41,127.54,1124372,0
20171120,127.53,129.48,127.48,127.67,999419,0
20171121,128.18,130.05,127.83,128.07,1756489,0
20171122,127.92,128.87,127.29,127.45,530295,0
20171124,128.08,128.8,128,128.3,506163,0
20171127,128.5,128.76,126.54,126.99,832408,0
20171128,127.03,127.03,125.3,126.63,1105140,0
20171129,125.86,126.73,120.36,120.59,2705282,0
20171130,120.98,123.71,120.15,123,1551069,0
20171201,122.55,123.81,121.04,122.66,1237077,0
20171204,123.6,123.665,113.33,113.62,3975035,0
20171205,113.14,119.38,112.84,116.2,2203309,0
20171206,115.47,118.16,114.81,117.76,1650530,0
20171207,117.84,121.39,117.36,121,1823181,0
20171208,122.1,123.87,121.53,121.81,1014828,0
20171211,122.41,123.66,122.25,123.09,2546823,0
20171212,122.64,123.148,120.16,121.01,2216744,0
20171213,121.66,123.51,121.66,123.37,1455953,0
20171214,123.87,126.21,123.62,126.17,1894751,0
20171215,125.96,129.52,125.87,129.5,1910943,0
20171218,130.59,131.11,130.17,130.69,2293164,0
20171219,130.04,130.66,128.71,129.96,2297485,0
20171220,130.19,130.51,128.11,129,1513197,0
20171221,129.18,129.735,128.51,128.97,1670608,0
20171222,128.75,129.33,127.84,129.19,1130069,0
20171226,128.96,129.91,128.225,129.32,745846,0
20171227,129.54,130.88,129.05,130.26,841122,0
20171228,130.8,130.9,129.64,130.69,973384,0
20171229,130.54,131.26,130.17,130.39,676041,0
20180102,131,132.35,130.14,131.73,1282712,0
20180103,132,133.25,131.74,132.91,1580871,0
20180104,133.88,135.09,133.78,133.85,1361879,0
20180105,134.95,135.13,133.9,135.01,1183008,0
20180108,135.05,136.09,134.87,135.3,1337500,0
20180109,135.65,136.4,134.62,135.45,1305839,0
20180110,134.96,136.41,134.363,136.23,1903678,0
20180111,136.59,137.78,136.24,137.58,1515724,0
20180112,137.64,139.06,137.08,138.19,1197371,0
20180116,141.32,141.66,139.21,139.79,3143117,0
20180117,140.83,140.93,139,140.79,1775329,0
20180118,140.75,141.48,140,141.13,1287917,0
20180119,141.23,142.52,141.02,142.27,1605220,0
20180122,142.33,144.08,141.755,143.9,1377728,0
20180123,144.59,144.99,143.56,144.43,1374408,0
20180124,144.42,146.67,144.37,145.44,1432496,0
20180125,146.89,146.89,145.42,145.54,1220738,0
20180126,147.16,149.82,146.38,149.74,1472513,0
20180129,149.59,150.85,146.83,147.09,2414839,0
20180130,146.07,147.44,145.63,146.59,2369521,0
20180131,148.68,150.1,147.76,148.87,2873010,0
20180201,151.76,156.545,151.33,152.81,4228906,0
20180202,150.51,151.94,147.33,149.76,2826713,0
20180205,147.29,157,145.43,147.39,3788714,0
20180206,144.91,149.379,143.49,149.02,2963103,0
20180207,148.62,154.03,148.07,153.17,2462816,0
20180208,153,153.5,140.1,140.1,3737168,0
20180209,142.14,146.765,137.6,145.16,2836220,0
20180212,146.97,148.625,145.235,147.24,1614798,0
20180213,146.04,148.32,145.57,147.55,1431527,0
20180214,147.27,149,146.3,147.74,1852112,0
20180215,148.95,152.79,147.8,152.54,1874684,0
20180216,151.93,156.19,151.18,154.03,1904698,0
20180220,156.76,158.13,156.76,156.76,1755310,0
20180221,156.36,160.73,156.36,157.58,1924121,0
20180222,157.78,159.31,155.693,156.05,1170255,0
20180223,156.86,160.63,156.86,160.4,1035817,0
20180226,160.8,162.64,159.66,160.57,1205066,0
20180227,161.27,164.235,160.75,163.34,1997893,0
20180228,163.27,165.68,160.865,161.01,1934763,0
20180301,162.62,164.26,157.875,159.57,2001857,0
20180302,158.65,167.1,157.525,166.67,2189762,0
20180305,164.76,169.188,163.81,168.3,2047064,0
20180306,169.4,171.91,168.41,171.07,2734991,0
20180307,169.45,174.19,169.38,173.06,1654484,0
20180308,174.68,175.65,172.4,172.99,1851352,0
20180309,174.34,174.99,172.46,172.76,2359876,0
20180312,172.76,175.9,171.56,174.43,2120309,0
20180313,175.99,175.99,172.17,173.96,1842591,0
20180314,175.37,176.56,173.49,175.34,1402799,0
20180315,175.96,176,170.91,173.83,1657275,0
20180316,174.82,175,169.07,169.98,2442425,0
20180319,169.8,172.78,167.42,169.81,1974798,0
20180320,169.87,173.37,169.23,172.11,3001280,0
20180321,171.99,176.195,171.5,173.19,1900401,0
20180322,171.34,172.83,168,168.76,1644348,0
20180323,168.98,170.63,164.52,164.77,2005910,0
20180326,168.55,172.04,167.815,171.45,2042332,0
20180327,173.21,173.38,161.36,162.82,2038496,0
20180328,163,164.015,157.16,159.68,3079129,0
20180329,161.6,167.46,160.27,165.45,2261497,0
20180402,164.44,165.845,159.24,161.62,1900288,0
20180403,166.6,167.97,160.07,161.77,1817910,0
20180404,156.5,164.99,156,164.69,2060439,0
20180405,166.78,168.16,164.621,165.77,1762687,0
20180406,163.96,166.88,161.24,162.94,1177504,0
20180409,164.56,166.345,162.65,162.89,1235535,0
20180410,166.25,167.43,162.13,166.58,1834153,0
20180411,165.08,168.24,164.47,166.5,2252560,0
20180412,166.73,170.17,166.54,168.57,1554897,0
20180413,170.08,171.3,164.789,166.9,1342027,0
20180416,168.51,170.72,167.27,169.45,1245694,0
20180417,171,175.03,171,174.54,1700891,0
20180418,175.39,175.54,171.21,174.3,1658877,0
20180419,173.29,174.36,170.885,172.99,1525537,0
20180420,171.69,172.55,167.93,168.9,1861129,0
20180423,169.92,170.23,166.62,167.51,1926393,0
20180424,169.19,169.612,158.171,160.66,3176260,0
20180425,162.45,162.79,157.25,158,4104605,0
20180426,160,167.61,156.18,165.16,3801532,0
20180427,166.78,167.1,160.37,163.18,2240268,0
20180430,163.18,166.91,163.18,166.14,1890561,0
20180501,165.36,166.74,163.27,165.42,1419732,0
20180502,164.56,167.91,164.19,165.5,1253441,0
20180503,165.79,169.54,164.92,168.73,1945124,0
20180504,168.7,173.09,167.46,171.22,1842829,0
20180507,172.09,176.89,171.84,176.02,2163618,0
20180508,172.61,176.13,170.732,176.03,3157416,0
20180509,177.27,180.98,175.83,180.04,2229139,0
20180510,181.13,182.585,178.54,178.98,3081662,0
20180511,179.22,180.04,177.31,178.87,1527400,0
20180514,178.86,179.5,173.49,173.73,1806350,0
20180515,171.98,174.545,168.79,173.42,1748974,0
20180516,173.01,174,170.02,171.15,1606214,0
20180517,171.13,171.94,169.25,171.71,1444282,0
20180518,171.76,174.56,171.5,173.94,1191477,0
20180521,175.27,177.37,170.58,171.45,1083599,0
20180522,172.21,172.84,168.08,170.26,1192666,0
20180523,168.7,174.07,168.7,173.96,1232464,0
20180524,174.07,176.72,172.92,175.52,1551407,0
20180525,175.19,177.49,174.709,176.72,1341097,0
20180529,176,177.38,174.61,176.3,1407024,0
20180530,177.32,179.85,176.01,178.47,2221898,0
20180531,178.11,181.41,177.2,177.61,2002580,0
20180601,179.06,181.57,177.3,181.51,1276875,0
20180604,182.57,184.47,181.21,183.5,1541626,0
20180605,184.19,186.95,184.025,186.09,1525731,0
20180606,186.56,187.389,185.36,186.42,1410168,0
20180607,187,187,174.32,177.45,2853441,0
20180608,177.7,180.02,176.22,178.19,2018057,0
20180611,178.46,180.5,177.05,180.08,1191317,0
20180612,180.56,182.55,179.81,181.84,1420470,0
20180613,183.23,183.95,179.45,181.23,1395845,0
20180614,182.59,187.23,182.51,185.34,2617416,0
20180615,184.97,186.59,181.25,186.35,1717372,0
20180618,185.36,186.71,183,186.41,1399365,0
20180619,183.58,184.25,179.31,183.61,1503595,0
20180620,185,188.59,184.47,184.76,1718690,0
20180621,185,186.57,179.941,180.27,1299879,0
20180622,178.58,178.58,172.51,176.7,2415815,0
20180625,174.43,175,169.46,171.39,1923363,0
20180626,172.09,174.14,170.07,170.85,1506294,0
20180627,172.21,175.74,167.357,167.97,1942671,0
20180628,167.84,173.8,167.5,172.41,1489599,0
20180629,174,175.25,171.56,172.47,1053108,0
20180702,171.61,177.69,170.394,177.6,1680055,0
20180703,178.03,179.35,176.57,177.19,757112,0
20180705,178.19,180.45,177.83,179.43,1240581,0
20180706,179.4,183.284,178.64,182.16,785755,0
20180709,183.23,185.26,181.1,184.85,1493500,0
20180710,185.23,186.48,183.39,185.6,1221448,0
20180711,183.37,188.18,183.37,187.18,1371008,0
20180712,188.83,194.81,188.74,194.66,2212307,0
20180713,193.29,193.98,189.24,191.06,1896514,0
20180716,191.96,192,188.3,189.08,1309543,0
20180717,186.95,191.67,184.225,191.2,1337268,0
20180718,192,194.02,190.111,192.01,1540358,0
20180719,191.53,192.734,189.48,190.04,953185,0
20180720,191.01,193.56,190.5,191.08,1439825,0
20180723,190.18,191.35,186.58,190.5,1637454,0
20180724,191.93,192.18,183.438,184.91,2743777,0
20180725,184.57,187.326,183.36,183.86,3695654,0
20180726,181.5,194.67,181.5,192.32,3787884,0
20180727,192.03,192.48,178.35,183.95,3287040,0
20180730,184,184.95,178.56,178.81,2439361,0
20180731,179.25,179.99,174.346,175.96,3062879,0
20180801,176.59,180.62,176,177.94,1977146,0
20180802,177,183.061,176.79,182.84,1833168,0
20180803,183.59,183.645,178.75,180.88,1281876,0
20180806,181.12,184.94,181.12,184.66,1146988,0
20180807,185,187.03,184.2,185.74,1048122,0
20180808,185.3,187.22,182.36,186.13,842576,0
20180809,186.81,190.63,186.2,188.34,1210665,0
20180810,186.36,190,185.454,187.47,829822,0
20180813,187.01,189.17,184.841,185.02,872396,0
20180814,186.1,186.87,181.76,184.49,1286691,0
20180815,184.17,187.44,180.61,182.73,1261076,0
20180816,184.35,184.52,181.76,182.03,749925,0
20180817,182,183.16,178.8,180.83,1656028,0
20180820,180.17,181.92,179.145,181.36,1661660,0
20180821,182.4,184.83,181.82,182.1,1555113,0
20180822,181.48,183.64,181.12,182.41,2050176,0
20180823,182.17,186.23,181.8,184.85,1521247,0
20180824,186.11,194.75,185.28,193.56,2765012,0
20180827,194,196.63,192.22,193.25,1711590,0
20180828,193.78,194.77,191.52,194.26,1187034,0
20180829,194.27,201,194.27,200.23,2994780,0
20180830,199.5,200.04,196.46,198.45,1805219,0
20180831,198,199.44,195.37,196.36,1225288,0
20180904,195.95,200.66,195.3,200.26,1692779,0
20180905,200,200,188.3,190.76,2704839,0
20180906,191.92,194.33,189.24,193.18,1841253,0
20180907,192.94,198.5,191.33,196.98,1631700,0
20180910,199.88,199.88,195.5,199.01,2147656,0
20180911,198,202.72,197.245,199.5,1765007,0
20180912,199.84,203.34,195.29,202.77,1605323,0
20180913,204,206.295,203.06,204.58,1472569,0
20180914,204.12,205.34,202.15,202.97,1225542,0
20180917,201.88,201.95,192.65,192.82,2313416,0
20180918,193.02,195.78,191.55,191.88,2295516,0
20180919,191.5,192.61,182.73,186,3930021,0
20180920,187,188.94,184.25,187.35,2883788,0
20180921,188.37,190.57,187.8,189.69,2880737,0
20180924,187.63,194.07,185.67,193.12,2064799,0
20180925,194.28,198.47,193.94,197.61,2105989,0
20180926,197.61,198.885,194.69,195.71,1332257,0
20180927,196.05,197.5,193.81,195.08,1119744,0
20180928,194.58,197.8,194.55,195.63,1205036,0
20181001,197.25,199.23,193.63,194.61,1338548,0
20181002,195.72,195.97,192.33,192.9,1317009,0
20181003,194.28,198.31,192.26,196.2,1582398,0
20181004,195.49,195.5,184.62,187.44,3489058,0
20181005,187.11,190.12,181.65,186.6,2244986,0
20181008,184.39,185.81,177.27,180.26,2625632,0
20181009,179.9,187.29,179.11,181.41,2397938,0
20181010,180.45,180.83,171.81,172.14,3543719,0
20181011,172.85,178.21,172.14,174.97,3509483,0
20181012,182.32,188.07,180.29,184.45,2940164,0
20181015,184.16,184.25,179.62,180.91,1462728,0
20181016,185.21,193.35,184.66,192.72,2794834,0
20181017,193.11,193.195,188.433,190.26,1910278,0
20181018,189.14,191.54,182.02,185.18,2237743,0
20181019,186.46,187.65,176.66,177.15,2259905,0
20181022,178.91,180.949,174.378,178.84,2732277,0
20181023,174.2,184.66,172.85,181.78,3025079,0
20181024,181.78,183.78,169.65,170.21,3793871,0
20181025,173.4,175,162.18,172.63,5153591,0
20181026,164.24,172.16,162.43,166.76,3125248,0
20181029,172.09,173.5,160.66,164.23,2537766,0
20181030,160,169,157.6,168.5,3131324,0
20181031,174.31,185.12,174.31,181.04,4013052,0
20181101,181.03,184.315,177.058,183.73,1538491,0
20181102,184.87,186.35,178.36,178.78,1527055,0
20181105,178.98,180.73,176.71,180.41,1387545,0
20181106,179.5,182.48,176.26,177.37,1185119,0
20181107,182.35,194.04,180.78,190.83,2994478,0
20181108,190,191.58,185.18,186.16,1784452,0
20181109,184.23,184.23,173.91,177.59,2205981,0
20181112,175.2,176.99,166.52,172.37,2667095,0
20181113,174.35,174.87,167.08,168.67,2144228,0
20181114,171.26,172.67,166.85,167.38,1443128,0
20181115,166.67,173.55,166.63,172.97,1602489,0
20181116,170.73,173.88,169.25,171.09,1109276,0
20181119,169.56,169.855,156.09,156.8,3194725,0
20181120,148.99,161.285,147.63,157.24,4098242,0
20181121,160.22,163,157.64,159.14,1821674,0
20181123,156.57,161.74,156.5,160.63,577571,0
20181126,164.09,168.27,160.705,167.26,1746590,0
20181127,164.6,166.755,162.11,165.74,1491059,0
20181128,171.25,178.36,170.412,177.87,3112176,0
20181129,176.24,181.81,175.35,179.1,1743534,0
20181130,179.64,186.27,178.52,185.27,3144550,0
20181203,192.05,192.16,184.6,188.09,2407998,0
20181204,185.59,188.675,178.22,180.85,2544543,0
20181206,187.6,187.8,174,187.6,2678540,0
20181207,186.94,189.67,179.255,182.38,1749149,0
20181210,181,187.77,181,184.9,1567485,0
20181211,189.16,189.19,181.72,183.42,2224662,0
20181212,187,191.355,185.96,187.64,2289669,0
20181213,189.4,190.76,185.35,188.15,1443744,0
20181214,184.54,187.625,181.46,181.98,1663482,0
20181217,180.01,180.01,170.52,171.47,2315693,0
20181218,173.42,175.62,170.72,173.57,1682504,0
20181219,174.64,181.14,171.13,174.04,2139953,0
20181220,171.84,174.81,160,169.92,3198433,0
20181221,170.02,170.49,160.44,162,2799684,0
20181224,159.02,163.81,158,158.92,896420,0
20181226,159.68,169.67,159.68,169.51,3050858,0
20181227,166.87,178.24,166.498,178.2,2937547,0
20181228,179.61,184.088,175.68,180.33,2442132,0
20181231,182.92,183.27,176.8,178.05,1655474,0
20190102,174.12,180.45,172.46,178.32,2561533,0
20190103,175.12,177.99,168.47,169.12,2469242,0
20190104,173.01,181.49,171.66,179.23,2195880,0
20190107,180.75,188,179.4,186.67,1825065,0
20190108,189.75,191.65,184.56,188.11,1609200,0
20190109,185.26,191.29,185.26,190.47,2095992,0
20190110,188.9,190.94,187.55,190,1637774,0
20190111,188.1,191.95,186.06,191.69,1646015,0
20190114,187.87,191.08,186.93,188.4,1811133,0
20190115,189.45,190.32,187.58,188.35,2517852,0
20190116,189.52,192.79,187.45,189.59,1451021,0
20190117,186.83,189.44,185.22,186.53,2149356,0
20190118,189.73,191.45,186.63,190.09,1930631,0
20190122,187.78,189.68,184.784,185.7,1506437,0
20190123,187.52,189.82,182.91,183.96,1585345,0
20190124,184.25,187.47,182.46,185.7,1351823,0
20190125,187.61,191.27,187.36,191.08,1425820,0
20190128,188.05,190.16,186.5,187.94,1930434,0
20190129,188.18,188.82,184.005,184.82,1633529,0
20190130,187.19,194.21,187.01,194,4251489,0
20190131,211.36,228.41,209.99,220.02,11199653,0
20190201,218.58,221.84,216.8,221.51,3552072,0
20190204,220.83,225.88,220.1,225.14,3599742,0
20190205,226,229.4,225.37,228.35,1904866,0
20190206,228,229.5,223.3,225.56,1662886,0
20190207,224.06,228.039,222.12,226.96,1479502,0
20190208,225.4,228.79,222.67,228.56,1603787,0
20190211,229.89,232.25,227.072,229.01,1936423,0
20190212,230.61,236.81,230.5,234.65,2366211,0
20190213,235,237.49,231.645,231.97,1677609,0
20190214,231.44,235.84,230.76,234.03,1304723,0
20190215,235,236.695,232.397,234.89,1425851,0
20190219,233.49,235.46,232,234.58,1434465,0
20190220,235,235.49,227.85,229.5,2347040,0
20190221,228.71,231.24,226.51,230.01,1317621,0
20190222,230.32,236.146,230.32,235,1980879,0
20190225,237.5,239.45,235.59,237,1612071,0
20190226,235.84,236.94,233.45,236.21,1184247,0
20190227,235.8,240.86,235.332,240.31,2214216,0
20190228,240.17,241.44,237.74,239.44,1892920,0
20190301,242.31,244.35,239.29,243.52,2055906,0
20190304,244.6,245.33,228.67,236.97,4415462,0
20190305,237.57,237.57,232.03,236,1940199,0
20190306,235.45,237.45,231.79,233.11,1214816,0
20190307,232.37,236.815,231.11,233.37,1577382,0
20190308,229.3,234.03,226.708,233.95,1527596,0
20190311,235.51,240.09,235.13,239.86,1991927,0
20190312,240.15,241.02,236.78,238.71,1693734,0
20190313,240.56,243.42,239.55,240.39,1885543,0
20190314,244.05,244.63,241.3,241.59,1946816,0
20190315,241.37,243.24,240.2,241.89,2053750,0
20190318,242.53,245.96,240.14,240.98,2411556,0
20190319,242.26,244.13,240.35,241.96,2191300,0
20190320,243,247.28,239.8,244.59,1210830,0
20190321,243.72,251.65,243.72,250.95,1532092,0
20190322,249,250.5,241.07,241.21,2014939,0
20190325,238.79,243.01,236.62,241.7,1553187,0
20190326,245.04,247.239,243.2,245,1351129,0
20190327,244.82,244.82,235.6,241.37,1578780,0
20190328,243.73,245.845,240.73,243.33,1169524,0
20190329,246.5,247.13,243.36,246.49,1389909,0
20190401,249.99,250.35,243.8,245.73,1813403,0
20190402,245.75,247.02,242.8,246.82,1480318,0
20190403,248.9,248.9,244.29,247.14,1046788,0
20190404,246.35,246.39,230.14,237.03,2942432,0
20190405,238.64,240.089,235.26,236.98,1177136,0
20190408,236.4,239.38,233.506,237.21,1447973,0
20190409,235.13,240.28,235.13,238.76,1360800,0
20190410,240.5,245.58,240.02,243.66,1241529,0
20190411,243.64,246.19,242.11,245.77,1042847,0
20190412,247,247.74,243.743,244.3,997494,0
20190415,244.07,246.4,242.44,243.79,1298992,0
20190416,245.89,246.123,238.85,239.81,1130823,0
20190417,241.72,242,234.321,236.23,2485805,0
20190418,234.4,238.92,232.14,237.4,2936829,0
20190422,236.02,243.57,236,242.64,1251362,0
20190423,243.25,247.335,241.1,243.55,2057986,0
20190424,245,245.38,241.055,242.7,2720016,0
20190425,261.02,269.265,258.18,260.69,4777382,0
20190426,260,267.835,257.09,267.08,2216689,0
20190429,267.1,273.47,267.1,271.69,2026177,0
20190430,271,273.82,268.73,271.51,1522717,0
20190501,273.16,273.16,268.31,270.4,1528715,0
20190502,264.86,269.99,260.35,262.67,3211755,0
20190503,265.68,269.31,264.26,268.52,1653027,0
20190506,260.5,270.97,257.5,269.75,1255370,0
20190507,267,268.9,260.05,264.81,1565569,0
20190508,264,268.39,260.83,265.98,1262951,0
20190509,262.35,271.8,260.28,270.49,1709861,0
20190510,268.5,275.198,266.5,274.9,1754438,0
20190513,266.88,271.16,259.27,260.12,2776009,0
20190514,263.22,272.93,263.22,272.07,2046856,0
20190515,270,276.425,269.535,273.96,1283895,0
20190516,275,281.74,274.21,277.96,4212990,0
20190517,275.71,277.321,271.62,272.99,1721834,0
20190520,266.96,270.5,263.54,265.08,2414579,0
20190521,269.71,273,267.75,271.21,1078856,0
20190522,270.07,276.5,269.83,273.39,775887,0
20190523,270.06,270.87,263.88,264.79,1458468,0
20190524,266.75,269.435,265.053,268.95,1181793,0
20190528,269.08,272.12,264.735,266.65,1444906,0
20190529,263.9,268.32,261.51,264.19,1127636,0
20190530,265.41,265.41,261.21,262.6,1304939,0
20190531,259.31,265.44,257.5,261.93,1219378,0
20190603,262,263.29,246.02,248.38,2822308,0
20190604,251.14,258.07,247.51,257.55,1522561,0
20190605,262.37,263.88,256.3,263.25,1827129,0
20190606,263.24,269.675,261.82,268.49,950396,0
20190607,270.99,276.687,270.99,274.55,1692525,0
20190610,279.36,280.555,275.61,275.87,1248781,0
20190611,279.86,279.86,263.95,266.29,1466980,0
20190612,266,270.345,264.335,267.88,977790,0
20190613,268.6,274.09,268.6,273.79,1181355,0
20190614,273.73,275.61,270.05,272.25,1015489,0
20190617,273.7,276.38,271.72,274.56,988358,0
20190618,278.32,285.03,278.32,282.64,2009950,0
20190619,284.21,285.83,281.05,285.51,1481824,0
20190620,290.24,292.98,286.43,288.8,1732898,0
20190621,287.52,290.84,285.65,285.74,1645355,0
20190624,287.87,288.38,280.941,282.5,1542447,0
20190625,283.15,283.15,273.06,275.36,1587230,0
20190626,278.78,285.2,273.86,275.34,1310405,0
20190627,277.37,280.825,276.21,278.51,1143981,0
20190628,277.81,280.19,274.57,274.57,4160801,0
20190701,281.99,284.335,279.49,283.51,1742347,0
20190702,283.31,289.32,283.145,288.31,1946367,0
20190703,289.9,294.225,289.9,293.15,1116101,0
20190705,291,294.62,288.55,294.53,1005120,0
20190708,293.65,293.78,289.65,293,1268819,0
20190709,291.41,299.12,290.63,298.02,1655993,0
20190710,299.61,302.99,298.31,298.75,1209358,0
20190711,300.41,302.625,299.46,302.31,886711,0
20190712,302.3,303.17,296.106,301.13,963860,0
20190715,302,302.41,297.875,301.1,729993,0
20190716,300,301.3,294.203,295.5,1161742,0
20190717,295.5,300.16,294.505,296.56,865745,0
20190718,296.32,298.49,294.032,294.68,1100343,0
20190719,298.05,299.2,288.455,289.74,1395967,0
20190722,293.4,294.97,289.62,293.81,1963775,0
20190723,295.02,295.02,287.64,291.01,1606663,0
20190724,291.72,297.61,290.5,297.21,2766165,0
20190725,288.5,290.75,279.69,285.73,4531985,0
20190726,288.37,290.195,285.75,289.33,1711655,0
20190729,289.34,290,275.59,285.84,3271845,0
20190730,284.28,286.39,280.97,281,1556918,0
20190731,281.71,282.502,272.61,277.39,2097589,0
20190801,277.38,281.72,271.12,274,2759004,0
20190802,272.95,273.11,261.88,265.86,2437838,0
20190805,255.01,262.54,251.899,256.81,3590439,0
20190806,261.66,265,257.35,261.71,1722800,0
20190807,259.66,264.95,257,260.69,1291494,0
20190808,262.01,267.73,261.38,267.11,1644566,0
20190809,267.25,268,262.74,263.82,899494,0
20190812,261.3,263.12,257.75,258.56,721400,0
20190813,258,263.57,257.35,262.19,1612516,0
20190814,258.34,259.873,251.69,252.31,1776312,0
20190815,252,254.91,250.19,252.29,1778779,0
20190816,255.91,259.9,254.873,256.91,1506655,0
20190819,260,261.585,254.635,255.51,1812511,0
20190820,255.5,257.605,252.58,255.28,1354128,0
20190821,262,267.84,260.24,265.78,1903322,0
20190822,266.5,267.95,262.28,264.64,1272884,0
20190823,266.37,274.56,261.815,263.07,2614890,0
20190826,265,266.87,262.31,266.57,849645,0
20190827,269.02,269.6,261.94,266.21,1489888,0
20190828,261.77,263.31,258.22,260.32,1659345,0
20190829,263.86,265.945,260.6,264.79,1090424,0
20190830,265.91,266.58,256.65,261.84,1500373,0
20190903,264.09,265.56,261,263.38,1426123,0
20190904,265.72,270.14,265.25,268.52,1201128,0
20190905,270.32,273.16,260.602,269.62,2145925,0
20190906,269.9,270.56,262.47,263.5,1400808,0
20190909,264,265.84,250,254.68,2922262,0
20190910,250.47,255.665,246.5,253.18,2525914,0
20190911,252.63,259.065,251.02,253.67,1487101,0
20190912,256.6,259.66,255.52,256.81,1813954,0
20190913,255.375,256.38,251,251.96,1520502,0
20190916,251,261.24,250,261.15,1182551,0
20190917,263.36,268,260.74,264.05,1273141,0
20190918,266.69,266.9,259.77,265.85,1456225,0
20190919,265.45,269.18,262.5,268.74,1493417,0
20190920,269.47,271.39,266.59,271.17,2140645,0
20190923,272.47,273.632,266.96,267,1235456,0
20190924,267,268.33,256.1,257.5,1520859,0
20190925,257.5,259.64,248.67,259.38,2566512,0
20190926,259.39,259.654,255.235,257.99,951620,0
20190927,258.92,259.49,245.27,250.26,2286908,0
20190930,252.2,254.8,249.51,253.85,1215258,0
20191001,255.32,256.12,249.71,250.13,1711687,0
20191002,249.06,250.76,243.54,246.85,1794633,0
20191003,247.77,258.56,244.29,257.37,1680394,0
20191004,260.23,267.22,259.58,266.48,1915097,0
20191007,266.23,270.5,266.23,268.15,2005932,0
20191008,266,268.37,257.98,258.13,1163457,0
20191009,260.84,263.52,259.48,262.02,842940,0
20191010,260.36,264.675,259.1,263.18,777030,0
20191011,268.06,273.96,266.31,270.33,1751483,0
20191014,270.07,271.219,267.86,269.44,1359602,0
20191015,270.44,276.5,270,274.24,1774575,0
20191016,258.93,260.75,249.1,254.6,4726460,0
20191017,258.29,259.06,252.05,254.31,2212039,0
20191018,253.97,257.51,240.62,243,4426006,0
20191021,245.09,245.807,239.1,240.9,3841428,0
20191022,241.91,242.45,225,228.34,8287637,0
20191023,216.3,225.73,213.99,220.01,12288341,0
20191024,236.56,243.82,232.25,237.78,9397476,0
20191025,237.77,241.5,234.06,241.22,3338024,0
20191028,243.4,246.28,240.001,244.7,3477218,0
20191029,243.99,248.99,240.82,241.04,1871105,0
20191030,243.34,250.24,239.025,249.95,1910352,0
20191031,249.96,250.81,244.01,247.26,1454764,0
20191101,248.94,256.16,247.41,253.03,2481196,0
20191104,254.49,255.575,245.05,245.8,1808518,0
20191105,245.81,246.4,239.13,241.86,2217729,0
20191106,241.75,242.73,238.97,241.35,1372430,0
20191107,242,244.65,239.81,240.89,1919525,0
20191108,239.92,249.2,238.29,248.45,1942603,0
20191111,247.31,250,245.815,248.55,1696632,0
20191112,249.29,253.49,249.2,252.53,1888780,0
20191113,250.93,255.11,249.01,253.94,1963743,0
20191114,252.77,255.41,249.47,253.85,1806072,0
20191115,255.5,260.04,254.29,259.96,2228306,0
20191118,258,268.45,257.3,266.31,3205150,0
20191119,277.25,279.9,272.53,277.74,9869439,0
20191120,276.88,284.295,276.65,283,37944018,0
20191121,282.32,283.47,277.75,279.12,4069011,0
20191122,280,280.85,276.89,279.98,2152094,0
20191125,280,284,278.41,279.75,3235572,0
20191126,281,281.15,278.62,278.86,2360987,0
20191127,279.51,281.49,277.85,281.28,1317876,0
20191129,280.97,283.49,280.1,283.04,879899,0
20191202,283,283,269.5,277.35,2340880,0
20191203,271.79,280,271.06,279.01,2351398,0
20191204,277.87,278.07,272.8,273.8,1852681,0
20191205,273,277.25,271.86,273.13,1175705,0
20191206,274.9,275.309,269.62,272.04,1871264,0
20191209,271.77,272.595,269.615,269.7,1069025,0
20191210,270,272.445,266.2,266.78,1461128,0
20191211,266,268.19,263.53,267.3,1784021,0
20191212,266.36,268.59,264.08,265.65,2222487,0
20191213,265.64,273.8,263.98,272.98,1866854,0
20191216,274.33,281.8,274.11,281.79,2082760,0
20191217,281.025,281.025,274.39,276.14,1926251,0
20191218,277.43,280.18,276.095,277.45,1272491,0
20191219,277.45,279.11,275.33,278.48,1433649,0
20191220,280.52,282.83,278.763,282.63,2302072,0
20191223,283.05,287.44,281.71,283.31,1941613,0
20191224,283.9,284.92,282.57,284.2,305728,0
20191226,284.76,288.08,284.76,286.2,945982,0
20191227,288.07,288.07,284.111,286.88,997648,0
20191230,286.28,286.42,277.75,282.81,1406259,0
20191231,280.41,283.85,279.79,282.32,970352,0
20200102,284.96,291.68,284.22,291.24,1771770,0
20200103,286.9,293.06,286.5,291.1,1135820,0
20200106,285.19,293.41,284.6,292.87,1474090,0
20200107,293.22,294.58,288.03,292.91,1439902,0
20200108,294.56,297.69,293.24,295.65,1740786,0
20200109,297.3,299.77,294.225,299.31,1403564,0
20200110,300.72,303.39,297.45,298.88,1258528,0
20200113,302.35,305.86,301,303.85,1643781,0
20200114,303.85,306,301.37,301.5,1499109,0
20200115,302,307.73,301.9,304.87,1486320,0
20200116,306,310.5,305.348,310.02,2269426,0
20200117,310.44,312.79,309.56,312.52,2114283,0
20200121,312,315.6,311.11,312.98,2558574,0
20200122,317.03,317.268,312.75,312.85,1769898,0
20200123,313,316.18,310.9,311.46,1590830,0
