Date,Open,High,Low,Close,Volume,OpenInt
20150304,11.205,11.5,11,11.5,5788,0
20150305,11.595,11.595,10.8,11.2,5040,0
20150306,11.45,11.7,10.8,10.95,13132,0
20150309,11,11,10.3,10.6,9020,0
20150310,10.7,11.15,10.45,10.45,4527,0
20150311,10.7,10.75,10.2,10.35,7068,0
20150312,10.55,10.7,10.2,10.2,1269,0
20150313,10.25,10.5,9.95,10.2,13633,0
20150316,10.4,10.95,10.15,10.7,2704,0
20150317,10.4,11,10.4,10.85,35580,0
20150318,10.75,11.35,10.45,11.2,3461,0
20150319,10.75,10.9,10.05,10.3,130987,0
20150320,10.4,10.75,10.3,10.75,56456,0
20150323,10.45,10.65,10.4,10.4,234701,0
20150324,10.45,10.5,9.9,9.95,104098,0
20150325,10.1,10.1,8.9,9.55,202952,0
20150326,9.6,9.7,8.75,8.85,365907,0
20150327,9,9.25,8.85,9.15,184261,0
20150330,8.9,9.05,8.35,8.4,100047,0
20150331,8.1,9.05,8,8.15,102524,0
20150401,8.75,9.55,8.5,9.5,91400,0
20150402,9.7,9.95,9.5,9.9,100254,0
20150406,9.8,10.46,9.8,10.05,18083,0
20150407,9.9,10.05,9.8,9.8,32178,0
20150408,10.2,10.9,10.2,10.85,150315,0
20150409,11,11.15,10.3,10.4,131104,0
20150410,10.4,10.5,10.15,10.325,19648,0
20150413,10.5,10.65,10.45,10.55,24696,0
20150414,10.65,10.65,10.35,10.6,58831,0
20150415,10.7,10.85,10.55,10.85,15528,0
20150416,11,11.15,10.6,10.6,64945,0
20150417,10.35,10.6,10.3,10.35,13073,0
20150420,10.2,10.6,10.1,10.55,6151,0
20150421,10.45,10.9,10.45,10.8,1039,0
20150422,10.45,10.6,10.325,10.4,16642,0
20150423,10.2,10.65,10.2,10.35,22047,0
20150424,10.35,10.45,10.05,10.45,23830,0
20150427,10.5,10.5,10.05,10.2,2652,0
20150428,10,10.03,9.65,9.75,13448,0
20150429,9.65,9.8,9.55,9.65,4665,0
20150430,9.7,10,9.2995,9.7,49418,0
20150501,10,10,9.8,9.9,683,0
20150504,9.6,9.65,9,9,50276,0
20150505,9.3,9.8,8.8,8.8,20430,0
20150506,9.1,9.8,9.1,9.7,42129,0
20150507,9.95,10.1,9.15,9.15,1700,0
20150508,9.5,9.75,9.35,9.75,4975,0
20150511,9.65,9.65,9.55,9.55,4705,0
20150512,9.5,9.65,9.5,9.55,18536,0
20150513,9.55,10.15,9.5,10.1,64630,0
20150514,10.1,10.269,10,10.1,779257,0
20150515,10.25,10.55,10.1,10.55,22150,0
20150518,10.2,10.35,10.05,10.35,14173,0
20150519,10,10.1,9.9,10,45057,0
20150520,10,10.45,10,10.35,20943,0
20150521,10.5,10.5,10.15,10.3,10083,0
20150522,10.256,10.5,10.15,10.2,9735,0
20150526,10,10.25,10,10.25,16255,0
20150527,10.2,10.85,10,10.15,16600,0
20150528,10.1,10.55,10.1,10.55,30749,0
20150529,10.45,11.05,10.3,11.05,106478,0
20150601,11.2,11.2,10.392,10.4,7430,0
20150602,10.65,11.1,10.65,10.9,69045,0
20150603,11.25,11.25,10.75,10.95,67002,0
20150604,10.7,10.768,10.425,10.45,476,0
20150605,10.65,10.65,10.2,10.2,1939,0
20150608,10.2,10.3,9.75,10,48146,0
20150609,10,10.1,9.65,9.95,132120,0
20150610,10.15,10.5,9.85,10.5,17147,0
20150611,10.05,10.05,9.9,10,15299,0
20150612,10,10.05,9.9,10.05,5650,0
20150615,9.95,10,9.9,9.95,8367,0
20150616,9.95,10.05,9.85,9.95,7460,0
20150617,10,10.1,9.9,10.05,25308,0
20150618,10.05,10.1,9.9,10.05,580,0
20150619,10,10.35,9.75,9.75,10942,0
20150622,10.15,10.3,10.1,10.25,1845,0
20150623,10.1,10.25,9.95,10.15,13161,0
20150624,10,10.05,9.866,10,43325,0
20150625,10.295,10.295,9.95,9.95,16996,0
20150626,9.65,10.05,9.65,10.05,6084,0
20150629,9.75,9.75,9.4,9.55,22324,0
20150630,9.65,9.7,9.4,9.65,20004,0
20150701,9.65,9.65,9,9.1,6817,0
20150702,9.05,9.35,8.95,9.15,1760,0
20150706,9,9.05,8.55,8.8,3467,0
20150707,8.55,8.6,7.8,7.8,2939,0
20150708,8.5,8.5,8,8.15,7460,0
20150709,8.75,8.75,7.85,8.45,76025,0
20150710,8.35,8.952,8.35,8.726,34497,0
20150713,8.7,8.9,8.38,8.8,7920,0
20150714,8.8,9.2,8.65,9.2,22981,0
20150715,8.85,9,8.5,9,7413,0
20150716,8.75,8.8,8.45,8.6,546,0
20150717,8.5,8.55,7.982,8.4,50431,0
20150720,8,8,7.7,7.75,24546,0
20150721,8.05,8.05,7.75,7.9,24328,0
20150722,8.2,8.2,7.65,7.85,32833,0
20150723,7.65,7.7,7.2,7.25,8297,0
20150724,7.15,7.15,6.9,7,34340,0
20150727,7.15,7.15,6.8,6.95,6820,0
20150728,7,7,6.65,6.75,6778,0
20150729,6.9,7.1,6.9,6.9,18662,0
20150730,6.9,7,6.7,6.95,14388,0
20150731,7.2,7.65,7.05,7.45,34004,0
20150803,7.2,7.3,6.65,6.65,18111,0
20150804,6.75,6.75,6.55,6.6,2611,0
20150805,6.55,6.65,6.455,6.6,16863,0
20150806,6.5,6.5,6.25,6.35,3847,0
20150807,6.1,6.15,5.7,5.8,5100,0
20150810,5.9,5.9,5.45,5.6,5380,0
20150811,5.5,5.5,5.25,5.45,3039,0
20150812,5.4,5.55,5.4,5.5,820,0
20150813,5.5,5.6,5.3,5.35,7840,0
20150814,5.3,5.3,4.9655,4.9655,982,0
20150817,4.7865,4.7865,4.38,4.539,2274,0
20150818,4.3795,4.573,4.35,4.4095,3597,0
20150819,4.3785,4.3785,4.121,4.218,28180,0
20150820,4.235,4.8925,4.15,4.741,51625,0
20150821,4.552,4.5665,4.17,4.292,48322,0
20150824,3.8375,3.9755,3.733,3.75,8226,0
20150825,3.9715,3.972,3.5,3.6,55720,0
20150826,3.8115,3.935,3.7,3.8725,54900,0
20150827,3.888,4.114,3.888,3.964,41813,0
20150828,4.85,4.85,3.894,3.9,31685,0
20150831,3.8435,4.1565,3.82,3.9,41741,0
20150901,3.6,3.75,3.2,3.6,90731,0
20150902,3.5885,3.75,3.36,3.45,68322,0
20150903,3.45,3.85,3.313,3.45,88587,0
20150904,3.5,3.7815,3.5,3.5,16444,0
20150908,3.5,3.8925,3.05,3.05,72389,0
20150909,3.4275,3.497,3.05,3.05,4600,0
20150910,2.825,3.45,2.825,3.45,116547,0
20150911,3.3045,3.7455,3.2,3.55,36202,0
20150914,3.505,4.045,3.45,3.8125,93234,0
20150915,3.75,4.125,3.725,4,36509,0
20150916,3.75,4.4205,3.75,4.4205,100867,0
20150917,4.4,5.45,4.21,4.6665,185917,0
20150918,4.55,5.35,4.55,4.9,100762,0
20150921,4.8,5.05,4.154,4.35,65562,0
20150922,4.25,4.25,3.6775,3.925,39401,0
20150923,3.7625,4.14,3.5,3.94,33160,0
20150924,3.832,4.4,3.25,3.87,23252,0
20150925,3.9505,4.2425,3.312,3.812,52956,0
20150928,3.759,3.759,3.505,3.65,24019,0
20150929,3.5,3.7075,3.495,3.55,63017,0
20150930,3.65,3.75,3.4,3.4,27868,0
20151001,3.65,3.9,3.5,3.7395,4123,0
20151002,3.5345,3.9995,3.5345,3.9505,2990,0
20151005,4.0475,4.43,3.8,4.197,13392,0
20151006,4.429,4.5145,4.3995,4.422,29050,0
20151007,4.5,4.745,4.4775,4.7,14507,0
20151008,4.5,6,4.5,5.1,3457,0
20151009,4.45,4.85,4.2,4.333,33799,0
20151012,4.6,4.612,4.6,4.612,40,0
20151013,4.3,4.3,3.75,3.9,6719,0
20151014,4.15,4.7,3.8,4.115,231395,0
20151015,4.25,4.45,4.1295,4.23,357586,0
20151016,3.814,4.693,3.65,3.95,168203,0
20151019,4.05,4.5,3.5665,3.75,115896,0
20151020,3.75,3.811,3.64,3.75,81577,0
20151021,3.75,3.7905,3.6,3.75,31164,0
20151022,3.8665,4.1665,3.719,4.15,270636,0
20151023,3.9645,4.3,3.75,4.25,96978,0
20151026,4.6615,4.8455,4.1705,4.4,192841,0
20151027,4.39,4.845,3.7505,4.05,78963,0
20151028,3.925,4.25,3.75,3.956,244358,0
20151029,3.75,4.19,3.685,4.1265,166585,0
20151030,4.0875,4.25,3.805,4.25,124222,0
20151102,4.55,4.8,3.85,4.7,99322,0
20151103,4.2,5.05,4.2,5.05,122937,0
20151104,4.65,5.25,4.6,5,163979,0
20151105,4.893,5.15,4.5665,4.8195,52017,0
20151106,4.7165,5.15,4.4605,4.8835,51534,0
20151109,4.8545,5.45,4.565,5.35,55794,0
20151110,4.828,5.1,4.8155,5.05,151336,0
20151111,5.3,5.3,5,5.15,39174,0
20151112,5.15,5.15,4.75,5,151021,0
20151113,4.553,5.25,4.5,4.75,192743,0
20151116,4.5,4.798,4.3015,4.55,12611,0
20151117,4.55,4.725,4.3,4.31,24019,0
20151118,4.5,5.1,4.251,5.1,43309,0
20151119,4.382,4.95,4.309,4.95,35004,0
20151120,4.95,5,4.4,4.6,54473,0
20151123,4.5,4.5,4.025,4.3,34583,0
20151124,4.25,4.75,4.15,4.75,19028,0
20151125,4.0495,4.4,3.9245,4.3575,90528,0
20151127,4.2,4.64,3.863,4.55,15951,0
20151130,3.622,4.053,3.485,3.975,70589,0
20151201,3.65,3.75,3.55,3.55,57338,0
20151202,3.55,3.72,3.3305,3.6,29570,0
20151203,3.45,4.1,3.45,4.1,50094,0
20151204,3.75,3.9,3.3,3.3,32456,0
20151207,3.2,3.35,3.085,3.195,34048,0
20151208,3,3.19,2.8995,3.0005,23865,0
20151209,3.05,3.2,2.809,2.973,126799,0
20151210,2.9055,2.9215,2.6,2.65,96873,0
20151211,2.65,2.7,2.55,2.55,58566,0
20151214,2.545,2.645,2.315,2.475,70347,0
20151215,2.625,2.75,2.55,2.55,80659,0
20151216,2.75,2.895,2.621,2.7505,102621,0
20151217,2.857,3,2.857,2.99,83323,0
20151218,2.813,2.975,2.805,2.928,162069,0
20151221,3,3.127,2.61,2.61,112234,0
20151222,3.151,3.495,3.051,3.333,264914,0
20151223,3.7495,3.8,3.326,3.4565,46422,0
20151224,3.6,3.625,3.362,3.45,22280,0
20151228,3.55,3.787,3.45,3.74,34200,0
20151229,3.65,3.65,3.4,3.48,56844,0
20151230,3.25,3.4905,3.05,3.05,86585,0
20151231,2.85,3.21,2.85,3.05,11306,0
20160104,3.14,3.285,2.752,3.068,42747,0
20160105,2.95,3.295,2.924,3.15,19264,0
20160106,2.995,3.6995,2.95,3.574,100719,0
20160107,2.95,3.574,2.9,3.574,151501,0
20160108,3.45,3.45,3.055,3.1935,66785,0
20160111,3.16,3.16,2.9635,3.0495,30215,0
20160112,3.121,3.2,2.91,3.135,37325,0
20160113,3.0995,3.145,2.75,2.75,29934,0
20160114,2.75,2.9,2.6925,2.8535,63960,0
20160115,2.6475,3,2.45,3,137572,0
20160119,2.66,2.66,2.66,2.66,0,0
20160120,2.5,2.75,2.45,2.657,44985,0
20160121,2.497,2.7775,2.497,2.721,50642,0
20160122,3.1645,3.25,2.65,2.7075,22599,0
20160125,2.7005,3.15,2.7,2.7755,37663,0
20160126,2.7075,3,2.6,3,59619,0
20160127,2.75,2.85,2.523,2.645,26378,0
20160128,2.7055,2.989,2.6,2.7,55013,0
20160129,2.7,2.9885,2.699,2.9245,39829,0
20160201,2.95,3,2.69,2.96,93469,0
20160202,2.86,3.14,2.63,2.85,67754,0
20160203,2.8242,3.05,2.67,2.88,42600,0
20160204,2.83,2.89,2.62,2.85,158918,0
20160205,2.79,2.8,2.6,2.65,42581,0
20160208,2.61,2.77,2.56,2.77,30456,0
20160209,2.75,2.85,2.6801,2.78,41369,0
20160210,2.8,2.8,2.45,2.56,56441,0
20160211,2.55,2.63,2.5,2.5,31752,0
20160212,2.56,2.85,2.56,2.85,15787,0
20160216,2.77,3,2.7,2.92,42846,0
20160217,3.31,3.48,3.13,3.3,141026,0
20160218,3.24,3.24,2.94,2.99,57161,0
20160219,2.87,2.89,2.76,2.8,73144,0
20160222,2.88,2.95,2.79,2.81,222709,0
20160223,2.81,2.82,2.61,2.61,70374,0
20160224,2.56,2.56,2.45,2.49,317283,0
20160225,2.25,2.27,1.97,1.99,753621,0
20160226,2.16,2.16,1.63,1.71,894138,0
20160229,1.75,1.75,1.5,1.5,268244,0
20160301,1.57,1.69,1.545,1.58,593547,0
20160302,1.58,1.65,1.515,1.6,726821,0
20160303,1.63,1.69,1.602,1.68,381731,0
20160304,1.79,1.79,1.6,1.7,368833,0
20160307,1.67,1.72,1.62,1.67,424735,0
20160308,1.71,1.73,1.653,1.69,63416,0
20160309,1.75,1.75,1.6,1.68,207082,0
20160310,1.68,1.6901,1.4701,1.52,675942,0
20160311,1.53,1.54,1.41,1.41,247706,0
20160314,1.42,1.49,1.42,1.46,166374,0
20160315,1.46,1.46,1.2,1.4,372707,0
20160316,1.4,1.56,1.38,1.5,379914,0
20160317,1.54,1.64,1.46,1.63,714517,0
20160318,1.6,1.65,1.58,1.64,541206,0
20160321,1.64,1.64,1.53,1.53,70469,0
20160322,1.52,1.59,1.52,1.57,31569,0
20160323,1.55,1.56,1.44,1.44,113098,0
20160324,1.44,1.5,1.44,1.45,37106,0
20160328,1.51,1.53,1.49,1.51,19321,0
20160329,1.51,1.51,1.43,1.46,153611,0
20160330,1.48,1.52,1.46,1.47,61781,0
20160331,1.48,1.5,1.405,1.42,180207,0
20160401,1.42,1.47,1.39,1.45,58101,0
20160404,1.41,1.43,1.3501,1.37,58337,0
20160405,1.33,1.4,1.33,1.35,46938,0
20160406,1.349,1.35,1.294,1.294,118017,0
20160407,1.293,1.32,1.29,1.29,43645,0
20160408,1.32,1.35,1.293,1.32,37977,0
20160411,1.35,1.35,1.26,1.27,33001,0
20160412,1.24,1.24,1.191,1.23,70492,0
20160413,1.25,1.28,1.18,1.18,165729,0
20160414,1.24,1.3,1.24,1.3,60225,0
20160415,1.23,1.23,1.15,1.2,49172,0
20160418,1.14,1.17,1.13,1.16,57385,0
20160419,1.15,1.19,1.13,1.18,72945,0
20160420,1.14,1.18,1.14,1.15,137050,0
20160421,1.127,1.14,1.07,1.08,62066,0
20160422,1.07,1.12,1.047,1.058,48071,0
20160425,1.15,1.38,1.15,1.261,108260,0
20160426,1.29,1.29,1.14,1.17,118020,0
20160427,1.16,1.2,1.14,1.2,20563,0
20160428,1.17,1.28,1.17,1.275,70808,0
20160429,1.31,1.34,1.23,1.23,196988,0
20160502,1.24,1.3,1.21,1.23,30948,0
20160503,1.23,1.23,1.15,1.15,19327,0
20160504,1.19,1.19,1.14,1.17,13080,0
20160505,1.2,1.2,1.16,1.16,27899,0
20160506,1.18,1.2,1.16,1.19,12680,0
20160509,1.17,1.17,1.095,1.11,20022,0
20160510,1.15,1.2,1.12,1.12,30338,0
20160511,1.17,1.24,1.16,1.24,219436,0
20160512,1.2,1.2,1.135,1.14,46530,0
20160513,1.15,1.18,1.1075,1.12,76320,0
20160516,1.14,1.17,1.13,1.17,84568,0
20160517,1.15,1.21,1.13,1.15,22545,0
20160518,1.18,1.19,1.14,1.15,63638,0
20160519,1.14,1.15,1.09,1.13,101709,0
20160520,1.19,1.22,1.16,1.16,54133,0
20160523,1.11,1.22,1.11,1.22,18823,0
20160524,1.16,1.18,1.15,1.15,161768,0
20160525,1.14,1.23,1.14,1.17,155083,0
20160526,1.21,1.29,1.17,1.25,29046,0
20160527,1.25,1.3399,1.228,1.27,246198,0
20160531,1.32,1.32,1.21,1.23,363287,0
20160601,1.25,1.45,1.25,1.45,71830,0
20160602,1.5,1.82,1.5,1.81,163434,0
20160603,1.84,1.95,1.66,1.85,177178,0
20160606,1.83,1.9,1.71,1.85,74912,0
20160607,1.91,2.07,1.91,2.02,208602,0
20160608,2.1,2.13,2,2.06,192824,0
20160609,2.19,2.73,2.1,2.55,470397,0
20160610,2.55,2.68,2.3902,2.56,218321,0
20160613,2.65,2.65,2.15,2.37,69067,0
20160614,2.47,2.48,1.75,1.75,169039,0
20160615,1.77,2.17,1.77,2.13,70341,0
20160616,2.05,2.14,1.92,1.96,4310658,0
20160617,1.94,2.05,1.91,1.95,3316745,0
20160620,1.92,1.92,1.69,1.8,215762,0
20160621,1.15,1.95,1.15,1.75,1798556,0
20160622,1.67,1.91,1.67,1.9,1428769,0
20160623,1.92,2.45,1.73,2.45,1051035,0
20160624,3.06,3.24,2.6,2.7,301843,0
20160627,2.84,2.84,2.31,2.39,210918,0
20160628,2.42,2.99,2.42,2.94,978238,0
20160629,2.93,3.29,2.85,3.18,2450779,0
20160630,3.02,3.12,2.86,3.05,912630,0
20160701,3.07,3.26,3.06,3.26,1077595,0
20160705,3.16,3.25,2.99,3.25,201511,0
20160706,3.25,4,3.24,3.73,736915,0
20160707,3.82,4.22,3.51,3.82,783186,0
20160708,3.8,4.1,3.8,3.98,598169,0
20160711,3.95,4.3,3.95,4.26,671906,0
20160712,4.26,4.89,4.26,4.82,1350025,0
20160713,4.96,5.39,4.89,5.3,389785,0
20160714,5.36,5.69,5.23,5.35,267413,0
20160715,5.25,5.35,4.7505,5,340577,0
20160718,5.08,5.08,4.54,4.57,206112,0
20160719,4.43,4.43,3.58,4.39,154626,0
20160720,4.49,4.89,4.49,4.66,103698,0
20160721,4.74,4.86,4.63,4.77,50126,0
20160722,4.84,4.96,4.55,4.77,82134,0
20160725,4.69,4.69,4.47,4.48,61926,0
20160726,4.46,4.46,4.16,4.3,154766,0
20160727,4.23,4.47,4.16,4.47,51920,0
20160728,4.41,4.5094,4.25,4.46,53022,0
20160729,4.58,4.69,4.55,4.5923,36248,0
20160801,4.54,4.58,4.5,4.52,33976,0
20160802,4.43,4.54,4.32,4.46,88127,0
20160803,4.25,4.64,4.22,4.64,31400,0
20160804,4.67,4.72,4.59,4.65,23162,0
20160805,4.31,4.93,4.31,4.93,21850,0
20160808,4.71,4.8599,4.71,4.76,31199,0
20160809,4.76,4.88,4.76,4.86,26416,0
20160810,4.92,5.03,4.85,4.98,30002,0
20160811,4.95,5.41,4.8608,5.19,52224,0
20160812,5.26,5.28,4.89,4.89,21236,0
20160815,4.96,5.05,4.79,4.82,11976,0
20160816,4.91,4.97,4.8001,4.96,10191,0
20160817,4.88,5.1,4.87,5.1,19299,0
20160818,5.1,5.23,5.05,5.15,13114,0
20160819,5.15,5.17,5.02,5.09,9098,0
20160822,5,5.03,4.9125,4.94,49014,0
20160823,4.9318,4.98,4.8,4.81,13795,0
20160824,4.7822,4.79,4.6601,4.6895,14242,0
20160825,4.62,4.7,4.49,4.58,16331,0
20160826,4.75,5.46,4.75,5.39,64241,0
20160829,5.87,6.16,5.65,5.77,141546,0
20160830,5.85,5.89,5.37,5.54,83077,0
20160831,5.61,6.13,5.58,6.09,92700,0
20160901,6.19,6.27,5.8,5.83,76596,0
20160902,5.83,6.135,5.775,6.07,424543,0
20160906,6.2,6.7,6.02,6.03,248731,0
20160907,6.02,6.02,5.6901,5.9,26957,0
20160908,5.98,5.99,5.361,5.86,246090,0
20160909,5.91,6.1699,5.91,6.0799,37136,0
20160912,6.02,6.17,5.74,6.1,114720,0
20160913,6.06,6.14,5.86,5.9599,44696,0
20160914,5.9,5.9004,5.6201,5.75,46696,0
20160915,5.7,5.78,5.54,5.64,24497,0
20160916,5.52,5.74,5.48,5.52,21854,0
20160919,5.52,5.57,4.9234,5,153583,0
20160920,5.1,5.41,4.82,5.25,57475,0
20160921,5.36,5.56,5.25,5.28,41858,0
20160922,5.37,5.5,5.23,5.29,50607,0
20160923,5.21,5.26,5.18,5.25,86502,0
20160926,5.2,5.42,5.18,5.41,120579,0
20160927,5.39,5.45,5.22,5.41,64298,0
20160928,5.45,5.45,5.33,5.41,33684,0
20160929,5.44,5.5,5.29,5.44,337865,0
20160930,5.5,5.75,5.47,5.68,298616,0
20161003,5.79,5.9199,5.79,5.88,44845,0
20161004,5.96,5.96,5.77,5.7801,19182,0
20161005,5.87,5.99,5.75,5.79,59241,0
20161006,5.73,5.77,5.66,5.72,38800,0
20161007,5.79,5.79,5.68,5.71,15441,0
20161010,5.7799,5.7799,5.68,5.68,7782,0
20161011,5.64,5.75,5.58,5.6,99100,0
20161012,5.6999,5.6999,5.38,5.51,5532,0
20161013,5.69,5.74,5.58,5.62,33685,0
20161014,5.65,5.65,5.53,5.57,20981,0
20161017,5.53,5.74,5.48,5.48,47509,0
20161018,5.52,5.54,5.43,5.4453,22630,0
20161019,5.46,5.48,5.4201,5.45,7423,0
20161020,5.38,5.4099,5.3,5.38,30069,0
20161021,5.4447,5.52,5.43,5.47,24065,0
20161024,5.68,5.68,5.5,5.54,48758,0
20161025,5.5,5.56,5.46,5.51,13608,0
20161026,5.45,5.46,5.25,5.31,26109,0
20161027,5.38,5.38,5.27,5.27,10709,0
20161028,5.255,5.31,5.23,5.24,28728,0
20161031,5.29,5.29,5.18,5.24,12408,0
20161101,5.37,5.45,5.3201,5.35,9960,0
20161102,5.55,5.55,5.3401,5.39,5404,0
20161103,5.42,5.42,5.14,5.14,66678,0
20161104,5.15,5.24,5.15,5.17,44291,0
20161107,5.33,5.34,5.01,5.02,42211,0
20161108,5.19,5.24,4.63,4.64,112922,0
20161109,4.46,4.53,3.99,3.99,99190,0
20161110,4,4.05,3.6,3.6,137761,0
20161111,3.73,3.73,3.2,3.25,138613,0
20161114,3.5,3.54,3.11,3.3,163027,0
20161115,3.26,3.3,3.24,3.28,9025,0
20161116,3.26,3.4,3.17,3.4,588391,0
20161117,3.33,3.35,3.28,3.32,44515,0
20161118,3.35,3.67,3.35,3.54,21794,0
20161121,3.72,3.74,3.65,3.7,20239,0
20161122,3.96,4.21,3.95,4.15,35048,0
20161123,4.23,4.33,4.18,4.18,93525,0
20161125,4.01,4.01,3.95,3.95,8263,0
20161128,3.89,4.24,3.81,3.81,16211,0
20161129,4.06,4.1,3.96,3.99,10825,0
20161130,4.03,4.15,3.9181,3.95,40068,0
20161201,3.99,4,3.91,3.99,10269,0
20161202,3.88,3.911,3.76,3.76,17512,0
20161205,3.84,3.86,3.73,3.75,7610,0
20161206,3.62,4.21,3.62,3.97,33836,0
20161207,4.16,4.3,4.14,4.14,31603,0
20161208,4.39,4.39,4.11,4.25,21316,0
20161209,4.2,4.3,4.03,4.1,49698,0
20161212,4.39,4.4,4.11,4.11,85462,0
20161213,4.38,4.43,4.35,4.42,33739,0
20161214,4.41,4.42,4.25,4.29,12657,0
20161215,4.37,4.37,4.2312,4.32,16053,0
20161216,4.35,4.35,4.14,4.2,26363,0
20161219,4.06,4.1,3.98,4.04,81463,0
20161220,3.99,4.05,3.89,3.89,25117,0
20161221,4,4.17,4,4.12,47707,0
20161222,4.07,4.07,3.89,4.01,38217,0
20161223,3.96,4.05,3.94,3.99,25766,0
20161227,4.1125,4.13,4.0509,4.13,12980,0
20161228,3.98,4.08,3.98,4.08,18596,0
20161229,4,4.04,3.87,3.9,12256,0
20161230,3.82,4.029,3.82,3.97,7297,0
20170103,4.02,4.13,3.9801,4.13,23746,0
20170104,4.07,4.1,3.91,4.06,24045,0
20170105,4.08,4.14,4.06,4.06,24143,0
20170106,4.2,4.21,3.97,4,35096,0
20170109,4.22,4.35,4.07,4.11,52249,0
20170110,4.38,4.46,4.24,4.25,566431,0
20170111,4.41,4.47,4.23,4.3,58702,0
20170112,4.44,4.6599,4.38,4.38,13254,0
20170113,4.65,4.72,4.62,4.65,20697,0
20170117,4.98,5.05,4.84,5.0085,40305,0
20170118,4.86,4.86,4.65,4.75,16071,0
20170119,4.65,4.65,4.55,4.59,23470,0
20170120,4.83,4.8599,4.77,4.79,22339,0
20170123,4.8423,4.87,4.81,4.84,34059,0
20170124,4.8599,4.8599,4.69,4.69,10856,0
20170125,4.9299,4.9299,4.7101,4.7953,10280,0
20170126,4.94,5.43,4.94,5.38,71268,0
20170127,5.94,6.01,5.63,5.63,182594,0
20170130,5.7,5.87,5.62,5.7,79771,0
20170131,5.74,5.91,5.64,5.75,63414,0
20170201,5.8,5.885,5.78,5.8,122929,0
20170202,5.96,5.96,5.75,5.77,45133,0
20170203,5.81,5.82,5.74,5.8,45358,0
20170206,5.81,5.88,5.7,5.88,18187,0
20170207,5.81,6.06,5.8001,5.98,32867,0
20170208,5.79,5.98,5.77,5.98,15460,0
20170209,5.99,6.02,5.91,6,20776,0
20170210,6.11,6.19,5.96,6.01,17141,0
20170213,6.03,6.12,6.02,6.05,25088,0
20170214,6.02,6.08,5.97,5.97,59637,0
20170215,6.19,6.37,5.99,6,99927,0
20170216,6.56,6.63,6.26,6.36,61394,0
20170217,6.43,6.43,6.31,6.38,17853,0
20170221,6.41,6.48,6.35,6.45,68028,0
20170222,6.53,6.53,6.38,6.4153,34897,0
20170223,6.45,6.62,6.37,6.62,140361,0
20170224,7.41,7.41,6.57,6.71,68114,0
20170227,6.6,6.6,6.09,6.15,28606,0
20170228,6.15,6.65,6.15,6.53,48714,0
20170301,6.67,6.92,6.67,6.78,35688,0
20170302,6.94,6.94,6.79,6.84,45853,0
20170303,7.26,7.5336,7.08,7.44,115420,0
20170306,7.92,8.79,7.79,8.47,198492,0
20170307,9.18,9.19,8.07,8.07,154564,0
20170308,8.3,8.3,7.84,7.92,35237,0
20170309,8.25,8.66,8.23,8.41,34879,0
20170310,8.71,8.72,8.33,8.48,35847,0
20170313,8.33,8.34,7.88,8.11,22702,0
20170314,7.81,8.07,7.54,7.78,39320,0
20170315,8,8.18,7.85,8.18,28975,0
20170316,8.35,8.35,7.94,8.02,13835,0
20170317,8.05,8.26,7.81,8.1,33120,0
20170320,7.97,8.08,7.85,7.86,17215,0
20170321,7.7,7.7,7.24,7.39,19035,0
20170322,7.27,7.27,6.42,6.63,142355,0
20170323,6.74,7.5178,6.72,7.51,168868,0
20170324,7.73,8.04,7.03,7.05,154073,0
20170327,7.03,7.26,6.86,6.92,63424,0
20170328,7.05,7.17,6.84,6.85,64982,0
20170329,6.95,7.24,6.95,7.09,58693,0
20170330,6.97,6.98,6.75,6.75,40669,0
20170331,6.6,6.6407,6.43,6.51,144921,0
20170403,6.58,6.58,6.3907,6.5,56761,0
20170404,6.34,6.5,6.3,6.34,1798060,0
20170405,6.35,6.38,5.96,6.005,227235,0
20170406,5.98,6.19,5.8,5.86,185344,0
20170407,6.02,6.05,5.74,5.74,157444,0
20170410,5.8,5.8,5.33,5.6,150372,0
20170411,5.72,5.82,5.43,5.65,433229,0
20170412,5.63,5.6699,5.48,5.63,514081,0
20170413,5.71,6.73,5.71,6.73,19104,0
20170417,6.28,6.73,6.28,6.63,28508,0
20170418,6.77,7.13,6.77,7,53189,0
20170419,7.11,7.32,7.02,7.24,55372,0
20170420,7.12,7.24,6.79,6.84,59515,0
20170421,6.89,6.89,6.5416,6.72,14373,0
20170424,6.98,7.04,6.65,6.65,24668,0
20170425,6.8,6.8,6.43,6.6,25541,0
20170426,6.54,6.6,6.4422,6.57,25159,0
20170427,6.58,6.6,6.27,6.35,15896,0
20170428,6.32,6.4165,6.24,6.29,24917,0
20170501,6.26,6.72,6.25,6.69,8796,0
20170502,6.59,6.59,6.45,6.55,17455,0
20170503,6.47,6.49,6.33,6.33,8979,0
20170504,6.16,6.29,6.16,6.2,26271,0
20170505,6.29,6.32,6.21,6.26,19551,0
20170508,6.3,6.3409,5.97,6.01,49722,0
20170509,6.1,6.3,6.09,6.09,28003,0
20170510,6.25,6.29,6.13,6.24,19118,0
20170511,6.19,6.385,6.19,6.32,1970326,0
20170512,6.37,6.54,6.32,6.5,11241,0
20170515,6.61,6.61,6.43,6.46,21775,0
20170516,6.38,6.48,6.25,6.4,9197,0
20170517,6.41,6.49,6.34,6.34,19181,0
20170518,5.5,5.5775,4.99,5.27,195286,0
20170519,5.74,5.94,5.42,5.89,25312,0
20170522,5.84,5.88,5.73,5.81,32080,0
20170523,5.8699,6.05,5.82,6.04,52381,0
20170524,6.1001,6.1957,6.05,6.06,14995,0
20170525,6.22,6.28,6.08,6.18,22504,0
20170526,6.35,6.43,6.19,6.25,26260,0
20170530,6.25,6.2699,6.14,6.14,18174,0
20170531,6.12,6.18,6.12,6.13,12100,0
20170601,6.1,6.16,6.05,6.05,10080,0
20170602,5.99,6.1899,5.9301,6.1872,15124,0
20170605,6.2,6.24,5.95,5.97,13288,0
20170606,5.98,6.05,5.81,5.85,26696,0
20170607,5.96,6,5.85,5.889,16842,0
20170608,5.99,6,5.8601,5.95,12569,0
20170609,6.06,6.08,5.88,6.02,44523,0
20170612,5.9,5.92,5.76,5.76,7913,0
20170613,5.81,5.8899,5.72,5.88,4973,0
20170614,5.91,5.9799,5.88,5.9102,9645,0
20170615,5.97,6.11,5.7601,6.11,5544,0
20170616,5.96,6.07,5.96,6.06,8041,0
20170619,6.23,6.23,6.06,6.1,5293,0
20170620,5.94,5.97,5.59,5.83,19329,0
20170621,5.8,5.8,5.63,5.63,8720,0
20170622,5.69,6.04,5.67,5.81,57423,0
20170623,5.95,6.02,5.87,6,56664,0
20170626,6,6.0699,6,6.03,8964,0
20170627,6,6.06,5.89,5.89,27906,0
20170628,5.96,6.02,5.92,6,12527,0
20170629,6.03,6.09,5.9301,5.98,213011,0
20170630,6,6.06,5.97,6.04,12127,0
20170703,6.15,6.22,6.14,6.2,7424,0
20170705,6.29,6.3099,6.23,6.3,44246,0
20170706,6.39,6.51,6.34,6.45,35244,0
20170707,6.53,6.53,6.41,6.47,101398,0
20170710,6.39,6.54,6.39,6.5,123596,0
20170711,6.61,6.7,6.6,6.61,37081,0
20170712,6.72,7.29,6.72,7.2599,21468,0
20170713,7.37,7.37,6.77,6.87,13636,0
20170714,6.95,6.95,6.8401,6.86,33812,0
20170717,6.73,6.8,6.65,6.75,214593,0
20170718,6.59,6.62,6.34,6.62,223403,0
20170719,6.5,6.54,6.35,6.48,276949,0
20170720,6.6,6.67,6.36,6.39,14030,0
20170721,6.47,6.47,6.29,6.29,7667,0
20170724,6.33,6.4394,6.31,6.364,10028,0
20170725,6.408,6.42,6.37,6.396,3596,0
20170726,6.39,6.48,6.39,6.39,9714,0
20170727,6.43,6.43,6.35,6.4,8377,0
20170728,6.4,6.51,6.4,6.51,4598,0
20170731,6.56,6.82,6.48,6.81,209720,0
20170801,6.75,6.75,6.56,6.56,3782,0
20170802,6.53,6.53,6.42,6.46,5784,0
20170803,6.64,6.77,6.61,6.61,19752,0
20170804,6.72,6.95,6.65,6.87,9615,0
20170807,6.7,6.73,6.68,6.71,9810,0
20170808,6.61,6.63,6.54,6.58,6677,0
20170809,6.55,6.55,6.42,6.42,7837,0
20170810,6.24,6.3199,6.2,6.3,48661,0
20170811,6.36,6.4,6.31,6.31,46944,0
20170814,6.3899,6.4,6.29,6.29,3654,0
20170815,6.29,6.7699,6.2,6.62,19929,0
20170816,6.6699,6.6799,6.57,6.58,8806,0
20170817,6.46,6.5,6.41,6.4499,3061,0
20170818,6.36,6.45,6.3501,6.41,12033,0
20170821,6.47,6.4799,6.37,6.38,6660,0
20170822,6.46,6.51,6.37,6.37,20031,0
20170823,6.44,6.49,6.38,6.48,12527,0
20170824,6.69,6.96,6.68,6.85,75609,0
20170825,6.88,7.07,6.82,6.96,20234,0
20170828,6.96,6.97,6.83,6.8301,9287,0
20170829,6.81,6.93,6.81,6.83,5482,0
20170830,6.96,7.22,6.95,7.14,113352,0
20170831,7.19,7.2299,7.03,7.07,22138,0
20170901,7.08,7.09,6.97,6.97,11795,0
20170905,6.98,7.0299,6.9,6.99,6736,0
20170906,6.96,7.11,6.96,6.99,16192,0
20170907,7.33,7.33,6.8701,6.94,11596,0
20170908,7.17,7.4,7.14,7.27,14772,0
20170911,7.42,7.48,7.15,7.2,58237,0
20170912,7.15,7.3,7.15,7.21,12553,0
20170913,7.36,7.42,7.3,7.31,10255,0
20170914,7.39,7.481,7.39,7.4201,4306,0
20170915,7.6,7.69,7.54,7.67,6356,0
20170918,7.59,7.86,7.58,7.6,26098,0
20170919,7.6,7.6899,7.59,7.6,8693,0
20170920,7.57,7.7,7.53,7.58,16412,0
20170921,7.49,7.52,7.14,7.14,20435,0
20170922,7.42,8.01,7.36,8.01,13433,0
20170925,8.3,8.45,7.5125,7.5125,38098,0
20170926,7.4,7.72,7.33,7.65,87000,0
20170927,7.72,8.35,7.28,8.09,34299,0
20170928,7.87,8.05,7.84,7.89,7464,0
20170929,7.91,7.99,7.79,7.79,11054,0
20171002,7.95,7.98,7.7,7.9,7709,0
20171003,7.78,7.78,7.63,7.645,7369,0
20171004,7.66,7.8,7.55,7.8,18414,0
20171005,7.99,7.99,7.68,7.84,25290,0
20171006,7.64,7.75,7.62,7.68,26642,0
20171009,7.71,7.76,7.66,7.66,4142,0
20171010,7.88,7.89,7.71,7.83,22926,0
20171011,8.05,8.23,8,8.22,9568,0
20171012,8.31,8.62,8.18,8.2,25191,0
20171013,8.43,9.38,8.43,9.28,59941,0
20171016,9.05,9.71,8.92,9.49,47177,0
20171017,9.49,9.63,9.35,9.48,21621,0
20171018,9.56,9.7,9.34,9.34,136596,0
20171019,9.2976,9.3,8.58,8.67,41281,0
20171020,8.74,8.75,8.35,8.47,61507,0
20171023,8.3,8.3,7.81,7.88,27162,0
20171024,7.69,7.71,7.42,7.59,11854,0
20171025,7.62,7.62,7.36,7.4,14212,0
20171026,7.55,7.59,7.15,7.18,28281,0
20171027,7.18,7.62,7.18,7.62,12173,0
20171030,7.72,7.75,7.09,7.09,19516,0
20171031,7.08,7.12,6.95,7.06,21728,0
20171101,7.46,8.23,7.35,8.02,9861,0
20171102,8.03,8.15,8,8,4683,0
20171103,7.8,8.47,7.51,8.47,41687,0
20171106,7.87,7.8779,7.54,7.788,53393,0
20171107,7.25,7.33,7.19,7.3053,13265,0
20171108,7.38,7.87,7.34,7.66,38895,0
20171109,7.45,7.45,6.87,6.87,17187,0
20171110,7.07,7.23,6.9,7.1,17711,0
20171113,7.08,7.08,6.79,6.79,9086,0
20171114,6.96,6.98,6.7508,6.7508,20632,0
20171115,6.9,6.9,6.59,6.6,6330,0
20171116,6.85,6.86,6.7,6.7209,9956,0
20171117,6.83,6.96,6.79,6.9099,5867,0
20171120,7.04,7.04,6.81,6.87,3667,0
20171121,6.9,6.95,6.82,6.87,18985,0
20171122,7.03,7.3,7.03,7.1653,12453,0
20171124,7.33,7.37,7.29,7.35,6374,0
20171127,7.05,7.34,6.78,6.85,42566,0
20171128,6.9,7.2,6.89,6.91,32832,0
20171129,7.08,7.12,6.9,6.92,22916,0
20171130,7,7,6.68,6.8,19426,0
20171201,6.82,6.98,6.82,6.93,7681,0
20171204,6.88,6.88,6.75,6.75,5403,0
20171205,6.8,6.91,6.5,6.5,40088,0
20171206,6.5969,6.66,6.5969,6.6,26169,0
20171207,6.5,6.5673,6.49,6.5,20701,0
20171208,6.76,6.86,6.5,6.5,27088,0
20171211,6.85,6.9,6.65,6.79,15307,0
20171212,7.29,7.35,7.0699,7.29,59015,0
20171213,6.5,6.5739,5.71,5.71,201612,0
20171214,5.3,5.38,4.8812,5,191289,0
20171215,5.22,5.85,5.21,5.85,55938,0
20171218,5.79,5.86,5.26,5.47,131092,0
20171219,5.42,5.61,5.26,5.4,64821,0
20171220,5.5,5.5,5.34,5.4499,15354,0
20171221,5.37,5.4,5.29,5.34,8610,0
20171222,5.42,5.52,5.4,5.4,47316,0
20171226,5.62,5.88,5.58,5.7,13408,0
20171227,5.7,5.75,5.68,5.71,17085,0
20171228,5.63,5.63,5.46,5.46,20496,0
20171229,5.45,5.63,5.45,5.63,3360,0
20180102,5.58,5.64,5.5,5.54,10775,0
20180103,5.6,5.6506,5.4,5.47,34962,0
20180104,5.47,5.56,5.37,5.38,30708,0
20180105,5.42,5.42,5.2714,5.2714,21557,0
20180108,5.32,5.36,5.22,5.24,34877,0
20180109,5.3,5.35,5.26,5.29,14308,0
20180110,5.22,5.38,5.22,5.25,36711,0
20180111,5.31,5.3872,5.26,5.26,11324,0
20180112,5.21,5.24,5.179,5.2,18681,0
20180116,5.07,5.26,4.95,5.09,210436,0
20180117,5.59,5.66,5.42,5.53,539920,0
20180118,5.53,5.62,5.43,5.44,27715,0
20180119,5.62,6.5,5.51,6.4,136563,0
20180122,6.44,6.44,5.79,5.9,66822,0
20180123,5.9,5.9,5.47,5.4808,359343,0
20180124,5.74,5.77,5.63,5.77,134139,0
20180125,5.83,6,5.2,5.475,111214,0
20180126,5.7,5.97,5.62,5.79,225718,0
20180129,6.3,6.3,5.51,5.57,127231,0
20180130,5.72,5.83,5.64,5.7,104804,0
20180131,5.69,5.8,5.6,5.75,96133,0
20180201,5.66,5.82,5.54,5.78,86483,0
20180202,5.64,5.64,5.34,5.49,72156,0
20180205,5.48,5.48,5,5.21,75955,0
20180206,5,5.069,4.86,4.97,21323,0
20180207,5.02,5.23,4.96,5.18,734100,0
20180208,5.22,5.22,5.02,5.17,49626,0
20180209,5.12,5.15,4.85,4.85,18489,0
20180212,4.9,4.9,4.87,4.87,3868,0
20180213,4.98,5.12,4.76,5.12,5435,0
20180214,5.18,5.33,5.12,5.12,20610,0
20180215,5.46,5.63,5.37,5.62,105867,0
20180216,5.55,5.74,5.55,5.62,36422,0
20180220,5.56,5.64,5.53,5.63,45515,0
20180221,5.52,5.8876,5.52,5.83,55210,0
20180222,5.88,5.96,5.72,5.83,94422,0
20180223,5.82,5.84,5.82,5.82,40890,0
20180226,5.9,6.2,5.86,6.16,144492,0
20180227,6.11,6.17,6,6.09,131100,0
20180228,6.18,6.22,6.08,6.22,95210,0
20180301,6.18,6.2,6.01,6.01,45665,0
20180302,5.86,5.91,5.78,5.89,4958,0
20180305,5.84,5.96,5.83,5.88,16256,0
20180306,6.07,6.18,6.0621,6.14,21291,0
20180307,6.02,6.06,5.87,5.98,31255,0
20180308,6.29,6.38,6.18,6.36,1337306,0
20180309,6.67,6.8758,6.61,6.83,220198,0
20180312,6.98,7.02,6.84,6.88,34111,0
20180313,6.89,6.98,6.54,6.64,19192,0
20180314,6.62,6.63,6.31,6.38,30206,0
20180315,6.45,6.46,6.15,6.26,51159,0
20180316,6.22,6.38,6.18,6.18,33886,0
20180319,6.18,6.49,6.18,6.3152,12071,0
20180320,6.43,6.43,6.24,6.33,26872,0
20180321,6.29,6.4,6.23,6.4,22626,0
20180322,6.31,6.33,6.24,6.32,9585,0
20180323,6.39,6.45,6.18,6.18,32338,0
20180326,6.14,6.15,5.91,5.95,14798,0
20180327,5.89,5.89,5.78,5.83,7856,0
20180328,5.64,5.67,5.42,5.43,208436,0
20180329,5.54,6.04,5.54,5.93,203147,0
20180402,5.97,5.97,5.63,5.94,13597,0
20180403,5.8,5.82,5.7,5.72,14349,0
20180404,5.63,5.9,5.52,5.9,17724,0
20180405,5.95,5.99,5.83,5.98,33908,0
20180406,5.9378,5.9378,5.82,5.87,8769,0
20180409,5.7,5.73,5.61,5.61,218467,0
20180410,5.75,5.81,5.59,5.69,260680,0
20180411,5.65,5.78,5.65,5.78,30663,0
20180412,5.78,5.85,5.64,5.67,61048,0
20180413,5.52,5.52,5.4,5.485,3763,0
20180416,5.42,5.45,5.36,5.36,58170,0
20180417,5.38,5.4,5.35,5.39,214680,0
20180418,5.4,5.46,5.3644,5.46,467772,0
20180419,5.4,5.5,5.4,5.47,234705,0
20180420,5.45,5.67,5.4,5.45,370742,0
20180423,5.56,5.64,5.46,5.5,249188,0
20180424,5.44,5.47,5.37,5.435,5715,0
20180425,5.41,5.52,5.35,5.4,647267,0
20180426,5.34,5.45,5.32,5.43,926669,0
20180427,5.52,5.56,5.5,5.56,37908,0
20180430,5.71,5.71,5.43,5.43,410283,0
20180501,5.53,5.64,5.43,5.5,7974,0
20180502,5.43,5.4652,5.36,5.37,901792,0
20180503,5.4431,5.4431,5.32,5.37,405641,0
20180504,5.37,5.77,5.37,5.7,743873,0
20180507,6,6,5.44,5.54,127506,0
20180508,5.43,5.43,5.34,5.38,25874,0
20180509,5.28,5.3,5.19,5.25,13670,0
20180510,5.22,5.4,5.22,5.29,6517,0
20180511,5.31,5.72,5.31,5.49,113434,0
20180514,5.56,5.56,5.38,5.4,17240,0
20180515,5.45,5.49,5.36,5.4,23358,0
20180516,5.46,5.89,5.45,5.86,37854,0
20180517,5.93,5.94,5.68,5.72,11865,0
20180518,5.5,5.58,5.29,5.48,428008,0
20180521,5.63,5.64,5.38,5.4,13072,0
20180522,5.44,5.59,5.35,5.55,320873,0
20180523,5.54,5.55,5.37,5.38,222084,0
20180524,5.465,5.465,5.16,5.24,243635,0
20180525,5.24,5.26,5.031,5.05,419590,0
20180529,4.87,4.88,4.46,4.46,16096,0
20180530,4.5,4.73,4.48,4.62,11286,0
20180531,4.62,4.74,4.58,4.67,35890,0
20180601,4.78,4.92,4.59,4.87,47674,0
20180604,4.97,5.28,4.97,5.2,57053,0
20180605,5.14,5.29,4.99,5.02,33332,0
20180606,4.93,5.16,4.9,5.12,8566,0
20180607,5.01,5.01,4.49,4.74,25181,0
20180608,4.95,5.11,4.73,5.02,19141,0
20180611,5.08,5.16,5.02,5.02,27753,0
20180612,5.01,5.04,4.93,4.93,4952,0
20180613,5.08,5.13,4,4.7,806358,0
20180614,4.5,4.81,4.38,4.61,360382,0
20180615,4.98,5.37,4.6201,5.28,31425,0
20180618,5.02,5.2,4.86,4.9,50777,0
20180619,4.8,4.8,4.56,4.7,46004,0
20180620,4.71,4.86,4.61,4.71,225404,0
20180621,4.66,4.7,4.6,4.69,9159,0
20180622,4.76,4.76,4.6,4.68,7327,0
20180625,4.79,4.79,4.52,4.52,33948,0
20180626,4.6,4.71,4.485,4.6,67432,0
20180627,4.5,4.58,4.4,4.45,18843,0
20180628,4.357,4.39,4.24,4.3584,2144,0
20180629,4.4,4.45,4.29,4.41,14813,0
20180702,4.41,4.4162,4.25,4.39,60733,0
20180703,4.34,4.43,4.33,4.35,6661,0
20180705,4.3,4.3,4.24,4.24,11649,0
20180706,4.1,4.45,4.1,4.29,64293,0
20180709,4.31,4.31,4.12,4.17,27080,0
20180710,4.19,4.36,4.18,4.28,93014,0
20180711,4.2272,4.41,4,4.37,9694,0
20180712,4.45,4.78,4.38,4.6,23299,0
20180713,4.7,5.14,4.65,4.98,20695,0
20180716,4.95,5.1,4.88,4.99,23216,0
20180717,4.89,5.09,4.89,5.07,1586,0
20180718,4.98,4.98,4.8,4.8,3422,0
20180719,4.71,4.71,4.52,4.6091,3951,0
20180720,4.68,4.73,4.68,4.72,747,0
20180723,4.72,4.72,4.59,4.62,2426,0
20180724,4.6,4.75,4.59,4.71,3077,0
20180725,4.83,4.8755,4.76,4.84,6119,0
20180726,4.76,4.76,4.62,4.62,100784,0
20180727,4.73,4.73,4.57,4.61,4865,0
20180730,4.46,4.57,4.46,4.5,13737,0
20180731,4.4,4.4,3.89,3.95,119142,0
20180801,4.09,4.35,3.9507,4.32,275597,0
20180802,4.3455,4.65,4.24,4.5,2062196,0
20180803,4.39,4.53,4.22,4.31,1736075,0
20180806,4.26,4.26,4.04,4.18,1226381,0
20180807,4.14,4.28,3.94,3.95,1234853,0
20180808,4.07,4.1,3.93,3.99,1192278,0
20180809,4.15,4.15,3.91,3.99,711082,0
20180810,3.92,3.92,3.78,3.84,699763,0
20180813,3.75,3.9,3.68,3.75,684310,0
20180814,3.83,4.04,3.83,3.96,1725490,0
20180815,3.93,4.01,3.83,3.95,1580110,0
20180816,3.97,3.98,3.85,3.9,364894,0
20180817,3.9,3.93,3.8,3.83,450660,0
20180820,3.79,3.98,3.79,3.94,459577,0
20180821,3.9,3.92,3.73,3.73,186434,0
20180822,3.71,3.71,3.56,3.63,356927,0
20180823,3.6,3.63,3.47,3.47,199942,0
20180824,3.54,3.61,3.47,3.51,1137394,0
20180827,3.6,3.61,3.54,3.58,81170,0
20180828,3.54,3.54,3.46,3.49,842852,0
20180829,3.53,3.53,3.44,3.5,106851,0
20180830,3.42,3.54,3.32,3.44,204005,0
20180831,3.39,3.42,3.3,3.32,169877,0
20180904,3.25,3.25,3.09,3.13,1183398,0
20180905,3.13,3.15,3.04,3.06,167419,0
20180906,3.16,3.25,2.99,3.06,880996,0
20180907,3.09,3.11,2.85,3.1,192716,0
20180910,3.05,3.08,2.91,2.96,275606,0
20180911,2.85,2.92,2.75,2.78,540888,0
20180912,2.816,2.84,2.69,2.77,952891,0
20180913,2.81,2.93,2.67,2.74,2492773,0
20180914,2.8,2.81,2.64,2.66,1346600,0
20180917,2.52,2.65,2.52,2.59,221399,0
20180918,2.55,2.57,2.48,2.5,308238,0
20180919,2.57,2.6,2.46,2.47,646409,0
20180920,2.52,2.58,2.48,2.52,778822,0
20180921,2.57,2.9,2.37,2.8,1139636,0
20180924,2.73,2.88,2.59,2.64,323709,0
20180925,2.64,2.64,2.56,2.61,708283,0
20180926,2.57,2.74,2.57,2.67,1186670,0
20180927,2.65,2.72,2.65,2.71,3479,0
20180928,2.69,2.9,2.69,2.73,53765,0
20181001,2.6,2.8,2.6,2.79,2154563,0
20181002,2.84,2.98,2.84,2.91,2439946,0
20181003,3.12,3.13,3.02,3.05,903251,0
20181004,3.04,3.7,3,3.67,192847,0
20181005,3.55,3.55,3.41,3.51,340972,0
20181008,3.55,3.65,3.52,3.55,506132,0
20181009,3.59,3.67,3.47,3.48,124429,0
20181010,3.41,3.446,3.34,3.38,484559,0
20181011,3.43,3.46,3.26,3.35,354143,0
20181012,3.33,3.75,3.33,3.33,12560,0
20181015,3.38,3.43,3.17,3.2,899972,0
20181016,3.21,3.27,3.11,3.11,288589,0
20181017,3.3,3.56,3.19,3.34,452838,0
20181018,3.4,3.45,3.21,3.27,534209,0
20181019,3.35,3.4,3.31,3.36,632012,0
20181022,3.38,3.42,3.32,3.36,1367025,0
20181023,3.22,3.31,3.21,3.31,117904,0
20181024,3.3,3.33,3.2,3.23,766278,0
20181025,3.24,3.33,3.2,3.33,52585,0
20181026,3.31,3.6,3.31,3.51,531875,0
20181029,3.51,3.51,3.22,3.24,810902,0
20181030,3.17,3.85,3.17,3.76,4260061,0
20181031,3.87,3.99,3.53,3.65,1035842,0
20181101,3.65,3.82,3.65,3.73,1721314,0
20181102,3.86,3.86,3.47,3.78,150888,0
20181105,3.85,3.85,3.49,3.71,1291980,0
20181106,3.81,4.06,3.81,3.87,1323057,0
20181107,4.05,4.06,3.83,3.91,326324,0
20181108,3.83,3.97,3.47,3.92,815435,0
20181109,3.84,3.91,3.78,3.85,506940,0
20181112,3.71,3.77,3.53,3.58,95096,0
20181113,3.47,3.58,3.25,3.25,739129,0
20181114,3.14,3.37,2.67,2.75,2823965,0
20181115,2.82,2.85,2.73,2.8,186172,0
20181116,2.88,2.98,2.82,2.89,1582658,0
20181119,3,3.01,2.6,2.75,506612,0
20181120,2.48,2.6,1.91,2.01,467481,0
20181121,2.31,2.35,2.09,2.25,1053497,0
20181123,2.15,2.15,2.03,2.05,164463,0
20181126,1.91,1.96,1.83,1.9,324622,0
20181127,1.85,1.93,1.78,1.92,4350560,0
20181128,1.97,1.97,1.84,1.88,1353421,0
20181129,1.94,1.96,1.87,1.92,1277781,0
20181130,1.9,1.9,1.81,1.85,46040,0
20181203,1.85,1.85,1.77,1.77,708517,0
20181204,1.81,1.81,1.63,1.63,346002,0
20181206,1.62,1.8,1.62,1.78,1777133,0
20181207,1.77,1.84,1.66,1.73,4515542,0
20181210,1.73,1.73,1.62,1.65,648533,0
20181211,1.69,1.73,1.61,1.65,2294041,0
20181212,1.67,1.67,1.64,1.67,1770061,0
20181213,1.64,1.68,1.64,1.68,111612,0
20181214,1.64,1.65,1.59,1.61,411964,0
20181217,1.59,1.65,1.58,1.61,191370,0
20181218,1.59,1.63,1.57,1.63,23791,0
20181219,1.57,1.67,1.57,1.67,345293,0
20181220,1.67,1.7,1.6,1.7,28776,0
20181221,1.69,1.69,1.58,1.6,704716,0
20181224,1.64,1.64,1.55,1.56,10556,0
20181226,1.55,1.68,1.55,1.66,77659,0
20181227,1.66,1.66,1.59,1.66,118485,0
20181228,1.6,1.62,1.55,1.59,194724,0
20181231,1.59,1.71,1.53,1.6,67398,0
20190102,1.64,1.69,1.635,1.68,59778,0
20190103,1.71,1.9,1.71,1.8,319752,0
20190104,1.85,1.9,1.8,1.88,742114,0
20190107,1.86,1.93,1.81,1.88,715244,0
20190108,1.84,1.87,1.77,1.83,577593,0
20190109,1.87,1.91,1.86,1.89,1018001,0
20190110,1.85,1.945,1.8,1.9,418784,0
20190111,1.9,1.94,1.86,1.88,218633,0
20190114,1.84,1.84,1.69,1.7,2454998,0
20190115,1.78,1.835,1.7,1.75,4712090,0
20190116,1.78,1.8154,1.67,1.68,2447464,0
20190117,1.71,1.77,1.67,1.71,3241216,0
20190118,1.78,1.78,1.65,1.66,2962351,0
20190122,1.73,1.73,1.59,1.65,528946,0
20190123,1.66,1.69,1.64,1.65,3100344,0
20190124,1.65,1.68,1.63,1.66,4965051,0
20190125,1.7,1.7,1.65,1.67,1324166,0
20190128,1.64,1.66,1.6,1.63,379958,0
20190129,1.67,1.67,1.6,1.63,1149078,0
20190130,1.64,1.66,1.63,1.65,2073173,0
20190131,1.71,1.83,1.67,1.82,5351566,0
20190201,1.82,1.85,1.75,1.76,5605563,0
20190204,1.75,1.785,1.73,1.73,507939,0
20190205,1.85,1.9,1.8101,1.9,2133750,0
20190206,1.97,1.99,1.93,1.95,2360085,0
20190207,1.95,1.96,1.86,1.9,4673844,0
20190208,1.9,1.9,1.83,1.87,180301,0
20190211,1.88,1.88,1.78,1.81,571427,0
20190212,1.81,1.85,1.8,1.83,876317,0
20190213,1.81,1.89,1.78,1.84,1765220,0
20190214,1.81,1.87,1.79,1.85,5999228,0
20190215,1.86,1.97,1.86,1.93,1222021,0
20190219,1.92,1.96,1.89,1.89,5182728,0
20190220,1.96,1.99,1.88,1.92,7214424,0
20190221,1.9,1.98,1.86,1.95,268152,0
20190222,2,2.02,1.9784,2,1975965,0
20190225,2.14,2.15,2.08,2.14,3266421,0
20190226,2.14,2.24,2.12,2.2,3930203,0
20190227,2.27,2.3,2.17,2.19,7803362,0
20190228,2.41,2.43,2.27,2.29,11697607,0
20190301,2.26,2.29,2.23,2.23,3438781,0
20190304,2.22,2.345,2.2,2.32,206675,0
20190305,2.35,2.35,2.22,2.32,159226,0
20190306,2.31,2.32,2.24,2.25,622391,0
20190307,2.25,2.25,2.19,2.2,856752,0
20190308,2.16,2.25,2.14,2.19,3585862,0
20190311,2.25,2.25,2.19,2.21,2398056,0
20190312,2.22,2.24,2.18,2.18,575897,0
20190313,2.14,2.18,2.12,2.12,2984330,0
20190314,2.2,2.2,2.105,2.12,4848880,0
20190315,2.14,2.18,2.12,2.13,4678544,0
20190318,2.15,2.35,2.15,2.3,2559207,0
20190319,2.41,2.46,2.37,2.4,4873083,0
20190320,2.46,2.51,2.39,2.46,5854018,0
20190321,2.44,2.49,2.32,2.42,985878,0
20190322,2.38,2.38,2.26,2.26,800005,0
20190325,2.28,2.32,2.24,2.31,1095306,0
20190326,2.32,2.325,2.28,2.28,72026,0
20190327,2.21,2.23,2.05,2.06,1614973,0
20190328,2.05,2.06,1.97,1.98,3315291,0
20190329,1.98,2.03,1.87,1.88,3656493,0
20190401,1.92,1.96,1.79,1.8,3862670,0
20190402,1.81,1.95,1.77,1.9,2498733,0
20190403,1.93,1.93,1.84,1.84,1231019,0
20190404,1.86,1.89,1.82,1.85,2962951,0
20190405,1.87,1.87,1.83,1.84,1333667,0
20190408,1.86,1.88,1.64,1.8,6632021,0
20190409,1.84,1.9,1.83,1.87,2959280,0
20190410,1.87,2.03,1.86,2,1269571,0
20190411,2.03,2.15,2.03,2.1,3807924,0
20190412,2.06,2.15,2,2,1177192,0
20190415,2.03,2.05,2.01,2.04,330939,0
20190416,2.03,2.075,1.99,2.05,554644,0
20190417,2.06,2.07,1.97,2.01,209915,0
20190418,2,2.08,1.99,2.05,1720098,0
20190422,2.05,2.16,2.05,2.11,1878126,0
20190423,2.16,2.18,2.1,2.18,279416,0
20190424,2.18,2.18,2.06,2.09,264217,0
20190425,2.09,2.1299,2.07,2.09,2123959,0
20190426,2.1,2.13,2.07,2.07,1576036,0
20190429,2.1,2.1,2.04,2.09,1132400,0
20190430,2.09,2.12,2.05,2.08,3789563,0
20190501,2.13,2.13,2.04,2.1,90909,0
20190502,2.11,2.21,2.09,2.19,2709059,0
20190503,2.22,2.23,2.16,2.18,7133617,0
20190506,2.14,2.1615,2.12,2.12,5572492,0
20190507,2.12,2.13,2.06,2.1,607144,0
20190508,2.1,2.11,1.94,1.97,2994758,0
20190509,1.93,1.95,1.81,1.9,2171777,0
20190510,1.91,1.95,1.86,1.89,841037,0
20190513,1.85,1.86,1.8,1.85,1800120,0
20190514,1.83,1.84,1.76,1.77,3726269,0
20190515,1.69,1.87,1.69,1.8,2874638,0
20190516,1.82,1.82,1.66,1.67,921631,0
20190517,1.69,1.74,1.64,1.65,1813332,0
20190520,1.64,1.74,1.64,1.66,2140708,0
20190521,1.69,1.76,1.69,1.71,2600039,0
20190522,1.75,1.76,1.69,1.69,2832791,0
20190523,1.71,1.81,1.71,1.78,2946188,0
20190524,1.81,1.81,1.77,1.78,1964279,0
20190528,1.87,1.89,1.83,1.84,1274690,0
20190529,1.83,1.86,1.775,1.78,2422796,0
20190530,1.77,1.8384,1.77,1.82,324049,0
20190531,1.82,1.85,1.8,1.83,427930,0
20190603,1.82,1.8499,1.82,1.83,347889,0
20190604,1.87,1.89,1.845,1.86,842552,0
20190605,1.87,1.88,1.8,1.8,1379167,0
20190606,1.82,1.86,1.82,1.83,936321,0
20190607,1.86,1.88,1.81,1.83,1516766,0
20190610,1.84,1.86,1.81,1.81,105711,0
20190611,1.82,1.85,1.79,1.8,1964508,0
20190612,1.81,1.98,1.78,1.86,3984404,0
20190613,1.96,1.98,1.81,1.81,11693738,0
20190614,1.82,1.84,1.76,1.76,3536789,0
20190617,1.79,1.81,1.74,1.76,7040170,0
20190618,1.77,1.81,1.765,1.81,1766591,0
20190619,1.8,1.81,1.78,1.8,1017621,0
20190620,1.82,1.85,1.79,1.82,261872,0
20190621,1.83,1.84,1.79,1.82,646654,0
20190624,1.82,1.85,1.8,1.85,603737,0
20190625,1.83,1.83,1.8,1.83,144555,0
20190626,1.84,1.85,1.8,1.83,126140,0
20190627,1.81,1.95,1.8,1.93,3030175,0
20190628,1.95,2.02,1.94,2.01,6547823,0
20190701,2.08,2.09,1.95,1.98,5428945,0
20190702,2,2.02,1.94,2,3896463,0
20190703,1.98,2.0185,1.97,1.99,1071423,0
20190705,2.02,2.05,1.99,2.02,2069824,0
20190708,2.03,2.06,2.02,2.05,3035771,0
20190709,2.06,2.12,2.02,2.05,2073783,0
20190710,2.08,2.1,1.89,1.93,4176991,0
20190711,1.94,1.97,1.92,1.96,1890688,0
20190712,2.01,2.03,1.98,2,1714089,0
20190715,2.04,2.13,2.04,2.11,3075817,0
20190716,2.15,2.18,1.99,2,8654807,0
20190717,1.99,2.01,1.96,1.97,1280307,0
20190718,1.98,1.99,1.9,1.95,2044151,0
20190719,1.93,1.93,1.855,1.86,940420,0
20190722,1.85,1.88,1.83,1.86,765575,0
20190723,1.88,1.895,1.84,1.89,482380,0
20190724,1.91,1.96,1.88,1.9,670849,0
20190725,1.9,1.9,1.85,1.87,149515,0
20190726,1.87,1.945,1.84,1.93,1126072,0
20190729,1.93,1.97,1.89,1.95,140547,0
20190730,1.93,1.94,1.91,1.93,78082,0
20190731,1.97,2.04,1.945,1.98,3077667,0
20190801,2,2.03,1.9,1.9,7160225,0
20190802,1.92,1.96,1.89,1.96,191865,0
20190805,1.91,1.91,1.86,1.86,338066,0
20190806,1.87,1.91,1.85,1.85,664976,0
20190807,1.86,1.93,1.84,1.9,5198921,0
20190808,1.92,1.96,1.92,1.95,3505764,0
20190809,1.95,1.95,1.88,1.9,5097835,0
20190812,1.82,1.84,1.8,1.8,1293247,0
20190813,1.83,1.87,1.79,1.79,1205237,0
20190814,1.81,1.83,1.73,1.73,748511,0
20190815,1.69,1.72,1.31,1.41,3016392,0
20190816,1.4,1.4,1.05,1.19,30634526,0
20190819,1.35,1.39,1.16,1.25,14129811,0
20190820,1.04,1.0794,0.8253,0.8421,3377364,0
20190821,0.89,0.99,0.88,0.9146,10270447,0
20190822,0.97,1.02,0.93,0.94,9240667,0
20190823,0.9882,0.99,0.9,0.9698,1391725,0
20190826,0.9,0.92,0.83,0.8501,482854,0
20190827,0.85,0.8834,0.8401,0.8501,996738,0
20190828,0.9711,1.01,0.9314,0.9449,1756650,0
20190829,0.91,1.15,0.91,1.1,3443653,0
20190830,1.1,1.41,1.1,1.38,2666903,0
20190903,1.38,1.45,1.33,1.39,5064774,0
20190904,1.4,1.465,1.39,1.41,3004832,0
20190905,1.43,1.43,1.35,1.37,593034,0
20190906,1.4199,1.445,1.32,1.41,508785,0
20190909,1.4,1.4669,1.37,1.44,337038,0
20190910,1.45,1.53,1.4,1.49,482286,0
20190911,1.48,1.55,1.42,1.44,1568396,0
20190912,1.45,1.53,1.4,1.43,465006,0
20190913,1.43,1.43,1.21,1.23,1056442,0
20190916,1.32,1.37,1.23,1.23,1201556,0
20190917,1.24,1.29,1.195,1.29,462202,0
20190918,1.3,1.33,1.23,1.25,3012100,0
20190919,1.28,1.28,1.2,1.22,5132213,0
20190920,1.23,1.23,1.14,1.14,6825644,0
20190923,1.13,1.24,1.13,1.17,842743,0
20190924,1.18,1.21,1.15,1.17,1646551,0
20190925,1.18,1.18,1.06,1.11,2594214,0
20190926,1.1,1.15,1.07,1.1,434048,0
20190927,1.12,1.16,1.0853,1.14,167182,0
20190930,1.14,1.14,1.1,1.1,262842,0
20191001,1.11,1.11,1.03,1.07,606773,0
20191002,1.08,1.116,1.0494,1.07,114403,0
20191003,1.06,1.15,1.0135,1.12,55373,0
20191004,1.13,1.2,1.11,1.16,374896,0
20191007,1.15,1.2,1.11,1.14,248443,0
20191008,1.13,1.17,1.11,1.11,40329,0
20191009,1.12,1.16,1.06,1.06,93373,0
20191010,1.09,1.14,1.06,1.06,424537,0
20191011,1.1,1.13,1.09,1.13,210780,0
20191014,1.1037,1.12,1.06,1.06,150202,0
20191015,1.07,1.13,1.05,1.08,550725,0
20191016,1.07,1.07,1.02,1.03,320198,0
20191017,1.06,1.15,1.06,1.14,257027,0
20191018,1.16,1.18,1.12,1.16,108414,0
20191021,1.16,1.16,1.07,1.07,128689,0
20191022,1.13,1.14,1.11,1.12,308016,0
20191023,1.1,1.14,1.1,1.14,170468,0
20191024,1.13,1.15,1.11,1.14,316551,0
20191025,1.13,1.18,1.125,1.16,279470,0
20191028,1.16,1.16,1.05,1.05,333058,0
20191029,1.14,1.16,1.09,1.13,751448,0
20191030,1.13,1.14,1.1,1.13,656342,0
20191031,1.14,1.1509,1.08,1.08,440467,0
20191101,1.11,1.14,1.11,1.13,1322373,0
20191104,1.13,1.17,1.13,1.14,786635,0
20191105,1.14,1.15,1.12,1.13,513167,0
20191106,1.15,1.1625,1.12,1.15,1526384,0
20191107,1.15,1.18,1.13,1.18,1617807,0
20191108,1.18,1.2,1.12,1.16,900016,0
20191111,1.12,1.1399,1.1,1.1,906135,0
20191112,1.13,1.19,1.12,1.18,1501722,0
20191113,1.16,1.19,1.12,1.12,2519881,0
20191114,1.15,1.17,1.13,1.15,4686399,0
20191115,1.16,1.17,1.13,1.15,408919,0
20191118,1.13,1.16,1.12,1.15,298682,0
20191119,1.12,1.14,1.1,1.1,1810879,0
20191120,1.11,1.15,1.11,1.14,30798,0
20191121,1.11,1.14,1.1,1.1,804935,0
20191122,1.11,1.135,1.08,1.12,7343801,0
20191125,1.11,1.13,1.09,1.09,1266150,0
20191126,1.08,1.11,1.06,1.1,685478,0
20191127,1.1,1.1,1.04,1.07,739786,0
20191129,1.03,1.06,1.02,1.06,189894,0
20191202,1.01,1.08,1,1.06,784003,0
20191203,1.03,1.07,1.03,1.06,1229239,0
20191204,1.05,1.065,1.03,1.04,4525436,0
20191205,1.05,1.06,1.02,1.02,10976142,0
20191206,1.08,1.11,1.04,1.1,6951531,0
20191209,1.08,1.12,1.06,1.1,4074721,0
20191210,1.06,1.1,1.02,1.06,8114221,0
20191211,1.06,1.1,1.04,1.07,5462938,0
20191212,1.09,1.1,1.07,1.07,6506607,0
20191213,1.14,1.15,1.09,1.1,10498982,0
20191216,1.11,1.14,1.07,1.07,10868439,0
20191217,1.07,1.09,1.06,1.07,1030279,0
20191218,1.08,1.09,1.05,1.07,10391473,0
20191219,1.08,1.08,1.01,1.02,11746574,0
20191220,1.02,1.03,1,1,5620544,0
20191223,1.01,1.03,0.999,1.01,4210471,0
20191224,1.01,1.01,0.9789,1.01,287480,0
20191226,1.01,1.01,0.97,1.01,11034409,0
20191227,1,1.01,0.98925,1,6722508,0
20191230,0.9975,1.02,0.97,0.98,9756620,0
20191231,0.97,0.97,0.9287,0.9316,5051950,0
20200102,1,1.02,0.98,1.01,11977933,0
20200103,1.01,1.03,0.9986,1.03,672044,0
20200106,1.04,1.07,1.03,1.07,16177727,0
20200107,1.08,1.1,1.07,1.1,3612647,0
20200108,1.08,1.11,1.06,1.08,2185907,0
20200109,1.06,1.09,1.06,1.08,603364,0
20200110,1.08,1.09,1.05,1.09,334737,0
20200113,1.03,1.06,1.0283,1.06,335043,0
20200114,1.03,1.06,1.02,1.05,167706,0
20200115,1.04,1.06,1.01,1.03,220868,0
20200116,1.01,1.05,1.01,1.05,5018779,0
20200117,1.04,1.05,1.02,1.04,1443968,0
20200121,1.2,1.21,1.14,1.15,11391394,0
20200122,1.16,1.16,1.09,1.1,2254640,0
20200123,1.22,1.24,1.17,1.23,7879348,0
