Date,Open,High,Low,Close,Volume,OpenInt
20160222,12.663,12.701,12.606,12.701,1359,0
20160223,12.701,12.886,12.178,12.178,6604,0
20160224,11.832,12.032,11.619,12.032,3800,0
20160225,12.238,12.462,12.109,12.437,7206,0
20160226,12.673,12.741,12.527,12.619,1296,0
20160229,12.598,12.68,12.509,12.619,6516,0
20160301,12.926,13.53,12.705,13.515,6168,0
20160302,13.476,14.094,13.206,13.902,35849,0
20160303,13.961,14.31,13.961,14.254,38067,0
20160304,14.303,14.434,14.208,14.208,8627,0
20160307,14.094,14.457,14.094,14.37,12097,0
20160308,14.094,14.37,13.923,14.148,8942,0
20160309,14.263,14.643,14.177,14.643,5883,0
20160310,14.68,14.68,14.125,14.19,2261,0
20160311,14.534,14.995,14.519,14.936,3755,0
20160314,14.905,14.905,14.635,14.744,5728,0
20160315,14.534,14.61,14.342,14.579,1430,0
20160316,14.635,14.981,14.635,14.972,2464,0
20160317,15.165,15.376,15.165,15.322,16892,0
20160318,15.307,15.383,15.112,15.266,7008,0
20160321,15.096,15.158,15.028,15.028,1211,0
20160322,14.788,14.89,14.673,14.873,3694,0
20160323,14.765,14.792,14.542,14.555,9348,0
20160324,14.41,14.534,14.193,14.202,5303,0
20160328,14.27,14.295,14.032,14.188,5111,0
20160329,14.078,15.376,14.078,15.144,16511,0
20160330,15.282,15.885,14.981,15.298,29205,0
20160331,15.244,15.537,15.19,15.389,18625,0
20160401,15.158,15.692,15.121,15.683,11048,0
20160404,15.692,15.782,15.29,15.582,32063,0
20160405,15.414,15.599,15.236,15.568,6447,0
20160406,15.568,16.179,15.504,16.179,14798,0
20160407,15.954,15.954,15.158,15.575,8016,0
20160408,15.878,15.878,15.607,15.744,9213,0
20160411,15.761,15.9,15.645,15.761,11031,0
20160412,15.862,15.984,15.594,15.683,9134,0
20160413,15.761,15.761,15.376,15.545,11094,0
20160414,15.631,15.653,15.419,15.582,11646,0
20160415,15.315,15.791,15.298,15.622,4521,0
20160418,15.607,16.008,15.607,15.916,5266,0
20160419,16.07,16.07,15.653,15.669,7869,0
20160420,15.637,15.862,15.529,15.715,6317,0
20160421,15.669,15.669,15.075,15.096,7155,0
20160422,15.19,15.344,14.896,14.896,4893,0
20160425,14.866,14.893,14.426,14.426,9032,0
20160426,14.555,14.913,14.555,14.703,7728,0
20160427,14.868,14.868,14.48,14.542,10423,0
20160428,14.386,14.689,14.303,14.303,6219,0
20160429,15.252,16.061,15.198,15.436,10398,0
20160502,15.575,16.108,15.499,16.039,10418,0
20160503,15.823,16.116,15.699,16.061,21626,0
20160504,15.645,16.339,15.637,15.83,7813,0
20160505,15.436,16.202,15.436,16.061,17307,0
20160506,15.885,16.734,15.847,16.286,7548,0
20160509,16.155,16.671,15.992,16.393,8343,0
20160510,16.479,16.98,16.479,16.595,8381,0
20160511,16.951,16.98,16.533,16.609,8019,0
20160512,16.208,16.563,16.015,16.331,12942,0
20160513,16.13,16.331,15.512,15.862,8578,0
20160516,15.776,16.061,15.553,15.692,8215,0
20160517,15.669,15.823,15.558,15.645,14250,0
20160518,15.219,16.015,15.219,15.452,12893,0
20160519,15.344,16.024,15.106,15.715,11322,0
20160520,15.529,15.669,15.529,15.537,4529,0
20160524,15.599,16.047,15.568,15.699,9406,0
20160525,15.776,16.944,15.744,16.525,16279,0
20160526,16.609,16.897,16.418,16.897,21893,0
20160527,17.024,17.031,17.004,17.031,3152,0
20160531,16.908,17.031,16.715,16.731,10559,0
20160601,16.692,17.234,16.692,17.01,14210,0
20160602,16.854,17.208,16.854,17.015,18636,0
20160603,17.182,17.189,16.816,16.816,12474,0
20160606,17.165,17.397,16.682,17.024,13671,0
20160607,17.428,17.428,17.11,17.11,5850,0
20160608,17.149,17.428,16.824,16.824,6969,0
20160609,17.264,17.264,16.785,17.197,13438,0
20160610,17.04,17.419,16.895,17.208,15806,0
20160613,17.01,17.01,16.429,16.715,6307,0
20160614,16.567,16.715,16.552,16.585,8596,0
20160615,16.748,16.748,15.684,16.304,9158,0
20160616,16.358,16.815,16.358,16.815,3066,0
20160617,16.382,16.382,16.004,16.259,3154,0
20160620,13.906,16.908,13.897,16.607,7156,0
20160621,16.665,17.087,16.615,16.647,14827,0
20160622,16.941,16.941,16.359,16.653,9995,0
20160623,16.799,17.204,14.925,17.204,6334,0
20160624,16.343,16.343,15.499,16.027,7060,0
20160627,15.623,15.623,14.654,14.825,36758,0
20160628,14.849,15.028,14.423,14.7,5829,0
20160629,14.871,15.385,14.578,14.786,19443,0
20160630,16.266,16.266,14.718,15.273,16976,0
20160701,14.987,15.491,14.987,15.012,4445,0
20160705,14.98,14.98,14.507,14.717,20134,0
20160706,14.755,14.864,14.462,14.609,25426,0
20160707,14.654,15.06,14.531,14.531,5029,0
20160708,14.972,15.143,14.834,15.143,6758,0
20160711,15.469,15.521,15.039,15.491,6793,0
20160712,15.368,15.878,15.337,15.638,6662,0
20160713,15.667,16.189,15.667,16.079,9603,0
20160714,16.15,16.15,15.828,15.863,2476,0
20160715,15.8,16.6,15.668,16.6,18863,0
20160718,16.56,17.241,16.437,17.241,11542,0
20160719,16.908,17.546,16.847,17.528,25670,0
20160720,17.582,18.163,17.234,18.156,25055,0
20160721,18.116,18.388,17.622,18.156,25230,0
20160722,17.91,18.334,17.829,17.829,3188,0
20160725,18.032,18.821,18.032,18.806,17829,0
20160726,18.931,18.931,18.032,18.427,26748,0
20160727,18.549,19.166,18.54,18.651,13478,0
20160728,18.782,19.383,18.782,19.249,30031,0
20160729,19.271,19.673,19.216,19.673,25292,0
20160801,19.402,20,19.402,19.704,16602,0
20160802,19.721,19.744,18.962,18.962,25963,0
20160803,18.953,19.394,18.953,19.303,15060,0
20160804,19.364,19.953,19.303,19.798,20099,0
20160805,19.768,19.936,19.606,19.634,15539,0
20160808,19.42,19.552,19.005,19.552,40846,0
20160809,19.278,19.456,19.241,19.257,31021,0
20160810,19.544,19.544,19.241,19.266,10381,0
20160811,19.427,19.666,19.375,19.411,30594,0
20160812,19.125,19.411,18.962,19.04,11522,0
20160815,18.985,19.449,18.985,19.162,21079,0
20160816,19.286,19.286,18.821,18.862,9407,0
20160817,18.845,18.845,18.388,18.528,32751,0
20160818,18.474,18.66,18.372,18.54,5111,0
20160819,18.514,18.651,18.381,18.575,7860,0
20160822,18.488,18.643,18.312,18.549,9085,0
20160823,18.767,19.598,18.767,19.271,18159,0
20160824,19.372,19.372,18.705,18.775,6600,0
20160825,18.566,18.775,18.566,18.73,1945,0
20160826,18.7,19.008,18.42,18.474,6280,0
20160829,18.534,18.85,18.534,18.798,2946,0
20160830,18.916,18.916,18.574,18.79,7154,0
20160831,18.752,19.017,18.458,18.722,4100,0
20160901,18.683,19.188,18.683,19.149,3209,0
20160902,19.358,19.709,19.243,19.575,16633,0
20160906,19.74,20.207,19.725,20.2,10437,0
20160907,20.168,20.168,19.468,19.575,20486,0
20160908,19.56,19.56,19.414,19.548,7044,0
20160909,19.405,19.405,18.472,18.722,31601,0
20160912,18.458,18.837,18.303,18.837,16328,0
20160913,18.845,18.845,18.278,18.425,8061,0
20160914,18.512,18.925,18.425,18.737,30690,0
20160915,18.512,18.932,18.481,18.527,7060,0
20160916,18.621,18.775,18.395,18.574,17710,0
20160919,18.588,18.73,18.539,18.683,10718,0
20160920,18.792,18.845,18.636,18.683,3047,0
20160921,18.892,19.077,18.565,19.041,9020,0
20160922,19.164,19.601,19.164,19.539,24626,0
20160923,19.539,19.548,18.963,18.979,7496,0
20160926,18.916,19.009,18.596,19.009,13351,0
20160927,18.954,19.234,18.713,19.078,8465,0
20160928,19.142,19.933,19.142,19.912,14741,0
20160929,19.856,20.161,19.856,19.959,6866,0
20160930,19.959,20.036,19.834,20.004,14530,0
20161003,19.996,20.048,19.725,19.864,31513,0
20161004,19.905,19.905,19.383,19.414,3383,0
20161005,19.46,19.749,19.46,19.616,12306,0
20161006,19.685,20.37,19.622,20.354,10879,0
20161007,20.394,20.502,20.04,20.175,21171,0
20161010,20.32,20.32,20.192,20.302,1300,0
20161011,20.331,20.354,20.064,20.175,12693,0
20161012,20.112,20.385,20.097,20.354,4328,0
20161013,20.129,20.261,19.98,20.261,7945,0
20161014,20.331,20.61,20.331,20.587,5134,0
20161017,20.479,20.495,20.455,20.456,9115,0
20161018,20.573,20.619,20.385,20.573,5545,0
20161019,20.533,20.704,20.4,20.4,14310,0
20161020,20.502,20.804,20.442,20.634,10497,0
20161021,20.665,20.697,20.4,20.665,13727,0
20161024,20.658,20.658,19.398,19.685,21652,0
20161025,19.575,19.693,19.405,19.592,13978,0
20161026,19.409,19.423,18.691,18.691,19538,0
20161027,18.916,18.916,18.458,18.481,24113,0
20161028,18.472,18.472,18.044,18.185,23685,0
20161031,18.425,18.829,18.216,18.403,91017,0
20161101,18.472,18.782,18.395,18.705,90477,0
20161102,18.752,18.752,18.31,18.464,20959,0
20161103,18.486,18.548,18.052,18.052,14476,0
20161104,18.107,18.107,17.717,17.749,33474,0
20161107,18.067,18.153,17.936,17.997,25782,0
20161108,18.058,18.058,17.647,17.663,9225,0
20161109,17.312,17.538,17.111,17.298,57101,0
20161110,17.273,17.391,16.871,16.908,38583,0
20161111,16.932,16.932,16.645,16.699,23623,0
20161114,16.88,17.273,16.88,17.21,37403,0
20161115,17.21,17.518,17.21,17.329,47600,0
20161116,17.198,17.305,16.924,17.079,22500,0
20161117,17.134,17.946,17.134,17.842,18409,0
20161118,17.717,18.022,17.717,18.005,23299,0
20161121,18.17,18.503,18.045,18.418,78262,0
20161122,18.512,19.35,18.486,19.334,54166,0
20161123,19.243,19.263,18.909,19.017,56622,0
20161125,18.932,19.222,18.925,18.939,19889,0
20161128,18.713,19.065,18.705,18.916,84993,0
20161129,18.895,19.526,18.879,19.434,20560,0
20161130,19.426,19.66,19.393,19.559,18537,0
20161201,19.59,19.816,19.371,19.496,45397,0
20161202,19.635,19.915,19.559,19.768,51596,0
20161205,19.987,20.191,19.742,20.153,23632,0
20161206,19.971,20.229,19.816,20.112,13007,0
20161207,19.957,20.97,19.957,20.76,19220,0
20161208,20.73,21.174,20.73,21.11,27679,0
20161209,21.219,21.314,20.674,20.674,14743,0
20161212,20.487,20.914,20.487,20.705,16093,0
20161213,20.947,21.119,20.947,21.033,9098,0
20161214,21.018,21.042,20.579,20.745,11546,0
20161215,20.588,20.619,20.174,20.206,24991,0
20161216,20.26,20.26,19.832,19.84,9402,0
20161219,19.987,20.299,19.824,20.299,7511,0
20161220,20.26,20.596,20.192,20.495,8623,0
20161221,20.472,20.719,20.425,20.69,4193,0
20161222,20.634,20.634,19.999,20.112,5761,0
20161223,20.153,20.153,19.697,19.849,9223,0
20161227,19.855,20.149,19.62,19.668,4007,0
20161228,19.878,20.024,19.535,19.628,14084,0
20161229,19.675,19.69,19.456,19.581,5645,0
20161230,19.849,19.849,19.581,19.697,10267,0
20170103,19.911,19.911,19.305,19.41,14671,0
20170104,19.62,19.895,19.59,19.715,15916,0
20170105,19.599,20.011,19.599,19.832,10131,0
20170106,19.915,20.034,19.816,20.034,6381,0
20170109,20.096,20.096,19.887,20.003,19437,0
20170110,20.268,20.361,20.222,20.236,1982,0
20170111,20.283,20.51,20.229,20.4,16964,0
20170112,20.516,20.516,20.089,20.245,9317,0
20170113,20.345,20.541,20.335,20.456,8301,0
20170117,20.487,20.634,20.182,20.26,9729,0
20170118,20.236,20.433,20.081,20.119,7569,0
20170119,19.915,19.931,19.562,19.594,20985,0
20170120,19.73,19.73,18.989,19.152,6216,0
20170123,19.021,19.027,18.478,18.481,17485,0
20170124,18.521,19.426,18.521,19.393,4039,0
20170125,19.481,20.642,19.481,20.456,11077,0
20170126,20.549,20.549,19.924,20.003,8550,0
20170127,20.003,20.199,19.761,19.761,25175,0
20170130,19.903,19.903,19.509,19.601,2657,0
20170131,19.591,19.591,19.207,19.363,9165,0
20170201,19.363,19.581,19.152,19.527,19504,0
20170202,19.607,19.761,19.59,19.599,4342,0
20170203,20.168,20.361,20.027,20.182,15391,0
20170206,20.057,20.232,19.94,20.137,33906,0
20170207,20.245,20.377,20.206,20.268,10980,0
20170208,20.268,20.923,20.268,20.923,7729,0
20170209,20.868,21.782,20.868,21.702,77099,0
20170210,21.805,22.469,21.797,22.469,18084,0
20170213,22.577,22.624,22.241,22.241,14627,0
20170214,22.389,22.671,22.233,22.546,8957,0
20170215,22.452,23.077,22.452,23.061,13714,0
20170216,23.092,23.092,22.555,22.96,64146,0
20170217,22.998,23.1,22.804,22.804,12825,0
20170221,23.139,23.216,22.998,23.178,35731,0
20170222,23.023,23.662,23.023,23.482,7755,0
20170223,23.593,23.787,23.349,23.537,81354,0
20170224,23.278,23.32,22.75,22.804,13904,0
20170227,22.949,22.981,22.622,22.918,9300,0
20170228,23.013,23.028,22.683,22.683,13474,0
20170301,22.989,23.013,22.871,22.949,8571,0
20170302,22.857,22.857,22.519,22.606,22220,0
20170303,22.708,22.823,22.582,22.8,45563,0
20170306,22.793,22.864,22.511,22.615,9854,0
20170307,22.277,22.277,21.939,22.237,13871,0
20170308,22.128,22.128,21.878,21.979,6766,0
20170309,21.846,22.056,21.688,21.83,3029,0
20170310,21.995,22.381,21.995,22.363,9673,0
20170313,22.254,22.785,22.254,22.606,22410,0
20170314,22.615,22.615,21.862,22.136,15677,0
20170315,22.346,22.981,22.136,22.981,12698,0
20170316,22.769,22.769,22.442,22.519,4653,0
20170317,22.668,22.715,22.456,22.456,8098,0
20170320,22.292,22.292,21.98,21.995,13741,0
20170321,22.159,22.159,21.315,21.423,13433,0
20170322,21.635,21.65,21.323,21.564,5169,0
20170323,21.588,21.954,21.588,21.862,2971,0
20170324,21.885,21.91,21.676,21.676,1950,0
20170327,21.768,21.768,21.12,21.315,12325,0
20170328,21.403,21.667,21.403,21.627,6689,0
20170329,21.722,22.191,21.701,22.136,7935,0
20170330,22.262,22.339,22.089,22.145,17907,0
20170331,22.292,22.301,21.885,22.301,3967,0
20170403,22.339,22.746,22.199,22.683,18528,0
20170404,22.659,23.145,22.628,23.058,27421,0
20170405,23.214,23.7,23.208,23.237,28118,0
20170406,23.231,23.717,23.214,23.363,24217,0
20170407,23.52,23.855,23.52,23.553,26661,0
20170410,23.842,24.153,23.818,24.014,25288,0
20170411,24.051,24.153,23.465,24.153,27369,0
20170412,24.288,24.476,23.904,24.059,13010,0
20170413,23.966,23.966,23.427,23.427,4951,0
20170417,23.355,23.553,23.347,23.465,9277,0
20170418,23.427,23.442,23.043,23.082,25238,0
20170419,23.238,23.277,22.973,23.184,24710,0
20170420,23.449,23.583,23.302,23.394,14508,0
20170421,23.553,23.553,23.238,23.372,19883,0
20170424,23.482,23.51,23.161,23.387,25849,0
20170425,23.311,24.067,23.311,24.067,29130,0
20170426,24.09,24.09,23.7,23.725,63263,0
20170427,23.85,24.162,23.77,24.124,23682,0
20170428,24.076,24.349,24.036,24.303,34791,0
20170501,24.325,24.325,23.967,24.169,25012,0
20170502,23.981,23.981,23.09,23.214,52700,0
20170503,23.137,23.294,22.816,22.871,12989,0
20170504,22.918,22.918,22.622,22.699,14830,0
20170505,22.94,22.94,22.315,22.606,28436,0
20170508,22.606,22.644,21.769,22.622,20196,0
20170509,22.8,22.932,22.622,22.816,25540,0
20170510,22.769,22.857,22.639,22.691,27411,0
20170511,22.473,22.473,22.041,22.104,31663,0
20170512,21.987,22.213,21.902,22.074,28102,0
20170515,22.213,23.306,22.213,23.231,36971,0
20170516,23.333,23.34,23.058,23.214,16764,0
20170517,22.973,23.052,22.501,22.559,13427,0
20170518,22.649,22.714,22.292,22.372,21650,0
20170519,22.339,22.957,22.339,22.722,19548,0
20170522,22.715,22.793,22.311,22.59,4004,0
20170523,22.785,22.949,22.433,22.48,11235,0
20170524,22.48,22.912,22.473,22.879,11620,0
20170525,23.028,23.028,22.59,22.59,6294,0
20170526,22.519,22.996,22.519,22.762,6453,0
20170530,22.803,22.976,22.771,22.882,12276,0
20170531,22.765,22.819,22.365,22.433,9532,0
20170601,22.519,22.944,22.519,22.867,5170,0
20170602,22.67,22.898,22.637,22.67,6864,0
20170605,22.873,23.064,22.661,22.678,5147,0
20170606,22.733,22.936,22.607,22.835,10112,0
20170607,22.89,22.89,22.356,22.401,17446,0
20170608,22.378,22.961,22.198,22.928,15872,0
20170609,22.873,23.071,22.661,22.961,6965,0
20170612,22.89,23.158,22.89,23.055,5915,0
20170613,23.182,23.498,23.182,23.465,5347,0
20170614,23.546,23.837,23.206,23.206,11135,0
20170615,22.993,23.317,22.984,23.174,12709,0
20170616,22.976,23.735,22.976,23.735,94310,0
20170619,23.828,24.141,23.609,23.985,24037,0
20170620,23.789,23.795,23.38,23.482,6249,0
20170621,23.435,23.435,22.878,23.064,4667,0
20170622,23.22,23.511,23.22,23.504,4961,0
20170623,23.663,24.436,23.474,24.436,7147,0
20170626,23.922,24.081,23.339,23.38,12068,0
20170627,23.498,23.978,23.3,23.922,13267,0
20170628,24.436,24.797,24.436,24.585,9836,0
20170629,24.631,24.911,23.852,24.222,20923,0
20170630,24.505,24.64,24.332,24.546,15911,0
20170703,24.893,24.893,24.583,24.648,6209,0
20170705,24.727,24.789,24.293,24.592,12890,0
20170706,24.404,24.411,24.032,24.12,10666,0
20170707,24.246,24.34,24.049,24.34,6262,0
20170710,24.324,24.939,24.324,24.782,5335,0
20170711,24.767,24.845,24.45,24.838,9711,0
20170712,25.223,25.515,25.187,25.515,4864,0
20170713,25.524,25.57,25.088,25.476,5205,0
20170714,25.506,25.996,25.476,25.996,7678,0
20170717,25.83,26.09,25.83,25.936,7798,0
20170718,25.996,25.996,25.618,25.932,5182,0
20170719,26.2,26.224,25.94,26.13,7606,0
20170720,25.972,25.972,25.593,25.744,4770,0
20170721,25.673,25.932,25.493,25.83,10542,0
20170724,26.013,26.381,25.767,26.326,11313,0
20170725,26.493,26.493,25.909,25.956,8137,0
20170726,26.168,26.381,26.051,26.271,10062,0
20170727,26.738,27.092,26.231,26.335,6719,0
20170728,27.414,27.989,26.54,26.562,22562,0
20170731,27.187,28.062,27.187,27.949,33631,0
20170801,28.099,28.099,27.194,27.548,54308,0
20170802,27.792,27.895,27.336,27.367,18464,0
20170803,26.523,26.523,25.704,26.058,30984,0
20170804,26.105,26.161,25.901,26.051,28460,0
20170807,26.074,26.625,26.074,26.137,13431,0
20170808,26.074,26.193,25.964,26.105,23708,0
20170809,26.013,26.071,25.932,26.02,19176,0
20170810,25.901,25.98,25.704,25.862,13942,0
20170811,25.744,25.996,25.696,25.712,10615,0
20170814,25.83,25.855,25.696,25.799,15332,0
20170815,25.72,25.84,25.687,25.72,7938,0
20170816,25.924,25.924,25.618,25.782,12736,0
20170817,25.641,25.901,25.405,25.531,45904,0
20170818,25.554,25.878,25.515,25.57,26783,0
20170821,25.57,25.717,25.421,25.578,11354,0
20170822,25.704,25.871,25.482,25.846,37928,0
20170823,25.618,26.193,25.618,25.917,18560,0
20170824,26.013,26.224,25.98,26.185,24452,0
20170825,26.209,26.578,26.146,26.304,17132,0
20170828,26.562,26.988,26.556,26.988,31981,0
20170829,26.674,27.564,26.562,27.501,80989,0
20170830,27.508,27.541,27.094,27.222,45970,0
20170831,27.253,27.469,27.183,27.453,47976,0
20170901,27.621,28.283,27.597,28.125,67426,0
20170905,28.131,28.187,27.413,27.845,39408,0
20170906,27.845,29.009,27.7,28.992,77924,0
20170907,29.248,30.188,29.1,30.156,128599,0
20170908,30.3,30.3,29.176,30.067,128462,0
20170911,30.188,30.363,29.855,30.363,64079,0
20170912,30.572,30.779,30.444,30.612,50009,0
20170913,30.604,30.604,29.703,29.996,65120,0
20170914,29.94,30.444,29.814,30.244,84871,0
20170915,30.204,30.579,30.196,30.363,55916,0
20170918,30.579,30.579,29.686,29.814,39836,0
20170919,29.828,30.604,29.828,30.563,80172,0
20170920,30.612,31.002,30.491,30.779,80975,0
20170921,30.794,31.425,30.563,31.33,59332,0
20170922,31.343,32.046,31.225,31.631,63889,0
20170925,31.248,32.182,31.097,32.024,61824,0
20170926,32.174,32.93,32.046,32.86,76837,0
20170927,32.955,33.393,32.358,32.779,122209,0
20170928,32.812,32.979,32.548,32.955,53558,0
20170929,31.735,31.735,29.981,30.396,282003,0
20171002,30.037,31.655,30.037,30.866,90333,0
20171003,30.731,31.322,30.731,31.178,58509,0
20171004,31.248,31.751,31.248,31.568,51882,0
20171005,31.544,31.725,31.409,31.544,51634,0
20171006,31.535,31.887,31.535,31.702,43603,0
20171009,31.848,31.887,31.655,31.831,33480,0
20171010,31.974,32.476,31.911,32.461,74850,0
20171011,32.635,32.804,32.454,32.676,104215,0
20171012,32.676,32.692,31.905,32.27,141603,0
20171013,31.518,31.982,31.518,31.735,120723,0
20171016,31.783,31.798,30.3,30.556,111510,0
20171017,30.699,31.105,30.484,30.635,86264,0
20171018,30.706,30.706,29.94,30.115,130083,0
20171019,30.053,30.059,29.519,29.797,180384,0
20171020,29.707,29.814,29.319,29.408,113727,0
20171023,29.464,29.534,29.248,29.486,97688,0
20171024,29.486,29.583,29.16,29.279,93185,0
20171025,29.232,29.232,28.427,28.952,566978,0
20171026,28.927,29.223,28.776,29.104,147797,0
20171027,28.825,29.016,27.083,28.107,287473,0
20171030,28.051,29.185,28.028,28.784,470084,0
20171031,28.762,28.864,28.579,28.745,198601,0
20171101,29.096,29.096,28.433,28.649,254183,0
20171102,28.522,29.319,28.522,29.169,185659,0
20171103,29.383,29.717,28.57,28.745,323906,0
20171106,29.678,29.703,27.908,28.258,347375,0
20171107,27.996,28.522,27.564,28.497,239795,0
20171108,28.418,28.793,28.307,28.762,153835,0
20171109,28.729,28.969,28.729,28.729,162244,0
20171110,28.537,28.619,28.036,28.09,157427,0
20171113,28.075,28.394,27.964,28.083,119880,0
20171114,28.131,28.537,28.068,28.45,134856,0
20171115,28.098,28.194,27.538,27.901,173767,0
20171116,27.979,28.713,27.979,28.57,179856,0
20171117,28.579,28.593,28.028,28.068,232041,0
20171120,28.131,28.33,27.757,27.829,192013,0
20171121,27.845,28.172,27.845,28.043,150849,0
20171122,28.147,28.187,27.572,27.964,225969,0
20171124,27.948,28.243,27.948,28.139,60409,0
20171127,28.068,28.173,27.772,27.789,172973,0
20171128,27.829,28.012,27.533,27.7,166097,0
20171129,27.772,27.829,27.262,27.508,166736,0
20171130,27.565,28.182,27.3,28.027,219422,0
20171201,28.164,28.414,27.372,28.05,199089,0
20171204,28.245,28.245,27.016,27.121,180407,0
20171205,27.162,27.582,26.926,27.025,130552,0
20171206,27.001,27.041,26.111,26.223,154197,0
20171207,26.046,26.734,26.046,26.435,139763,0
20171208,26.66,26.822,26.435,26.781,114417,0
20171211,26.781,26.919,26.644,26.66,105705,0
20171212,26.944,26.944,26.054,26.344,170316,0
20171213,26.344,26.522,26.144,26.417,108432,0
20171214,26.45,27.001,26.45,26.888,156862,0
20171215,27.041,27.372,26.959,27.121,142546,0
20171218,27.325,27.767,27.288,27.622,157571,0
20171219,27.622,27.686,27.243,27.291,105164,0
20171220,27.525,27.686,27.284,27.55,109997,0
20171221,27.663,27.994,27.663,27.743,89350,0
20171222,27.776,27.776,27.38,27.485,83798,0
20171226,27.565,27.946,26.911,26.919,77577,0
20171227,27.243,27.284,26.904,27.121,101720,0
20171228,27.3,27.501,27.162,27.332,95198,0
20171229,27.363,27.46,27.073,27.332,108130,0
20180102,27.316,27.767,27.113,27.645,214619,0
20180103,27.645,28.245,27.525,28.173,146915,0
20180104,28.294,28.455,28.212,28.407,219071,0
20180105,28.657,28.665,28.14,28.22,278922,0
20180108,28.253,28.423,27.849,27.92,139356,0
20180109,28.05,28.334,27.703,28.027,184736,0
20180110,27.97,27.97,27.403,27.542,142658,0
20180111,27.582,27.686,27.3,27.645,160963,0
20180112,27.645,28.192,27.558,27.678,122136,0
20180116,28.173,28.432,27.494,27.622,162421,0
20180117,27.711,27.977,27.138,27.833,179441,0
20180118,27.946,28.746,27.841,28.487,176340,0
20180119,28.487,28.931,28.294,28.867,165939,0
20180122,28.908,29.093,28.609,29.069,140299,0
20180123,28.852,29.069,28.204,28.64,162539,0
20180124,28.843,31.065,28.843,30.905,419925,0
20180125,30.92,31.374,30.624,31.074,238345,0
20180126,31.211,31.574,31.018,31.478,162332,0
20180129,31.526,31.793,31.374,31.486,179525,0
20180130,31.389,31.397,30.766,30.928,269210,0
20180131,30.937,31.434,30.516,30.815,249987,0
20180201,30.759,31.074,30.071,30.937,192741,0
20180202,31.365,31.526,29.143,29.659,271123,0
20180205,29.401,30.614,29.376,29.95,251109,0
20180206,29.222,30.75,29.222,30.396,236441,0
20180207,30.411,30.872,29.967,30.08,222500,0
20180208,29.935,30.015,28.794,28.802,238842,0
20180209,29.11,29.222,27.686,28.318,285495,0
20180212,28.68,28.988,28.502,28.915,221485,0
20180213,28.867,29.393,28.802,29.207,129933,0
20180214,29.126,29.805,28.835,29.771,124518,0
20180215,29.837,29.992,29.24,29.683,215955,0
20180216,29.683,29.861,29.53,29.805,106178,0
20180220,29.03,29.837,29.03,29.03,135766,0
20180221,29.15,29.175,28.64,28.665,146479,0
20180222,28.674,28.997,28.341,28.423,169037,0
20180223,28.714,28.802,28.407,28.786,137779,0
20180226,28.852,29.119,27.89,28.423,190802,0
20180227,28.502,28.674,28.156,28.432,143969,0
20180228,28.669,28.669,27.521,27.669,173422,0
20180301,27.709,27.718,26.605,26.947,194620,0
20180302,26.874,27.956,26.464,27.865,157464,0
20180305,27.636,27.883,26.93,27.022,108396,0
20180306,26.955,27.644,26.955,27.348,122785,0
20180307,27.21,27.579,26.964,27.226,120303,0
20180308,27.317,27.775,27.146,27.308,78508,0
20180309,27.48,28.464,27.455,28.382,138606,0
20180312,28.586,29.537,28.488,29.053,184016,0
20180313,29.267,29.602,29.022,29.487,164037,0
20180314,29.594,29.782,28.973,29.545,185017,0
20180315,29.504,30.099,29.504,29.84,126391,0
20180316,29.865,30.176,29.496,29.651,204886,0
20180319,29.651,29.874,29.208,29.415,186799,0
20180320,29.496,30.332,29.451,30.152,291131,0
20180321,30.225,30.921,30.184,30.339,166971,0
20180322,30.176,30.381,29.504,29.545,137376,0
20180323,29.57,30.06,29.537,29.716,161477,0
20180326,30.16,30.16,28.881,29.676,151732,0
20180327,29.782,29.931,29.185,29.291,121632,0
20180328,29.291,29.513,28.751,28.815,92056,0
20180329,28.832,29.831,28.832,29.765,92097,0
20180402,29.751,29.857,28.978,29.52,164211,0
20180403,29.791,31.2,29.791,31.03,174286,0
20180404,30.757,31.602,30.413,31.544,177110,0
20180405,31.626,32.379,31.602,32.003,125757,0
20180406,31.741,32.163,31.422,31.544,105846,0
20180409,31.659,32.536,31.562,32.021,155746,0
20180410,32.306,32.856,32.126,32.806,158695,0
20180411,32.789,33.281,32.749,32.92,122936,0
20180412,32.889,33.347,32.802,33.272,95107,0
20180413,33.33,33.518,32.716,33.379,117942,0
20180416,33.429,33.88,33.272,33.494,142911,0
20180417,33.552,35.203,33.552,35.034,204415,0
20180418,35.157,35.157,34.133,34.247,130923,0
20180419,34.215,34.846,33.813,34.158,129013,0
20180420,34.11,34.167,33.838,34.11,63385,0
20180423,34.142,34.412,33.887,34.076,123472,0
20180424,34.173,34.871,34.173,34.542,163633,0
20180425,34.429,34.502,33.78,34.045,129225,0
20180426,34.158,34.182,33.453,33.937,105504,0
20180427,34.076,34.314,33.757,33.961,130000,0
20180430,34.101,34.486,33.805,33.871,100005,0
20180501,32.863,33.323,32.29,33.257,305874,0
20180502,33.184,33.794,33.158,33.544,176507,0
20180503,32.691,32.723,30.89,31.462,385229,0
20180504,31.338,32.069,31.093,31.527,218110,0
20180507,31.668,32.356,31.527,32.33,172439,0
20180508,32.306,32.839,32.176,32.789,127469,0
20180509,32.839,33.445,32.764,33.265,180443,0
20180510,33.518,33.829,33.265,33.355,146249,0
20180511,33.42,33.797,33.019,33.29,180578,0
20180514,33.363,33.716,33.1,33.134,162460,0
20180515,32.937,33.691,32.789,33.593,118152,0
20180516,33.56,34.281,33.56,34.142,125229,0
20180517,34.158,34.224,33.486,33.56,140983,0
20180518,33.585,33.741,33.265,33.691,106158,0
20180521,33.83,34.066,33.47,33.757,64498,0
20180522,33.871,34.584,33.871,33.987,109175,0
20180523,33.92,34.051,33.42,33.987,159962,0
20180524,34.076,35.034,33.929,34.657,129739,0
20180525,34.518,34.584,34.067,34.353,110789,0
20180529,33.978,34.338,33.642,34.273,97350,0
20180530,34.502,35.336,34.42,35.297,154517,0
20180531,35.354,35.387,34.558,34.749,155743,0
20180601,34.674,35.197,34.648,35.072,80221,0
20180604,35.272,36.094,35.164,36.044,103625,0
20180605,36.144,37.233,36.128,37.058,126857,0
20180606,37.416,37.764,37.083,37.482,281307,0
20180607,37.598,37.755,36.908,37.108,142022,0
20180608,37.184,37.198,36.743,36.885,79203,0
20180611,36.907,36.907,36.162,36.218,110301,0
20180612,36.226,36.675,35.891,36.128,70309,0
20180613,36.153,36.452,34.391,34.757,226760,0
20180614,34.757,34.948,33.751,34.183,224388,0
20180615,34.017,34.249,33.644,34.035,121630,0
20180618,34.008,34.225,33.818,34.191,107881,0
20180619,33.958,34.308,33.934,34.241,96571,0
20180620,34.407,34.482,34.15,34.276,75121,0
20180621,34.374,34.415,33.46,33.735,86537,0
20180622,33.917,34.035,33.681,33.775,59174,0
20180625,33.66,33.66,32.571,33.103,99222,0
20180626,33.028,33.976,33.028,33.86,86283,0
20180627,33.993,33.993,33.394,33.46,117544,0
20180628,33.618,33.885,33.277,33.693,93305,0
20180629,33.869,34.399,33.735,34.168,78175,0
20180702,34.026,34.051,33.692,33.917,32546,0
20180703,34.066,34.782,34.066,34.59,36733,0
20180705,34.533,34.533,34.11,34.159,38387,0
20180706,34.159,34.59,34.008,34.357,38712,0
20180709,34.474,34.598,34.284,34.317,67800,0
20180710,34.433,34.507,33.751,34.383,96071,0
20180711,33.985,34.466,33.535,33.61,111070,0
20180712,33.86,34.168,33.685,34.051,71152,0
20180713,34.093,34.357,33.851,33.967,78565,0
20180716,34.208,34.462,33.826,34.365,96063,0
20180717,34.365,35.314,34.191,34.905,100398,0
20180718,34.898,34.898,32.264,32.688,305513,0
20180719,32.738,32.738,31.375,31.99,295276,0
20180720,32.205,32.397,31.334,31.466,135820,0
20180723,31.384,31.407,30.436,30.494,138803,0
20180724,30.494,30.934,30.054,30.245,187104,0
20180725,30.303,30.352,29.53,30.286,119613,0
20180726,30.295,30.685,29.872,30.253,172260,0
20180727,30.344,30.344,29.589,29.698,163117,0
20180730,29.905,30.12,29.371,29.415,126881,0
20180731,29.415,29.945,29.415,29.837,147660,0
20180801,29.837,30.171,29.614,29.954,180530,0
20180802,31.582,32.978,31.156,32.646,666966,0
20180803,32.714,32.714,31.582,31.782,130087,0
20180806,33.236,33.602,31.59,32.197,131999,0
20180807,32.174,32.896,31.399,31.574,221633,0
20180808,31.631,32.289,31.508,31.849,398293,0
20180809,31.791,32.231,31.791,31.966,195793,0
20180810,31.874,32.946,31.69,32.629,160607,0
20180813,32.804,34.125,32.697,32.946,213722,0
20180814,33.187,34.217,33.187,33.999,172783,0
20180815,33.985,34.183,33.394,33.999,188011,0
20180816,34.183,34.639,34.066,34.639,202742,0
20180817,34.733,35.464,34.733,35.38,147859,0
20180820,35.596,36.044,35.563,35.738,179992,0
20180821,36.069,36.518,35.978,36.094,316372,0
20180822,36.294,36.352,35.38,35.695,263197,0
20180823,35.679,35.741,34.724,34.815,264488,0
20180824,34.998,35.396,34.856,35.088,230697,0
20180827,35.322,36.518,35.322,36.36,390385,0
20180828,36.568,36.684,36.044,36.162,322759,0
20180829,36.226,36.543,35.896,36.094,390133,0
20180830,36.753,36.753,35.917,36.141,238924,0
20180831,35.909,36.197,35.223,35.333,211316,0
20180904,34.907,35.075,33.462,34.351,332609,0
20180905,34.36,34.49,33.926,34.426,148500,0
20180906,34.509,35.006,34.148,34.834,186939,0
20180907,34.741,35.27,34.575,35.223,176900,0
20180910,35.51,36.391,35.492,36.289,161488,0
20180911,36.391,37.281,35.965,37.215,186638,0
20180912,37.401,39.077,37.401,38.967,272475,0
20180913,39.126,39.144,36.845,37.021,336537,0
20180914,37.048,37.603,36.762,37.16,137351,0
20180917,37.076,37.43,35.965,36.168,122628,0
20180918,36.141,36.409,35.083,35.297,178957,0
20180919,35.297,35.409,33.378,33.507,365176,0
20180920,33.638,33.842,32.766,32.989,418585,0
20180921,32.943,33.209,32.368,32.591,197883,0
20180924,32.683,32.814,31.877,32.089,221789,0
20180925,32.089,32.145,31.237,31.821,411351,0
20180926,31.84,32.239,31.469,32.017,219400,0
20180927,31.932,32.507,31.601,32.034,217909,0
20180928,31.997,32.22,30.634,30.746,180964,0
20181001,30.931,31.969,30.931,31.619,361160,0
20181002,31.515,31.691,30.931,31.006,244240,0
20181003,30.959,31.246,29.449,29.958,353279,0
20181004,29.939,29.967,29.143,29.383,462141,0
20181005,29.931,29.939,28.364,28.614,366001,0
20181008,28.606,28.641,27.317,27.483,237145,0
20181009,27.576,28.252,26.844,27.04,451119,0
20181010,26.834,26.881,25.722,25.761,308009,0
20181011,25.591,26.528,25.489,25.842,416344,0
20181012,26.362,26.445,24.665,25.278,286872,0
20181015,25.36,25.639,25.018,25.535,166254,0
20181016,25.806,26.528,25.408,26.352,229181,0
20181017,26.389,26.389,24.128,24.266,258520,0
20181018,24.165,24.601,23.952,24.444,241828,0
20181019,24.517,24.795,24.035,24.266,138818,0
20181022,24.833,25.454,24.081,24.194,291900,0
20181023,24.155,24.266,22.849,23.969,262435,0
20181024,23.969,24.165,23.275,23.312,168491,0
20181025,23.34,24.099,23.34,23.868,241019,0
20181026,23.618,23.618,22.515,23.237,256248,0
20181029,23.554,24.053,22.579,22.766,159804,0
20181030,22.766,23.201,22.571,22.803,187385,0
20181031,23.126,23.702,22.871,23.571,244884,0
20181101,25.379,26.788,24.146,25.648,509189,0
20181102,26.26,27.418,26.065,26.222,550932,0
20181105,27.151,27.159,26.325,26.815,287556,0
20181106,26.834,27.04,25.101,25.314,323505,0
20181107,25.379,25.954,25.194,25.611,267846,0
20181108,25.565,25.712,25.278,25.48,159271,0
20181109,25.249,25.464,24.595,24.841,252868,0
20181112,24.841,25.768,24.763,25.545,164450,0
20181113,25.621,26.186,25.258,25.268,233302,0
20181114,25.333,25.917,25.212,25.509,198618,0
20181115,25.388,25.712,24.656,25.36,217388,0
20181116,25.202,26.102,25.202,25.908,201089,0
20181119,25.898,26.149,25.722,26.01,184649,0
20181120,25.555,26.389,25.249,26.028,260458,0
20181121,26.102,26.844,25.917,25.991,182342,0
20181123,26.028,26.51,25.935,26.371,64668,0
20181126,26.639,26.862,26.316,26.38,136127,0
20181127,26.334,26.621,25.982,26.093,136114,0
20181128,26.047,26.112,25.278,26.083,267242,0
20181129,26.046,27.232,25.848,26.771,160926,0
20181130,26.573,26.818,26.188,26.347,176399,0
20181203,27.006,27.345,25.858,26.441,202045,0
20181204,26.244,26.433,25.01,25.048,285355,0
20181206,24.681,25.576,24.323,25.499,248686,0
20181207,25.519,26.451,24.915,24.953,205459,0
20181210,24.963,25.076,23.681,23.823,262676,0
20181211,23.973,24.406,22.776,23.211,234045,0
20181212,23.456,24.199,23.456,23.607,163333,0
20181213,23.607,24.105,23.417,23.634,138124,0
20181214,23.324,24.208,23.12,23.598,218662,0
20181217,23.503,23.701,22.89,23.248,202880,0
20181218,23.258,24.369,23.125,23.701,246177,0
20181219,23.785,24.632,23.692,23.899,175297,0
20181220,23.776,24.369,23.22,23.588,357110,0
20181221,23.493,24.332,23.493,23.607,150720,0
20181224,23.559,24.275,23.22,23.86,125351,0
20181226,23.813,24.199,23.399,24.199,103996,0
20181227,23.88,24.558,23.88,24.426,238924,0
20181228,24.576,25.339,24.576,24.755,306351,0
20181231,24.765,25.151,24.567,25.048,147731,0
20190102,24.558,24.558,23.229,24.285,243017,0
20190103,24.313,24.426,23.71,23.983,215167,0
20190104,24.473,25.406,24.208,24.821,237308,0
20190107,24.943,25.585,24.641,25.292,177392,0
20190108,25.519,26.894,25.038,26.686,290588,0
20190109,26.912,27.685,26.337,27.421,261595,0
20190110,27.421,28.119,27.045,28.052,213095,0
20190111,27.977,28.354,27.582,27.685,183150,0
20190114,27.062,27.062,26.206,26.366,273455,0
20190115,26.366,26.461,25.113,25.519,289792,0
20190116,25.623,25.952,25.546,25.566,239963,0
20190117,25.566,26.546,25.499,26.328,195263,0
20190118,26.423,27.072,26.376,26.847,148878,0
20190122,26.423,26.611,25.274,25.396,208163,0
20190123,24.615,25.707,24.539,24.615,112220,0
20190124,24.624,25.745,24.624,25.707,115988,0
20190125,25.895,26.818,25.811,26.667,134074,0
20190128,26.497,26.998,26.376,26.865,95944,0
20190129,26.931,26.998,26.659,26.753,96656,0
20190130,26.837,27.6,26.603,27.149,156275,0
20190131,27.129,27.411,26.677,27.242,175903,0
20190201,27.553,28.693,27.176,28.372,244365,0
20190204,28.08,28.08,26.497,26.921,205845,0
20190205,27.11,27.563,26.79,26.921,168091,0
20190206,26.969,27.364,26.61,26.837,104758,0
20190207,26.894,27.102,26.347,26.555,109289,0
20190208,26.536,26.629,26.027,26.215,118199,0
20190211,26.244,27.204,26.244,26.979,103108,0
20190212,26.95,27.384,26.818,26.847,93194,0
20190213,26.921,27.62,26.715,26.931,232513,0
20190214,26.847,27.318,26.734,27.006,97839,0
20190215,27.016,27.281,26.603,26.649,110236,0
20190219,26.771,26.856,26.055,26.083,161774,0
20190220,26.168,26.188,25.603,25.613,379937,0
20190221,25.735,25.838,25.358,25.745,422571,0
20190222,25.755,26.347,25.735,26.112,219594,0
20190225,26.159,26.47,26.027,26.065,201204,0
20190226,26.065,26.065,24.275,24.294,356443,0
20190227,24.501,24.897,24.115,24.172,191528,0
20190228,24.287,24.784,23.838,24.737,135624,0
20190301,24.87,25.204,24.659,24.851,219572,0
20190304,25.004,25.099,24.219,25.081,118424,0
20190305,25.089,25.454,24.841,25.338,267282,0
20190306,25.377,25.425,24.889,24.966,156173,0
20190307,24.909,25.109,24.622,24.851,169576,0
20190308,24.697,25.761,24.659,25.53,169857,0
20190311,25.521,26.075,25.521,25.836,226733,0
20190312,25.788,25.788,25.291,25.588,103343,0
20190313,25.769,25.989,25.33,25.358,143612,0
20190314,25.377,25.377,24.927,25.31,171501,0
20190315,25.31,25.617,24.966,25.578,125534,0
20190318,25.53,25.808,25.434,25.625,82391,0
20190319,25.808,26.248,25.617,25.683,77763,0
20190320,25.693,25.761,25.358,25.501,69732,0
20190321,25.358,25.846,25.358,25.778,138524,0
20190322,25.674,25.722,24.994,25.052,391812,0
20190325,25.081,25.081,24.095,24.352,215879,0
20190326,24.315,24.622,24.229,24.41,126784,0
20190327,24.516,25.009,24.392,24.975,189341,0
20190328,25.089,25.866,25.089,25.826,173185,0
20190329,25.913,26.401,25.913,26.363,206626,0
20190401,26.563,26.668,25.501,25.569,206498,0
20190402,25.588,25.588,25.042,25.425,129438,0
20190403,25.521,25.722,25.233,25.511,187390,0
20190404,25.569,26.171,25.478,25.856,146152,0
20190405,25.894,26.191,25.578,25.664,239665,0
20190408,25.569,25.683,25.186,25.664,158287,0
20190409,25.549,25.578,24.784,25.052,205981,0
20190410,25.052,25.204,24.564,25.109,115531,0
20190411,24.956,25.425,24.362,24.392,210782,0
20190412,24.487,24.535,24.028,24.229,255237,0
20190415,24.315,24.851,24.305,24.574,134604,0
20190416,24.43,24.487,23.741,23.837,138948,0
20190417,23.788,23.945,23.463,23.673,228387,0
20190418,23.598,23.885,23.473,23.788,71341,0
20190422,23.807,23.865,22.659,22.851,134998,0
20190423,22.678,23.301,22.678,22.937,602810,0
20190424,22.956,22.995,22.544,22.544,352587,0
20190425,22.544,22.905,22.296,22.602,244773,0
20190426,22.64,23.855,22.64,23.855,121675,0
20190429,23.855,24.085,23.635,23.942,591465,0
20190430,24.028,24.544,23.673,24.362,207691,0
20190501,24.43,24.679,24.119,24.172,183857,0
20190502,23.895,24.755,23.683,24.247,313408,0
20190503,24.401,24.793,23.922,24.247,218518,0
20190506,23.817,23.96,23.311,23.865,175844,0
20190507,24.42,24.506,23.233,23.32,305345,0
20190508,23.233,23.55,22.766,22.88,269791,0
20190509,22.726,23.253,22.516,23.196,133783,0
20190510,23.109,23.291,22.822,23.004,142774,0
20190513,22.622,22.87,22.343,22.487,172986,0
20190514,22.478,22.669,22.191,22.325,117031,0
20190515,22.124,22.258,21.788,21.999,112761,0
20190516,21.98,22.056,21.627,21.732,210710,0
20190517,21.588,21.61,21.195,21.483,162307,0
20190520,21.387,21.387,21.109,21.224,83442,0
20190521,21.224,21.396,20.947,21.109,187157,0
20190522,20.975,21.08,20.593,20.612,194779,0
20190523,20.478,20.478,19.846,20.018,214712,0
20190524,20.048,20.258,19.98,20.191,185470,0
20190528,20.277,20.372,19.836,19.836,182487,0
20190529,19.683,19.788,19.501,19.693,173493,0
20190530,19.722,19.937,19.722,19.8,215360,0
20190531,19.586,19.664,18.99,19.04,192783,0
20190603,19.078,20.025,19.078,19.889,225954,0
20190604,19.898,20.738,19.898,20.649,206996,0
20190605,20.611,20.767,19.722,19.956,145688,0
20190606,19.956,20.2,19.41,19.634,192041,0
20190607,19.664,20.132,19.664,19.79,119664,0
20190610,19.83,20.405,19.83,19.986,122647,0
20190611,20.045,20.591,20.045,20.239,125497,0
20190612,20.132,21.196,20.103,20.981,185176,0
20190613,21.167,21.43,20.884,21.03,165988,0
20190614,21.869,22.894,21.743,22.865,686481,0
20190617,22.865,23.284,22.523,23.225,256518,0
20190618,23.372,23.87,23.079,23.334,168450,0
20190619,23.304,23.382,22.979,23.177,146834,0
20190620,23.099,23.558,23.011,23.47,102668,0
20190621,23.314,23.314,22.904,23.255,131967,0
20190624,23.148,23.684,23.041,23.187,114547,0
20190625,23.128,23.372,23.051,23.177,96324,0
20190626,23.059,23.782,23.059,23.694,221697,0
20190627,23.694,24.065,23.499,23.987,202455,0
20190628,24.231,24.319,23.821,24.192,286758,0
20190701,24.192,24.484,23.88,24.357,75075,0
20190702,24.221,24.465,24.041,24.348,145208,0
20190703,24.329,24.357,23.967,24.221,122170,0
20190705,24.24,24.504,24.133,24.446,122374,0
20190708,24.406,24.428,23.724,23.743,155565,0
20190709,23.558,23.694,22.845,23.391,291216,0
20190710,23.391,23.48,23.079,23.187,300697,0
20190711,23.304,23.489,23.059,23.197,125374,0
20190712,23.148,23.362,22.894,22.972,87074,0
20190715,22.942,23.031,22.63,22.972,94238,0
20190716,22.962,23.499,22.928,23.284,133727,0
20190717,23.245,23.45,22.611,22.728,92814,0
20190718,22.728,23.079,22.523,22.972,124374,0
20190719,22.904,23.352,22.904,23.059,80091,0
20190722,23.079,23.079,22.572,22.738,111752,0
20190723,22.669,23.567,22.669,23.011,114651,0
20190724,23.021,23.665,23.021,23.665,93912,0
20190725,23.577,23.714,23.275,23.577,93530,0
20190726,23.538,23.724,23.158,23.508,131082,0
20190729,23.489,23.518,22.826,23.177,113750,0
20190730,23.089,23.089,22.826,23.089,163638,0
20190731,23.138,23.294,22.426,22.601,226459,0
20190801,22.367,23.607,22.026,22.045,218361,0
20190802,21.918,21.957,21.088,21.664,238084,0
20190805,21.45,21.684,20.474,20.493,192083,0
20190806,20.932,21.098,20.269,20.611,300930,0
20190807,20.503,20.688,20.132,20.552,192458,0
20190808,20.629,21.47,20.552,21.352,143756,0
20190809,21.196,21.488,20.991,21.157,214649,0
20190812,21.04,21.43,20.805,21.001,419691,0
20190813,20.845,21.801,20.786,21.664,408875,0
20190814,21.264,21.596,21.177,21.498,261228,0
20190815,21.596,22.006,21.411,21.537,349795,0
20190816,21.957,22.113,21.626,22.103,85989,0
20190819,22.347,22.357,21.85,22.143,92482,0
20190820,22.064,22.299,21.869,21.947,78391,0
20190821,22.152,22.982,22.133,22.835,97444,0
20190822,22.816,22.899,22.347,22.386,142478,0
20190823,22.376,22.543,22.113,22.299,196315,0
20190826,22.416,22.426,21.947,22.006,109008,0
20190827,22.036,22.435,21.977,22.299,70316,0
20190828,22.23,22.699,22.093,22.572,107582,0
20190829,22.8,24.243,22.622,24.21,198650,0
20190830,24.339,24.91,24.21,24.31,198495,0
20190903,24.061,24.071,23.158,23.555,231572,0
20190904,23.724,23.883,23.173,23.188,206727,0
20190905,23.456,23.654,23.197,23.356,74577,0
20190906,23.247,23.674,23.217,23.376,88501,0
20190909,23.446,24.161,23.267,23.982,103779,0
20190910,23.942,24.647,23.893,24.548,100672,0
20190911,24.637,24.811,24.061,24.667,246467,0
20190912,24.568,25.025,24.32,24.915,191446,0
20190913,24.727,25.015,24.081,24.091,167057,0
20190916,23.873,24.27,23.674,23.704,127442,0
20190917,23.545,23.823,22.825,23.793,193273,0
20190918,23.694,23.982,23.565,23.793,113595,0
20190919,23.446,23.873,23.416,23.714,74081,0
20190920,23.595,23.793,23.297,23.664,93782,0
20190923,23.535,23.654,23.207,23.595,79318,0
20190924,23.605,23.649,23.307,23.476,119967,0
20190925,23.565,24.181,23.356,24.071,224748,0
20190926,23.922,24.161,23.773,24.081,146086,0
20190927,24.25,24.459,23.813,23.912,155664,0
20190930,24.042,24.042,23.664,23.783,81356,0
20191001,23.853,23.962,23.009,23.168,124790,0
20191002,23.009,23.009,22.483,22.77,108736,0
20191003,22.602,22.741,22.433,22.483,149515,0
20191004,22.691,22.994,22.254,22.929,140923,0
20191007,22.919,22.919,22.517,22.542,118817,0
20191008,22.363,22.373,22.046,22.195,108857,0
20191009,22.304,22.443,21.768,22.016,158262,0
20191010,21.926,22.304,21.648,22.155,105331,0
20191011,22.254,22.89,22.254,22.81,137376,0
20191014,22.77,22.89,22.532,22.622,44174,0
20191015,22.582,23.446,22.532,23.356,167845,0
20191016,23.197,24.697,23.197,24.687,304337,0
20191017,24.697,25.372,24.608,25.233,190137,0
20191018,25.253,26.206,25.145,26.196,582522,0
20191021,26.415,26.902,26.167,26.594,333196,0
20191022,26.564,27.765,26.355,27.199,427004,0
20191023,27.497,27.924,27.299,27.706,387521,0
20191024,27.626,28.302,27.527,28.302,384872,0
20191025,28.302,28.709,28.193,28.54,307344,0
20191028,28.6,28.868,28.232,28.401,231006,0
20191029,28.282,28.52,27.954,28.222,175542,0
20191030,28.302,28.391,27.885,28.073,288619,0
20191031,27.08,28.778,25.104,28.669,509284,0
20191101,28.749,29.076,28.128,28.441,343861,0
20191104,28.749,29.434,28.48,28.768,333967,0
20191105,28.282,28.828,28.024,28.113,204078,0
20191106,28.004,28.5,28.004,28.351,311274,0
20191107,28.56,28.739,28.134,28.411,246323,0
20191108,28.312,28.411,27.855,27.924,132427,0
20191111,27.805,28.083,27.557,28.053,141066,0
20191112,28.024,28.053,27.686,27.775,153630,0
20191113,27.676,27.835,27.458,27.478,151915,0
20191114,27.507,27.686,27.219,27.497,126853,0
20191115,27.507,27.944,27.458,27.855,147215,0
20191118,27.835,28.629,27.577,28.629,159367,0
20191119,28.58,29.255,28.58,28.778,191090,0
20191120,28.768,28.868,28.411,28.441,151956,0
20191121,28.441,28.61,28.034,28.044,71025,0
20191122,28.123,28.322,27.885,28.083,115243,0
20191125,28.113,28.838,28.053,28.778,142661,0
20191126,28.749,28.828,28.272,28.55,108182,0
20191127,28.57,29.085,28.48,28.69,72527,0
20191129,28.36,28.675,28.03,28.24,107888,0
20191202,27.48,27.74,27.31,27.55,168805,0
20191203,27.19,27.24,26.6,26.7,242882,0
20191204,26.67,26.91,26.56,26.82,213394,0
20191205,26.96,26.961,26.61,26.8,97409,0
20191206,26.97,27.105,26.46,26.46,174555,0
20191209,26.34,26.41,26.05,26.08,127078,0
20191210,26.06,26.06,25.43,25.58,148533,0
20191211,25.46,26.14,25.42,25.84,172614,0
20191212,25.77,26.23,25.58,26.16,107966,0
20191213,26.13,26.2473,25.5,25.58,114527,0
20191216,25.7,26.49,25.56,26.25,337119,0
20191217,26.2,26.77,26.2,26.51,304056,0
20191218,26.46,26.57,26.14,26.48,158574,0
20191219,26.43,26.59,26.16,26.51,197785,0
20191220,26.54,26.87,26.39,26.77,172469,0
20191223,26.63,27.1,26.63,26.94,171575,0
20191224,27.04,27.04,26.53,26.64,58872,0
20191226,26.61,26.95,26.44,26.92,114181,0
20191227,27,27.09,26.84,27.07,138619,0
20191230,27.1,27.15,26.5,26.87,171562,0
20191231,26.77,27.02,26.67,26.73,229685,0
20200102,26.77,26.79,26.4,26.7,160213,0
20200103,26.47,26.5,25.67,25.86,290241,0
20200106,25.73,26.75,25.68,26.7,189287,0
20200107,26.79,26.88,26.5,26.77,197449,0
20200108,26.7,27.64,26.59,27.47,176752,0
20200109,27.74,28.61,27.66,28.6,307335,0
20200110,28.53,28.69,28.34,28.51,119363,0
20200113,28.51,28.75,28.47,28.64,120057,0
20200114,28.46,28.59,28.09,28.15,121742,0
20200115,28.03,28.51,28.01,28.43,97657,0
20200116,28.5,28.81,28.32,28.38,89164,0
20200117,28.75,30.85,28.75,30.5,501623,0
20200121,30.29,30.34,29.64,29.69,354948,0
20200122,29.61,29.98,29.49,29.85,127808,0
20200123,29.77,29.84,29.22,29.64,137897,0
