Date,Open,High,Low,Close,Volume,OpenInt
20130321,21.392,21.524,21.304,21.48,93460,0
20130322,21.524,21.725,21.436,21.725,88912,0
20130325,21.735,21.735,21.576,21.611,72517,0
20130326,21.709,21.743,21.586,21.594,21470,0
20130327,21.643,21.73,21.597,21.686,40829,0
20130328,21.705,21.766,21.545,21.766,34446,0
20130401,21.757,21.792,21.643,21.705,35675,0
20130402,21.712,21.748,21.643,21.721,21293,0
20130403,21.757,21.757,21.633,21.633,39557,0
20130404,21.633,21.757,21.633,21.677,30338,0
20130405,21.73,21.766,21.643,21.712,12151,0
20130408,21.766,22.022,21.738,21.986,77488,0
20130409,21.977,22.092,21.863,22.057,50021,0
20130410,22.03,22.119,22.03,22.066,29550,0
20130411,22.075,22.075,22.039,22.047,9197,0
20130412,21.863,21.969,21.863,21.942,44224,0
20130415,21.977,21.977,21.712,21.898,21984,0
20130416,22.004,22.075,21.889,22.039,49002,0
20130417,22.092,22.092,21.898,21.951,37889,0
20130418,21.96,22.047,21.96,22.004,16327,0
20130419,22.066,22.101,22.03,22.039,14211,0
20130422,22.075,22.083,22.047,22.075,21571,0
20130423,22.083,22.083,21.986,22.03,13561,0
20130424,22.03,22.075,21.924,21.986,14589,0
20130425,21.986,22.057,21.933,22.004,11477,0
20130426,22.004,22.075,22.004,22.075,12902,0
20130429,22.066,22.083,22.03,22.083,48963,0
20130430,22.189,22.277,22.03,22.224,16133,0
20130501,22.224,22.428,22.101,22.269,24543,0
20130502,22.207,22.251,22.083,22.171,29373,0
20130503,22.242,22.251,22.137,22.251,11947,0
20130506,22.269,22.438,22.181,22.251,18596,0
20130507,22.338,22.338,22.261,22.338,13578,0
20130508,22.338,22.385,22.269,22.269,20975,0
20130509,22.428,22.428,22.269,22.376,14924,0
20130510,22.385,22.438,22.277,22.428,21472,0
20130513,22.269,22.295,22.128,22.154,122888,0
20130514,22.119,22.154,21.854,22.066,74870,0
20130515,21.994,22.057,21.951,22.047,18782,0
20130516,22.03,22.047,21.96,22.039,16987,0
20130517,22.057,22.137,22.047,22.137,25944,0
20130520,22.145,22.145,21.986,21.986,20187,0
20130521,21.986,22.03,21.863,21.986,29822,0
20130522,22.047,22.047,21.889,21.986,26135,0
20130523,21.942,22.03,21.827,22.03,27277,0
20130524,22.022,22.181,22.004,22.181,16688,0
20130528,22.189,22.233,22.047,22.137,34174,0
20130529,22.145,22.145,20.794,21.88,84348,0
20130530,21.738,21.977,21.738,21.835,13239,0
20130531,21.933,21.942,21.571,21.863,13155,0
20130603,21.88,21.889,21.633,21.633,18062,0
20130604,21.738,21.986,21.738,21.96,2690,0
20130605,21.845,21.845,21.35,21.801,5295,0
20130606,21.81,21.986,21.748,21.986,28572,0
20130607,22.022,22.101,21.81,22.075,28840,0
20130610,21.986,22.207,21.933,22.075,71178,0
20130611,21.827,22.145,21.421,21.465,56952,0
20130612,21.651,21.651,20.935,21.05,11807,0
20130613,20.935,21.102,20.379,21.086,19367,0
20130614,21.025,21.651,21.025,21.589,12093,0
20130617,21.827,21.871,21.236,21.307,12893,0
20130618,21.297,21.81,21.254,21.323,7730,0
20130619,21.244,21.456,21.244,21.244,7044,0
20130620,21.059,21.439,20.768,21.323,9616,0
20130621,21.412,21.412,20.75,20.75,22937,0
20130624,20.573,21.094,20.273,20.485,13166,0
20130625,20.407,20.882,20.326,20.6,8664,0
20130626,20.591,21.025,20.573,20.979,13522,0
20130627,20.876,21.343,20.804,21.343,5675,0
20130628,21.762,22.128,21.376,22.128,7319,0
20130701,21.388,21.793,21.334,21.729,18132,0
20130702,21.612,21.65,21.468,21.468,1280,0
20130703,21.694,21.694,21.279,21.496,6455,0
20130705,21.371,21.371,20.705,21.099,8298,0
20130708,20.768,21.099,20.337,20.677,16171,0
20130709,20.534,20.687,20.381,20.534,6473,0
20130710,20.372,20.624,20.372,20.624,10738,0
20130711,20.75,20.992,20.454,20.759,12352,0
20130712,20.759,20.929,20.462,20.731,11940,0
20130715,20.57,20.669,20.489,20.633,9520,0
20130716,20.759,20.84,20.624,20.75,12592,0
20130717,20.929,20.966,20.579,20.911,9064,0
20130718,20.894,21.217,20.669,21.208,20809,0
20130719,21.244,21.298,20.92,20.975,16431,0
20130722,21.343,21.54,21.138,21.405,3632,0
20130723,21.388,21.388,21.118,21.128,11711,0
20130724,21.029,21.118,20.894,21.118,19040,0
20130725,21.029,21.118,20.768,21.118,9247,0
20130726,21.343,21.343,20.831,20.848,14094,0
20130729,20.929,21.029,20.794,21.021,5762,0
20130730,21.029,21.162,20.982,21.162,11002,0
20130731,20.723,21.109,20.695,21.109,15218,0
20130801,20.794,21.154,20.794,20.858,12772,0
20130802,20.992,21.021,20.786,20.884,9024,0
20130805,20.992,21.001,20.687,20.695,3895,0
20130806,20.669,20.848,20.498,20.848,7325,0
20130807,20.75,20.75,20.561,20.624,4139,0
20130808,20.552,20.759,20.444,20.642,24183,0
20130809,20.661,21.001,20.471,20.759,6305,0
20130812,20.534,20.804,20.534,20.579,7588,0
20130813,20.48,20.687,20.004,20.22,23909,0
20130814,20.327,20.337,19.457,19.859,11284,0
20130815,19.411,19.68,19.232,19.635,15361,0
20130816,19.267,19.51,19.106,19.374,8489,0
20130819,19.169,19.276,18.566,18.872,15466,0
20130820,18.522,19.053,18.522,18.872,13975,0
20130821,18.872,19.087,18.791,19.034,11284,0
20130822,19.097,19.213,18.818,19.097,7891,0
20130823,18.755,19.365,18.332,19.097,19424,0
20130826,19.303,19.402,19.241,19.241,3673,0
20130827,19.186,19.457,19.186,19.213,12790,0
20130828,19.248,19.537,19.053,19.248,12708,0
20130829,19.457,19.581,19.365,19.573,4907,0
20130830,19.928,20.202,19.735,20.202,7144,0
20130903,19.815,19.905,19.33,19.905,10183,0
20130904,19.546,19.635,19.365,19.564,4340,0
20130905,19.365,19.527,19.087,19.195,6676,0
20130906,19.286,19.546,19.169,19.241,3944,0
20130909,19.609,19.609,19.177,19.248,3522,0
20130910,19.141,19.34,19.141,19.276,7900,0
20130911,19.141,19.312,19.141,19.169,5382,0
20130912,19.169,19.232,18.809,19.097,9809,0
20130913,18.773,19.078,18.773,19.053,15518,0
20130916,19.053,19.303,18.97,19.303,9999,0
20130917,19.087,19.294,19.078,19.141,6225,0
20130918,19.141,19.474,19.014,19.474,11147,0
20130919,19.672,19.672,19.177,19.33,17161,0
20130920,19.348,19.537,19.115,19.527,13120,0
20130923,19.573,19.573,19.248,19.411,6803,0
20130924,19.411,19.501,19.348,19.491,3116,0
20130925,19.276,19.546,19.267,19.393,13036,0
20130926,19.268,19.571,19.268,19.378,14711,0
20130927,19.323,19.525,19.241,19.507,3667,0
20130930,19.343,19.562,19.333,19.562,6014,0
20131001,19.304,19.608,19.011,19.352,7979,0
20131002,19.497,19.562,19.424,19.552,7628,0
20131003,19.333,19.543,19.15,19.333,14006,0
20131004,19.406,19.497,19.241,19.452,5650,0
20131007,19.48,19.488,19.25,19.25,4095,0
20131008,19.461,19.471,19.268,19.461,4908,0
20131009,19.378,19.378,19.223,19.241,2128,0
20131010,19.259,19.525,19.25,19.288,9849,0
20131011,19.25,19.471,19.205,19.205,4090,0
20131014,19.416,19.416,19.25,19.25,11831,0
20131015,19.241,19.313,19.085,19.25,22831,0
20131016,19.268,19.268,18.893,19.159,17571,0
20131017,19.378,19.378,19.177,19.195,10218,0
20131018,19.159,19.378,19.04,19.04,19403,0
20131021,19.15,19.241,19.058,19.168,8227,0
20131022,19.241,19.361,19.168,19.177,28041,0
20131023,19.159,19.297,19.159,19.241,17648,0
20131024,19.268,19.288,19.159,19.205,16296,0
20131025,19.168,19.378,19.085,19.241,4632,0
20131028,19.241,19.288,19.195,19.213,9032,0
20131029,19.241,19.241,19.075,19.195,6399,0
20131030,19.114,19.15,19.075,19.15,5593,0
20131031,19.105,19.406,19.105,19.361,23902,0
20131101,19.361,19.433,19.25,19.433,3275,0
20131104,19.416,19.416,19.278,19.288,5732,0
20131105,19.25,19.398,19.25,19.398,6786,0
20131106,19.388,19.388,19.186,19.343,14614,0
20131107,19.288,19.333,19.223,19.297,11502,0
20131108,19.205,19.241,19.13,19.177,8459,0
20131111,19.232,19.232,19.13,19.15,6875,0
20131112,19.168,19.168,18.893,18.893,11902,0
20131113,18.83,19.075,18.83,19.03,5719,0
20131114,18.966,19.058,18.966,19.058,1916,0
20131115,18.921,19.114,18.901,19.03,17169,0
20131118,18.966,19.011,18.792,18.939,240440,0
20131119,18.966,19.095,18.875,19.011,31194,0
20131120,18.985,19.003,18.846,18.921,22511,0
20131121,18.846,19.021,18.618,18.921,11897,0
20131122,19.011,19.085,18.921,18.949,13881,0
20131125,19.067,19.095,18.728,18.966,12278,0
20131126,18.931,19.085,18.738,19.058,53676,0
20131127,19.021,19.05,18.966,19.011,6629,0
20131129,19.085,19.085,19.058,19.058,6677,0
20131202,19.058,19.058,19.003,19.058,12060,0
20131203,18.966,19.095,18.921,19.05,15017,0
20131204,18.976,19.04,18.893,18.911,13285,0
20131205,18.838,18.966,18.765,18.949,46484,0
20131206,18.792,19.011,18.792,19.011,6672,0
20131209,18.939,19.058,18.939,19.058,116683,0
20131210,19.058,19.058,18.921,18.939,8836,0
20131211,18.875,19.011,18.838,18.931,10557,0
20131212,18.931,19.05,18.783,18.801,16786,0
20131213,18.939,18.949,18.885,18.921,14496,0
20131216,18.921,19.05,18.921,18.966,25546,0
20131217,18.921,18.966,18.856,18.866,14060,0
20131218,18.875,19.021,18.838,18.838,20114,0
20131219,18.838,18.893,18.618,18.875,14171,0
20131220,18.683,18.966,18.683,18.911,15498,0
20131223,18.966,18.966,18.7,18.875,16181,0
20131224,18.746,18.931,18.746,18.875,2891,0
20131226,18.921,19.021,18.746,18.966,29563,0
20131227,18.889,18.896,18.589,18.804,21042,0
20131230,18.747,18.916,18.739,18.879,21142,0
20131231,18.879,19.074,18.701,19.038,26521,0
20140102,19.038,19.065,19.038,19.048,4236,0
20140103,18.86,19.15,18.86,19.15,6366,0
20140106,19.159,19.337,19.065,19.308,11691,0
20140107,19.225,19.402,19.159,19.3,35328,0
20140108,19.243,19.356,19.13,19.252,12242,0
20140109,19.169,19.271,19.13,19.262,8507,0
20140110,19.281,19.383,19.196,19.383,18742,0
20140113,19.215,19.393,19.215,19.383,7636,0
20140114,19.169,19.505,19.169,19.495,19676,0
20140115,19.393,19.57,19.094,19.533,41983,0
20140116,19.468,19.757,19.458,19.635,23560,0
20140117,19.635,19.645,19.579,19.645,11409,0
20140121,19.635,19.655,19.57,19.655,3932,0
20140122,19.542,19.711,19.542,19.711,7793,0
20140123,19.711,19.72,19.551,19.701,6547,0
20140124,19.711,19.711,19.579,19.691,13571,0
20140127,19.617,19.711,19.617,19.673,2343,0
20140128,19.673,19.711,19.626,19.655,10762,0
20140129,19.626,19.711,19.626,19.711,6576,0
20140130,19.635,19.711,19.635,19.635,3567,0
20140131,19.72,19.803,19.664,19.803,15623,0
20140203,19.833,19.935,19.803,19.833,10682,0
20140204,20.188,20.188,19.954,20.149,4369,0
20140205,20.14,20.149,19.859,20.084,7011,0
20140206,19.963,20.196,19.963,20.149,8674,0
20140207,20,20.094,20,20.094,2261,0
20140210,20.168,20.168,20.066,20.066,1845,0
20140211,20.094,20.196,20.094,20.14,11077,0
20140212,20.159,20.159,19.823,19.944,19458,0
20140213,19.935,20,19.935,19.954,2568,0
20140214,19.916,20.112,19.916,20.094,29248,0
20140218,20.056,20.178,19.935,20.084,6730,0
20140219,20.084,20.373,20.084,20.373,20026,0
20140220,20.364,20.364,20.234,20.356,6313,0
20140221,20.542,21,20.373,20.925,11912,0
20140224,20.842,20.842,20.514,20.514,7128,0
20140225,20.645,20.981,20.645,20.757,14730,0
20140226,21.01,21.02,20.794,20.794,2763,0
20140227,20.785,20.794,20.664,20.664,4428,0
20140228,20.664,20.664,20.655,20.664,2664,0
20140303,21.01,21.01,21.01,21.01,214,0
20140304,20.981,20.981,20.692,20.757,4172,0
20140305,20.748,21.01,20.692,20.701,5149,0
20140306,20.728,20.981,20.728,20.757,4026,0
20140307,20.972,20.972,20.664,20.86,10046,0
20140310,20.842,20.888,20.842,20.888,857,0
20140311,20.748,21.02,20.748,21.02,3620,0
20140312,20.86,21.029,20.776,21.02,46972,0
20140313,21,21.029,20.767,20.934,3914,0
20140314,20.934,20.934,20.636,20.655,3032,0
20140317,20.692,20.701,20.58,20.58,12656,0
20140318,20.599,20.748,20.599,20.748,6313,0
20140319,20.804,21.01,20.711,20.954,19624,0
20140320,20.934,20.964,20.767,20.767,13595,0
20140321,20.711,20.954,20.711,20.944,19904,0
20140324,21.029,21.029,20.757,20.934,12242,0
20140325,20.981,20.981,20.925,20.925,4044,0
20140326,20.981,21.178,20.934,21.178,50396,0
20140327,21.298,21.298,20.993,21.04,14449,0
20140328,21.05,21.308,21.003,21.127,4885,0
20140331,20.889,21.498,20.889,21.241,12026,0
20140401,21.241,21.678,21.241,21.422,40481,0
20140402,21.507,21.831,21.412,21.574,44999,0
20140403,21.517,21.698,21.507,21.564,29844,0
20140404,21.878,21.878,21.602,21.612,3328,0
20140407,21.602,21.716,21.555,21.584,25150,0
20140408,21.45,21.631,21.251,21.584,11561,0
20140409,21.45,21.736,21.45,21.65,9231,0
20140410,21.688,21.736,21.65,21.726,23701,0
20140411,21.878,21.878,21.708,21.793,4313,0
20140414,21.745,21.793,21.46,21.793,12100,0
20140415,21.755,22.23,21.698,21.726,8276,0
20140416,21.897,21.955,21.822,21.888,2664,0
20140417,21.745,21.888,21.726,21.888,4036,0
20140421,21.888,21.888,21.669,21.888,4151,0
20140422,21.888,22.554,21.888,22.079,18307,0
20140423,22.173,22.269,22.126,22.173,5423,0
20140424,22.079,22.411,22.079,22.173,18899,0
20140425,22.22,22.317,21.745,22.22,6342,0
20140428,22.22,22.821,22.22,22.639,17002,0
20140429,22.602,22.982,22.602,22.802,91266,0
20140430,22.716,23.087,22.716,22.982,6965,0
20140501,23.077,23.077,22.602,22.649,3211,0
20140502,22.868,23.077,22.725,22.982,31835,0
20140505,22.545,22.887,22.545,22.697,5464,0
20140506,22.982,22.982,22.687,22.687,1441,0
20140507,22.611,22.839,22.611,22.754,26571,0
20140508,22.697,22.821,22.602,22.602,10579,0
20140509,22.592,22.839,22.582,22.668,18283,0
20140512,22.839,23.068,22.839,22.839,1891,0
20140513,22.564,22.839,22.468,22.821,4561,0
20140514,22.697,22.811,22.611,22.611,8922,0
20140515,22.611,22.811,22.421,22.421,5636,0
20140516,22.602,22.792,22.602,22.792,12066,0
20140519,22.735,22.745,22.735,22.745,2386,0
20140520,22.745,22.745,22.468,22.649,3647,0
20140521,22.611,22.745,22.611,22.649,3993,0
20140522,22.821,22.887,22.611,22.792,6574,0
20140523,22.859,22.859,22.697,22.697,665,0
20140527,22.697,22.953,22.621,22.621,2900,0
20140528,22.963,22.963,22.763,22.763,1900,0
20140529,22.963,23.41,22.963,23.41,25553,0
20140530,23.611,23.611,23.182,23.22,4728,0
20140602,23.173,23.173,22.839,22.945,1848,0
20140603,22.839,23.286,22.773,23.154,5233,0
20140604,22.887,22.906,22.659,22.839,6430,0
20140606,23.097,23.343,22.868,23.268,2428,0
20140609,23.002,23.125,22.706,22.821,6933,0
20140610,22.83,22.83,22.621,22.621,7355,0
20140611,22.649,22.849,22.649,22.849,6745,0
20140612,22.839,22.839,22.706,22.706,3369,0
20140613,22.745,23.116,22.706,22.735,13494,0
20140616,22.678,22.859,22.678,22.859,8858,0
20140617,22.678,22.821,22.678,22.754,12221,0
20140618,22.925,23.125,22.792,22.887,16168,0
20140619,22.811,22.982,22.811,22.887,4070,0
20140620,23.125,23.173,22.906,23.173,1256,0
20140623,23.163,23.173,22.982,22.982,3007,0
20140624,23.04,23.173,22.916,22.935,6157,0
20140625,23.173,23.173,22.802,22.878,8323,0
20140626,22.748,22.981,22.7,22.729,11577,0
20140627,22.864,22.922,22.748,22.806,3922,0
20140630,22.825,23.184,22.777,22.806,113381,0
20140701,22.739,23.155,22.739,22.971,6829,0
20140702,23.106,23.126,22.767,23.019,2996,0
20140703,22.651,23.087,22.651,22.671,4029,0
20140707,22.758,23.145,22.7,23.087,4436,0
20140708,23.155,23.464,23.077,23.077,178459,0
20140709,23.087,23.426,22.758,23.426,33522,0
20140710,23.387,23.455,23.387,23.436,3952,0
20140711,23.474,23.696,23.474,23.522,6313,0
20140714,23.474,23.754,23.474,23.532,14672,0
20140715,23.638,23.764,23.62,23.764,19058,0
20140716,23.764,23.958,23.746,23.812,13774,0
20140717,23.92,24.152,23.822,24.104,22974,0
20140718,24.104,24.104,23.445,23.445,10950,0
20140721,23.522,23.988,23.522,23.716,5237,0
20140722,23.91,23.958,23.822,23.958,32500,0
20140723,23.958,24.142,23.746,24.104,9979,0
20140724,24.064,24.084,23.997,24.084,1669,0
20140725,24.122,24.442,24.094,24.21,20111,0
20140728,24.2,24.336,24.152,24.152,4313,0
20140729,24.2,24.248,24.055,24.239,16449,0
20140730,24.113,24.2,24.104,24.152,16644,0
20140731,23.988,24.113,23.474,23.812,41607,0
20140801,23.716,23.812,23.474,23.706,5547,0
20140804,23.716,24.104,23.668,23.754,13136,0
20140805,23.513,23.522,23.474,23.474,2244,0
20140806,23.92,23.948,23.474,23.629,5671,0
20140807,23.638,23.812,23.484,23.484,8943,0
20140808,23.474,23.571,23.232,23.261,16601,0
20140811,23.378,23.513,23.378,23.455,2510,0
20140812,23.455,23.484,23.338,23.338,6405,0
20140813,23.464,23.784,23.436,23.474,10434,0
20140814,23.542,23.62,23.436,23.455,7511,0
20140815,23.464,23.562,23.426,23.562,889,0
20140818,23.59,23.638,23.522,23.638,8239,0
20140819,23.668,23.716,23.668,23.668,2634,0
20140820,23.716,23.92,23.716,23.88,12949,0
20140821,23.948,24.152,23.89,24.152,6778,0
20140822,24.181,24.2,24.064,24.064,11080,0
20140825,24.2,24.355,24.094,24.162,13772,0
20140826,24.2,24.2,23.872,24.016,10947,0
20140827,24.132,24.181,24.006,24.142,6147,0
20140828,24.006,24.171,23.968,24.152,6612,0
20140829,24.152,24.316,24.152,24.2,11544,0
20140902,24.19,24.22,23.91,24.055,17081,0
20140903,24.055,24.248,23.726,24.248,961,0
20140904,24.152,24.336,24.055,24.258,10337,0
20140905,23.978,24.258,23.948,24.239,3220,0
20140908,23.774,23.774,23.658,23.658,615,0
20140909,23.688,24.132,23.61,23.716,15024,0
20140910,23.638,23.716,23.464,23.62,5642,0
20140911,23.571,23.812,23.571,23.812,1136,0
20140912,23.812,23.91,23.746,23.842,9189,0
20140915,24.229,24.287,23.958,24.104,9602,0
20140916,24.2,24.21,24.006,24.142,9022,0
20140917,24.181,24.336,23.872,24.21,8703,0
20140918,24.181,24.248,24.171,24.248,24143,0
20140919,24.248,24.384,24.248,24.384,6718,0
20140922,24.432,24.51,23.978,24.297,10277,0
20140923,24.181,24.287,24.181,24.2,6301,0
20140924,24.326,24.365,24.2,24.21,1756,0
20140925,24.229,24.278,24.094,24.094,9504,0
20140926,24.208,24.228,24.06,24.11,1522,0
20140929,23.775,24.7,23.775,23.913,4167,0
20140930,23.864,23.864,23.372,23.372,42362,0
20141001,23.47,23.765,23.441,23.716,5901,0
20141002,23.716,23.765,23.568,23.716,8854,0
20141003,23.726,23.805,23.627,23.765,9811,0
20141006,23.765,23.834,23.657,23.834,47123,0
20141007,23.785,24.228,23.726,24.011,19142,0
20141008,24.001,24.011,23.814,23.893,10243,0
20141009,24.159,24.159,23.755,24.06,1868,0
20141010,24.031,24.06,23.746,23.746,915,0
20141013,24.198,24.198,23.519,23.864,4220,0
20141014,24.031,24.287,23.864,24.218,4881,0
20141015,24.129,24.316,23.883,24.316,5313,0
20141016,24.208,24.306,23.519,23.627,24306,0
20141020,23.814,24.1,23.204,23.618,45583,0
20141021,23.637,24.06,23.608,23.864,13447,0
20141022,24.287,24.336,23.716,23.893,6702,0
20141023,23.716,23.903,23.687,23.903,2744,0
20141024,23.864,24.011,23.834,23.893,69415,0
20141027,24.11,24.11,23.775,24.011,4616,0
20141028,24.09,24.533,23.844,24.257,12311,0
20141029,24.247,24.247,23.785,24.149,4396,0
20141030,24.356,24.356,23.864,24.021,5542,0
20141031,24.356,24.454,24.041,24.297,20042,0
20141103,24.031,24.306,24.031,24.11,3207,0
20141104,24.06,24.306,24.06,24.208,6995,0
20141105,24.267,24.306,24.09,24.257,12631,0
20141106,24.287,24.306,24.287,24.297,1526,0
20141107,24.306,24.306,24.208,24.208,8495,0
20141110,24.277,24.602,24.247,24.306,11655,0
20141111,24.454,24.454,24.434,24.434,508,0
20141112,24.484,24.503,24.356,24.503,3625,0
20141113,24.208,24.986,24.208,24.602,6684,0
20141114,24.208,24.602,24.208,24.602,1656,0
20141117,24.887,24.897,24.553,24.759,6273,0
20141118,24.7,24.7,24.602,24.602,35114,0
20141119,24.572,24.71,24.346,24.592,54551,0
20141120,24.602,24.877,24.602,24.602,970,0
20141124,24.651,24.897,24.651,24.897,2884,0
20141125,24.749,24.897,24.749,24.897,3303,0
20141126,24.897,24.897,24.7,24.7,6125,0
20141201,24.7,24.7,24.602,24.651,7019,0
20141202,24.602,24.907,24.602,24.68,28306,0
20141203,24.68,24.867,24.553,24.592,21985,0
20141204,24.375,24.73,24.356,24.356,33026,0
20141205,24.356,24.7,24.356,24.385,23499,0
20141208,24.503,24.602,24.405,24.425,2540,0
20141209,24.425,24.562,24.385,24.523,63085,0
20141210,24.553,24.553,24.257,24.306,2454,0
20141211,24.405,24.631,24.316,24.415,8231,0
20141212,24.405,24.474,24.208,24.208,28555,0
20141215,24.375,24.543,24.169,24.375,1867,0
20141216,24.356,24.454,23.726,24.129,37066,0
20141217,24.375,24.631,24.12,24.297,78144,0
20141218,24.415,24.848,24.415,24.749,3700,0
20141219,24.7,24.858,24.7,24.858,16757,0
20141222,24.7,24.7,24.7,24.7,406,0
20141223,24.976,24.976,24.897,24.897,2179,0
20141224,24.976,24.976,24.976,24.976,647,0
20141226,25.045,25.32,24.986,25.094,3283,0
20141229,25.45,25.59,25.29,25.3,8912,0
20141230,25.3,25.41,25.3,25.41,1019,0
20141231,25.51,25.66,25.42,25.66,2273,0
20150102,25.52,25.52,25.31,25.31,1700,0
20150105,25.2,25.52,25.2,25.49,7600,0
20150106,25.5,25.55,25.5,25.5,2632,0
20150107,25.6,26.1,25.5,25.7,29400,0
20150108,25.61,25.95,25.61,25.92,2127,0
20150109,25.9,26.06,25.39,25.72,7824,0
20150112,25.57,25.99,25.4,25.76,4831,0
20150113,25.58,26.05,25.4,25.4,20700,0
20150114,25.43,25.9,25.4,25.46,4238,0
20150115,25.87,25.87,25.24,25.36,10811,0
20150116,25.43,25.76,25.24,25.58,4197,0
20150120,25.65,25.88,25.56,25.84,6429,0
20150121,25.66,25.95,25.66,25.95,5922,0
20150122,25.95,26,25.67,25.94,3100,0
20150123,25.94,26,25.82,25.85,2300,0
20150126,26.11,26.11,26.1,26.1,300,0
20150127,26.1,26.52,25.99,26.5,20069,0
20150128,26.44,27.02,26.44,26.55,42123,0
20150129,26.6,26.61,26.36,26.4,7568,0
20150130,26.1,26.25,26.1,26.2,4263,0
20150203,26.11,26.3,26.04,26.27,4640,0
20150204,26.15,26.6,25.9,26.38,17735,0
20150205,26.35,26.63,26.35,26.5,2435,0
20150206,26.5,26.5,26.24,26.35,268946,0
20150209,26.24,26.35,26.24,26.35,300150,0
20150210,26.13,26.25,26.13,26.16,1984,0
20150211,26.1,26.1,25.85,25.95,1250,0
20150212,25.65,25.73,25.59,25.73,2700,0
20150213,25.77,26,25.77,25.9,3589,0
20150217,26.23,26.25,25.72,26.18,22065,0
20150218,26.09,26.1,25.87,25.9,171162,0
20150219,25.92,26.02,25.92,26.02,1729,0
20150220,26,26.2,25.98,25.98,2845,0
20150223,26.26,26.26,26.05,26.05,67250,0
20150224,26.11,26.11,25.85,25.85,11089,0
20150225,25.8,25.9,25.7,25.77,13890,0
20150226,25.6,25.62,25.56,25.6,4668,0
20150227,25.65,26.11,25.62,25.62,36941,0
20150302,25.4,25.85,25.4,25.829,5406,0
20150303,25.61,25.68,25.29,25.5,6981,0
20150304,25.46,25.67,25.37,25.67,1525,0
20150306,25.32,25.4,25,25.06,5621,0
20150309,25.247,25.34,25.15,25.3,6459,0
20150310,25.23,25.29,25.12,25.16,3710,0
20150311,25.329,25.5,25.16,25.16,49692,0
20150312,25.68,25.68,25.68,25.68,500,0
20150313,25.45,25.45,25.284,25.29,5200,0
20150316,25.315,25.315,25.315,25.315,400,0
20150317,25.492,25.492,25.332,25.332,1068,0
20150318,25.35,25.6,25.33,25.6,7301,0
20150319,25.634,25.73,25.61,25.61,3313,0
20150320,25.75,25.75,25.582,25.683,3198,0
20150323,25.7,25.7,25.6,25.6,43128,0
20150324,25.646,25.688,25.36,25.36,1100,0
20150325,25.65,25.65,25.522,25.522,50400,0
20150326,25.36,25.7,25.36,25.4,3947,0
20150327,25.11,25.29,25.03,25.15,22774,0
20150330,25.54,25.54,25.16,25.16,4150,0
20150331,25.123,25.45,25.123,25.3,3020,0
20150401,25.3,25.4,25.25,25.25,7787,0
20150402,25.5,25.7,25.25,25.7,27691,0
20150406,25.45,25.95,25.419,25.86,77315,0
20150407,25.66,25.66,25.3,25.394,8592,0
20150408,25.4,25.52,25.014,25.05,5720,0
20150409,25.91,25.91,25.201,25.699,19743,0
20150410,25.97,25.99,25.5,25.76,10548,0
20150413,25.89,25.9,25.89,25.89,2250,0
20150414,25.89,25.89,25.55,25.6,1462,0
20150415,25.5,25.8,25.3,25.79,6165,0
20150416,26.05,26.05,25.65,25.75,5485,0
20150417,25.8,25.8,25.742,25.768,39300,0
20150420,25.7,25.872,25.65,25.65,29207,0
20150421,25.65,25.655,25.65,25.655,500,0
20150423,26.14,26.6,25.72,25.72,2336,0
20150424,25.85,25.85,25.85,25.85,100,0
20150427,25.658,25.658,25.658,25.658,294,0
20150428,25.76,25.76,25.75,25.75,497,0
20150429,25.75,26.03,25.7,25.8,2985,0
20150430,25.904,25.904,25.6,25.6,1500,0
20150501,25.674,25.674,25.53,25.674,2700,0
20150504,25.26,25.59,25.05,25.05,48485,0
20150505,25.27,25.29,25.15,25.25,56263,0
20150506,25.76,25.76,25.08,25.08,2900,0
20150507,25.01,25.059,24.5,24.61,3400,0
20150508,25.37,25.37,25.08,25.306,1450,0
20150511,25.223,25.223,25.08,25.15,2200,0
20150512,25.17,25.17,24.9,25.06,49587,0
20150513,25.05,25.05,24.96,24.978,50486,0
20150514,25.05,25.2,24.96,25.01,2485,0
20150515,25.31,25.69,25.13,25.25,9142,0
20150518,25.26,25.73,25.26,25.65,5900,0
20150519,25.35,25.88,25.35,25.85,1500,0
20150520,25.44,26.32,25.44,26,4650,0
20150521,25.89,26.239,25.75,26.239,5778,0
20150522,25.78,26.08,25.78,25.9,54150,0
20150526,25.5,25.9,25.5,25.72,2460,0
20150527,26,26.03,25.96,26.03,3080,0
20150528,26.12,26.15,26,26.11,5708,0
20150529,25.9,26.2,25.56,25.61,47301,0
20150602,25.69,25.69,25.515,25.515,675,0
20150604,25.61,25.62,25.52,25.54,3500,0
20150605,25.607,26,25.52,25.6,8815,0
20150608,25.56,25.6,25.52,25.57,2760,0
20150609,25.53,25.59,25.4,25.4,6272,0
20150610,25.546,25.546,25.32,25.33,1800,0
20150611,25.47,25.48,25.45,25.46,2100,0
20150612,25.47,25.47,25.36,25.36,8140,0
20150615,25.65,25.7,25.36,25.36,2200,0
20150616,25.38,25.79,25.38,25.48,9113,0
20150617,25.57,25.65,25.55,25.55,3380,0
20150618,25.53,25.53,25.53,25.53,309,0
20150619,25.86,25.86,25.495,25.74,600,0
20150622,25.64,26.02,25.47,25.75,7920,0
20150623,25.67,25.69,25.5,25.665,6510,0
20150624,25.75,25.9,25.71,25.77,8330,0
20150625,25.82,25.85,25.7,25.85,3000,0
20150626,25.15,25.426,25.15,25.31,3000,0
20150629,25.45,25.45,25.425,25.425,1376,0
20150630,25.41,25.79,25.36,25.46,5080,0
20150701,25.5,26,25.5,25.7,3500,0
20150702,25.75,25.78,25.553,25.78,4177,0
20150706,25.8,25.8,25.7,25.7,20848,0
20150707,25.62,25.75,25.62,25.75,1525,0
20150709,25.525,25.55,25.5,25.55,800,0
20150710,25.41,25.6,25.36,25.6,1957,0
20150713,25.52,25.704,25.103,25.28,20773,0
20150714,25.38,25.696,25.36,25.466,3125,0
20150715,25.55,25.58,25.34,25.4,10686,0
20150716,25.35,25.36,25.35,25.35,3300,0
20150717,25.41,25.41,25.13,25.33,3388,0
20150720,25.3,25.37,25.2,25.23,8300,0
20150721,25.26,25.7,25.23,25.35,58675,0
20150722,25.37,25.68,25.29,25.35,44893,0
20150723,25.46,25.93,25.3,25.44,30209,0
20150724,25.44,25.47,25.44,25.47,6100,0
20150727,25.448,25.57,25.448,25.55,6944,0
20150728,25.45,25.51,25.3,25.4,3250,0
20150729,25.326,25.38,25.31,25.38,1274,0
20150730,25.37,25.4,25.34,25.34,28670,0
20150731,25.35,25.35,25.35,25.35,200,0
20150803,25.37,25.55,25.29,25.29,18205,0
20150804,25.35,25.56,25.3,25.3,7600,0
20150805,25.2,25.2,25.09,25.09,5299,0
20150806,25.12,25.15,25.11,25.15,5200,0
20150807,25.3,25.32,25.147,25.147,1026,0
20150810,25.32,25.32,25.15,25.19,2638,0
20150811,25.16,25.16,25.16,25.16,400,0
20150812,25.29,25.34,25.29,25.34,800,0
20150813,25.84,25.84,25.84,25.84,1000,0
20150814,25.69,25.74,25.69,25.74,500,0
20150817,25.27,25.3,25.13,25.18,6055,0
20150818,25.06,25.37,25.06,25.37,300,0
20150819,25.27,25.45,25.232,25.232,2199,0
20150821,24.96,25.25,24.96,25.237,3341,0
20150824,24.95,25.16,24.75,25.06,2500,0
20150825,25.133,25.22,24.68,24.68,5624,0
20150826,24.78,25,24.75,25,3800,0
20150827,25,25.1,24.86,24.86,3500,0
20150828,24.99,25.09,24.91,25.089,3000,0
20150831,25.15,25.15,24.87,25.08,1109,0
20150901,25.09,25.09,25.079,25.082,1400,0
20150902,25.261,25.27,25.261,25.27,600,0
20150903,25.15,25.15,25.03,25.03,900,0
20150904,25.1,25.46,25.1,25.46,1200,0
20150908,25.43,25.43,25.06,25.12,2278,0
20150909,25.03,25.381,25.03,25.04,7439,0
20150910,25.04,25.13,25.03,25.04,5156,0
20150911,25.043,25.043,24.96,24.965,2095,0
20150914,25.01,25.028,24.99,24.99,3400,0
20150915,24.99,24.99,24.51,24.74,8300,0
20150916,24.92,24.92,24.88,24.9,1633,0
20150917,24.9,25.01,24.8,25.01,3209,0
20150918,25.01,25.01,24.505,24.85,2050,0
20150921,24.85,24.9,24.85,24.9,1980,0
20150922,24.83,25,24.83,25,3866,0
20150923,25.01,25.45,24.85,25.01,5186,0
20150924,25.14,25.27,24.9,24.92,5000,0
20150925,25.23,25.23,24.95,25.2,2570,0
20150928,24.9,24.96,24.9,24.9,4200,0
20150929,24.9,25.053,24.9,25.053,1000,0
20150930,24.6,25,24.6,24.8,2525,0
20151001,25,25,24,24.07,9380,0
20151002,24.5,24.69,24.5,24.5,3190,0
20151005,24.558,24.56,24.52,24.52,750,0
20151006,24.568,24.69,24.5,24.69,12551,0
20151007,24.69,24.69,24.69,24.69,899,0
20151008,24.69,24.81,24.69,24.81,782,0
20151009,24.95,24.95,24.552,24.7,6585,0
20151012,24.5,25,24.5,24.932,1868,0
20151013,24.95,25.15,24.9,25.15,2062,0
20151014,25.15,25.15,24.75,24.75,2000,0
20151015,24.906,25.15,24.75,25.15,5350,0
20151016,24.96,25.14,24.75,24.76,2606,0
20151019,25.14,25.14,25,25,12400,0
20151020,25.08,25.126,24.914,24.914,730,0
20151021,25.103,25.103,25.09,25.1,885,0
20151022,25.01,25.13,24.957,24.992,3890,0
20151023,25.15,25.15,25,25.007,2375,0
20151026,25.011,25.05,24.98,25.05,5668,0
20151027,25.008,25.1,24.99,24.998,1783,0
20151028,25.15,25.34,24.98,24.98,22100,0
20151029,24.892,25,24.892,25,2200,0
20151030,25,25,24.704,24.775,880,0
20151102,24.9,25.26,24.9,25.2,24820,0
20151103,25.34,25.997,25.34,25.35,4360,0
20151104,25.45,25.45,25.3,25.32,4090,0
20151105,25.4,25.4,25.38,25.4,900,0
20151106,25.2,25.25,24.85,25,13654,0
20151109,25.06,25.06,24.885,24.885,2750,0
20151110,25.45,25.45,25.45,25.45,100,0
20151112,25.43,25.45,25.42,25.45,1500,0
20151113,25,25,25,25,400,0
20151116,25.1,25.496,25.1,25.496,1198,0
20151117,25.45,25.45,25.33,25.35,1700,0
20151118,25.25,25.25,25.05,25.243,3538,0
20151119,25.319,25.319,25.158,25.308,1162,0
20151120,25.35,25.35,25.1,25.347,6142,0
20151123,25.391,25.45,25.21,25.246,3000,0
20151124,25.05,25.05,25.05,25.05,3700,0
20151125,25.49,25.53,25.05,25.05,1366,0
20151127,25.13,25.13,25,25,3084,0
20151130,25.04,25.2,24.95,24.97,2640,0
20151201,24.95,25.55,24.95,25.5,5625,0
20151202,25.5,25.54,25.5,25.54,10362,0
20151203,25.5,25.5,25.496,25.496,301,0
20151204,25.25,25.45,25.15,25.449,3467,0
20151207,25.16,25.16,25.02,25.16,4078,0
20151208,25.01,25.045,24.727,24.98,13271,0
20151209,25.22,25.3,25.1,25.27,1959,0
20151210,25.38,25.4,25.19,25.38,2788,0
20151211,25.04,25.32,24.6,25.32,3028,0
20151214,25.106,25.106,24.75,24.83,5235,0
20151215,24.99,25.05,24.757,24.803,2349,0
20151216,24.7,24.95,24.5,24.94,7234,0
20151217,24.5,25.22,24.5,24.98,3607,0
20151218,24.796,25,24.77,24.96,2893,0
20151221,25.154,25.154,24.55,25.1,1584,0
20151222,24.7,24.996,24.65,24.65,680,0
20151223,24.95,25.002,24.775,25,52400,0
20151224,25.01,25.49,25.01,25.45,3100,0
20151228,25.68,25.68,25,25.05,7383,0
20151229,24.85,25.14,24.85,25.027,3175,0
20151230,25.04,25.6831,25.04,25.268,1660,0
20151231,25.2858,25.29,25.0001,25.29,2614,0
20160104,25.0367,25.1342,25.0101,25.0101,2548,0
20160105,25.25,25.37,25.08,25.13,3991,0
20160106,25.44,25.44,25.2364,25.281,1791,0
20160107,25.4,25.4,25.01,25.1499,17991,0
20160108,25.04,25.0401,25.04,25.04,800,0
20160111,25.04,25.1546,25.03,25.04,8415,0
20160112,25.32,25.629,24.88,25,11903,0
20160113,25.0001,25.0001,24.75,24.9,7589,0
20160114,24.75,25,24.5,24.5,10004,0
20160115,24.8,24.8,24.4042,24.49,27100,0
20160119,23.53,23.53,23.53,23.53,0,0
20160120,23.21,23.32,22.81,23.25,21974,0
20160121,23.5,23.5,23.17,23.49,14549,0
20160122,24,24,23.69,23.7,34635,0
20160125,23.84,23.84,23.62,23.74,4146,0
20160126,23.7,23.7,23.67,23.7,12468,0
20160127,23.62,24.37,23.6,24.3,8926,0
20160128,24.03,24.33,24.01,24.2224,8270,0
20160129,24.14,24.71,24.05,24.19,52926,0
20160201,24.28,25,24.28,25,35475,0
20160202,24.87,25.34,24.8,25.03,25871,0
20160203,25.22,25.31,25.18,25.22,3306,0
20160204,25.2299,25.38,25.054,25.38,34847,0
20160205,25.38,25.6,25.09,25.51,15034,0
20160208,25.15,25.15,24.61,24.99,7000,0
20160209,24.75,25.339,24.35,24.82,26746,0
20160210,24.94,25.25,24.371,24.371,34770,0
20160211,24.4,24.44,24.2601,24.44,13759,0
20160212,25.245,25.245,24.51,24.52,13293,0
20160216,24.65,25.22,24.5,25,34774,0
20160217,25.1001,25.15,25,25,12430,0
20160218,25,25.3,24.9909,25.15,27595,0
20160219,25.08,25.43,24.65,25.35,10992,0
20160222,25.15,25.475,25.15,25.2,2400,0
20160223,25.2899,25.5,25.11,25.31,6506,0
20160224,25.24,25.509,25.23,25.4,5100,0
20160225,25.3758,25.59,25.32,25.32,2282,0
20160226,25.35,25.589,25.2,25.3128,11118,0
20160229,25.3,25.3,25.3,25.3,200,0
20160301,25.13,25.59,25.13,25.33,5440,0
20160302,25.52,25.59,25.45,25.45,2000,0
20160303,25.56,25.58,25.32,25.4,9050,0
20160304,25.33,25.3858,25.3,25.3858,4200,0
20160307,25.575,25.5758,25.09,25.2105,4950,0
20160308,25.55,25.55,25.05,25.05,7664,0
20160309,25.5099,25.5099,25.1005,25.34,7325,0
20160310,25.47,25.6528,25.313,25.59,16014,0
20160311,25.59,25.78,25.44,25.78,12583,0
20160314,25.7,26,25.28,25.83,3454,0
20160315,26,26.02,25.58,25.71,31842,0
20160316,26.49,26.49,25.71,26.08,4245,0
20160317,25.65,26.06,25.65,26.05,23783,0
20160318,26.1,26.3,25.8499,26.3,7910,0
20160321,26.1,26.22,25.8501,26.22,2702,0
20160322,25.9,26.0101,25.9,26.0101,26360,0
20160323,27.199,27.199,25.8801,25.9001,1250,0
20160328,25.91,26.52,25.8301,26.0365,2375,0
20160329,25.87,25.87,25.2,25.7,3700,0
20160330,26,26,25.4,25.85,10729,0
20160331,25.8,25.8,25.8,25.8,3284,0
20160401,25.4904,26,25.48,25.87,2575,0
20160404,25.86,25.87,25.6101,25.6101,5700,0
20160405,25.765,25.9499,25.62,25.9499,3200,0
20160406,25.99,25.99,25.25,25.95,1100,0
20160408,25.95,26.2,25.89,25.89,32606,0
20160411,26.196,26.2,26,26,14264,0
20160413,25.5801,26.1758,25.5801,25.93,2000,0
20160414,26.0948,26.1,25.8066,26.1,3963,0
20160415,26.15,26.15,25.8068,25.8068,1801,0
20160419,26.14,26.15,26.14,26.15,543,0
20160420,25.75,25.94,25.6,25.92,1863,0
20160422,25.855,25.94,25.57,25.94,1800,0
20160425,25.9079,26,25.9079,26,475,0
20160426,26,26.0463,25.7386,25.7386,2275,0
20160427,25.5718,26.15,25.5718,25.5901,1901,0
20160428,25.71,25.91,25.71,25.91,708,0
20160429,25.6701,25.6701,25.6701,25.6701,500,0
20160503,26.009,26.17,26,26.17,2200,0
20160505,25.8296,26.245,25.6601,26.245,1400,0
20160506,26.1,26.2499,25.661,26.2499,1700,0
20160509,26.14,26.2,25.6601,26.17,1100,0
20160510,25.75,25.95,25.68,25.945,4305,0
20160512,25.8899,25.8999,25.8899,25.89,1260,0
20160513,25.8,25.8,25.66,25.7001,2434,0
20160516,25.886,25.89,25.7,25.71,1850,0
20160517,25.71,25.79,25.61,25.75,3146,0
20160518,25.8636,25.9,25.7698,25.9,2358,0
20160519,26.1999,26.1999,26.146,26.146,2300,0
20160520,25.94,25.94,25.7101,25.7101,400,0
20160523,25.9,25.9,25.7411,25.7411,720,0
20160525,25.7129,25.7129,25.71,25.71,27400,0
20160526,26.2068,26.2068,26.2068,26.2068,236,0
20160527,25.8311,25.8311,25.8311,25.8311,350,0
20160531,25.79,25.8,25.78,25.78,2000,0
20160601,25.8,25.955,25.8,25.95,4685,0
20160602,25.8,25.8,25.55,25.655,27559,0
20160603,25.65,25.6957,25.5501,25.58,2530,0
20160606,25.6099,25.68,25.6,25.6,5965,0
20160607,25.65,25.65,25.6,25.6,19322,0
20160608,25.55,25.79,25.55,25.6801,2879,0
20160609,25.62,25.75,25.62,25.75,1188,0
20160610,25.75,25.869,25.6101,25.869,1712,0
20160615,25.781,25.7999,25.781,25.7999,700,0
20160617,25.62,25.854,25.62,25.854,950,0
20160620,25.65,25.8899,25.65,25.8899,2365,0
20160621,25.69,25.69,25.69,25.69,124,0
20160622,25.69,25.7,25.6801,25.7,601,0
20160623,25.8001,25.89,25.8001,25.89,953,0
20160624,25.639,26,25.639,25.99,4130,0
20160627,26.08,26.0999,26.06,26.095,1020,0
20160628,26,26,25.75,25.9999,1530,0
20160629,25.98,26,25.71,25.7883,4195,0
20160630,25.98,26,25.8533,25.8533,1100,0
20160701,26,26.09,25.7534,26.09,2100,0
20160705,25.72,25.735,25.7,25.735,825,0
20160706,25.55,25.7899,25.55,25.7899,1620,0
20160707,25.7,25.7,25.61,25.61,708,0
20160708,25.6,25.8499,25.53,25.53,1700,0
20160711,25.61,25.97,25.5803,25.64,5049,0
20160712,25.61,25.98,25.61,25.97,4001,0
20160713,25.98,26.48,25.81,26.48,3236,0
20160714,26.4699,26.4699,26.1001,26.17,50975,0
20160715,26.3,26.5415,26.3,26.3001,4472,0
20160718,26.3,26.3,26,26.1,9827,0
20160719,26.08,26.7,26.08,26.6904,801,0
20160720,26.9,26.99,26.2,26.5,1884,0
20160721,26.4,26.4,26.4,26.4,34216,0
20160722,26.2,26.9821,25.7,26.38,11202,0
20160725,26.2,26.2,26.0101,26.2,3800,0
20160726,26.02,26.11,26,26.0899,21560,0
20160727,26.07,26.1,26.07,26.1,7500,0
20160728,26.09,26.09,26.09,26.09,40090,0
20160729,25.9239,26.1856,25.9239,26.1856,1650,0
20160802,26.16,26.25,26.15,26.25,1700,0
20160803,26.181,27.238,26.181,26.38,1450,0
20160804,26.51,26.51,26.5,26.5,807,0
20160805,26.2122,26.7153,26.1701,26.1701,2050,0
20160808,26.2,26.2179,26.2,26.2179,16500,0
20160809,26.2724,26.725,26.2724,26.59,3100,0
20160810,26.5599,26.5599,26.2701,26.2701,1300,0
20160811,26.25,26.8867,26.2245,26.2783,4100,0
20160812,26.25,26.3,26.06,26.25,2432,0
20160815,26.01,26.215,26.0001,26.16,5598,0
20160816,26.3,26.343,26.1,26.2,2573,0
20160817,26.1,26.1,26.1,26.1,127,0
20160818,26.095,26.1,26.05,26.05,6998,0
20160819,25.96,26.26,25.96,26.16,2302,0
20160822,26.171,26.2,26.1,26.1,1150,0
20160823,26.1,26.1,25.96,26.0001,5900,0
20160824,26.0001,26.1,26.0001,26.01,4238,0
20160826,25.91,26.1,25.9,26,4000,0
20160829,26.05,26.1,26.05,26.0601,10740,0
20160830,26.0905,26.0905,26.02,26.0201,2314,0
20160831,25.996,26.15,25.901,25.901,4052,0
20160901,26.15,26.15,26.15,26.15,100,0
20160902,26.147,26.47,26.14,26.45,12604,0
20160906,26.18,26.2068,26,26.04,6232,0
20160907,26.06,26.27,26.06,26.27,3281,0
20160908,26.352,26.38,26.1001,26.17,2750,0
20160909,25.98,26.2,25.97,26.2,4098,0
20160912,26.2349,26.2349,26.2349,26.2349,100,0
20160913,25.9,26.05,25.9,26.005,1850,0
20160914,25.81,25.81,25.79,25.79,250,0
20160915,26.2,26.2,25.82,25.83,2500,0
20160919,26.1,26.1,25.89,25.89,285,0
20160920,25.61,26.15,25.6,25.91,11156,0
20160921,25.7,26.14,25.7,25.9,1696,0
20160922,25.91,26.14,25.91,26.04,3462,0
20160923,26.05,26.2,25.91,26.16,3999,0
20160926,26,26.08,26,26.068,4100,0
20160927,26.04,26.5,25.91,26.2,7153,0
20160928,25.91,25.9101,25.89,25.9001,1600,0
20160929,26.05,26.1,25.95,25.95,2257,0
20160930,26.04,26.04,25.9,25.9,5587,0
20161003,26.005,26.005,25.9402,25.9402,400,0
20161004,26,26,25.9,25.91,2200,0
20161005,25.91,25.91,25.91,25.91,100,0
20161006,25.94,26,25.9,25.9535,29401,0
20161007,26,26.034,26,26.034,1035,0
20161010,26,26,26,26,828,0
20161011,26.1,26.1,25.9,25.9,179250,0
20161012,26.0501,26.0501,26.0501,26.0501,192,0
20161013,25.9,25.9,25.2201,25.51,13071,0
20161014,26.095,26.095,25.75,25.75,6570,0
20161017,25.7,25.9505,25.6101,25.95,825,0
20161019,26.0999,26.2,26.09,26.09,4134,0
20161020,25.6861,25.6861,25.6861,25.6861,600,0
20161021,25.6501,25.6501,25.6501,25.6501,800,0
20161024,26.5,26.5,26.193,26.193,3356,0
20161028,25.8,25.995,25.22,25.29,9179,0
20161031,25.46,25.5364,25.45,25.5364,1787,0
20161102,25.95,25.95,25.8999,25.8999,200,0
20161103,25.49,25.95,25.4074,25.9,2537,0
20161104,25.34,25.4281,25.34,25.4281,1171,0
20161107,25.42,25.74,25,25.03,10740,0
20161108,25.15,25.2,25.03,25.05,5238,0
20161109,25.1001,25.201,24.85,25.201,2250,0
20161110,25,25,23.51,24.65,8650,0
20161111,24,25.16,24,24.9499,3600,0
20161114,24.94,25.05,24.28,25.05,10537,0
20161115,24.98,25.05,24.98,25.05,1600,0
20161116,25.05,26.0415,25.02,25.02,11123,0
20161117,25.45,25.55,25.43,25.43,71856,0
20161118,25.171,25.31,25.15,25.15,4128,0
20161121,25.15,25.747,25.15,25.747,4216,0
20161122,25.864,25.864,25.21,25.21,1025,0
20161123,25.15,25.15,25.09,25.15,11846,0
20161125,25.0758,25.543,25.0758,25.543,1000,0
20161128,25.3699,25.3699,25.06,25.07,1300,0
20161129,25.1,25.53,25.06,25.1,7066,0
20161130,25.46,25.5483,25.06,25.06,10601,0
20161201,25.07,25.1,24.76,25.1,6302,0
20161202,24.78,25.14,24.76,25.1399,6074,0
20161205,24.8001,25.007,24.76,24.8,5299,0
20161206,25,25.293,24.8101,25,8180,0
20161207,25.05,25.1,24.9,25,17481,0
20161208,25.0155,25.1949,25,25.05,18494,0
20161209,25.025,25.025,24.8,24.8,2979,0
20161212,24.6001,24.66,24.55,24.55,11250,0
20161213,24.5,24.566,24.5,24.566,4200,0
20161214,24.6,24.6,24.4,24.4,2852,0
20161215,24.4,24.53,24.15,24.25,5324,0
20161216,24.25,24.65,24.25,24.31,2200,0
20161219,24.55,24.65,24.45,24.55,5020,0
20161220,24.52,24.55,24.1,24.15,14321,0
20161221,24.25,24.6,24.2,24.25,7875,0
20161222,24.28,24.75,24.28,24.7,13806,0
20161223,25.18,25.18,25.04,25.06,2359,0
20161227,25,25.04,24.6,24.9852,2801,0
20161228,24.7119,24.97,24.7119,24.8513,2114,0
20161229,24.25,25.05,24.25,24.65,10300,0
20161230,24.58,24.59,24.25,24.27,9564,0
20170103,24.61,24.61,24.43,24.43,1400,0
20170104,24.55,24.94,24.55,24.73,5388,0
20170105,24.9225,25.03,24.61,24.93,3100,0
20170106,24.8334,25.03,24.8334,25.01,3900,0
20170109,25.01,25.04,25,25.04,2400,0
20170110,25.05,25.05,24.8067,24.8372,1625,0
20170111,25.345,25.345,24.854,24.88,1589,0
20170112,25.15,25.15,24.9322,24.9322,1125,0
20170113,25.0985,25.0985,24.96,24.96,813,0
20170117,25.1,25.27,24.91,24.91,4523,0
20170118,24.9,24.93,24.75,24.93,56400,0
20170119,25.01,25.01,24.98,25,1401,0
20170120,24.71,25.1019,24.65,24.75,114298,0
20170123,24.7501,25.41,24.7501,25.37,104371,0
20170124,24.79,25.31,24.79,24.98,4900,0
20170125,24.81,25.136,24.8,25.136,4100,0
20170126,24.8049,24.86,24.49,24.7,28344,0
20170127,25.1,25.1,25.1,25.1,1100,0
20170130,24.9,25.0399,24.9,24.96,39550,0
20170131,24.93,24.93,24.83,24.83,688,0
20170201,24.8301,24.8301,24.8301,24.8301,350,0
20170202,24.8111,25.2442,24.8111,25.2442,2700,0
20170203,25.05,25.05,25.0395,25.05,1160,0
20170206,24.71,24.9899,24.6,24.94,7300,0
20170207,24.97,25.18,24.97,25.1799,2950,0
20170208,25.16,25.16,25.05,25.05,20100,0
20170209,25,25,25,25,250,0
20170210,25.04,25.379,25.01,25.379,1840,0
20170213,25.01,25.25,25.01,25.25,1550,0
20170214,25.3,25.3,25.2,25.2,21200,0
20170215,24.9158,25.4899,24.9158,25.4899,3400,0
20170216,25.44,25.44,24.9601,24.9701,50414,0
20170217,25.05,25.2361,25.03,25.184,1603,0
20170221,25.2,25.3899,25.2,25.37,3600,0
20170222,25.2882,25.2889,25.2882,25.2889,500,0
20170223,25.292,25.292,25.292,25.292,200,0
20170224,25.183,25.27,25.183,25.25,3300,0
20170227,25.0301,25.34,25.0301,25.34,49925,0
20170228,25.12,25.46,25.091,25.46,7551,0
20170301,25.12,25.2712,25.12,25.2712,649,0
20170302,25.43,25.44,25.362,25.44,2500,0
20170303,25.26,25.26,25.26,25.26,400,0
20170306,25.48,25.48,25.35,25.46,3600,0
20170307,25.48,25.48,25.0856,25.25,2450,0
20170308,25.3914,25.3914,25.1,25.11,5538,0
20170309,25.3699,25.37,25.3699,25.37,800,0
20170310,25.0711,25.4,25.0711,25.4,1200,0
20170313,25.36,25.36,25.36,25.36,100,0
20170314,25.313,25.38,25.285,25.38,500,0
20170315,25.1719,25.1719,25.1388,25.1388,1000,0
20170316,25.4,25.4,25.3654,25.3654,387,0
20170317,25.2718,25.2718,25.2718,25.2718,100,0
20170320,25.2801,25.315,25.2801,25.29,1800,0
20170321,25.17,25.17,25.11,25.13,5588,0
20170322,25.29,26.65,25.22,25.3,1800,0
20170323,25.15,25.2652,25.15,25.2,1003,0
20170324,25.55,25.55,25.34,25.35,1230,0
20170327,25.45,25.45,25.45,25.45,200,0
20170328,25.44,25.46,25.44,25.45,1740,0
20170329,25.15,25.15,25.124,25.124,2322,0
20170330,25.14,25.38,25.14,25.38,145500,0
20170331,25.31,25.8,25.26,25.26,62278,0
20170404,25.35,25.66,25.35,25.66,300,0
20170405,25.33,25.447,25.32,25.447,1335,0
20170406,25.5102,25.6119,25.44,25.44,500,0
20170407,25.3081,25.3081,25.2701,25.2701,1000,0
20170410,25.46,25.46,25.45,25.45,441,0
20170411,25.4382,25.4382,25.4382,25.4382,438,0
20170413,25.6074,25.6074,25.4,25.4,414,0
20170417,25.57,25.57,25.41,25.429,989,0
20170418,25.45,25.46,25.42,25.45,3096,0
20170419,25.43,25.44,25.1926,25.1926,3752,0
20170420,25.21,25.27,25.19,25.25,2310,0
20170421,25.8,25.93,25.26,25.26,1808,0
20170424,25.36,25.5,25.3,25.33,4022,0
20170425,25.42,25.8,25.3,25.3,6100,0
20170426,25.3555,25.79,25.3555,25.5,2101,0
20170427,25.69,25.77,25.56,25.58,500,0
20170428,25.49,25.6,25.49,25.6,1700,0
20170501,25.6,25.6,25.148,25.148,2500,0
20170502,25.3,25.58,25.3,25.5799,900,0
20170503,25.6,25.61,25.545,25.545,6566,0
20170504,25.4466,25.49,25.4286,25.43,2315,0
20170505,25.27,25.84,25.27,25.772,754,0
20170509,25.7452,25.76,25.6,25.6,1699,0
20170511,25.53,25.74,25.53,25.7016,2100,0
20170512,25.34,25.35,25.32,25.34,600,0
20170515,25.42,25.42,25.4,25.4,55200,0
20170516,25.5,25.6524,25.35,25.41,21806,0
20170517,25.5,25.5001,25.5,25.5,7500,0
20170518,25.27,25.34,25.27,25.29,1200,0
20170519,25.33,25.33,25.31,25.31,940,0
20170522,25.4,25.49,25.4,25.4,2511,0
20170523,25.47,25.6618,25.35,25.35,35198,0
20170524,25.35,25.35,25.33,25.33,3100,0
20170525,25.3975,25.4017,25,25.09,14380,0
20170526,25.1878,25.1878,25.1878,25.1878,400,0
20170530,25.26,25.26,25.22,25.22,600,0
20170531,25.2,25.27,25.1001,25.16,17854,0
20170601,25.241,25.241,25.12,25.16,11049,0
20170602,25.16,25.275,25.08,25.1,13100,0
20170605,25.12,25.27,25.12,25.27,7075,0
20170606,25.14,25.3,25.14,25.24,11173,0
20170607,25.266,25.32,25.2,25.3,12224,0
20170608,25.32,25.369,25.32,25.369,16936,0
20170609,25.37,25.4,25.37,25.395,760,0
20170612,25.35,25.35,25.3152,25.3152,350,0
20170613,25.38,25.38,25.3593,25.3664,700,0
20170614,25.33,25.3715,25.33,25.34,6850,0
20170615,25.42,25.45,25.42,25.45,4450,0
20170616,25.46,25.47,25.4556,25.4556,622,0
20170619,25.33,25.46,25.32,25.44,28012,0
20170620,25.5,25.6,25.5,25.6,1913,0
20170621,25.66,25.87,25.4438,25.4438,2100,0
20170622,25.51,25.63,25.51,25.55,11046,0
20170623,25.64,25.76,25.57,25.6,2372,0
20170626,25.6,25.7,25.6,25.7,2165,0
20170627,25.62,25.71,25.6,25.6,52000,0
20170628,25.4,25.4,25.4,25.4,254,0
20170629,25.3,25.3,25.2,25.3,4530,0
20170630,25.25,25.3,25.13,25.16,6110,0
20170705,25.2,25.2103,25.13,25.13,2000,0
20170706,25.14,25.1799,25.11,25.1799,5800,0
20170707,25.19,25.25,25.1895,25.2192,116390,0
20170710,25.2202,25.25,25.18,25.2123,4902,0
20170711,25.21,25.21,25.14,25.14,1100,0
20170712,25.13,25.25,25.13,25.13,13636,0
20170713,25.2318,25.2318,25.1208,25.18,1200,0
20170714,25.1696,25.2,25.14,25.2,1862,0
20170717,25.25,25.3,25.1614,25.3,2251,0
20170718,25.2249,25.2412,25.1829,25.21,4406,0
20170719,25.21,25.21,25.21,25.21,201,0
20170720,25.1852,25.2522,25.1852,25.2522,500,0
20170724,25.3,25.3,25.3,25.3,155,0
20170725,25.25,25.29,25.21,25.28,54841,0
20170726,25.25,25.26,25.25,25.26,11150,0
20170727,25.3,25.34,25.2898,25.34,21140,0
20170728,25.34,25.4,25.3,25.4,1097,0
20170731,25.3495,25.3999,25.3,25.3999,1800,0
20170801,25.34,25.46,25.34,25.4599,2554,0
20170802,25.31,25.31,25.31,25.31,1100,0
20170803,25.3001,25.3001,25.3,25.3,612,0
20170804,25.35,25.4424,25.35,25.4,689,0
20170808,25.4,25.4126,25.4,25.4,4077,0
20170809,25.3613,25.3613,25.35,25.35,1401,0
20170810,25.3,25.3,25.3,25.3,100,0
20170811,25.13,25.14,25.12,25.1201,1604,0
20170814,25.1997,25.1997,25.1801,25.1801,701,0
20170815,25.2482,25.2482,25.1801,25.1801,700,0
20170816,25.3338,25.5546,25.3338,25.5,10443,0
20170817,25.401,25.5759,25.401,25.4475,3200,0
20170818,25.48,25.5,25.48,25.5,2200,0
20170821,25.4789,25.5945,25.45,25.46,4958,0
20170822,25.2945,25.2945,25.2945,25.2945,200,0
20170823,25.466,25.466,25.466,25.466,200,0
20170824,25.49,25.58,25.49,25.55,20986,0
20170825,25.5885,25.61,25.51,25.51,1793,0
20170828,25.51,25.52,25.51,25.52,323,0
20170829,25.58,25.58,25.49,25.53,885,0
20170830,25.45,25.5419,25.45,25.5419,2071,0
20170831,25.5634,25.5634,25.5634,25.5634,300,0
20170905,25.4256,25.4256,25.4256,25.4256,452,0
20170907,25.49,25.62,25.49,25.6,4133,0
20170908,25.42,25.5466,25.42,25.5201,1398,0
20170912,25.75,25.75,25.75,25.75,900,0
20170913,25.5911,25.7017,25.5911,25.7017,615,0
20170915,25.703,25.7203,25.5501,25.5501,1983,0
20170918,25.59,25.62,25.59,25.62,994,0
20170919,25.55,25.679,25.55,25.55,1080,0
20170920,25.52,25.7,25.52,25.65,3864,0
20170921,25.6235,25.92,25.59,25.9,4730,0
20170922,25.75,25.84,25.7,25.8202,9345,0
20170925,25.86,25.9,25.74,25.9,4313,0
20170926,25.82,25.92,25.82,25.92,1900,0
20170927,25.7401,25.7401,25.7401,25.7401,400,0
20170928,25.44,25.64,25.44,25.64,2734,0
20170929,25.2013,25.77,25.2013,25.77,18409,0
20171002,25.74,25.75,25.4878,25.75,2412,0
20171004,25.46,25.63,25.42,25.5,1240,0
20171006,25.6806,25.6806,25.6806,25.6806,2000,0
20171009,25.43,25.51,25.42,25.5,3808,0
20171010,25.69,25.69,25.66,25.66,1100,0
20171011,25.46,25.75,25.433,25.64,5176,0
20171012,25.45,25.56,25.31,25.35,7389,0
20171013,25.37,25.64,25.37,25.64,6384,0
20171016,25.67,25.67,25.53,25.53,2272,0
20171020,25.55,25.6,25.55,25.6,5174,0
20171023,25.6,25.6,25.6,25.6,800,0
20171024,25.4392,25.66,25.4392,25.66,576,0
20171026,25.43,25.507,25.38,25.4,1827,0
20171027,25.48,25.48,25.27,25.33,3666,0
20171030,25.341,25.341,25.22,25.24,9739,0
20171031,25.34,25.4,25.2801,25.2801,2000,0
20171101,25.5,25.5,25.45,25.45,2030,0
20171102,25.29,25.54,25.29,25.34,4856,0
20171103,25.33,25.4975,25.27,25.3,5709,0
20171106,25.28,25.37,25.28,25.3424,1043,0
20171107,25.28,25.4499,25.22,25.25,7577,0
20171108,25.29,25.36,25.25,25.35,29490,0
20171109,25.3358,25.4784,25.3358,25.4784,615,0
20171110,25.3206,25.3206,25.3206,25.3206,250,0
20171113,25.2957,25.4007,25.2957,25.4007,750,0
20171114,25.3,25.53,25.3,25.5,29322,0
20171115,25.35,25.4,25.3,25.35,6024,0
20171116,25.4,25.4,25.4,25.4,189,0
20171117,25.4,25.55,25.4,25.55,653,0
20171120,25.502,25.69,25.4658,25.68,37947,0
20171121,25.65,25.88,25.5,25.51,5516,0
20171122,25.5,25.5812,25.5,25.5812,835,0
20171127,25.39,25.4507,25.35,25.4,1982,0
20171128,25.4007,25.5981,25.4,25.5981,2065,0
20171129,25.4,25.45,25.4,25.45,1100,0
20171130,25.6,25.8,25.4,25.4,3913,0
20171201,25.42,25.81,25.42,25.81,2879,0
20171204,25.81,25.81,25.68,25.7349,5300,0
20171205,25.85,26.05,25.6128,26.05,11551,0
20171206,25.98,25.995,25.97,25.99,20123,0
20171207,25.4692,25.6919,25.4692,25.6919,1900,0
20171208,25.52,25.7985,25.42,25.65,5200,0
20171211,25.65,25.67,25.525,25.5545,1901,0
20171212,25.57,25.8908,25.57,25.8908,2746,0
20171213,25.93,25.93,25.72,25.83,550,0
20171214,25.66,25.7097,25.65,25.65,2302,0
20171215,25.61,26,25.61,25.908,1146,0
20171219,25.54,25.7865,25.54,25.7865,1053,0
20171221,25.6011,25.6011,25.6011,25.6011,437,0
20171222,25.71,25.71,25.7,25.7,800,0
20171226,25.5975,25.6,25.58,25.58,1910,0
20171227,25.56,25.6,25.53,25.6,21194,0
20171228,25.41,25.41,25.35,25.38,8000,0
20171229,25.24,25.34,25.24,25.27,2235,0
20180102,25.3672,25.3672,24.9462,25.0138,4680,0
20180103,25.1,25.1051,25.1,25.1051,1150,0
20180104,25.066,25.1,25.066,25.1,600,0
20180105,25.1,25.159,25.1,25.1,1343,0
20180108,25.2,25.39,25.2,25.2,1137,0
20180109,25.25,25.26,25.2,25.2,3123,0
20180110,25.1253,25.1253,25.1253,25.1253,135,0
20180111,25.3674,25.3674,25.3674,25.3674,700,0
20180112,25.32,25.32,25.11,25.2693,888,0
20180116,25.2188,25.2188,25.068,25.12,1651,0
20180117,25.19,25.19,25.1,25.1146,950,0
20180118,25.0697,25.09,25.04,25.0401,6123,0
20180119,25.03,25.05,24.93,25,8892,0
20180122,25,25.05,25,25.05,400,0
20180124,25.1101,25.22,25.1101,25.13,2100,0
20180125,25.24,25.24,25.24,25.24,444,0
20180126,25.13,25.1468,25.12,25.12,1949,0
20180129,25.12,25.125,24.9508,25.07,7386,0
20180130,24.99,25.01,24.78,24.79,6251,0
20180131,24.79,24.88,24.7,24.88,14241,0
20180201,24.8051,24.925,24.65,24.9,7113,0
20180202,24.8,24.988,24.54,24.988,4800,0
20180205,24.75,24.7952,24.63,24.65,6156,0
20180206,24.5,24.75,24.3,24.57,14242,0
20180207,24.81,24.81,24.65,24.7751,1900,0
20180208,24.6675,24.6899,24.5953,24.5956,2654,0
20180209,24.53,24.77,24.53,24.77,1150,0
20180212,24.6553,24.6553,24.4801,24.4801,5100,0
20180213,24.5,24.5,24.3,24.4999,16032,0
20180214,24.55,24.77,24.55,24.55,12821,0
20180215,24.67,24.73,24.46,24.64,9363,0
20180216,24.5,24.73,24.31,24.69,13539,0
20180220,24.7199,24.7356,24.5221,24.63,5756,0
20180221,24.66,24.66,24.53,24.63,13014,0
20180222,24.64,24.64,24.626,24.64,5100,0
20180223,24.64,24.64,24.6174,24.6174,5343,0
20180226,24.64,24.64,24.5301,24.5301,2341,0
20180227,24.61,24.78,24.595,24.77,23800,0
20180228,24.75,24.75,24.61,24.75,6384,0
20180301,24.627,24.6672,24.627,24.6466,934,0
20180302,24.6,24.75,24.3,24.3,7386,0
20180305,24.5,24.7476,24.5,24.52,1800,0
20180306,24.7084,24.75,24.6996,24.6996,44750,0
20180307,24.6154,24.7,24.6154,24.7,1800,0
20180308,24.7,24.7,24.682,24.682,2880,0
20180309,24.6002,24.7,24.4822,24.69,7741,0
20180312,24.53,24.69,24.5,24.69,5882,0
20180313,24.595,24.7,24.595,24.7,10881,0
20180314,24.57,24.71,24.53,24.7,8196,0
20180315,24.6097,24.682,24.6097,24.6505,1114,0
20180316,24.71,24.7477,24.7,24.7,1300,0
20180319,24.6999,24.6999,24.6999,24.6999,200,0
20180320,24.5101,24.7,24.5101,24.65,3388,0
20180321,24.6683,24.7,24.64,24.7,1380,0
20180322,24.7,24.7,24.658,24.7,10100,0
20180323,24.7,24.7,24.65,24.68,9149,0
20180326,24.6,24.78,24.6,24.78,17651,0
20180327,24.96,24.96,24.71,24.84,8607,0
20180328,24.53,24.53,24.399,24.5299,4606,0
20180329,24.52,24.53,24.4,24.4,7106,0
20180402,24.59,24.59,24.19,24.59,8482,0
20180403,24.4,24.4,24.13,24.13,767,0
20180404,24.13,24.2,23.93,23.94,13761,0
20180405,23.94,24.406,23.94,24.28,8470,0
20180406,24.0277,24.43,24.0277,24.42,10949,0
20180409,24.25,24.65,24.25,24.54,5622,0
20180410,24.54,24.54,24.4702,24.4999,1293,0
20180411,24.3791,24.3791,24.37,24.37,745,0
20180412,24.48,24.48,24.457,24.457,411,0
20180413,24.5,24.5799,24.5,24.5,8297,0
20180416,24.78,24.78,24.5,24.5,725,0
20180417,24.5803,24.5803,24.5,24.5,2331,0
20180418,24.52,24.89,24.52,24.89,4288,0
20180419,24.73,24.82,24.644,24.77,2417,0
20180420,24.77,24.77,24.58,24.58,2339,0
20180423,24.7873,24.79,24.65,24.65,1650,0
20180424,24.54,24.5735,24.5,24.55,7529,0
20180425,24.23,24.54,24.23,24.325,3400,0
20180426,24.45,24.4803,24.25,24.31,2740,0
20180427,24.49,24.57,24.444,24.57,2010,0
20180430,24.52,24.9355,24.49,24.9355,3600,0
20180501,24.92,24.92,24.7804,24.8,1096,0
20180502,24.61,24.79,24.6,24.75,5400,0
20180503,24.89,24.89,24.75,24.75,4018,0
20180504,24.75,24.75,24.4448,24.599,2135,0
20180507,24.4,24.597,24.4,24.5778,1284,0
20180508,24.21,24.6,24.21,24.595,6572,0
20180509,24.6,24.6,24.5,24.55,28200,0
20180510,24.6,24.6,24.5888,24.5899,10577,0
20180511,24.5,24.62,24.5,24.56,22624,0
20180514,24.56,24.56,24.4847,24.4847,519,0
20180515,24.4,24.4105,24.14,24.29,6683,0
20180516,24.28,24.5571,24.27,24.4818,9205,0
20180517,24.5,24.55,24.4692,24.48,4986,0
20180518,24.27,24.52,24.27,24.3884,616,0
20180521,24.5167,24.58,24.48,24.49,2304,0
20180522,24.52,24.54,24.464,24.49,3134,0
20180523,24.38,24.5199,24.38,24.49,2100,0
20180524,24.38,24.54,24.38,24.54,1330,0
20180525,24.55,24.7476,24.43,24.54,6924,0
20180529,24.56,24.6247,24.4,24.6247,4600,0
20180531,24.578,24.64,24.48,24.64,4981,0
20180601,24.55,24.76,24.55,24.68,7591,0
20180604,24.84,24.86,24.83,24.86,11806,0
20180605,24.8256,25,24.82,25,13437,0
20180606,24.98,25.05,24.91,25.05,3597,0
20180607,25.07,25.119,24.95,24.95,6210,0
20180608,25.0248,25.13,24.985,25.13,4741,0
20180611,25.13,25.14,25.13,25.13,1500,0
20180612,25.22,25.24,25.21,25.23,4281,0
20180613,25.15,25.22,25.15,25.22,700,0
20180614,25.05,25.22,25.05,25.22,3426,0
20180615,25.23,25.4,25.23,25.37,5388,0
20180618,25.29,25.59,25.29,25.54,15434,0
20180619,25.6,25.6,25.03,25.2,11569,0
20180620,25.2,25.38,25.2,25.38,332,0
20180621,25.5,25.5,25.49,25.5,1600,0
20180622,25.5,25.5,25.4612,25.4612,1100,0
20180626,25.56,25.7459,25.44,25.7459,22880,0
20180627,25.65,25.66,25.52,25.56,6702,0
20180628,25.39,25.56,25.34,25.34,32607,0
20180629,25.404,25.5,25.404,25.5,2300,0
20180702,25.635,25.67,25.635,25.6539,6718,0
20180703,25.63,25.68,25.515,25.6373,1471,0
20180705,25.62,25.739,25.55,25.739,21271,0
20180706,25.72,25.74,25.67,25.67,5388,0
20180709,25.67,25.67,25.67,25.67,140,0
20180710,25.6701,25.8028,25.6701,25.75,5074,0
20180711,25.86,25.86,25.665,25.68,13733,0
20180712,25.3784,25.6203,25.3784,25.62,911,0
20180713,25.62,25.96,25.62,25.78,4071,0
20180716,25.93,25.93,25.3286,25.74,1106,0
20180717,25.4632,25.684,25.4601,25.54,1385,0
20180718,25.679,25.69,25.6,25.67,2394,0
20180719,25.49,25.6331,25.4201,25.6331,2482,0
20180720,25.5001,25.5001,25.5001,25.5001,200,0
20180723,25.3389,25.3389,25.3389,25.3389,220,0
20180724,25.3211,25.42,25.0036,25.1803,1548,0
20180725,25.3499,25.37,25.2412,25.2412,2100,0
20180726,25.05,25.092,25.02,25.07,800,0
20180727,25.02,25.17,25.01,25.03,1144,0
20180730,25.1112,25.1112,25.1112,25.1112,401,0
20180731,25.13,25.1688,25.13,25.1688,200,0
20180801,25.05,25.05,25,25,2548,0
20180802,24.75,25.0999,24.75,25.0999,1100,0
20180806,25.05,25.22,25.05,25.219,1575,0
20180807,25.2099,25.2099,25.2099,25.2099,290,0
20180809,25.14,25.14,25.02,25.04,3416,0
20180810,25.33,25.33,25.03,25.03,837,0
20180813,25.2521,25.2521,25.03,25.03,600,0
20180814,25.35,25.35,25.05,25.06,639,0
20180815,25.1002,25.1588,25.0501,25.1588,600,0
20180816,25.36,25.36,25.26,25.26,348,0
20180817,25.29,25.29,25.2805,25.2805,1600,0
20180821,25.24,25.24,25.24,25.24,200,0
20180822,25.17,25.2,25.17,25.17,1906,0
20180823,25.08,25.36,25.08,25.2761,1120,0
20180824,25.09,25.147,25.08,25.1001,2071,0
20180827,25.1,25.11,25.02,25.02,4761,0
20180828,25.08,25.2008,25.06,25.06,2800,0
20180830,25.06,25.07,25.06,25.07,700,0
20180831,25.19,25.19,25.19,25.19,200,0
20180904,25.08,25.1,25.08,25.1,583,0
20180905,25.08,25.1311,25.08,25.1,1640,0
20180906,25.08,25.1,25.07,25.09,2100,0
20180907,25.1759,25.1759,25.07,25.07,300,0
20180910,25.13,25.13,25.13,25.13,100,0
20180911,25.19,25.31,25.1001,25.31,6774,0
20180912,25.1835,25.1835,25.11,25.11,400,0
20180913,25.2286,25.23,25.2286,25.2293,2450,0
20180914,25.12,25.2,25.12,25.15,1849,0
20180917,25.15,25.15,25.15,25.15,285,0
20180918,25.25,25.26,25.02,25.02,8942,0
20180919,25.06,25.2097,25.02,25.2,3475,0
20180920,25.02,25.09,25,25.07,1230,0
20180921,25.17,25.2,25.01,25.2,4336,0
20180924,25.2,25.2,25.2,25.2,100,0
20180925,25.15,25.15,25.15,25.15,101,0
20180926,25.14,25.14,25.0101,25.1,2109,0
20180927,24.78,24.78,24.51,24.73,6814,0
20180928,24.75,24.886,24.5,24.5,3875,0
20181001,24.7973,24.85,24.76,24.8499,7302,0
20181002,24.8399,24.8399,24.68,24.68,2543,0
20181003,24.5767,24.8499,24.5767,24.65,3800,0
20181004,24.5,24.7,24.5,24.51,3170,0
20181005,24.52,24.52,24.45,24.47,2059,0
20181008,24.6,24.83,24.6,24.83,2500,0
20181009,24.79,24.79,24.7,24.7,3600,0
20181010,24.59,24.59,24.31,24.4,4653,0
20181011,24.35,24.6105,24.01,24.1788,3390,0
20181012,24.77,24.77,24.4,24.5245,1935,0
20181015,24.6,24.6,24.3595,24.59,2328,0
20181016,24.4892,24.4892,24.055,24.301,3189,0
20181017,24.34,24.3895,24.09,24.3,3910,0
20181018,24.4,24.4004,24.4,24.4004,452,0
20181019,24.3,24.4899,24.3,24.4899,2100,0
20181022,24.3695,24.4,24.3695,24.3995,3807,0
20181023,24,24.4,24,24.2605,3824,0
20181024,24.51,24.51,24.26,24.32,1400,0
20181025,24.26,24.3999,24.25,24.3,1814,0
20181026,24.26,24.26,24.26,24.26,201,0
20181029,24.2,24.2,24.2,24.2,100,0
20181030,24.319,24.319,24.319,24.319,1005,0
20181031,24.507,24.78,24.4,24.4,666,0
20181101,24.6,24.6794,24.6,24.6603,2900,0
20181102,24.68,24.68,24.68,24.68,582,0
20181105,24.7,24.7,24.55,24.58,1845,0
20181106,24.5307,24.7089,24.5307,24.592,5153,0
20181107,24.61,24.695,24.55,24.65,9063,0
20181108,24.65,24.7779,24.65,24.7779,910,0
20181109,24.5601,24.5932,24.3,24.3,6840,0
20181112,24.4496,24.4496,24.39,24.4,4672,0
20181113,24.27,24.4117,24.25,24.4117,6984,0
20181114,24.39,24.4,24.25,24.25,1229,0
20181115,24.45,24.5,24,24.5,2700,0
20181116,24.275,24.35,24.275,24.3,2050,0
20181119,24.2899,24.2899,24,24.14,4314,0
20181120,23.72,24,23.72,23.75,6331,0
20181121,23.95,23.99,23.95,23.99,400,0
20181126,24.03,24.03,23.665,23.665,1089,0
20181127,23.69,23.8907,23.6,23.6,3510,0
20181128,23.602,23.7094,23.34,23.7094,7600,0
20181129,23.46,23.6483,23.3,23.31,14480,0
20181130,23.4,23.8,23.0674,23.0674,14655,0
20181203,23.8,24.03,23.1375,23.73,10736,0
20181204,23.41,24.0999,23.35,23.35,7533,0
20181206,23.35,23.35,23,23.34,7493,0
20181207,23.99,25.34,23.65,24.35,15789,0
20181210,24.3,24.5799,24.01,24.15,10593,0
20181211,24.8287,24.85,24.0981,24.6142,16300,0
20181212,24.8,24.8738,24.73,24.76,15952,0
20181213,24.85,24.9011,24.48,24.82,1775,0
20181214,24.61,24.88,24.48,24.53,7970,0
20181217,24.455,24.455,24.02,24.4,2330,0
20181218,24.4,24.684,24.325,24.53,10128,0
20181219,24.37,24.6,24.25,24.41,1892,0
20181220,24.25,24.65,24.25,24.4,4561,0
20181221,24.1301,24.1301,24.13,24.13,500,0
20181224,24.2802,24.29,24.2802,24.29,463,0
20181226,24.34,24.6773,24.01,24.1,18150,0
20181227,24.13,24.67,23.074,23.75,8800,0
20181228,23.34,23.34,23.34,23.34,238,0
20181231,23.49,23.515,23.25,23.515,5290,0
20190102,23.27,24.14,23.25,24,4522,0
20190103,24,24.2508,23.88,24.25,9097,0
20190104,23.94,24.38,23.94,24.35,1731,0
20190107,24.3,24.72,24.3,24.72,2857,0
20190108,24.72,24.75,24.45,24.72,14788,0
20190109,24.7,24.75,24.67,24.7,13419,0
20190110,24.699,24.7,24.6229,24.7,2500,0
20190111,24.5199,24.55,24.45,24.49,8065,0
20190114,24.4151,24.57,24.3512,24.43,1878,0
20190115,24.4,24.7,24.4,24.7,823,0
20190116,24.5787,24.66,24.25,24.6,3961,0
20190117,24.32,24.5906,24.32,24.54,2625,0
20190118,24.32,24.4216,24.09,24.16,11208,0
20190122,24.28,24.28,24.16,24.24,2510,0
20190123,24.16,24.16,23.96,24,4920,0
20190124,23.97,24.14,23.97,24.14,675,0
20190125,24.055,24.06,24.055,24.06,2126,0
20190128,24.01,24.12,23.8,23.95,11579,0
20190129,23.95,24.1801,23.95,24.03,12158,0
20190130,23.86,24.44,23.86,24.38,3553,0
20190131,24.44,25.61,24.44,25.61,46718,0
20190201,25.35,25.45,25.11,25.15,32733,0
20190204,25,25,25,25,442,0
20190205,25.46,25.89,25.15,25.5,13457,0
20190206,25.23,25.5,25.23,25.5,21201,0
20190207,25.2705,25.2705,25.215,25.2485,3879,0
20190208,25.35,25.36,25.1634,25.35,12214,0
20190211,25.5,25.75,25.5,25.73,3140,0
20190212,25.465,25.4799,25.46,25.46,1637,0
20190213,25.3,25.45,25.3,25.3278,8305,0
20190214,25.15,25.52,25.15,25.52,6637,0
20190215,25.45,25.49,25.3,25.3001,1168,0
20190220,25.73,25.8,25.3967,25.58,7787,0
20190221,25.501,25.58,25.5,25.5,13800,0
20190222,25.39,25.52,25.34,25.52,3955,0
20190225,25.69,25.75,25.4837,25.75,4216,0
20190226,25.74,25.75,25.415,25.66,12748,0
20190227,25.65,25.69,25.435,25.64,2246,0
20190228,25.65,25.75,25.13,25.55,67492,0
20190301,25.52,25.75,25.32,25.75,3767,0
20190304,25.66,25.705,25.6123,25.66,2050,0
20190305,25.53,25.63,25.4,25.58,1961,0
20190306,25.48,25.48,25.239,25.4,5394,0
20190307,25.61,25.61,25.47,25.47,1111,0
20190308,25.61,25.71,25.38,25.68,2773,0
20190311,25.51,25.75,25.51,25.75,920,0
20190312,25.66,25.79,25.6,25.6,7121,0
20190313,25.79,25.87,25.54,25.86,4254,0
20190314,25.6293,25.85,25.6293,25.85,3150,0
20190315,25.8,25.9,25.6921,25.76,16628,0
20190318,25.88,25.88,25.86,25.88,1184,0
20190319,25.78,25.9,25.78,25.85,1761,0
20190320,25.9,25.9,25.8,25.8,500,0
20190321,25.72,25.81,25.25,25.3,54225,0
20190322,25.3,25.7421,25.3,25.4447,1935,0
20190325,25.662,25.662,25.43,25.58,2302,0
20190326,25.59,25.77,25.5852,25.76,4351,0
20190327,25.745,25.85,25.6691,25.85,6782,0
20190328,25.63,25.83,25.63,25.76,11629,0
20190329,25.6291,25.84,25.6101,25.74,44353,0
20190401,25.61,25.61,25.61,25.61,289,0
20190402,25.26,25.64,25.26,25.56,5639,0
20190403,25.5,25.5639,25.48,25.48,6197,0
20190404,25.5,25.62,25.5,25.62,999,0
20190405,25.57,25.5948,25.51,25.51,6213,0
20190408,25.43,25.59,25.43,25.4314,2886,0
20190409,25.58,25.58,25.56,25.56,540,0
20190410,25.46,25.48,25.41,25.4101,4432,0
20190411,25.48,25.48,25.4681,25.4681,312,0
20190412,25.47,25.5999,25.24,25.24,8284,0
20190415,25.25,25.355,25.19,25.235,10814,0
20190416,25.33,25.33,25.19,25.21,9469,0
20190417,25.19,25.22,25.18,25.18,12221,0
20190418,25.2,25.2,25.12,25.12,3799,0
20190422,25.14,25.25,25.1,25.25,5291,0
20190423,25.25,25.3,25.13,25.3,3814,0
20190424,25.3,25.31,25.191,25.31,5243,0
20190425,25.21,25.31,25.21,25.25,2331,0
20190429,25.21,25.21,25,25.175,143929,0
20190430,25.15,25.22,25.03,25.15,55878,0
20190501,25.04,25.2,25,25.19,10164,0
20190502,25.2,25.2,25.08,25.15,6004,0
20190503,25.07,25.08,25.07,25.07,1380,0
20190506,25.1,25.1,24.96,25,28171,0
20190507,25.01,25.01,25.01,25.01,101,0
20190508,25.1,25.1,25.07,25.07,9000,0
20190509,25.1,25.1,25.1,25.1,2010,0
20190510,25.04,25.18,25.04,25.17,8999,0
20190513,25.1121,25.16,25.1121,25.16,746,0
20190514,25.18,25.18,25.0934,25.14,1564,0
20190515,25.18,25.3,25.18,25.3,2068,0
20190516,25.3237,25.39,25.3237,25.39,1808,0
20190517,25.1903,25.39,25.1903,25.39,1608,0
20190520,25.3795,25.39,25.3174,25.39,2519,0
20190521,25.39,25.39,25.38,25.38,1436,0
20190522,25.35,25.39,25.3,25.39,44920,0
20190523,25.37,25.38,25.32,25.38,5908,0
20190524,25.37,25.43,25.37,25.43,1201,0
20190528,25.43,25.43,25.33,25.37,5276,0
20190529,25.38,25.49,25.38,25.44,5671,0
20190530,25.49,25.49,25.48,25.49,792,0
20190531,25.45,25.55,25.37,25.4,47872,0
20190603,25.35,25.43,25.31,25.43,2174,0
20190604,25.4475,25.45,25.41,25.41,1526,0
20190605,25.35,25.48,25.35,25.48,347,0
20190606,25.55,25.59,25.4,25.4,6898,0
20190607,25.5,25.5499,25.5,25.5499,1520,0
20190610,25.48,25.57,25.47,25.47,2859,0
20190611,25.4,25.56,25.4,25.51,6351,0
20190612,25.49,25.49,25.44,25.44,1748,0
20190613,25.41,25.48,25.41,25.48,464,0
20190614,25.4198,25.55,25.41,25.55,95305,0
20190617,25.46,25.54,25.43,25.48,1140,0
20190618,25.44,25.5,25.3,25.3,16249,0
20190619,25.32,25.57,25.32,25.47,1734,0
20190620,25.6,25.6,25.5,25.51,3500,0
20190621,25.58,25.58,25.43,25.47,1139,0
20190624,25.4727,25.57,25.4727,25.52,2176,0
20190625,25.543,25.55,25.543,25.55,799,0
20190626,25.6,25.6,25.57,25.58,2229,0
20190627,25.17,25.36,25.17,25.33,3276,0
20190628,25.34,25.51,25.24,25.46,42395,0
20190701,25.4084,25.4084,25.205,25.21,1520,0
20190702,25.38,25.4551,25.17,25.4551,3403,0
20190703,25.18,25.57,25.165,25.3007,1699,0
20190705,25.39,25.5469,25.39,25.44,8710,0
20190708,25.4,25.44,25.285,25.285,4900,0
20190709,25.3,25.3,25.24,25.24,1727,0
20190710,25.33,25.45,25.17,25.17,13893,0
20190711,25.16,25.16,25.09,25.14,10256,0
20190712,25.2,25.3,25.09,25.29,9915,0
20190715,25.3,25.3,25.17,25.28,1116,0
20190716,25.2914,25.2951,25.2914,25.2951,608,0
20190717,25.2895,25.43,25.18,25.35,7989,0
20190718,25.43,25.65,25.22,25.65,5679,0
20190719,25.5401,25.75,25.54,25.75,3832,0
20190722,25.75,25.83,25.7,25.83,8275,0
20190723,25.6492,25.88,25.6492,25.85,2002,0
20190724,25.85,25.89,25.71,25.89,5875,0
20190725,25.88,25.99,25.88,25.97,12016,0
20190726,25.81,25.93,25.755,25.88,7535,0
20190729,25.71,25.89,25.5833,25.89,2212,0
20190730,25.75,26,25.75,26,3508,0
20190731,25.727,26.05,25.727,25.9,59944,0
20190801,25.62,26.0292,25.1979,25.44,9329,0
20190802,25.457,25.48,25.45,25.45,1981,0
20190805,25.33,25.33,25.32,25.32,1494,0
20190806,25.08,25.2005,25.05,25.2005,2993,0
20190807,25.05,25.15,25.05,25.15,2112,0
20190808,25.2693,25.2693,25.2,25.2,1174,0
20190809,25.227,25.227,25.227,25.227,305,0
20190812,25.2097,25.21,25.2097,25.21,940,0
20190813,25.2,25.299,25.2,25.29,1828,0
20190814,25.17,25.275,25.03,25.15,8160,0
20190815,25.2373,25.24,25.2373,25.24,893,0
20190816,25.24,25.39,25.24,25.39,1366,0
20190819,25.2903,25.38,25.27,25.34,1150,0
20190820,25.3914,25.3914,25.2222,25.32,10353,0
20190821,25.34,25.3651,25.23,25.34,21695,0
20190822,25.3356,25.4,25.3327,25.4,2184,0
20190823,25.39,25.43,25.39,25.41,1224,0
20190826,25.2729,25.45,25.2729,25.45,1876,0
20190827,25.46,25.5,25.46,25.49,3188,0
20190828,25.425,25.58,25.38,25.58,2396,0
20190829,25.7,25.7,25.5359,25.6,4664,0
20190830,25.55,25.9,25.53,25.66,45604,0
20190903,25.58,25.5956,25.52,25.52,991,0
20190904,25.8,25.8042,25.6717,25.8042,8052,0
20190905,25.8,25.95,25.8,25.95,1792,0
20190906,25.82,25.94,25.816,25.94,4533,0
20190909,25.91,25.91,25.91,25.91,563,0
20190910,25.7319,25.7788,25.7319,25.775,1651,0
20190911,25.79,25.885,25.58,25.78,6630,0
20190912,25.5,25.95,25.5,25.89,8120,0
20190913,25.761,25.77,25.5,25.58,4642,0
20190916,25.51,25.576,25.51,25.54,4780,0
20190917,25.5444,25.71,25.5,25.65,2595,0
20190918,25.524,25.63,25.52,25.63,1797,0
20190919,25.83,25.93,25.76,25.93,3215,0
20190920,25.82,26.06,25.82,26.06,40080,0
20190923,25.82,26.06,25.8187,26.06,4439,0
20190924,26.01,26.06,26,26.06,1802,0
20190925,25.95,26.041,25.95,26.04,5334,0
20190926,25.95,25.95,25.95,25.95,971,0
20190927,25.8,25.8322,25.51,25.78,28694,0
20190930,25.75,26.1,25.75,25.84,44748,0
20191001,25.64,25.94,25.51,25.94,1399,0
20191002,25.62,25.68,25.51,25.62,2060,0
20191003,25.42,25.53,25.4,25.47,1965,0
20191004,25.45,25.45,25.45,25.45,105,0
20191007,25.6,25.62,25.6,25.6,850,0
20191008,25.53,25.53,25.53,25.53,260,0
20191009,25.53,25.57,25.53,25.57,677,0
20191010,25.86,25.97,25.62,25.82,8884,0
20191011,25.8,25.98,25.7601,25.86,1523,0
20191014,26,26,25.47,26,1908,0
20191015,26,26,25.56,25.95,6026,0
20191016,25.8724,25.995,25.8724,25.945,2894,0
20191017,25.99,26,25.865,25.91,2067,0
20191021,26.17,26.19,25.91,25.95,6797,0
20191022,25.94,26.035,25.71,26.03,13826,0
20191023,25.85,26.03,25.85,25.96,2775,0
20191024,25.8416,26.01,25.79,25.94,1499,0
20191025,25.51,25.96,25.51,25.8601,1994,0
20191028,25.4475,25.74,25.4475,25.693,1601,0
20191029,25.76,25.76,25.72,25.72,1185,0
20191030,25.72,25.85,25.7,25.785,9069,0
20191031,25.85,25.85,25.58,25.79,39674,0
20191104,25.8278,25.86,25.8,25.8,1236,0
20191105,25.75,25.75,25.5363,25.57,4706,0
20191106,25.47,25.55,25.47,25.55,4936,0
20191107,25.51,25.51,25.36,25.36,23547,0
20191108,25.27,25.3963,25.2,25.221,30754,0
20191111,25.26,25.26,24.825,24.84,12381,0
20191112,24.94,25.27,24.94,25.15,11332,0
20191113,25.17,25.2717,25.162,25.27,5542,0
20191114,25.23,25.24,25.2026,25.22,14291,0
20191115,25.23,25.305,25.15,25.16,5352,0
20191118,25.18,25.22,25.15,25.2,15427,0
20191119,25.1737,25.18,25.065,25.17,20571,0
20191120,25.26,25.2758,25.15,25.15,11066,0
20191121,25.21,25.241,25.15,25.15,13453,0
20191122,25.1,25.1796,25.1,25.11,6558,0
20191125,25.18,25.27,25.17,25.17,13643,0
20191126,25.1951,25.2,25.1397,25.15,5880,0
20191127,25.16,25.16,25.16,25.16,980,0
20191129,25.181,25.29,25.181,25.29,7659,0
20191202,25.286,25.286,25.286,25.286,409,0
20191203,25.17,25.2857,25.117,25.161,5765,0
20191204,25.18,25.25,25.1777,25.23,13122,0
20191205,25.17,25.255,25.17,25.22,29659,0
20191206,25.28,25.28,25.13,25.27,215465,0
20191209,25.18,25.2798,25.17,25.2635,13367,0
20191210,25.25,25.292,25.25,25.25,1671,0
20191211,25.28,25.3,25.28,25.2907,3761,0
20191212,25.25,25.29,25.25,25.25,10987,0
20191213,25.2697,25.36,25.265,25.36,4756,0
20191216,25.4,25.54,25.36,25.54,3418,0
20191217,25.5274,25.54,25.45,25.4585,11929,0
20191218,25.38,25.5516,25.38,25.5,2760,0
20191219,25.56,25.75,25.56,25.73,22107,0
20191220,25.67,25.67,25.67,25.67,282,0
20191223,25.61,25.61,25.51,25.59,8610,0
20191224,25.68,25.69,25.53,25.69,836,0
20191226,25.6416,25.675,25.6058,25.6239,5002,0
20191227,25.6551,25.7,25.59,25.59,4862,0
20191230,25.378,25.445,25.19,25.2,17015,0
20191231,25.3708,25.4,25.3049,25.4,2146,0
20200102,25.4,25.47,25.38,25.42,33595,0
20200103,25.6135,25.703,25.605,25.605,4960,0
20200106,25.45,25.7,25.37,25.58,3357,0
20200107,25.47,25.65,25.46,25.65,3357,0
20200108,25.67,25.695,25.67,25.695,2487,0
20200109,25.75,25.75,25.44,25.44,4505,0
20200110,25.57,25.69,25.54,25.69,1684,0
20200113,25.84,25.84,25.7405,25.76,1230,0
20200114,25.6,25.82,25.6,25.7148,2149,0
20200115,25.79,25.79,25.71,25.72,548,0
20200116,25.658,25.725,25.56,25.57,2430,0
20200117,25.54,25.54,25.45,25.47,3312,0
20200121,25.52,25.52,25.47,25.47,837,0
20200122,25.5,25.5,25.47,25.47,2220,0
20200123,25.46,25.5112,25.45,25.5009,1352,0
