Date,Open,High,Low,Close,Volume,OpenInt
20171117,14.9,15,13,13,15612197,0
20171120,13.24,14.01,12.82,13.09,2395727,0
20171121,12.99,13.8395,12.99,13.57,1622703,0
20171122,13.65,15.11,13.65,15.1,1554938,0
20171124,15.3,15.999,14.91,15.8,1714351,0
20171127,15.92,16.36,15,15.56,1321393,0
20171128,15.42,15.89,14.6,14.78,939840,0
20171129,14.67,14.74,14.11,14.35,794899,0
20171130,14.25,15.13,14.25,14.7,450068,0
20171201,14.69,15.78,14.415,15.04,714530,0
20171204,15.22,15.4502,14.45,14.71,636468,0
20171205,14.65,15.0395,14.55,14.66,689246,0
20171206,14.44,14.9199,14.3702,14.78,280732,0
20171207,14.67,15.96,14.67,15.83,452681,0
20171208,15.85,16.23,15,15.44,448702,0
20171211,15.37,15.5,14.58,14.83,431993,0
20171212,14.8,15.3,14.5,14.81,1124397,0
20171213,14.79,15.185,14.7,14.87,400456,0
20171214,14.78,14.9984,13.775,14.64,495020,0
20171215,14.54,14.595,14.3,14.34,423587,0
20171218,14.55,14.5999,13.92,14.39,365348,0
20171219,14.27,14.63,13.92,14.31,459015,0
20171220,14.37,14.98,14.27,14.3,223892,0
20171221,14.33,14.84,14.25,14.67,351378,0
20171222,14.56,14.98,14.5401,14.8,279493,0
20171226,14.66,15.152,14.66,14.74,162202,0
20171227,14.82,15.03,14.75,14.85,86981,0
20171228,14.91,15.18,14.84,15.02,107691,0
20171229,15.1,15.14,14.42,14.5,184020,0
20180102,14.49,15,14.17,14.36,363378,0
20180103,14.39,14.76,14,14.6,314873,0
20180104,14.7,14.79,14.2437,14.38,269187,0
20180105,14.5,14.75,14.315,14.65,232987,0
20180108,14.74,15.28,14.58,15.21,206160,0
20180109,15.3,15.41,14.715,15.11,173953,0
20180110,14.93,15.75,14.8,15.62,292167,0
20180111,15.6,16.13,15.35,16.09,269778,0
20180112,16.07,16.5,15.8,16.45,200475,0
20180116,16.45,16.8615,15.32,15.54,309879,0
20180117,15.53,16.26,15.5,16.1,152120,0
20180118,16.16,16.39,15.62,15.73,189328,0
20180119,15.69,16.1,15.58,15.78,227668,0
20180122,15.83,16.4,15.83,16.12,166171,0
20180123,16,17.44,15.84,17.01,459368,0
20180124,17.13,17.75,17.1,17.37,506595,0
20180125,17.42,17.569,16.77,17.05,208035,0
20180126,17.15,17.51,16.7,17.49,161543,0
20180129,17.51,17.64,17.27,17.42,130486,0
20180130,17.28,17.3428,16.83,16.92,172217,0
20180131,16.95,17.215,15.615,16.73,460876,0
20180201,16.73,16.73,15.5114,15.87,312590,0
20180202,15.78,15.78,15.04,15.2,237682,0
20180205,15.09,15.58,15,15.19,326610,0
20180206,14.9,15.74,14.86,15.66,266376,0
20180207,15.9,16.26,15.53,15.97,391508,0
20180208,15.93,15.94,15.12,15.13,207126,0
20180209,15.36,15.88,15.28,15.66,329994,0
20180212,15.66,15.74,15.24,15.45,240128,0
20180213,15.42,15.95,15.39,15.88,149766,0
20180214,15.81,16.29,15.65,16.02,226978,0
20180215,16.2,16.33,15.84,16.1,195237,0
20180216,16,16.3,15.95,16.3,247786,0
20180220,17.45,17.75,17.45,17.45,459277,0
20180221,17.43,18.69,17.16,17.92,598648,0
20180222,19.82,20.36,18.35,19.97,1755585,0
20180223,20.02,20.48,19.36,20.42,746348,0
20180226,20.48,21.36,20.25,20.7,592704,0
20180227,20.69,21.1,20.19,20.85,385913,0
20180228,20.94,22.13,20.911,21.02,611068,0
20180301,21.1,22.3,20.8,21.68,759544,0
20180302,21.52,23.01,21.33,22.91,918671,0
20180305,22.87,23.06,22.0809,22.55,633905,0
20180306,22.76,23.93,22.7,23.08,630377,0
20180307,22.96,23.4117,21.75,21.89,558877,0
20180308,22,23.3,21.85,22.99,903454,0
20180309,23.4,23.55,22.27,22.81,589360,0
20180312,22.83,23.13,21.75,21.95,693668,0
20180313,22.08,22.75,21.84,22.22,519474,0
20180314,22.24,22.62,21.69,21.94,545432,0
20180315,21.94,22.25,21.5,21.6,629242,0
20180316,21.32,22.22,21.19,22.12,3261205,0
20180319,22.21,22.29,19.83,20.52,1405636,0
20180320,20.46,21.27,20.22,21.11,571181,0
20180321,21.11,21.54,20.88,21.26,575264,0
20180322,21.05,21.84,20.6,21.21,385259,0
20180323,21.17,21.2099,19.96,20.01,576939,0
20180326,20.86,21.23,20.05,21.09,960129,0
20180327,21.3,21.49,19.88,20.14,568665,0
20180328,20.18,20.2805,19.5,19.98,487535,0
20180329,20.21,20.81,19.8301,20.69,373821,0
20180402,20.6,20.77,19.7,19.95,448037,0
20180403,20.15,20.86,19.72,20.81,479673,0
20180404,20.3,20.465,19.925,20.41,406072,0
20180405,20.67,21.2199,20.44,20.89,524434,0
20180406,20.77,20.89,20.2,20.39,299827,0
20180409,20.6,20.99,20.35,20.42,238148,0
20180410,20.73,20.9828,20.5,20.83,278855,0
20180411,20.68,22.95,20.65,22.65,1156701,0
20180412,22.65,23.05,22,22.71,783749,0
20180413,22.88,23,22.11,22.53,420883,0
20180416,22.65,22.77,21.93,22.32,612561,0
20180417,22.54,24.93,22.355,24.61,1541714,0
20180418,24.73,25.2085,23.3,23.95,1122104,0
20180419,24.06,24.59,23.61,24.02,626765,0
20180420,24.1,24.498,23.03,23.64,562544,0
20180423,23.75,24.4469,23.75,24.2,679763,0
20180424,24.49,25.8,24.4072,24.75,1558178,0
20180425,24.74,25.09,22.51,23.81,1318495,0
20180426,23.79,24.83,23.53,24.24,455280,0
20180427,24.5,25.699,23.8275,23.97,592372,0
20180430,24.13,24.5376,23.9,24.09,385061,0
20180501,24,24.27,23.53,23.9,484939,0
20180502,23.9,25.2,23.9,24.77,448797,0
20180503,24.66,25,23.18,24.27,696210,0
20180504,24.44,25.6199,23.92,25.17,618966,0
20180507,25.8,26.9155,25.4,25.48,870764,0
20180508,25.8,25.8525,24.36,24.94,1087820,0
20180509,25.2,26.07,24.5,25.8,1270543,0
20180510,24.99,25.07,22.27,23.07,2259966,0
20180511,22.93,23.8,22.78,23.27,932985,0
20180514,23.29,24.41,22.66,22.72,847754,0
20180515,22.58,22.855,22.21,22.75,646210,0
20180516,22.1,23.7,22.09,22.64,1570901,0
20180517,22.75,22.99,22,22.34,974905,0
20180518,22.17,22.97,21.551,22.59,1000953,0
20180521,22.72,22.9,22.02,22.44,753272,0
20180522,21.39,22.1001,21.17,22.02,2070865,0
20180523,22.33,23.58,22.06,23.3,1634052,0
20180524,23.17,24.08,22.92,23.81,12262586,0
20180525,23.88,24.87,23.64,24.57,2435551,0
20180529,24.44,25.25,24.44,25.07,3968990,0
20180530,25.85,26.6,24.95,25.05,1921642,0
20180531,25.07,26.4,24.6,26.09,2077892,0
20180601,26.09,26.42,25.6175,25.85,2500967,0
20180604,26.17,26.88,25.94,26.4,1351826,0
20180605,26.57,26.92,26.36,26.89,1409061,0
20180606,27,27.55,26.7,27.17,752355,0
20180607,27.44,27.44,26.14,26.94,1134549,0
20180608,26.75,27.73,26.52,27.44,775290,0
20180611,27.35,28.17,27.04,27.96,746843,0
20180612,27.91,28.67,27.89,28.57,730559,0
20180613,28.73,28.87,28.01,28.23,568076,0
20180614,28.87,28.94,28.1,28.15,661751,0
20180615,27.86,27.91,27.01,27.48,1172245,0
20180618,27.39,27.9,26.64,27.32,808997,0
20180619,27.1,27.31,25.93,27.11,952705,0
20180620,27.14,27.59,26.9614,27.2,495386,0
20180621,27.4,27.455,25.95,26.38,761935,0
20180622,26.31,26.41,25,25.48,1651806,0
20180625,25.29,25.3599,23.64,23.97,1374074,0
20180626,24.13,25.3,23.92,25.2,1135035,0
20180627,25.32,25.53,24.115,24.18,737115,0
20180628,24.17,24.9,23.9,24.86,637313,0
20180629,25.1,25.24,24.32,24.54,513663,0
20180702,24.36,24.99,23.76,24.99,479566,0
20180703,25.05,25.84,24.87,25.22,602919,0
20180705,25.37,25.96,25.15,25.88,732357,0
20180706,25.94,26.57,25.73,26.35,632943,0
20180709,26.5,26.88,25.1641,26.04,767804,0
20180710,26.12,26.44,25.765,25.88,482317,0
20180711,25.52,26.22,25.02,25.77,296301,0
20180712,25.94,27.31,25.75,27.23,654698,0
20180713,27.17,27.72,26.64,27.6,525273,0
20180716,27.6,27.6,26.98,27.43,608589,0
20180717,27.16,28.53,26.9352,28.43,587995,0
20180718,28.43,29.16,28.25,28.33,881608,0
20180719,28.25,28.5,27.41,27.43,400194,0
20180720,27.5,27.605,26.96,27.13,402815,0
20180723,27.08,27.89,26.68,27.79,385096,0
20180724,28.03,28.0727,26.875,27.44,449609,0
20180725,27.41,28.6,27.2176,28.25,499757,0
20180726,28.13,28.41,27.5901,28.04,302596,0
20180727,28.18,28.23,25.99,26.06,978340,0
20180730,25.86,26.21,24.3327,24.86,661200,0
20180731,23.56,24.48,22.92,24.09,1572684,0
20180801,24.19,25.33,24.165,25.15,559903,0
20180802,25.01,25.66,24.74,25.48,495995,0
20180803,25.66,25.66,24.41,25.25,383699,0
20180806,25.26,26.03,25.195,25.9,479690,0
20180807,26.02,26.9,25.76,26.01,805835,0
20180808,26.2,26.48,25.5,25.83,1166229,0
20180809,29.4,30.39,27.69,29.2,3560378,0
20180810,28.98,29.35,27.71,28.83,731246,0
20180813,29,29.72,28.08,28.42,581616,0
20180814,27.71,29.27,27.5,28.86,1047757,0
20180815,28.74,28.99,27.6607,28.64,971497,0
20180816,28.05,28.68,27.77,28.33,8632930,0
20180817,28.39,29.28,27.95,29.04,3233131,0
20180820,29.25,29.4979,28.47,29.02,3899221,0
20180821,29.04,29.6,28.64,29.04,1720186,0
20180822,29.05,30.13,29.01,29.85,1810381,0
20180823,29.85,30.89,29.85,30.02,1392208,0
20180824,30.12,31.29,30.12,31.17,1955774,0
20180827,31.51,31.8399,29.91,30.55,1378356,0
20180828,30.7,31.01,30.02,30.51,804317,0
20180829,30.75,30.98,30.1,30.45,1230443,0
20180830,30.64,31.19,30.1,30.2,729266,0
20180831,30.2,30.94,29.96,30.93,946972,0
20180904,30.81,31.85,30.44,31.67,1286425,0
20180905,31.57,31.67,29.52,30.8,1152904,0
20180906,30.9,31.04,29.87,30.97,611309,0
20180907,31.1,32.396,30.45,31.62,1254489,0
20180910,31.8,32.58,31.38,32.34,845115,0
20180911,32.1,33.4,32.05,33.11,1083764,0
20180912,33.14,33.45,32.425,33.11,971479,0
20180913,33.26,33.63,32.84,33.19,667223,0
20180914,33.16,33.53,32.48,32.66,774876,0
20180917,32.52,32.81,31.5,31.66,1043417,0
20180918,31.51,32.38,31.19,31.67,795016,0
20180919,31.7,32.05,30.55,31.3,692530,0
20180920,31.29,32.67,31,32.45,1214367,0
20180921,32.61,33.04,31.57,32.94,4518093,0
20180924,32.48,33.39,31.62,33.11,668782,0
20180925,33.09,34.32,32.7309,34.09,944222,0
20180926,34.26,34.604,33.31,33.42,1004996,0
20180927,33.73,34.28,33.13,33.37,626718,0
20180928,33.46,34.06,33.075,34.02,618234,0
20181001,34.3,34.57,33.1064,33.2,694721,0
20181002,33.17,33.85,31.84,32.12,731098,0
20181003,32.35,32.75,31.86,32.28,707664,0
20181004,32.3,32.3,29.89,30.28,1504679,0
20181005,30.28,31.26,29.54,30.16,1070164,0
20181008,29.9,30.07,28.04,28.82,1252022,0
20181009,28.56,29.56,27.8225,28.01,1082719,0
20181010,28.07,28.16,26.3,26.4,2113945,0
20181011,26.12,28.07,25.5001,26.1,1671599,0
20181012,27.18,27.99,26.82,27.56,1337568,0
20181015,27.19,27.57,26.57,27.07,1318662,0
20181016,27.73,28.74,27.37,28.62,897855,0
20181017,28.67,28.82,27.63,28.8,573021,0
20181018,28.4,28.51,27.76,27.98,637277,0
20181019,28.08,28.255,25.9,26.03,1174111,0
20181022,26.39,26.54,25.81,26.32,998195,0
20181023,25.7,26.33,25.54,26.1,868284,0
20181024,26.06,26.39,23.85,23.85,1844335,0
20181025,24.03,25.1,23.82,24.58,1616990,0
20181026,23.85,24.33,23.13,23.45,1411557,0
20181029,24.21,24.59,23.17,23.68,1362984,0
20181030,23.52,24.68,23.02,24.5,947775,0
20181031,25.34,26.21,24.97,26.04,1488945,0
20181101,26.31,26.33,25.385,26.02,845853,0
20181102,26.1,26.56,25.57,25.72,532656,0
20181105,25.9,25.9,24.78,25.63,835215,0
20181106,25.37,26.03,25.14,25.29,664884,0
20181107,25.65,27.42,25.18,27.1,1804549,0
20181108,24.95,27.83,24.44,26.22,3243102,0
20181109,26.25,26.25,25,25.45,796442,0
20181112,25.31,25.4211,23.53,24.3,742395,0
20181113,25.29,26.09,24.63,24.95,894049,0
20181114,25.37,26.65,25.27,26.13,1594002,0
20181115,26.03,27.27,25.86,27.2,1160938,0
20181116,26.88,27.49,26.47,27,701686,0
20181119,26.93,27.18,23.62,23.66,1415338,0
20181120,22.37,24.46,22.37,23.92,1068576,0
20181121,24.31,24.74,23.8101,24.56,646539,0
20181123,24.23,25.14,24.021,24.77,255339,0
20181126,25.12,25.4399,24.75,24.96,577386,0
20181127,24.68,25.15,24.13,24.25,491921,0
20181128,24.64,25.32,23.99,25.25,1041145,0
20181129,25.05,25.5,24.84,24.87,737502,0
20181130,24.97,26.11,24.805,26.03,780241,0
20181203,26.86,27.4,25.87,26.14,1663863,0
20181204,25.9,26.2,24.26,24.54,1244445,0
20181206,25.59,25.63,23.59,25.59,1152028,0
20181207,25.48,25.74,23.54,23.95,823753,0
20181210,23.83,25.03,23.83,24.86,1460183,0
20181211,25.34,25.5,24.19,24.48,621887,0
20181212,24.93,25.71,24.7567,25.03,799484,0
20181213,25.22,25.57,24.5001,24.77,631206,0
20181214,24.3,25.025,24.16,24.32,616913,0
20181217,24.03,24.26,22.11,22.52,1598276,0
20181218,23,23.31,22.45,22.68,1263518,0
20181219,22.77,24.11,22.4,23.37,1514316,0
20181220,23.36,23.84,21.83,22.67,1391618,0
20181221,22.6,22.6,21.09,21.38,3402934,0
20181224,21,21.61,20.55,21.41,488694,0
20181226,21.53,23.01,21.47,22.94,1044597,0
20181227,22.51,23.47,22.22,23.45,695591,0
20181228,23.58,23.82,22.72,23.22,604645,0
20181231,23.53,23.53,22.76,23.49,569909,0
20190102,23.14,24.11,22.99,23.87,939492,0
20190103,23.46,23.8187,22.74,22.77,622078,0
20190104,23.2,24.3,22.99,24.05,703289,0
20190107,24.26,25.16,24.1,25.07,664218,0
20190108,25.61,25.75,24.93,25.59,556687,0
20190109,25.75,25.95,25.395,25.65,826746,0
20190110,25.38,25.85,25.12,25.77,757249,0
20190111,25.61,26.14,25.3,26,621638,0
20190114,25.43,26.05,25.386,25.79,796834,0
20190115,26.24,26.28,25.42,26.24,1026135,0
20190116,26.35,26.85,25.63,26.16,667476,0
20190117,26,27.08,25.35,26.68,716000,0
20190118,27.15,27.31,26.29,26.65,692043,0
20190122,26.37,26.47,25.85,26.4,871551,0
20190123,26.67,27.07,26.1,26.41,401009,0
20190124,26.45,26.74,26.37,26.57,346787,0
20190125,26.84,27.26,26.56,27.23,461320,0
20190128,26.73,27.74,26.58,27.6,811796,0
20190129,27.53,27.68,27.05,27.5,683326,0
20190130,27.7,27.8,27.2,27.79,459436,0
20190131,27.73,28.9,27.73,28.55,1141498,0
20190201,28.51,29.54,28.51,29.5,907420,0
20190204,29.5,30.61,29.45,30.35,1376541,0
20190205,30.45,31.04,30.19,30.41,1134044,0
20190206,30.55,30.57,29.5,30.31,569714,0
20190207,29.87,30.5,29.61,29.91,618276,0
20190208,29.74,30.75,29.6979,30.66,582577,0
20190211,30.75,31.32,30.59,30.97,852658,0
20190212,31.23,31.93,30.9,31.58,1157310,0
20190213,31.69,31.8647,31,31.12,780302,0
20190214,30.96,32.15,30.69,32.05,2493095,0
20190215,32.13,32.25,31.46,31.69,1182301,0
20190219,31.75,32.16,31.46,31.48,2071965,0
20190220,31.55,31.5739,30.51,30.59,1941241,0
20190221,30.23,31.02,29.39,30.48,1519513,0
20190222,30.39,30.59,29.635,29.93,1116114,0
20190225,30.07,30.26,29.57,29.8,1006956,0
20190226,29.73,30.4,29.55,30.16,839740,0
20190227,30.07,31.15,30.07,30.84,835099,0
20190228,30.66,31.16,30.44,30.84,1203941,0
20190301,31.28,31.76,30.85,31.25,1296794,0
20190304,31.5,31.94,28.96,30.01,1801308,0
20190305,30.02,30.43,29.6,29.62,1739219,0
20190306,29.32,29.32,27.12,27.54,3390340,0
20190307,27.59,27.89,26.85,27.16,1391954,0
20190308,26.74,27.43,26.19,27.36,1116205,0
20190311,27.61,28.68,27.53,28.46,1081275,0
20190312,28.5,29.11,27.98,28.87,993318,0
20190313,28.93,29.61,28.48,28.55,1000538,0
20190314,28.61,29.32,28.44,28.99,824061,0
20190315,28.98,29.45,28.63,28.88,1517282,0
20190318,28.82,29.26,28.5665,28.89,1025371,0
20190319,29.09,29.39,28.68,28.8,1312519,0
20190320,28.8,29.99,28.8,29.62,1664494,0
20190321,29.53,30.41,29.4,30.38,720577,0
20190322,30.11,30.49,29.03,29.19,1353944,0
20190325,29.19,29.19,27.94,28.8,1147613,0
20190326,29.23,29.37,28.26,28.75,767386,0
20190327,28.61,28.63,27.2,27.75,1021924,0
20190328,27.86,28.38,27.61,28.18,746673,0
20190329,28.49,28.89,27.95,28.72,1047485,0
20190401,29.06,29.24,28.63,29.16,783109,0
20190402,29.24,29.24,28.6278,28.95,754529,0
20190403,29.09,29.2,28.7,28.75,740925,0
20190404,28.62,28.8,27.27,27.65,1092812,0
20190405,27.75,28.16,27.5285,27.87,767440,0
20190408,27.75,28.26,27.2,27.65,877955,0
20190409,27.51,27.89,27.43,27.5,515575,0
20190410,27.51,28.04,27.37,27.86,413040,0
20190411,28,28.05,27.42,27.94,343645,0
20190412,28.18,28.33,27.81,28.04,334097,0
20190415,28.12,28.5,27.91,28.04,682790,0
20190416,28.22,28.35,27.77,27.98,1019667,0
20190417,28.14,28.2999,27.08,27.56,906824,0
20190418,27.32,27.53,26.363,27.15,780375,0
20190422,26.9,27.69,26.84,27.45,594958,0
20190423,27.62,28.415,27.57,28.16,1145346,0
20190424,28.2,28.2,27.35,27.66,1359643,0
20190425,27.85,28.2,27.59,27.96,849422,0
20190426,27.9,28.63,27.79,28.31,424299,0
20190429,28.41,28.86,28.17,28.17,578286,0
20190430,28.21,28.84,28.0761,28.26,754451,0
20190501,28.4,28.4,27.6,27.62,1273732,0
20190502,27.6,28.06,27.22,27.95,619136,0
20190503,28,28.5,27.99,28.5,519548,0
20190506,27.94,28.6,27.61,28.46,623081,0
20190507,28.13,28.6,27.35,27.98,795551,0
20190508,28.03,28.14,27.2,27.33,1490461,0
20190509,19.45,21,18.95,19.25,10080560,0
20190510,19.05,19.99,18.48,19.74,2011624,0
20190513,19.05,19.21,18,18.56,1790935,0
20190514,18.69,19.05,18.58,18.61,1113525,0
20190515,18.34,19.3,18.3,19,1489241,0
20190516,19.1,19.72,18.86,19.48,1781110,0
20190517,19.23,19.54,18.89,19.18,1361633,0
20190520,18.9,19.14,18.58,19.03,1226907,0
20190521,19.17,19.41,18.76,19.11,1850690,0
20190522,18.99,19.24,18.85,18.86,940678,0
20190523,18.52,18.689,18.12,18.48,3746571,0
20190524,18.57,18.66,18.2,18.37,740486,0
20190528,18.4,18.7,17.995,18.05,1359672,0
20190529,17.92,18.24,17.6,17.64,1064453,0
20190530,17.58,17.95,17.41,17.79,814866,0
20190531,17.48,17.87,17.365,17.57,863191,0
20190603,17.53,17.5307,16.84,17.04,1960417,0
20190604,17.24,17.35,16.96,17.24,1130184,0
20190605,17.4,17.551,17.06,17.25,806630,0
20190606,17.3,17.36,16.63,17.04,2682007,0
20190607,17.05,17.54,17,17.4,1838531,0
20190610,17.64,18.14,17.48,17.56,1695094,0
20190611,17.69,17.8,16.81,17.19,1287542,0
20190612,17.24,17.76,17.21,17.61,986769,0
20190613,17.68,18.47,17.68,18.41,1540330,0
20190614,18.36,18.72,18.2,18.61,1699213,0
20190617,18.62,19.31,18.62,18.94,1542077,0
20190618,19.12,19.49,18.98,19.37,1225109,0
20190619,19.47,19.72,18.98,19.67,1229793,0
20190620,19.93,20.36,19.585,19.84,1481797,0
20190621,19.82,20.36,19.74,20.27,3129063,0
20190624,20.28,20.71,20.07,20.12,3581013,0
20190625,20.13,20.34,19.8,19.9,3066829,0
20190626,20.17,20.38,19.35,19.52,3178292,0
20190627,19.59,20.16,19.41,19.81,2895523,0
20190628,19.89,20.21,19.65,20.04,4087864,0
20190701,20.41,20.41,19.76,20.01,1198809,0
20190702,20.03,20.05,19.71,19.98,761989,0
20190703,20.09,20.29,19.87,20.19,358722,0
20190705,20.05,20.19,19.8,20.16,382827,0
20190708,19.99,20.185,19.715,19.83,1386964,0
20190709,19.72,20.05,19.72,19.84,688949,0
20190710,19.97,20.34,19.82,20.13,1033875,0
20190711,20.27,20.27,19.91,20.12,1071246,0
20190712,20.14,20.45,19.92,20.31,771136,0
20190715,20.31,20.595,20.15,20.39,709866,0
20190716,20.31,20.415,19.97,20.12,883267,0
20190717,20.17,20.39,20.07,20.08,752601,0
20190718,20.02,21.14,20.02,20.9,1956643,0
20190719,20.93,21.14,20.63,20.66,1397572,0
20190722,20.77,21.05,20.69,20.97,609884,0
20190723,21.1,21.1,20.5,20.97,856641,0
20190724,20.9,22.04,20.9,22.02,2008028,0
20190725,22.01,22.12,21.475,21.54,1529940,0
20190726,21.76,22.165,21.72,21.88,951878,0
20190729,21.89,22.07,21.13,21.79,952245,0
20190730,21.66,22.0505,21.5076,21.61,1307597,0
20190731,21.76,21.87,20.79,21.14,2036867,0
20190801,21.15,22.13,21.14,21.51,1180317,0
20190802,20.99,21.46,20.46,20.99,1350843,0
20190805,20.33,20.51,19.63,20.03,2309474,0
20190806,20.42,20.675,18.97,19.32,5089308,0
20190807,22.06,22.95,21.77,22.07,6209843,0
20190808,22.14,23.13,22.04,22.82,1844203,0
20190809,22.7,22.82,21.985,22.25,844596,0
20190812,22.09,22.24,21.65,21.86,682616,0
20190813,21.69,22.58,21.63,22.39,679422,0
20190814,21.92,22.09,21.41,21.68,749252,0
20190815,21.15,21.69,21.02,21.27,933402,0
20190816,21.55,22.25,21.55,21.97,827320,0
20190819,22.35,22.35,21.88,21.9,521840,0
20190820,21.98,22.22,21.59,22.14,475226,0
20190821,22.46,22.67,22.07,22.11,643627,0
20190822,22.18,22.695,21.84,22.63,688653,0
20190823,22.55,23.09,21.96,22.03,937484,0
20190826,22.33,22.33,21.61,22.25,555297,0
20190827,22.51,22.51,21.83,21.98,647614,0
20190828,21.86,22.18,21.45,22,613657,0
20190829,22.29,22.73,21.86,22.62,1057990,0
20190830,22.78,22.93,22.13,22.53,538721,0
20190903,22.33,22.72,21.83,21.97,559023,0
20190904,22.34,23,22.25,22.83,741921,0
20190905,23.12,23.44,22.54,23.17,791196,0
20190906,23.15,23.44,22.71,22.98,649668,0
20190909,23.08,23.13,22.38,22.66,752488,0
20190910,22.04,22.98,22,22.29,812482,0
20190911,22.23,22.54,21.77,21.94,727642,0
20190912,21.93,22.38,21.3,21.59,1207403,0
20190913,21.6,21.6,20.9301,21.26,785826,0
20190916,20.83,21.26,20.35,21.06,1285524,0
20190917,21.03,21.89,20.955,21.88,771441,0
20190918,21.88,21.95,21.245,21.66,834002,0
20190919,20.7,21.15,20.3,20.67,3693421,0
20190920,20.56,20.7,20.48,20.6,6792217,0
20190923,20.65,20.7,20.4,20.53,1750175,0
20190924,20.61,20.685,19.72,19.82,1468024,0
20190925,19.74,20.11,19.17,19.68,2745873,0
20190926,19.72,19.73,19.19,19.48,1534096,0
20190927,19.54,19.5688,18.3559,18.7,1767092,0
20190930,18.67,18.88,18.35,18.69,1038823,0
20191001,18.75,18.99,18.26,18.36,1004015,0
20191002,18.25,18.4,17.735,17.9,1403586,0
20191003,18.01,18.59,17.82,18.56,1652776,0
20191004,18.67,19.04,18.44,18.74,983037,0
20191007,18.55,18.83,18.38,18.39,972827,0
20191008,18.23,19.105,17.71,18.78,1745947,0
20191009,19.02,19.35,18.95,19.16,949496,0
20191010,19,19.29,18.63,18.69,1063179,0
20191011,18.91,18.91,18.27,18.29,1129976,0
20191014,18.26,18.69,18.23,18.4,555627,0
20191015,18.26,18.57,18.04,18.31,812567,0
20191016,18.05,18.37,17.81,18.32,702357,0
20191017,18.25,18.81,18.2,18.66,1322784,0
20191018,18.68,18.86,17.84,18.33,1353785,0
20191021,18.5,18.98,18.44,18.83,685929,0
20191022,18.95,19.05,18.66,18.91,1019418,0
20191023,18.85,19.365,18.74,19.06,1093385,0
20191024,19.31,19.65,19.11,19.33,1657760,0
20191025,19.23,19.8298,19.09,19.55,1013756,0
20191028,19.64,19.78,19.34,19.67,1058713,0
20191029,19.62,19.78,19.025,19.36,1209622,0
20191030,19.25,19.64,18.9,19.61,1219585,0
20191031,19.61,19.61,19.18,19.36,1270458,0
20191101,19.44,20,19.1,19.82,990833,0
20191104,20,20.32,19.82,19.97,1442143,0
20191105,20.07,20.19,19.69,20.09,1301738,0
20191106,20.07,20.4,19.79,20.14,2162831,0
20191107,21.75,22.96,21.4927,21.99,4232022,0
20191108,22.14,23.23,21.94,22.99,2085906,0
20191111,22.79,23.07,22.51,22.86,1113778,0
20191112,22.8,22.96,22.6,22.82,1020725,0
20191113,22.76,23.16,22.66,23.08,878456,0
20191114,23.1,23.58,22.9,23.52,1519639,0
20191115,23.3,24.45,23.3,24.03,1287007,0
20191118,24,24.5,24,24.39,842620,0
20191119,24.5,25.11,24.41,24.71,873119,0
20191120,24.56,24.725,24,24.28,1005231,0
20191121,24.37,24.7,24.23,24.42,1380104,0
20191122,24.71,25.16,24.53,24.86,1179237,0
20191125,24.9,25.48,24.9,25.26,1085176,0
20191126,25.36,25.39,24.54,24.65,1322009,0
20191127,24.96,25.16,24.57,25.13,573512,0
20191129,25.06,25.315,24.85,25.03,666153,0
20191202,25.07,25.2219,24.32,24.85,913713,0
20191203,24.26,24.87,24.25,24.76,754734,0
20191204,24.95,25.19,24.42,24.44,660977,0
20191205,24.48,24.59,23.85,24,940765,0
20191206,24.03,24.3311,23.9992,24.3,911774,0
20191209,24.23,24.27,23.815,24.09,786194,0
20191210,24.15,24.23,23.79,23.84,539687,0
20191211,23.85,23.85,23.25,23.51,1106204,0
20191212,23.58,23.95,23.45,23.53,609924,0
20191213,23.51,23.88,23.5,23.68,726535,0
20191216,23.62,24.02,23.62,23.73,968515,0
20191217,23.6944,23.78,23.15,23.49,825455,0
20191218,23.64,23.83,23.52,23.66,761754,0
20191219,23.6,23.95,23.55,23.94,828041,0
20191220,24.02,24.1785,23.64,23.81,1354724,0
20191223,23.88,24.19,23.66,24.04,1000033,0
20191224,24.09,24.15,23.95,24.08,158535,0
20191226,24.16,24.59,24.08,24.1,364403,0
20191227,24.22,24.22,23.93,23.98,338324,0
20191230,23.97,23.97,23.405,23.6,678818,0
20191231,23.44,23.85,23.42,23.6,434638,0
20200102,23.78,24.11,23.76,23.89,749365,0
20200103,23.58,24.035,23.52,23.98,1037344,0
20200106,23.82,24.14,23.72,23.81,622391,0
20200107,23.76,24.33,23.645,24.2,913320,0
20200108,24.35,25.84,24.35,25.6,1388769,0
20200109,25.85,27.05,25.82,26.68,2891505,0
20200110,26.83,26.8608,25.59,25.81,1421568,0
20200113,26.03,26.34,25.88,26,855412,0
20200114,25.83,25.96,25.31,25.66,690648,0
20200115,25.26,25.876,25.17,25.5,742030,0
20200116,25.75,25.83,25.45,25.5,652155,0
20200117,25.77,25.85,25.27,25.53,1221673,0
20200121,25.63,25.665,24.94,25.25,704680,0
20200122,25.39,25.995,25.3711,25.74,733967,0
20200123,25.75,26.11,25.45,25.92,995149,0
