Date,Open,High,Low,Close,Volume,OpenInt
20150806,25.22,25.24,25.16,25.22,681266,0
20150807,25.2,25.25,25.2,25.25,202086,0
20150810,25.26,25.3,25.24,25.26,321785,0
20150811,25.26,25.27,25.2,25.25,406610,0
20150812,25.22,25.242,25.15,25.235,455701,0
20150813,25.25,25.255,25.2,25.24,229645,0
20150814,25.21,25.24,25.205,25.22,186254,0
20150817,25.21,25.24,25.15,25.2,485541,0
20150818,25.2,25.23,25.15,25.18,356026,0
20150819,25.2,25.2,25.15,25.183,111802,0
20150820,25.17,25.19,25.151,25.18,127229,0
20150821,25.15,25.17,25.051,25.08,208551,0
20150824,24.99,24.99,24.7,24.821,343301,0
20150825,24.97,24.99,24.844,24.851,131713,0
20150826,24.95,24.95,24.83,24.83,145886,0
20150827,24.91,25.04,24.9,24.94,213211,0
20150828,25.03,25.05,24.98,24.99,119877,0
20150831,25.01,25.48,25.01,25.1,237719,0
20150901,25.05,25.1,24.98,24.98,258485,0
20150902,25.02,25.08,25.02,25.05,111355,0
20150903,25.05,25.1,25.02,25.07,99201,0
20150904,25.04,25.11,25.03,25.05,117443,0
20150908,25.05,25.12,25.02,25.05,113675,0
20150909,25.02,25.03,24.971,25,179573,0
20150910,25.04,25.05,24.98,25.023,95753,0
20150911,25.04,25.08,25,25.06,54601,0
20150914,25.1,25.1,25.05,25.05,91901,0
20150915,25.12,25.12,25.03,25.05,84591,0
20150916,25.1,25.15,25.06,25.114,85550,0
20150917,25.1,25.17,25.1,25.13,72355,0
20150918,25.11,25.23,25.11,25.22,99241,0
20150921,25.24,25.32,25.24,25.28,91097,0
20150922,25.26,25.29,25.21,25.24,177760,0
20150923,25.28,25.29,25.2,25.24,119732,0
20150924,25.25,25.25,25.2,25.24,105368,0
20150925,25.29,25.33,25.25,25.27,161870,0
20150928,25.32,25.33,25.21,25.24,201977,0
20150929,25.32,25.32,25.21,25.23,118943,0
20150930,25.3,25.3,25.15,25.17,214266,0
20151001,25.2,25.25,25.17,25.19,219180,0
20151002,25.2,25.3,25.17,25.3,110104,0
20151005,25.32,25.45,25.304,25.41,234685,0
20151006,25.4,25.4,25.33,25.34,161908,0
20151007,25.39,25.4,25.3,25.35,292642,0
20151008,25.38,25.41,25.33,25.35,196714,0
20151009,25.37,25.58,25.34,25.54,152455,0
20151012,25.55,25.69,25.5,25.69,145797,0
20151013,25.69,25.84,25.62,25.84,222958,0
20151014,25.7,25.87,25.7,25.82,124920,0
20151015,25.76,25.87,25.74,25.84,217594,0
20151016,25.89,25.93,25.76,25.76,1377532,0
20151019,25.8,25.8,25.66,25.68,75904,0
20151020,25.74,25.74,25.67,25.7,50984,0
20151021,25.77,25.85,25.75,25.75,58357,0
20151022,25.85,26.05,25.8,26,114861,0
20151023,26.04,26.1,25.85,25.93,92281,0
20151026,25.95,26.02,25.83,26,99364,0
20151027,25.99,26,25.9,25.943,128849,0
20151028,25.98,26,25.9,25.919,103572,0
20151029,25.9,25.9,25.83,25.85,69863,0
20151030,25.84,25.94,25.82,25.91,54536,0
20151102,25.98,26.08,25.9,26.05,78185,0
20151103,26.07,26.1,25.92,26.05,103759,0
20151104,26,26.12,26,26.06,94403,0
20151105,26.09,26.12,26.04,26.09,98580,0
20151106,26.09,26.09,25.64,25.87,155190,0
20151109,25.86,25.89,25.724,25.85,112103,0
20151110,25.85,26,25.85,25.98,64069,0
20151111,25.97,26.1,25.93,26.05,100494,0
20151112,25.49,25.65,25.49,25.64,72533,0
20151113,25.76,25.812,25.7,25.77,60230,0
20151116,25.81,25.82,25.73,25.79,49804,0
20151117,25.84,25.84,25.74,25.8,101460,0
20151118,25.85,25.86,25.77,25.86,163251,0
20151119,25.89,25.9,25.82,25.87,135215,0
20151120,25.9,25.9,25.83,25.88,75397,0
20151123,25.91,25.91,25.86,25.88,74491,0
20151124,25.93,25.93,25.86,25.87,84769,0
20151125,25.91,25.95,25.91,25.95,112689,0
20151127,25.98,26.07,25.97,26.07,47238,0
20151130,26.1,26.13,25.989,26,164643,0
20151201,26.05,26.1,25.96,26,150644,0
20151202,26.08,26.08,25.88,25.89,437593,0
20151203,25.89,25.89,25.7,25.8,81565,0
20151204,25.85,25.9,25.74,25.879,38531,0
20151207,25.91,25.91,25.75,25.88,84929,0
20151208,25.89,25.97,25.87,25.97,72890,0
20151209,26,26,25.93,25.96,72031,0
20151210,25.98,26,25.91,25.98,61415,0
20151211,25.97,26,25.88,25.92,128117,0
20151214,25.91,25.91,25.59,25.64,150447,0
20151215,25.77,25.85,25.58,25.72,109992,0
20151216,25.77,25.92,25.71,25.86,111610,0
20151217,25.92,26.07,25.88,26.02,117290,0
20151218,26.04,26.1,25.99,26.06,47822,0
20151221,26.07,26.14,26.03,26.14,78341,0
20151222,26.14,26.32,26.07,26.27,114337,0
20151223,26.33,26.36,26.242,26.36,94744,0
20151224,26.38,26.4,26.301,26.4,30647,0
20151228,26.28,26.57,26.2,26.4,113869,0
20151229,26.59,26.6,26.4,26.6,67531,0
20151230,26.59,26.81,26.404,26.81,122424,0
20151231,26.83,26.97,26.78,26.93,84730,0
20160104,26.77,26.99,26.7,26.99,132481,0
20160105,27.06,27.07,26.91,27,186737,0
20160106,26.92,27.04,26.7542,26.93,80698,0
20160107,26.77,26.8614,26.671,26.71,69629,0
20160108,26.78,26.83,26.72,26.8299,44601,0
20160111,26.9,26.9,26.78,26.85,89273,0
20160112,26.92,26.95,26.8121,26.93,445712,0
20160113,26.94,26.94,26.7505,26.76,461508,0
20160114,26.85,26.85,26.53,26.67,75049,0
20160115,26.62,26.64,26.379,26.56,40707,0
20160119,26.47,26.47,26.47,26.47,0,0
20160120,26.43,26.476,26.15,26.43,62360,0
20160121,26.25,26.44,26.06,26.19,139319,0
20160122,26.18,26.27,26.15,26.25,85395,0
20160125,26.28,26.28,26.09,26.1,100429,0
20160126,26.23,26.23,25.92,25.98,157331,0
20160127,26.09,26.09,25.945,26.0899,94360,0
20160128,26.2,26.47,26,26.07,218289,0
20160129,26.12,26.3,26.09,26.17,84533,0
20160201,26.25,26.37,26.2005,26.37,105362,0
20160202,26.32,26.35,26.28,26.3,58164,0
20160203,26.39,26.4,26.13,26.2,156742,0
20160204,26.27,26.27,26.205,26.22,58858,0
20160205,26.27,26.3,26.17,26.22,89048,0
20160208,26.2,26.2,25.76,25.99,137425,0
20160209,25.96,26,25.6201,25.97,153869,0
20160210,25.97,25.97,25.74,25.74,86454,0
20160211,25.63,25.63,25.12,25.4,176194,0
20160212,25.48,25.73,25.11,25.73,98419,0
20160216,25.75,25.94,25.47,25.83,184104,0
20160217,26.12,26.16,25.9275,26.15,89228,0
20160218,26.19,26.25,26.05,26.25,81080,0
20160219,26.25,26.25,26.1,26.17,88619,0
20160222,26.32,26.445,26.19,26.19,89704,0
20160223,26.33,26.33,26.2001,26.3,70651,0
20160224,26.24,26.32,26.06,26.313,72901,0
20160225,26.32,26.41,26.25,26.36,65090,0
20160226,26.68,26.68,26.41,26.58,64917,0
20160229,26.58,26.58,25.61,25.67,586607,0
20160301,25.82,25.88,25.32,25.72,232814,0
20160302,25.79,25.82,25.62,25.62,249358,0
20160303,25.68,25.68,25.53,25.59,87450,0
20160304,25.65,25.676,25.58,25.65,62705,0
20160307,25.65,25.68,25.6,25.67,63680,0
20160308,25.68,25.7,25.6,25.64,92586,0
20160309,25.71,25.78,25.66,25.74,115098,0
20160310,25.77,25.86,25.73,25.77,101499,0
20160311,25.83,25.89,25.8,25.84,130221,0
20160314,25.84,25.88,25.8107,25.85,70198,0
20160315,25.85,25.85,25.65,25.65,113607,0
20160316,25.67,25.77,25.65,25.77,97733,0
20160317,25.77,25.81,25.71,25.75,81669,0
20160318,25.77,25.83,25.76,25.8,76477,0
20160321,25.81,25.93,25.81,25.93,63747,0
20160322,25.93,26.06,25.8892,26.05,126149,0
20160323,26.1,26.15,25.99,26.06,72684,0
20160324,26.04,26.17,26.0101,26.14,64595,0
20160328,26.19,26.35,26.18,26.26,68358,0
20160329,26.35,26.35,26.21,26.21,73618,0
20160330,26.34,26.43,26.31,26.33,82683,0
20160331,26.37,26.5,26.3501,26.38,61668,0
20160401,26.46,26.46,26.07,26.08,170778,0
20160404,26.1,26.17,26,26.14,114605,0
20160405,26.14,26.29,26.07,26.22,53024,0
20160406,26.2,26.39,26.2,26.3,48170,0
20160407,26.37,26.38,26.18,26.36,55576,0
20160408,26.39,26.48,26.3859,26.48,42205,0
20160411,26.5,26.58,26.429,26.57,51105,0
20160412,26.55,26.6,26.39,26.49,103728,0
20160413,26.59,26.59,26.48,26.52,62724,0
20160414,26.58,26.6,26.47,26.47,49622,0
20160415,26.61,26.64,26.5081,26.63,73159,0
20160418,26.61,26.66,26.39,26.62,105818,0
20160419,26.77,26.82,26.62,26.65,115458,0
20160420,26.77,26.79,26.61,26.61,80330,0
20160421,26.73,26.73,26.56,26.65,75392,0
20160422,26.74,26.78,26.7,26.72,73974,0
20160425,26.81,26.81,26.4986,26.63,60639,0
20160426,26.64,26.78,26.64,26.75,78531,0
20160427,26.74,26.92,26.7059,26.91,49426,0
20160428,26.81,26.99,26.742,26.88,70998,0
20160429,26.92,27.08,26.8764,26.96,61876,0
20160502,27.03,27.09,26.97,26.97,58013,0
20160503,26.83,26.9999,26.83,26.84,58784,0
20160504,26.89,27.04,26.85,27,33160,0
20160505,27.09,27.13,26.86,26.95,29862,0
20160506,27,27,26.9,26.92,112320,0
20160509,27,27.15,26.91,27,68742,0
20160510,27.14,27.14,26.96,26.98,79840,0
20160511,27.08,27.16,26.98,27.02,51405,0
20160512,27.04,27.15,27,27,47759,0
20160513,26.72,26.82,26.6201,26.77,143052,0
20160516,26.83,27.05,26.75,26.96,86484,0
20160517,26.93,27.19,26.885,27.11,80584,0
20160518,27.38,27.38,27.08,27.19,101306,0
20160519,27.17,27.17,26.9,27.01,96453,0
20160520,27.15,27.15,26.83,26.98,58520,0
20160523,27.11,27.11,26.76,26.88,114471,0
20160524,26.97,26.98,26.66,26.84,81289,0
20160525,26.9,26.94,26.59,26.66,80527,0
20160526,26.75,26.75,26.41,26.42,82799,0
20160527,26.55,26.67,26.5,26.56,50261,0
20160531,26.48,26.78,26.48,26.64,28767,0
20160601,26.75,26.88,26.634,26.79,46390,0
20160602,26.89,26.915,26.61,26.64,160522,0
20160603,26.7,26.84,26.5165,26.84,90394,0
20160606,26.8,26.88,26.65,26.65,62117,0
20160607,26.65,26.76,26.57,26.57,33674,0
20160608,26.65,26.66,26.42,26.45,55808,0
20160609,26.57,26.57,26.41,26.41,44703,0
20160610,26.49,26.49,26.38,26.4,33315,0
20160613,26.49,26.49,26.37,26.46,33616,0
20160614,26.4,26.48,26.37,26.37,32595,0
20160615,26.37,26.49,26.37,26.49,29796,0
20160616,26.49,26.49,26.3,26.3,60716,0
20160617,26.33,26.62,26.32,26.58,45533,0
20160620,26.63,26.705,26.5548,26.65,33311,0
20160621,26.65,26.69,26.6199,26.69,45916,0
20160622,26.6,26.98,26.6,26.89,33810,0
20160623,26.81,26.94,26.8,26.8,25493,0
20160624,26.45,26.91,26.382,26.76,39757,0
20160627,26.71,26.77,26.5501,26.7,25246,0
20160628,26.85,27.04,26.78,26.96,62129,0
20160629,27.03,27.28,26.9,27.11,46642,0
20160630,27.26,27.39,27.148,27.28,49067,0
20160701,27.39,27.42,27.2,27.22,29315,0
20160705,27.29,27.34,27.16,27.26,38043,0
20160706,27.27,27.54,27.23,27.53,45628,0
20160707,27.65,27.9,27.52,27.79,68044,0
20160708,27.78,27.9594,27.702,27.89,42391,0
20160711,27.74,27.99,27.74,27.82,40506,0
20160712,27.76,27.99,27.51,27.61,38758,0
20160713,27.44,27.85,27.44,27.7,41364,0
20160714,27.89,27.89,27.53,27.59,46462,0
20160715,27.47,27.81,27.47,27.76,46645,0
20160718,27.85,27.983,27.48,27.64,31022,0
20160719,27.66,27.69,27.38,27.5,35201,0
20160720,27.63,27.7,27.48,27.68,44417,0
20160721,27.69,27.7,27.51,27.64,52718,0
20160722,27.68,27.7001,27.61,27.64,55953,0
20160725,27.68,27.94,27.58,27.87,90132,0
20160726,27.9,27.97,27.82,27.82,39421,0
20160727,27.9,28.06,27.81,27.93,71651,0
20160728,27.96,28.15,27.96,27.97,55524,0
20160729,28,28,27.89,27.89,54005,0
20160801,27.95,28,27.85,27.88,29740,0
20160802,27.94,27.978,27.82,27.93,36786,0
20160803,27.94,27.9627,27.72,27.82,58147,0
20160804,27.91,27.91,27.7207,27.8,67376,0
20160805,27.79,28,27.701,27.88,67184,0
20160808,27.79,28.18,27.78,28.06,103636,0
20160809,27.93,28.2399,27.93,28.14,80319,0
20160810,28.13,28.13,28.01,28.08,31324,0
20160811,27.97,28.3,27.97,28.19,76898,0
20160812,28.26,28.2692,28.15,28.25,38289,0
20160815,27.7,27.89,27.5,27.53,98679,0
20160816,27.63,27.63,27.3106,27.38,39841,0
20160817,27.38,27.5,27.38,27.49,38482,0
20160818,27.55,27.5599,27.37,27.538,62964,0
20160819,27.24,27.606,27.24,27.48,67402,0
20160822,27.49,27.61,27.49,27.5925,226100,0
20160823,27.6,27.63,27.52,27.5401,42763,0
20160824,27.56,27.64,27.4,27.4,136577,0
20160825,27.45,27.58,27.42,27.42,112103,0
20160826,27.54,27.55,27.35,27.42,51514,0
20160829,27.48,27.48,27.42,27.4799,47838,0
20160830,27.49,27.5,27.41,27.48,38149,0
20160831,27.51,27.51,27.41,27.41,48816,0
20160901,27.5,27.5,27.4168,27.4713,25214,0
20160902,27.5,27.88,27.5,27.59,31072,0
20160906,27.59,27.59,27.5207,27.59,351131,0
20160907,27.49,27.81,27.48,27.8,49441,0
20160908,27.69,27.88,27.69,27.87,35487,0
20160909,27.84,27.89,27.4399,27.5501,70807,0
20160912,27.38,27.71,27.38,27.71,59504,0
20160913,27.7,27.7,27.2999,27.55,50323,0
20160914,27.52,27.6,27.17,27.54,25971,0
20160915,27.51,27.6499,27.21,27.59,34794,0
20160916,27.34,27.62,27.34,27.5,29838,0
20160919,27.62,27.6693,27.4401,27.5629,22097,0
20160920,27.59,27.629,27.43,27.57,49507,0
20160921,27.57,27.75,27.4701,27.68,34281,0
20160922,27.86,28.0817,27.73,27.88,44737,0
20160923,27.85,27.9,27.81,27.87,36660,0
20160926,27.65,27.83,27.65,27.79,16430,0
20160927,27.82,27.91,27.76,27.88,199045,0
20160928,27.76,28.08,27.76,27.97,27843,0
20160929,27.9,28.1087,27.4,27.45,69463,0
20160930,27.47,27.8299,27.47,27.53,41160,0
20161003,27.69,27.94,27.655,27.86,25562,0
20161004,27.75,27.97,27.75,27.83,31964,0
20161005,27.77,27.92,27.64,27.73,44453,0
20161006,27.66,27.7,27.4308,27.5,51758,0
20161007,27.73,27.735,27.6,27.6851,21339,0
20161010,27.79,27.85,27.61,27.81,50612,0
20161011,27.65,27.67,27.2103,27.34,43425,0
20161012,27.45,27.45,26.881,27.15,38312,0
20161013,27.09,27.3299,26.95,27.1956,52946,0
20161014,27.3,27.55,27.3,27.487,26650,0
20161017,27.5,27.58,27.1,27.4917,61710,0
20161018,27.5,27.86,27.47,27.83,37561,0
20161019,27.8,27.94,27.79,27.9,45304,0
20161020,27.91,28,27.7736,27.9272,43918,0
20161021,27.92,28.11,27.9001,28.11,65562,0
20161024,27.95,28.07,27.95,28.04,37273,0
20161025,27.99,28.3099,27.99,28.27,53099,0
20161026,28.2,28.27,28.0595,28.18,37667,0
20161027,28.09,28.1499,27.89,28,34799,0
20161028,28.07,28.09,27.7516,27.9192,24473,0
20161031,28.02,28.02,27.51,27.65,51775,0
20161101,27.72,27.7787,27.59,27.73,36294,0
20161102,27.7,27.85,27.54,27.65,60817,0
20161103,27.6,27.69,27.16,27.6,106596,0
20161104,27.65,27.73,27.62,27.71,78715,0
20161107,27.73,27.916,27.615,27.71,58592,0
20161108,27.69,27.74,27.58,27.63,51579,0
20161109,27.52,27.52,26.94,27.06,72194,0
20161110,27.18,27.23,26.0492,26.09,111052,0
20161111,26.01,26.11,25.01,25.45,94009,0
20161114,25.01,25.0435,24.72,24.95,201653,0
20161115,25.01,25.78,25.01,25.47,81198,0
20161116,25.44,26.08,25.4044,25.68,100869,0
20161117,25.65,25.8905,25.65,25.75,95501,0
20161118,25.76,25.87,25.36,25.4299,264912,0
20161121,25.39,25.6,25.39,25.48,95600,0
20161122,25.63,25.64,25.57,25.6,40344,0
20161123,25.58,25.66,25.4101,25.66,71847,0
20161125,25.64,25.78,25.64,25.7446,16474,0
20161128,25.78,25.903,25.621,25.79,44639,0
20161129,25.8,25.95,25.62,25.85,43240,0
20161130,25.84,25.84,25.4039,25.67,54975,0
20161201,25.57,25.6,25.42,25.57,83843,0
20161202,25.53,25.69,25.28,25.31,36907,0
20161205,25.01,25.33,25.01,25.06,56662,0
20161206,25.28,25.29,25,25,103636,0
20161207,25.01,25.1765,25.01,25.09,149687,0
20161208,25.02,25.07,24.96,25.03,123485,0
20161209,25,25.06,24.91,24.94,387072,0
20161212,24.87,24.94,24.79,24.89,82545,0
20161213,24.99,25.07,24.83,24.83,77029,0
20161214,24.82,24.96,24.75,24.76,87259,0
20161215,24.75,24.92,24.516,24.68,146093,0
20161216,24.7,24.8699,24.6576,24.7,65890,0
20161219,24.77,24.7999,24.67,24.74,84259,0
20161220,24.75,24.7799,24.6458,24.7099,123169,0
20161221,24.62,25.06,24.62,24.99,136198,0
20161222,25.08,25.2,25,25.0599,79298,0
20161223,25.07,25.25,25.06,25.25,52004,0
20161227,25.09,25.24,25.05,25.18,66854,0
20161228,25.16,25.21,25.1113,25.1575,50017,0
20161229,25.17,25.24,25.11,25.19,56789,0
20161230,25.11,25.28,25.11,25.26,40169,0
20170103,25.28,25.525,25.2518,25.33,58592,0
20170104,25.42,25.85,25.4,25.8,43204,0
20170105,25.86,25.97,25.47,25.67,62420,0
20170106,25.55,25.85,25.55,25.62,52446,0
20170109,25.64,25.92,25.64,25.72,45710,0
20170110,25.65,25.89,25.65,25.8,30726,0
20170111,25.75,26.2,25.75,26.2,52649,0
20170112,26.17,26.19,26.02,26.19,30452,0
20170113,26.1,26.24,26.08,26.14,30578,0
20170117,26.21,26.21,25.95,25.95,45893,0
20170118,25.89,25.97,25.865,25.91,32277,0
20170119,25.79,25.9,25.24,25.29,49111,0
20170120,25.38,25.59,25.17,25.59,71655,0
20170123,25.56,26.07,25.42,26.04,40635,0
20170124,25.87,26.16,25.87,26.13,29453,0
20170125,26.04,26.045,25.8239,26,46247,0
20170126,25.99,26.16,25.88,26.15,33129,0
20170127,26.24,26.34,26.07,26.29,33009,0
20170130,26.34,26.4499,26.091,26.39,36692,0
20170131,26.31,26.51,26.18,26.2,36457,0
20170201,26.23,26.351,25.93,26.0749,46194,0
20170202,25.91,26.1,25.91,26.1,18115,0
20170203,26.13,26.2821,26.0934,26.28,23126,0
20170206,26.5,26.5,26.29,26.39,21150,0
20170207,26.26,26.39,26.23,26.33,16301,0
20170208,26.33,26.59,26.3111,26.42,33793,0
20170209,26.42,26.4625,26.36,26.3901,23148,0
20170210,25.97,26.25,25.97,26.2,19478,0
20170213,26.04,26.21,26.04,26.0917,29151,0
20170214,26.09,26.15,25.93,26.15,26106,0
20170215,25.99,26.23,25.99,26.23,30180,0
20170216,26.08,26.3736,26.08,26.3242,43724,0
20170217,26.47,26.48,26.16,26.2492,47691,0
20170221,26.22,26.46,26.22,26.23,59605,0
20170222,26.25,26.42,26.25,26.42,84525,0
20170223,26.42,26.64,26.4047,26.64,92752,0
20170224,26.55,26.6462,26.4,26.49,64926,0
20170227,26.46,26.6066,26.46,26.51,28155,0
20170228,26.46,26.57,26.27,26.29,49616,0
20170301,26.27,26.34,26.08,26.3231,60002,0
20170302,26.36,26.4,26.2174,26.3289,45470,0
20170303,26.29,26.3295,26.1928,26.27,33568,0
20170306,26.33,26.33,26.13,26.2351,16339,0
20170307,26.16,26.16,26.04,26.1,36936,0
20170308,26.02,26.02,25.722,25.7301,72447,0
20170309,25.72,25.74,25.2699,25.351,52416,0
20170310,25.4,25.5104,25.331,25.43,42430,0
20170313,25.49,25.581,25.4,25.51,31297,0
20170314,25.54,25.71,25.53,25.71,41721,0
20170315,25.62,25.97,25.6,25.95,42704,0
20170316,25.97,26.08,25.9126,26.08,74929,0
20170317,26.06,26.1695,26.02,26.0645,29399,0
20170320,26.12,26.18,25.98,26.1398,23188,0
20170321,26.08,26.13,25.95,25.96,28561,0
20170322,25.96,26.19,25.96,26.1899,23669,0
20170323,26.2,26.34,26.1999,26.34,15920,0
20170324,26.22,26.45,26.22,26.37,31161,0
20170327,26.33,26.45,26.32,26.39,35757,0
20170328,26.35,26.5,26.35,26.41,33384,0
20170329,26.41,26.54,26.41,26.5,25818,0
20170330,26.45,26.69,26.45,26.64,29850,0
20170331,26.52,26.85,26.5,26.68,32704,0
20170403,26.78,27.12,26.74,27.08,50752,0
20170404,26.97,27.16,26.97,27.1501,54228,0
20170405,27.16,27.27,27.0701,27.17,45445,0
20170406,27.17,27.25,27.06,27.22,54283,0
20170407,27.24,27.3,27.189,27.29,15004,0
20170410,27.32,27.3608,27.24,27.3104,15574,0
20170411,27.25,27.35,27.15,27.35,21944,0
20170412,27.26,27.41,27.23,27.3822,33871,0
20170413,27.3,27.61,27.3,27.58,78678,0
20170417,27.59,27.74,27.41,27.71,73939,0
20170418,27.58,27.75,27.41,27.44,47964,0
20170419,27.43,27.6278,27.33,27.33,47310,0
20170420,27.33,27.4,27.28,27.38,39018,0
20170421,27.46,27.48,27.3295,27.47,23274,0
20170424,27.42,27.56,27.38,27.47,15329,0
20170425,27.47,27.66,27.434,27.4814,17130,0
20170426,27.45,27.55,27.42,27.48,20310,0
20170427,27.41,27.53,27.4,27.5299,40752,0
20170428,27.51,27.53,27.4,27.4,20856,0
20170501,27.49,27.5,27.3548,27.47,34269,0
20170502,27.4,27.54,27.4,27.53,11250,0
20170503,27.52,27.7,27.4678,27.7,37285,0
20170504,27.72,27.72,27.51,27.57,15222,0
20170505,27.61,27.67,27.51,27.56,57922,0
20170508,27.56,27.74,27.56,27.66,35834,0
20170509,27.72,27.74,27.5413,27.6558,23535,0
20170510,27.54,27.73,27.54,27.65,20504,0
20170511,27.61,27.7,27.61,27.62,14869,0
20170512,27.62,27.79,27.62,27.79,17100,0
20170515,27.37,27.5,27.35,27.35,27175,0
20170516,27.35,27.35,27.2706,27.32,24633,0
20170517,27.19,27.25,27.11,27.17,26101,0
20170518,27.07,27.21,27.06,27.1,57737,0
20170519,27.1,27.18,27.1,27.14,20412,0
20170522,27.16,27.2954,27.16,27.2601,15572,0
20170523,27.4,27.4164,27.29,27.2901,21564,0
20170524,27.26,27.309,27.2059,27.3,12852,0
20170525,27.3,27.3,27.2373,27.2999,13045,0
20170526,27.3,27.3,27.22,27.2927,12913,0
20170530,27.24,27.29,27.1773,27.29,16820,0
20170531,27.22,27.29,27.18,27.29,18438,0
20170601,27.34,27.38,27.28,27.38,19192,0
20170602,27.37,27.37,27.26,27.37,23264,0
20170605,27.32,27.32,27.26,27.288,36375,0
20170606,27.28,27.32,27.28,27.2801,12525,0
20170607,27.28,27.29,27.2,27.27,24526,0
20170608,27.16,27.26,27.11,27.2422,11386,0
20170609,27.14,27.2582,27.14,27.19,11718,0
20170612,27.18,27.25,27.13,27.21,16774,0
20170613,27.15,27.21,27.14,27.2099,10455,0
20170614,27.16,27.36,27.16,27.33,11631,0
20170615,27.25,27.332,27.2096,27.28,24769,0
20170616,27.29,27.29,27.2,27.2,10465,0
20170619,27.18,27.31,27.18,27.28,12824,0
20170620,27.21,27.331,27.21,27.3099,26149,0
20170621,27.25,27.32,27.25,27.27,17394,0
20170622,27.33,27.34,27.2808,27.29,18558,0
20170623,27.26,27.4,27.26,27.4,17113,0
20170626,27.37,27.456,27.34,27.456,50871,0
20170627,27.41,27.48,27.41,27.4799,21568,0
20170628,27.48,27.48,27.4,27.4,25576,0
20170629,27.39,27.39,27.19,27.19,20479,0
20170630,27.2,27.3117,27.16,27.16,26623,0
20170703,27.18,27.2699,27.18,27.2499,10795,0
20170705,27.2,27.4,27.2,27.4,17514,0
20170706,27.25,27.49,27.24,27.47,20154,0
20170707,27.31,27.5,27.28,27.46,17884,0
20170710,27.36,27.63,27.36,27.59,27969,0
20170711,27.44,27.64,27.44,27.58,20579,0
20170712,27.51,27.79,27.5,27.78,32889,0
20170713,27.78,27.8299,27.612,27.74,28417,0
20170714,27.6,27.69,27.6,27.69,25681,0
20170717,27.64,27.7451,27.64,27.67,24838,0
20170718,27.59,27.7,27.5676,27.7,20865,0
20170719,27.69,27.78,27.62,27.7,27342,0
20170720,27.66,27.83,27.65,27.7864,23980,0
20170721,27.83,27.94,27.731,27.94,34570,0
20170724,27.87,27.93,27.8353,27.88,21436,0
20170725,27.93,27.93,27.6224,27.82,27513,0
20170726,27.68,27.8099,27.63,27.64,18442,0
20170727,27.63,27.69,27.53,27.5366,16158,0
20170728,27.53,27.67,27.53,27.64,14667,0
20170731,27.59,27.74,27.563,27.65,13559,0
20170801,27.65,27.75,27.65,27.75,16098,0
20170802,27.73,27.89,27.73,27.85,25234,0
20170803,27.72,27.89,27.71,27.78,14471,0
20170804,27.67,27.85,27.67,27.71,24549,0
20170807,27.7,27.897,27.7,27.7899,18742,0
20170808,27.85,27.85,27.655,27.72,23108,0
20170809,27.68,27.7,27.55,27.65,49620,0
20170810,27.59,27.66,27.4001,27.65,65458,0
20170811,27.66,27.69,27.47,27.66,93669,0
20170814,27.59,27.7599,27.59,27.7,18542,0
20170815,27.28,27.4746,27.2,27.26,37120,0
20170816,27.25,27.57,27.25,27.41,31662,0
20170817,27.36,27.44,27.29,27.44,123788,0
20170818,27.56,27.56,27.2726,27.45,18982,0
20170821,27.4,27.4761,27.29,27.29,13351,0
20170822,27.29,27.448,27.29,27.3,24410,0
20170823,27.39,27.418,27.3,27.3486,20744,0
20170824,27.3,27.5131,27.261,27.35,11575,0
20170825,27.29,27.4707,27.29,27.34,15502,0
20170828,27.31,27.392,27.28,27.31,32836,0
20170829,27.23,27.4,27.23,27.32,60175,0
20170830,27.26,27.39,27.19,27.39,24823,0
20170831,27.29,27.44,27.29,27.44,60445,0
20170901,27.43,27.53,27.3,27.43,28751,0
20170905,27.46,27.46,27.3,27.3,23412,0
20170906,27.29,27.3551,27.26,27.35,23984,0
20170907,27.34,27.46,27.14,27.28,41558,0
20170908,27.2,27.2963,27.1,27.15,30212,0
20170911,27.17,27.29,27.17,27.27,17574,0
20170912,27.22,27.2958,27.22,27.24,15234,0
20170913,27.22,27.319,27.18,27.18,19804,0
20170914,27.15,27.16,27.12,27.12,16671,0
20170915,27.07,27.15,27.06,27.09,19383,0
20170918,27.08,27.22,27.08,27.145,14892,0
20170919,27.12,27.1844,27.0692,27.08,15652,0
20170920,27.08,27.1668,27.08,27.15,18468,0
20170921,27.09,27.16,27.09,27.14,12479,0
20170922,27.17,27.17,27.05,27.11,20732,0
20170925,27.04,27.1654,27.04,27.07,18913,0
20170926,27.1,27.1198,27.04,27.08,20020,0
20170927,27.09,27.09,26.94,27.02,24270,0
20170928,26.99,27.15,26.99,27.15,28912,0
20170929,27.06,27.17,27.01,27.14,23627,0
20171002,27.06,27.1868,27.05,27.05,22496,0
20171003,27.05,27.0952,26.9854,27.0001,15625,0
20171004,26.95,27.14,26.95,27.07,21603,0
20171005,27.01,27.12,27.01,27.06,9918,0
20171006,26.96,26.96,26.76,26.8,24588,0
20171009,26.7835,26.97,26.71,26.71,13170,0
20171010,26.76,26.8504,26.7201,26.78,16712,0
20171011,26.76,26.88,26.76,26.84,25991,0
20171012,26.79,27.06,26.79,27.01,19731,0
20171013,27.01,27.14,26.979,27.14,21358,0
20171016,27.08,27.2,27.08,27.184,8500,0
20171017,27.12,27.18,27.0845,27.15,12781,0
20171018,27.15,27.179,26.984,27.07,32132,0
20171019,26.99,27.2,26.99,27.18,18030,0
20171020,27.0612,27.25,27.06,27.25,18980,0
20171023,27.1,27.3,27.05,27.26,13749,0
20171024,27.32,27.47,27.2655,27.35,25366,0
20171025,27.27,27.27,27,27.05,26205,0
20171026,27.08,27.19,27.02,27.055,19480,0
20171027,27.04,27.16,27.04,27.09,24261,0
20171030,27.1499,27.2,27.09,27.17,17418,0
20171031,27.1645,27.45,27.09,27.41,49655,0
20171101,27.3,27.5,27.3,27.5,27572,0
20171102,27.33,27.45,27.33,27.4377,25074,0
20171103,27.32,27.32,27.11,27.18,27924,0
20171106,27.24,27.24,27.02,27.1,42349,0
20171107,27.06,27.26,27.02,27.24,65897,0
20171108,27.17,27.22,27.03,27.13,28110,0
20171109,27.07,27.134,27.01,27.05,27247,0
20171110,26.98,27,26.84,26.89,41802,0
20171113,26.89,27.0104,26.89,26.96,21885,0
20171114,26.98,27.13,26.9601,27.12,42971,0
20171115,26.7,26.8011,26.6501,26.6501,22290,0
20171116,26.7,26.86,26.7,26.76,28710,0
20171117,26.85,27.12,26.8038,27.12,30693,0
20171120,27.05,27.23,27.05,27.16,53890,0
20171121,27.2,27.28,27.1295,27.2,19743,0
20171122,27.18,27.36,27.18,27.33,21072,0
20171124,27.36,27.4,27.2562,27.4,8757,0
20171127,27.4,27.48,27.33,27.4085,19109,0
20171128,27.33,27.33,27.12,27.28,16782,0
20171129,27.16,27.18,27.06,27.14,14427,0
20171130,27.11,27.3395,27.02,27.02,31842,0
20171201,27.14,27.33,27.0712,27.33,15427,0
20171204,27.3,27.43,27.298,27.35,43229,0
20171205,27.21,27.39,27.2,27.37,47513,0
20171206,27.28,27.6,27.28,27.6,131404,0
20171207,27.53,27.62,27.53,27.62,60632,0
20171208,27.51,27.62,27.5,27.58,74207,0
20171211,27.49,27.59,27.49,27.56,31594,0
20171212,27.47,27.61,27.28,27.28,35834,0
20171213,27.29,27.43,26.95,27.01,76947,0
20171214,27.11,27.11,26.84,26.84,31518,0
20171215,26.9,27.0407,26.9,26.92,33794,0
20171218,27,27.26,26.93,27.2,121520,0
20171219,27.12,27.19,26.95,27.19,34828,0
20171220,27.04,27.3799,27.011,27.2,61698,0
20171221,27.18,27.27,27.13,27.1711,21644,0
20171222,27.16,27.2499,27.13,27.2,13939,0
20171226,27.13,27.1664,27.06,27.06,17254,0
20171227,27.06,27.1228,27.02,27.09,16550,0
20171228,27.04,27.15,27.04,27.1244,16502,0
20171229,27.08,27.15,26.82,26.88,70768,0
20180102,26.99,27.01,26.23,26.44,60670,0
20180103,26.46,26.64,26.37,26.46,65884,0
20180104,26.47,26.5999,26.43,26.46,48935,0
20180105,26.48,26.6,26.4467,26.53,31241,0
20180108,26.56,26.72,26.506,26.61,28082,0
20180109,26.62,26.62,26.53,26.58,37236,0
20180110,26.48,26.55,26.39,26.5297,27792,0
20180111,26.5,26.5862,26.5,26.56,46292,0
20180112,26.52,26.5899,26.5,26.51,35636,0
20180116,26.51,26.64,26.42,26.42,41369,0
20180117,26.42,26.465,26.34,26.41,31714,0
20180118,26.35,26.4,26.16,26.31,32870,0
20180119,26.21,26.49,26.21,26.25,127404,0
20180122,26.25,26.3599,26.23,26.23,31198,0
20180123,26.21,26.38,26.18,26.33,36334,0
20180124,26.24,26.39,26.2,26.36,45844,0
20180125,26.23,26.43,26.22,26.41,31655,0
20180126,26.34,26.49,26.26,26.39,84457,0
20180129,26.41,26.41,26.15,26.3,124629,0
20180130,26.22,26.22,26.05,26.06,98562,0
20180131,26.13,26.23,26.11,26.23,40798,0
20180201,26.02,26.23,26,26.12,43187,0
20180202,25.97,25.97,25.544,25.82,68567,0
20180205,25.82,25.9,25.6782,25.85,91502,0
20180206,25.72,25.9867,25.68,25.93,64505,0
20180207,25.93,26.03,25.81,25.87,47053,0
20180208,25.87,25.87,25.68,25.75,50555,0
20180209,25.76,25.96,25.6,25.95,175764,0
20180212,25.95,26.0709,25.86,26.03,56546,0
20180213,25.7,25.8521,25.58,25.67,74325,0
20180214,25.78,25.78,25.55,25.56,47442,0
20180215,25.62,25.7,25.53,25.56,56502,0
20180216,25.56,25.649,25.55,25.56,75213,0
20180220,25.74,25.74,25.74,25.74,52343,0
20180221,25.73,25.82,25.68,25.71,85930,0
20180222,25.73,25.83,25.7201,25.78,50931,0
20180223,25.87,25.97,25.8,25.97,61854,0
20180226,26.02,26.121,26,26.07,63410,0
20180227,26.11,26.22,26.07,26.19,65538,0
20180228,26.1,26.24,26.07,26.24,50640,0
20180301,26.22,26.24,26.15,26.15,38310,0
20180302,26.15,26.179,26.01,26.14,57911,0
20180305,26.11,26.17,26.03,26.07,118944,0
20180306,26.11,26.11,26.05,26.08,46846,0
20180307,26.07,26.11,25.95,25.96,73341,0
20180308,26,26.09,25.97,26.09,120851,0
20180309,26.05,26.0736,25.98,25.98,18293,0
20180312,26.06,26.06,25.9,25.93,44922,0
20180313,25.93,26.02,25.9201,25.99,33516,0
20180314,25.96,26.16,25.96,26.16,34353,0
20180315,26.12,26.16,26.05,26.16,28276,0
20180316,26.08,26.2,26.08,26.2,22419,0
20180319,26.2,26.2,25.98,26.06,72048,0
20180320,26.08,26.12,26.05,26.0795,39279,0
20180321,26.02,26.17,26.02,26.1599,47937,0
20180322,26.09,26.1399,26.0801,26.09,18735,0
20180323,26.14,26.14,26.06,26.08,23980,0
20180326,26.08,26.116,26.05,26.0798,30125,0
20180327,26.14,26.16,26.0756,26.08,23390,0
20180328,26.12,26.1307,26.06,26.12,20881,0
20180329,26.07,26.17,26.04,26.04,41108,0
20180402,26.06,26.13,26.03,26.1,38077,0
20180403,26.12,26.12,25.9,26,34386,0
20180404,25.87,26.0197,25.87,26.01,29137,0
20180405,26.07,26.07,25.9701,26.02,28580,0
20180406,25.92,26.02,25.92,26.02,14516,0
20180409,25.96,26.02,25.951,26.02,21829,0
20180410,26.02,26.06,25.95,25.95,35234,0
20180411,25.98,25.98,25.93,25.94,30335,0
20180412,25.94,25.99,25.91,25.9424,24666,0
20180413,25.92,25.96,25.92,25.94,66968,0
20180416,25.89,25.98,25.89,25.95,16552,0
20180417,25.98,25.99,25.9024,25.99,41629,0
20180418,25.98,26.02,25.9601,26,12690,0
20180419,25.95,26.02,25.91,26.02,25081,0
20180420,25.99,26.05,25.92,26.04,38027,0
20180423,25.95,26.0299,25.95,26,17553,0
20180424,26.04,26.04,25.8601,25.91,29327,0
20180425,25.82,25.9,25.76,25.89,28323,0
20180426,25.87,25.95,25.8601,25.95,20698,0
20180427,25.92,26.07,25.915,25.95,23403,0
20180430,26.05,26.06,25.945,25.99,28017,0
20180501,26.02,26.07,25.99,26.06,24499,0
20180502,26.07,26.1,26.02,26.06,18201,0
20180503,26.06,26.0715,25.98,26,33613,0
20180504,26.01,26.14,26.01,26.11,21680,0
20180507,26.09,26.2,26.068,26.18,26119,0
20180508,26.18,26.18,26.05,26.07,29223,0
20180509,26.07,26.14,26.02,26.12,43491,0
20180510,26.14,26.14,26.05,26.1,26106,0
20180511,26.06,26.23,26.02,26.21,42034,0
20180514,26.17,26.27,26.11,26.21,35921,0
20180515,26.15,26.18,26.0401,26.17,25848,0
20180516,25.79,25.79,25.71,25.74,28095,0
20180517,25.76,25.76,25.65,25.679,16926,0
20180518,25.68,25.709,25.62,25.709,27622,0
20180521,25.76,25.77,25.66,25.7,43339,0
20180522,25.75,25.75,25.61,25.67,26937,0
20180523,25.7,25.77,25.7,25.77,23613,0
20180524,25.72,26.01,25.72,26.01,47523,0
20180525,25.94,26.17,25.88,26.02,27268,0
20180529,25.95,26.0899,25.95,26.03,26288,0
20180530,25.98,26.105,25.98,26.08,34065,0
20180531,25.97,26.13,25.97,26.13,22661,0
20180601,26.17,26.27,26.0614,26.27,44124,0
20180604,26.25,26.29,26.15,26.29,28991,0
20180605,26.26,26.35,26.21,26.35,52855,0
20180606,26.34,26.46,26.32,26.45,22534,0
20180607,26.45,26.46,26.345,26.46,38189,0
20180608,26.41,26.51,26.4008,26.45,25005,0
20180611,26.52,26.52,26.41,26.48,18898,0
20180612,26.41,26.55,26.41,26.52,45931,0
20180613,26.39,26.54,26.39,26.52,39589,0
20180614,26.51,26.58,26.49,26.52,34835,0
20180615,26.45,26.6652,26.45,26.64,23883,0
20180618,26.67,26.8,26.585,26.75,26909,0
20180619,26.73,26.74,26.65,26.68,28595,0
20180620,26.66,26.74,26.6,26.6,35394,0
20180621,26.6,26.6452,26.52,26.53,17022,0
20180622,26.6,26.64,26.56,26.59,10346,0
20180625,26.56,26.64,26.42,26.53,51807,0
20180626,26.45,26.58,26.45,26.53,15237,0
20180627,26.51,26.6,26.48,26.48,27641,0
20180628,26.57,26.579,26.46,26.56,17357,0
20180629,26.52,26.7,26.51,26.51,41299,0
20180702,26.58,26.67,26.55,26.58,43267,0
20180703,26.67,26.7,26.61,26.61,25204,0
20180705,26.65,26.74,26.5601,26.73,21410,0
20180706,26.65,27.03,26.65,26.95,56429,0
20180709,26.85,27.05,26.84,26.97,39062,0
20180710,27,27.045,26.97,27.01,32613,0
20180711,26.98,27.01,26.93,26.93,26755,0
20180712,26.9,26.9126,26.735,26.79,100933,0
20180713,26.8,26.8,26.6,26.7,21867,0
20180716,26.67,26.6954,26.52,26.55,19425,0
20180717,26.55,26.6,26.52,26.52,39010,0
20180718,26.52,26.5964,26.36,26.37,43152,0
20180719,26.47,26.55,26.33,26.55,31550,0
20180720,26.48,26.65,26.48,26.58,25790,0
20180723,26.6,26.6,26.5001,26.56,7211,0
20180724,26.62,26.66,26.51,26.51,25963,0
20180725,26.51,26.66,26.51,26.54,16107,0
20180726,26.51,26.6499,26.51,26.53,53370,0
20180727,26.53,26.64,26.53,26.6,27377,0
20180730,26.64,26.64,26.53,26.57,11314,0
20180731,26.62,26.6285,26.5113,26.57,16883,0
20180801,26.53,26.57,26.35,26.3938,28051,0
20180802,26.36,26.4598,26.32,26.42,52398,0
20180803,26.35,26.52,26.35,26.36,30041,0
20180806,26.39,26.44,26.37,26.39,20598,0
20180807,26.41,26.41,26.34,26.35,28443,0
20180808,26.35,26.42,26.35,26.35,17161,0
20180809,26.36,26.41,26.32,26.32,19963,0
20180810,26.41,26.41,26.22,26.4,25742,0
20180813,26.37,26.38,26.25,26.31,19514,0
20180814,26.37,26.4496,26.3221,26.36,15230,0
20180815,26.35,26.5,26.35,26.46,14287,0
20180816,26.38,26.47,26.38,26.45,14124,0
20180817,26.05,26.17,26.04,26.17,14152,0
20180820,26.11,26.27,26.11,26.215,24958,0
20180821,26.19,26.24,26.19,26.2192,9078,0
20180822,26.26,26.26,26.19,26.19,25621,0
20180823,26.23,26.23,26.11,26.2,32359,0
20180824,26.2,26.2,26.03,26.15,72419,0
20180827,26.14,26.1656,26.09,26.14,14583,0
20180828,26.17,26.17,26.08,26.13,27323,0
20180829,26.1,26.18,26,26.1,60873,0
20180830,26.15,26.1699,26.1,26.13,20282,0
20180831,26.18,26.18,26.11,26.11,24624,0
20180904,26.16,26.1763,25.96,25.99,34644,0
20180905,26,26.01,25.87,25.91,38896,0
20180906,25.91,26.0156,25.85,25.88,33456,0
20180907,25.81,25.8312,25.68,25.71,44158,0
20180910,25.71,25.84,25.6647,25.84,25075,0
20180911,25.74,25.9102,25.74,25.9099,38865,0
20180912,25.89,25.96,25.87,25.9094,72432,0
20180913,25.92,25.97,25.86,25.89,28032,0
20180914,25.86,25.9,25.7268,25.9,31330,0
20180917,25.78,25.8799,25.7601,25.86,33229,0
20180918,25.77,25.84,25.73,25.81,71292,0
20180919,25.87,25.87,25.7601,25.78,59425,0
20180920,25.77,25.83,25.7578,25.8,27743,0
20180921,25.76,25.83,25.76,25.78,28329,0
20180924,25.77,25.8424,25.77,25.8008,18311,0
20180925,25.77,25.8441,25.6701,25.7142,145323,0
20180926,25.72,25.7749,25.71,25.73,23325,0
20180927,25.72,25.7265,25.61,25.7,31055,0
20180928,25.7,25.78,25.68,25.68,23264,0
20181001,25.68,25.73,25.53,25.58,57764,0
20181002,25.52,25.66,25.5,25.5,48282,0
20181003,25.4,25.57,25.15,25.38,59228,0
20181004,25.28,25.32,25.11,25.24,84569,0
20181005,25.23,25.35,25.18,25.19,78184,0
20181008,25.18,25.29,25.18,25.26,36603,0
20181009,25.29,25.33,25.25,25.26,47096,0
20181010,25.25,25.25,25.1,25.18,59126,0
20181011,25.14,25.46,25.14,25.31,46339,0
20181012,25.37,25.3997,25.3,25.31,74793,0
20181015,25.42,25.42,25.2761,25.32,59510,0
20181016,25.32,25.47,25.2968,25.35,80590,0
20181017,25.35,25.4469,25.31,25.44,20149,0
20181018,25.42,25.58,25.37,25.58,49502,0
20181019,25.46,25.72,25.46,25.68,27288,0
20181022,25.52,25.86,25.52,25.84,24806,0
20181023,25.82,25.84,25.6,25.62,32530,0
20181024,25.74,25.8399,25.65,25.77,19180,0
20181025,25.67,25.78,25.657,25.72,26093,0
20181026,25.65,25.73,25.6101,25.7,26834,0
20181029,25.78,25.8,25.6902,25.8,19827,0
20181030,25.79,25.83,25.7,25.83,20461,0
20181031,25.83,25.83,25.71,25.72,26797,0
20181101,25.72,25.81,25.69,25.71,23873,0
20181102,25.71,25.7413,25.575,25.61,33187,0
20181105,25.6,25.7,25.6,25.6461,23096,0
20181106,25.66,25.6942,25.57,25.57,23536,0
20181107,25.68,25.7499,25.64,25.64,38870,0
20181108,25.71,25.71,25.57,25.62,21858,0
20181109,25.64,25.64,25.55,25.5701,26894,0
20181112,25.64,25.64,25.561,25.59,24017,0
20181113,25.61,25.64,25.59,25.59,17565,0
20181114,25.59,25.74,25.531,25.72,19322,0
20181115,25.2,25.3,25.18,25.25,77420,0
20181116,25.2,25.27,25.18,25.26,22173,0
20181119,25.25,25.2861,25.15,25.17,34504,0
20181120,25.15,25.21,25.1,25.15,74944,0
20181121,25.25,25.25,25.1601,25.2052,16600,0
20181123,25.1,25.29,25.1,25.24,22698,0
20181126,25.33,25.33,25.05,25.11,45720,0
20181127,25.15,25.25,25.06,25.2488,42040,0
20181128,25.2,25.35,25.1773,25.3499,54993,0
20181129,25.34,25.45,25.2601,25.27,52127,0
20181130,25.29,25.3101,25.11,25.24,61736,0
20181203,25.4,25.41,25.23,25.34,47491,0
20181204,25.39,25.39,25.06,25.2116,61075,0
20181206,25.04,25.16,24.9294,25.02,76397,0
20181207,25.02,25.2,25.02,25.17,51685,0
20181210,25.19,25.19,25.0117,25.07,44711,0
20181211,25.2,25.3499,25.08,25.08,81829,0
20181212,25.13,25.2899,24.97,24.97,62458,0
20181213,25,25.075,24.93,25,86231,0
20181214,24.95,25.1,24.91,24.92,80460,0
20181217,25,25.0323,24.92,25.03,64987,0
20181218,25.07,25.15,24.96,24.96,89060,0
20181219,25.06,25.14,25.01,25.04,56072,0
20181220,25.09,25.12,24.9,24.99,129506,0
20181221,25.09,25.16,24.87,25,153908,0
20181224,24.98,24.98,24.7,24.71,102659,0
20181226,24.7,24.95,24.67,24.68,90610,0
20181227,24.71,25.02,24.5791,24.9,124960,0
20181228,24.76,25.16,24.76,25.04,102688,0
20181231,25.09,25.39,25.09,25.39,69026,0
20190102,25.13,25.74,25.13,25.65,53706,0
20190103,25.63,25.65,25.5323,25.59,83329,0
20190104,25.54,25.88,25.54,25.79,74302,0
20190107,25.82,25.9,25.77,25.83,60381,0
20190108,25.87,25.8799,25.71,25.77,31465,0
20190109,25.68,25.77,25.67,25.67,38314,0
20190110,25.61,25.81,25.56,25.8,36515,0
20190111,25.7,25.96,25.7,25.9,67412,0
20190114,25.92,26.13,25.825,25.97,74358,0
20190115,26.05,26.05,25.93,25.98,34771,0
20190116,26.02,26.02,25.71,25.71,44705,0
20190117,25.83,25.83,25.66,25.79,28622,0
20190118,25.83,25.98,25.78,25.89,47725,0
20190122,25.95,25.96,25.8149,25.86,58495,0
20190123,25.85,25.95,25.83,25.9,30917,0
20190124,25.9,26.2227,25.8754,26.1,48632,0
20190125,26.19,26.3,26.1,26.21,43747,0
20190128,26.2,26.35,26.12,26.31,68297,0
20190129,26.31,26.46,26.3,26.31,57353,0
20190130,26.34,26.55,26.3,26.51,58094,0
20190131,26.51,26.59,26.22,26.22,134671,0
20190201,26.3,26.37,26.1,26.28,46783,0
20190204,26.28,26.28,26.14,26.2,36347,0
20190205,26.2,26.33,26.1795,26.24,24268,0
20190206,26.27,26.27,26.13,26.19,53687,0
20190207,26.19,26.19,26.06,26.1386,43359,0
20190208,26.14,26.23,26.04,26.21,28333,0
20190211,26.15,26.22,26.15,26.2,28696,0
20190212,26.19,26.38,26.1801,26.38,56428,0
20190213,26.16,26.23,26,26.23,28211,0
20190214,26.23,26.2499,26.05,26.19,24147,0
20190215,26.25,26.36,26.1391,26.29,17451,0
20190219,26.39,26.44,26.248,26.36,15303,0
20190220,26.42,26.48,26.2949,26.425,22452,0
20190221,26.44,26.44,26.24,26.31,42690,0
20190222,26.39,26.39,26.27,26.28,27968,0
20190225,26.41,26.41,26.27,26.27,14286,0
20190226,26.28,26.37,26.15,26.28,40765,0
20190227,26.28,26.38,26.1899,26.22,19611,0
20190228,26.3,26.44,26.29,26.44,57165,0
20190301,26.53,26.66,26.42,26.61,63209,0
20190304,26.63,26.64,26.45,26.55,91486,0
20190305,26.59,26.69,26.45,26.69,43277,0
20190306,26.64,26.82,26.596,26.82,39958,0
20190307,26.81,26.82,26.58,26.58,30639,0
20190308,26.58,26.66,26.53,26.59,40653,0
20190311,26.69,26.7,26.6266,26.645,28162,0
20190312,26.69,26.7308,26.65,26.7,23276,0
20190313,26.74,26.82,26.665,26.69,39553,0
20190314,26.69,26.83,26.54,26.61,58189,0
20190315,26.65,26.7,26.57,26.57,21934,0
20190318,26.68,26.7,26.58,26.67,27846,0
20190319,26.55,26.67,26.42,26.44,24919,0
20190320,26.42,26.42,26.07,26.39,44068,0
20190321,26.38,26.48,26.3413,26.44,31123,0
20190322,26.35,26.4329,26.26,26.39,34682,0
20190325,26.37,26.38,26.31,26.37,15347,0
20190326,26.39,26.39,26.26,26.26,30038,0
20190327,26.37,26.37,26.09,26.09,27381,0
20190328,26.23,26.23,25.93,26.01,44958,0
20190329,26,26.2075,25.96,26.03,142833,0
20190401,26.18,26.55,26.12,26.55,56016,0
20190402,26.55,26.69,26.4218,26.59,32328,0
20190403,26.72,26.79,26.522,26.73,25200,0
20190404,26.73,26.83,26.6796,26.74,23430,0
20190405,26.83,26.88,26.79,26.84,24089,0
20190408,26.87,26.87,26.61,26.62,42852,0
20190409,26.67,26.67,26.53,26.59,37404,0
20190410,26.55,26.71,26.5201,26.53,30749,0
20190411,26.62,26.6291,26.51,26.57,15391,0
20190412,26.63,26.68,26.61,26.68,10379,0
20190415,26.6,26.69,26.59,26.69,11851,0
20190416,26.65,26.74,26.65,26.67,30563,0
20190417,26.71,26.71,26.58,26.6,45900,0
20190418,26.67,26.75,26.53,26.65,64158,0
20190422,26.69,26.69,26.62,26.64,16186,0
20190423,26.63,26.74,26.62,26.64,40189,0
20190424,26.71,26.71,26.51,26.52,46928,0
20190425,26.62,26.62,26.49,26.49,31356,0
20190426,26.48,26.5326,26.27,26.27,22456,0
20190429,26.28,26.45,26.28,26.38,29203,0
20190430,26.44,26.44,26.23,26.23,109069,0
20190501,26.31,26.54,26.26,26.51,38149,0
20190502,26.54,26.541,26.37,26.5366,15452,0
20190503,26.57,26.5739,26.45,26.5026,11202,0
20190506,26.44,26.55,26.3872,26.4959,15262,0
20190507,26.49,26.5284,26.4212,26.45,17172,0
20190508,26.57,26.57,26.4,26.4,22543,0
20190509,26.38,26.46,26.3107,26.43,31097,0
20190510,26.48,26.58,26.4,26.5454,20438,0
20190513,26.42,26.48,26.4138,26.44,18652,0
20190514,26.39,26.57,26.38,26.5404,17940,0
20190515,26.51,26.61,26.5,26.57,26261,0
20190516,26.23,26.41,26.17,26.39,20518,0
20190517,26.36,26.39,26.27,26.37,16944,0
20190520,26.37,26.37,26.05,26.07,39692,0
20190521,26.12,26.2147,26.08,26.17,13924,0
20190522,26.21,26.28,26.1701,26.19,19860,0
20190523,26.15,26.22,26.13,26.18,23146,0
20190524,26.23,26.23,26.11,26.17,17471,0
20190528,26.17,26.27,26.17,26.22,19987,0
20190529,26.23,26.34,26.17,26.32,22159,0
20190530,26.32,26.38,26.21,26.38,18224,0
20190531,26.3,26.3176,26.12,26.12,122505,0
20190603,26.16,26.24,26.07,26.21,35832,0
20190604,26.24,26.42,26.2353,26.39,24692,0
20190605,26.4,26.4023,26.34,26.34,24714,0
20190606,26.3,26.44,26.3,26.33,46108,0
20190607,26.35,26.46,26.28,26.32,55966,0
20190610,26.34,26.39,26.29,26.29,40484,0
20190611,26.32,26.379,26.23,26.23,29949,0
20190612,26.3,26.36,26.25,26.3,27008,0
20190613,26.32,26.36,26.28,26.31,24736,0
20190614,26.27,26.43,26.22,26.43,44471,0
20190617,26.39,26.5,26.36,26.37,93900,0
20190618,26.39,26.41,26.36,26.39,45674,0
20190619,26.43,26.46,26.36,26.42,48120,0
20190620,26.45,26.54,26.45,26.5,57511,0
20190621,26.57,26.57,26.43,26.43,32231,0
20190624,26.43,26.46,26.36,26.38,32560,0
20190625,26.47,26.49,26.27,26.35,36888,0
20190626,26.35,26.46,26.24,26.36,43231,0
20190627,26.32,26.4,26.19,26.2,26280,0
20190628,26.19,26.2449,26.06,26.06,124439,0
20190701,26.16,26.2073,26.16,26.18,34103,0
20190702,26.16,26.38,26.16,26.35,30794,0
20190703,26.31,26.46,26.31,26.39,14664,0
20190705,26.33,26.3585,26.21,26.31,16556,0
20190708,26.23,26.3712,26.23,26.3072,12630,0
20190709,26.23,26.36,26.23,26.25,23815,0
20190710,26.27,26.3677,26.2617,26.28,25872,0
20190711,26.28,26.37,26.2665,26.36,25745,0
20190712,26.28,26.42,26.28,26.42,24820,0
20190715,26.33,26.54,26.33,26.54,26493,0
20190716,26.42,26.58,26.42,26.55,43845,0
20190717,26.49,26.73,26.49,26.72,63771,0
20190718,26.6,26.87,26.6,26.8,74677,0
20190719,26.73,26.94,26.73,26.9,72591,0
20190722,26.88,26.94,26.7788,26.83,46563,0
20190723,26.83,26.9246,26.83,26.83,25177,0
20190724,26.9,27.07,26.865,26.99,59799,0
20190725,26.96,27.02,26.83,26.83,51199,0
20190726,26.85,27.06,26.85,26.9,19354,0
20190729,26.91,27.1975,26.91,27.12,51706,0
20190730,27.08,27.11,27.03,27.05,63302,0
20190731,27,27.1,26.9,27.04,180710,0
20190801,27,27.26,27,27.07,61200,0
20190802,27,27.18,26.94,27.16,60544,0
20190805,27.01,27.04,26.9357,27.0289,21496,0
20190806,26.98,27.12,26.98,27.08,18202,0
20190807,26.99,27.04,26.8982,26.92,48022,0
20190808,26.88,27.03,26.88,26.99,16349,0
20190809,27,27.11,26.98,27.0461,35820,0
20190812,26.99,27.11,26.99,27.11,25057,0
20190813,27.04,27.24,27.04,27.24,23142,0
20190814,27.06,27.27,27.0501,27.27,40494,0
20190815,27.15,27.37,27.15,27.37,32694,0
20190816,27.09,27.11,26.91,27.06,32583,0
20190819,26.98,27.05,26.84,26.89,72525,0
20190820,26.84,27.04,26.84,27,18365,0
20190821,27,27.13,27,27.07,41549,0
20190822,27.06,27.12,26.98,27.09,49487,0
20190823,27.01,27.1,27.01,27.01,15892,0
20190826,27.02,27.0307,26.96,27.01,22290,0
20190827,27.02,27.02,26.96,26.97,26424,0
20190828,26.96,27.02,26.9,26.92,33053,0
20190829,27.05,27.07,26.81,26.81,32822,0
20190830,26.81,26.89,26.7227,26.74,130447,0
20190903,26.89,26.99,26.83,26.88,40721,0
20190904,26.87,26.995,26.8555,26.97,34434,0
20190905,26.9,26.98,26.85,26.95,27494,0
20190906,26.9,27.05,26.9,27.02,33012,0
20190909,26.984,27.0162,26.88,26.89,29114,0
20190910,26.88,26.9321,26.71,26.71,59063,0
20190911,26.71,26.8073,26.52,26.56,56642,0
20190912,26.61,26.67,26.36,26.43,66508,0
20190913,26.34,26.434,25.9,26.23,86310,0
20190916,26.15,26.22,26.07,26.12,50626,0
20190917,26.09,26.2588,26.09,26.18,35902,0
20190918,26.22,26.32,26.11,26.21,89760,0
20190919,26.23,26.27,26.13,26.17,61288,0
20190920,26.18,26.18,26.06,26.1,40077,0
20190923,26.11,26.3,26.11,26.3,66484,0
20190924,26.3,26.33,26.26,26.29,69029,0
20190925,26.23,26.37,26.23,26.34,39380,0
20190926,26.36,26.38,26.21,26.32,48171,0
20190927,26.26,26.43,26.26,26.42,48035,0
20190930,26.32,26.45,26.31,26.38,136480,0
20191001,26.36,26.601,26.36,26.57,32093,0
20191002,26.43,26.58,26.3606,26.53,28209,0
20191003,26.45,26.62,26.4365,26.59,13103,0
20191004,26.52,26.74,26.52,26.71,25667,0
20191007,26.62,26.7008,26.62,26.64,16680,0
20191008,26.66,26.6605,26.53,26.57,17604,0
20191009,26.6,26.67,26.54,26.54,27913,0
20191010,26.61,26.61,26.42,26.51,27549,0
20191011,26.45,26.77,26.45,26.75,23784,0
20191014,26.57,26.88,26.57,26.85,21223,0
20191015,26.8,26.9399,26.8,26.8997,30098,0
20191016,26.81,26.98,26.7442,26.92,32045,0
20191017,26.93,26.99,26.8604,26.99,16142,0
20191018,26.98,26.99,26.84,26.84,32461,0
20191021,26.85,26.9,26.71,26.8,44720,0
20191022,26.75,26.93,26.75,26.9,20708,0
20191023,26.85,27.12,26.85,27.04,32700,0
20191024,27.07,27.17,26.85,26.88,50250,0
20191025,27,27,26.81,26.88,106997,0
20191028,26.88,27.05,26.81,26.89,35948,0
20191029,26.93,27,26.86,26.89,62410,0
20191030,26.85,27.09,26.8,27.02,74322,0
20191031,27,27.06,26.94,26.94,195760,0
20191101,26.95,27.0172,26.72,26.8,52053,0
20191104,26.89,26.89,26.7562,26.82,27703,0
20191105,26.72,26.85,26.717,26.84,29583,0
20191106,26.75,26.8404,26.75,26.78,13290,0
20191107,26.69,26.7399,26.57,26.62,8973,0
20191108,26.76,26.76,26.531,26.54,36868,0
20191111,26.66,26.71,26.53,26.66,23552,0
20191112,26.66,26.84,26.608,26.83,19038,0
20191113,26.84,26.96,26.7988,26.83,33937,0
20191114,26.54,26.669,26.52,26.62,16149,0
20191115,26.56,26.7,26.54,26.6005,14380,0
20191118,26.7,26.7,26.25,26.34,83017,0
20191119,26.3,26.37,26.23,26.28,23455,0
20191120,26.24,26.2858,26.1603,26.2,38758,0
20191121,26.17,26.25,26.08,26.1,29020,0
20191122,26.12,26.12,26.02,26.05,43986,0
20191125,26.05,26.05,25.91,25.93,54174,0
20191126,25.91,25.9899,25.89,25.95,29864,0
20191127,25.9,25.98,25.83,25.88,55114,0
20191129,25.83,25.8726,25.76,25.84,97026,0
20191202,25.86,25.89,25.699,25.74,42648,0
20191203,25.71,25.83,25.71,25.79,40574,0
20191204,25.8,25.86,25.74,25.78,107713,0
20191205,25.81,25.8195,25.74,25.76,50862,0
20191206,25.72,25.82,25.72,25.82,35386,0
20191209,25.82,25.85,25.76,25.83,44727,0
20191210,25.8,25.84,25.77,25.84,34609,0
20191211,25.81,25.95,25.81,25.94,59394,0
20191212,25.9,25.96,25.81,25.83,59949,0
20191213,25.84,25.91,25.78,25.9,56094,0
20191216,25.95,25.98,25.914,25.98,39242,0
20191217,25.99,26.055,25.93,26.01,110632,0
20191218,25.97,26.08,25.96,26.07,45890,0
20191219,26.03,26.1392,26.01,26.05,68697,0
20191220,26.03,26.08,26.03,26.07,38584,0
20191223,26.09,26.17,26.09,26.16,55210,0
20191224,26.15,26.15,26.1,26.13,13722,0
20191226,26.15,26.2,26.0646,26.16,41032,0
20191227,26.2,26.2295,26.11,26.15,41191,0
20191230,26.11,26.1534,25.99,26.02,33902,0
20191231,25.99,26.05,25.99,26,40769,0
20200102,26.12,26.25,26.057,26.25,77080,0
20200103,26.21,26.44,26.21,26.37,54919,0
20200106,26.3,26.4,26.28,26.3,45686,0
20200107,26.25,26.36,26.25,26.33,32984,0
20200108,26.33,26.49,26.33,26.48,33311,0
20200109,26.41,26.56,26.4,26.56,35982,0
20200110,26.5,26.79,26.5,26.76,39693,0
20200113,26.76,26.95,26.6799,26.95,46489,0
20200114,26.83,26.9,26.765,26.87,41786,0
20200115,26.76,26.92,26.74,26.87,32223,0
20200116,26.79,26.85,26.7432,26.78,34791,0
20200117,26.8,26.86,26.6301,26.69,57335,0
20200121,26.8,26.85,26.62,26.67,46981,0
20200122,26.66,26.84,26.66,26.84,25146,0
20200123,26.74,26.84,26.72,26.72,27443,0
