Date,Open,High,Low,Close,Volume,OpenInt
20181214,52.819,52.819,52.819,52.819,18,0
20181217,51.926,51.926,51.588,51.588,409,0
20181218,52.269,52.269,51.749,51.781,980,0
20181219,50.95,50.95,50.95,50.95,10,0
20181220,50.73,50.73,49.861,49.861,114,0
20181221,49.388,49.388,48.972,48.972,102,0
20181224,47.768,47.768,47.768,47.768,10,0
20181226,49.972,49.972,49.972,49.972,40,0
20181227,49.014,50.234,49.014,50.234,436,0
20181228,50.329,50.329,50.329,50.329,10,0
20181231,50.56,50.56,50.56,50.56,5,0
20190102,50.821,50.821,50.821,50.821,40,0
20190103,49.586,49.586,49.586,49.586,3,0
20190104,51.216,51.294,51.216,51.294,417,0
20190107,51.367,51.772,51.367,51.772,420,0
20190108,52.266,52.266,52.266,52.266,1,0
20190109,52.466,52.466,52.466,52.466,1,0
20190110,52.471,52.737,52.471,52.737,109,0
20190111,52.625,52.705,52.596,52.705,1845,0
20190114,52.349,52.349,52.349,52.349,1,0
20190115,52.918,52.918,52.918,52.918,1118,0
20190116,52.943,52.944,52.943,52.944,1015,0
20190117,53.255,53.255,53.255,53.255,91,0
20190118,53.948,53.948,53.903,53.903,110,0
20190122,53.485,53.485,53.003,53.003,100,0
20190123,53.337,53.337,53.277,53.277,100,0
20190124,53.397,53.397,53.366,53.366,101,0
20190125,53.784,53.784,53.784,53.784,100,0
20190128,53.258,53.258,53.258,53.258,100,0
20190129,53.215,53.215,53.215,53.215,100,0
20190130,54.162,54.162,54.162,54.162,100,0
20190131,54.805,54.805,54.728,54.735,222,0
20190201,54.74,54.74,54.74,54.74,4,0
20190204,55.108,55.108,55.108,55.108,100,0
20190205,55.554,55.554,55.317,55.44,11778,0
20190206,55.385,55.385,55.385,55.385,104,0
20190207,54.807,54.807,54.807,54.807,35,0
20190208,54.84,54.84,54.84,54.84,35,0
20190211,54.978,54.978,54.978,54.978,35,0
20190212,55.702,55.702,55.702,55.702,35,0
20190213,55.975,55.975,55.873,55.873,1218,0
20190214,55.78,55.918,55.78,55.843,304,0
20190215,56.296,56.296,56.296,56.296,1,0
20190219,56.324,56.49,56.324,56.468,1443,0
20190220,56.46,56.617,56.45,56.492,539,0
20190221,56.31,56.31,56.31,56.31,1,0
20190222,56.637,56.747,56.637,56.747,914,0
20190225,57.07,57.07,56.863,56.863,1200,0
20190226,56.815,56.933,56.815,56.85,1224,0
20190227,56.509,56.755,56.499,56.755,206,0
20190228,56.726,56.784,56.637,56.637,631,0
20190301,56.972,57.057,56.843,57.057,2987,0
20190304,56.982,56.982,56.814,56.814,254,0
20190305,56.864,56.864,56.864,56.864,99,0
20190306,56.46,56.46,56.46,56.46,128,0
20190307,55.976,55.988,55.976,55.988,153,0
20190308,55.861,55.861,55.861,55.861,167,0
20190311,56.707,56.707,56.707,56.707,100,0
20190312,56.38,56.86,56.38,56.86,217,0
20190313,57.316,57.356,57.286,57.286,204,0
20190314,57.207,57.207,57.207,57.207,9,0
20190315,57.467,57.467,57.467,57.467,97,0
20190318,57.661,57.661,57.661,57.661,20,0
20190319,57.662,57.69,57.662,57.69,264,0
20190320,57.622,57.741,57.622,57.741,693,0
20190321,58.465,58.465,58.465,58.465,9,0
20190322,57.672,57.672,57.438,57.438,1603,0
20190325,57.413,57.413,57.376,57.376,361,0
20190326,57.701,57.701,57.701,57.701,1,0
20190327,57.446,57.446,57.446,57.446,5,0
20190328,57.493,57.75,57.493,57.75,1497,0
20190329,58.053,58.053,58.053,58.053,401,0
20190401,58.702,58.702,58.702,58.702,1,0
20190402,58.569,58.698,58.569,58.698,359,0
20190403,58.906,58.955,58.805,58.805,850,0
20190404,58.98,58.98,58.899,58.899,406,0
20190405,59.153,59.169,59.103,59.169,1401,0
20190408,59.249,59.261,59.249,59.261,294,0
20190409,58.899,58.899,58.899,58.899,35,0
20190410,59.123,59.123,59.123,59.123,1,0
20190411,59.123,59.123,59.123,59.123,50,0
20190412,59.375,59.375,59.375,59.375,352,0
20190415,59.439,59.439,59.439,59.439,1,0
20190416,59.375,59.375,59.375,59.375,1,0
20190417,59.262,59.262,59.262,59.262,1,0
20190418,59.676,59.676,59.35,59.351,354,0
20190422,59.487,59.487,59.487,59.487,15,0
20190423,60.033,60.033,60.033,60.033,6,0
20190424,60.031,60.031,59.911,59.911,350,0
20190426,60.001,60.001,60.001,60.001,1,0
20190429,60.084,60.084,60.084,60.084,50,0
20190430,60.098,60.098,60.098,60.098,115,0
20190501,59.679,59.679,59.679,59.679,1,0
20190502,59.441,59.441,59.441,59.441,1,0
20190503,60.064,60.064,60.064,60.064,10,0
20190506,59.823,59.823,59.823,59.823,1,0
20190507,58.83,58.83,58.83,58.83,36,0
20190508,58.797,58.797,58.797,58.797,10,0
20190509,58.382,58.511,58.382,58.511,218,0
20190510,58.704,58.704,58.704,58.704,36,0
20190513,57.342,57.342,57.315,57.342,205,0
20190514,58.144,58.144,57.906,57.906,275,0
20190515,58.306,58.342,58.306,58.314,273,0
20190516,58.779,58.779,58.779,58.779,36,0
20190517,58.523,58.523,58.523,58.523,4,0
20190520,58.045,58.045,58.045,58.045,4,0
20190521,58.698,58.698,58.362,58.508,204,0
20190522,58.4,58.4,58.4,58.4,4,0
20190523,57.63,57.63,57.63,57.63,4,0
20190524,57.718,57.718,57.718,57.718,50,0
20190528,57.302,57.302,57.302,57.302,74,0
20190529,56.697,56.813,56.697,56.813,153,0
20190530,56.999,56.999,56.987,56.987,100,0
20190531,56.143,56.15,56.14,56.143,455,0
20190603,55.854,55.855,55.854,55.855,513,0
20190604,57.114,57.114,57.114,57.114,180,0
20190605,57.609,57.609,57.609,57.609,4,0
20190606,57.967,58.007,57.967,58.007,100,0
20190607,57.849,58.738,57.849,58.738,372,0
20190610,58.988,58.988,58.988,58.988,4,0
20190611,58.977,58.977,58.977,58.977,4,0
20190612,59.153,59.153,58.877,58.877,1351,0
20190613,59.089,59.089,59.089,59.089,4,0
20190614,59.088,59.088,59.088,59.088,4,0
20190617,59.154,59.154,59.154,59.154,6,0
20190618,59.72,59.72,59.72,59.72,263,0
20190619,59.991,59.991,59.991,59.991,95,0
20190620,60.645,60.645,60.645,60.645,52,0
20190621,60.582,60.582,60.582,60.582,80,0
20190624,60.463,60.463,60.463,60.463,20,0
20190625,59.855,59.855,59.855,59.855,519,0
20190626,59.851,59.851,59.82,59.82,560,0
20190627,60.003,60.003,60.003,60.003,20,0
20190628,60.139,60.171,60.139,60.171,141,0
20190701,60.694,60.694,60.694,60.694,20,0
20190702,60.694,60.843,60.694,60.843,231,0
20190703,61.219,61.333,61.219,61.333,154,0
20190705,61.144,61.144,61.144,61.144,39,0
20190708,60.974,60.974,60.903,60.923,526,0
20190709,60.902,61.014,60.902,61.014,286,0
20190710,61.344,61.344,61.344,61.344,52,0
20190711,61.428,61.462,61.299,61.462,424,0
20190712,61.646,61.767,61.602,61.767,244,0
20190715,61.845,61.893,61.803,61.803,1268,0
20190716,61.64,61.64,61.64,61.64,3,0
20190717,61.283,61.283,61.283,61.283,4,0
20190718,61.394,61.394,61.394,61.394,4,0
20190719,61.547,61.547,61.119,61.119,1021,0
20190722,61.224,61.224,61.224,61.224,40,0
20190723,61.552,61.552,61.552,61.552,140,0
20190724,61.782,61.847,61.782,61.847,252,0
20190725,61.526,61.526,61.526,61.526,98,0
20190726,62.001,62.001,62.001,62.001,1,0
20190729,61.894,61.905,61.894,61.905,1074,0
20190730,61.7,61.7,61.7,61.7,3,0
20190731,61.765,61.765,61.061,61.061,327,0
20190801,61.587,61.587,60.558,60.558,693,0
20190802,60.172,60.172,60.027,60.035,2206,0
20190805,58.74,58.74,58.319,58.319,352,0
20190806,58.839,59.007,58.839,59.007,179,0
20190807,59.21,59.21,59.21,59.21,47,0
20190808,60.178,60.25,60.178,60.25,1239,0
20190809,59.895,59.895,59.895,59.895,80,0
20190812,59.452,59.452,59.117,59.222,1936,0
20190813,58.671,60.122,58.671,60.122,195,0
20190814,58.611,58.621,58.504,58.504,351,0
20190815,58.502,58.638,58.502,58.638,1494,0
20190816,59.468,59.468,59.468,59.468,37,0
20190819,59.96,60.208,59.613,60.208,1189,0
20190820,59.778,59.778,59.778,59.778,37,0
20190821,60.27,60.27,60.27,60.27,37,0
20190822,60.235,60.235,60.235,60.235,37,0
20190823,58.998,59.033,58.405,58.405,753,0
20190826,58.641,59.129,58.641,59.129,375,0
20190827,59.343,59.464,59.074,59.074,2559,0
20190828,59.107,59.413,59.107,59.413,302,0
20190829,60.154,60.154,60.154,60.154,4,0
20190830,60.208,60.208,60.208,60.208,1,0
20190903,59.759,59.759,59.759,59.759,4,0
20190904,60.431,60.431,60.431,60.431,4,0
20190905,60.565,61.224,60.565,61.224,555,0
20190906,61.17,61.369,61.17,61.237,659,0
20190909,61.145,61.145,61.145,61.145,4,0
20190910,61.062,61.062,61.056,61.056,152,0
20190911,61.566,61.566,61.566,61.566,4,0
20190912,61.821,61.821,61.821,61.821,1,0
20190913,61.7,61.7,61.7,61.7,4,0
20190916,61.492,61.492,61.492,61.492,65,0
20190917,61.641,61.641,61.641,61.641,4,0
20190918,61.111,61.623,61.111,61.623,110,0
20190919,61.672,61.672,61.672,61.672,10,0
20190920,61.289,61.471,61.289,61.471,100,0
20190923,61.376,61.376,61.376,61.376,10,0
20190924,60.823,60.823,60.823,60.823,10,0
20190925,61.235,61.235,61.235,61.235,9,0
20190926,61.057,61.057,61.057,61.057,10,0
20190927,60.624,60.624,60.624,60.624,10,0
20190930,61.069,61.069,61.069,61.069,11,0
20191001,60.404,60.404,60.404,60.404,35,0
20191002,59.329,59.329,59.302,59.302,100,0
20191003,59.11,59.771,59.11,59.771,138,0
20191004,60.631,60.631,60.631,60.631,2,0
20191007,60.431,60.431,60.431,60.431,2,0
20191008,59.926,59.926,59.486,59.486,100,0
20191009,60.029,60.029,60.029,60.029,2,0
20191010,60.385,60.385,60.385,60.385,2,0
20191011,61.078,61.078,61.078,61.078,103,0
20191014,60.963,60.963,60.963,60.963,27,0
20191015,61.546,61.546,61.546,61.546,17,0
20191016,61.428,61.428,61.428,61.428,2,0
20191017,61.58,61.689,61.58,61.689,117,0
20191018,61.337,61.337,61.337,61.337,2,0
20191021,61.617,61.617,61.617,61.617,57,0
20191022,61.424,61.424,61.424,61.424,75,0
20191023,61.54,61.54,61.54,61.54,1,0
20191024,61.742,61.742,61.742,61.742,2,0
20191025,62.005,62.005,62.005,62.005,2,0
20191028,62.389,62.389,62.389,62.389,2,0
20191029,62.285,62.285,62.285,62.285,31,0
20191030,62.526,62.526,62.526,62.526,2,0
20191031,62.321,62.321,62.321,62.321,4,0
20191101,62.914,62.914,62.914,62.914,4,0
20191104,63.167,63.167,63.167,63.167,116,0
20191105,63.112,63.112,63.112,63.112,41,0
20191106,63.078,63.078,63.078,63.078,3,0
20191107,63.243,63.25,63.243,63.25,207,0
20191108,63.582,63.582,63.438,63.438,206,0
20191111,63.323,63.323,63.323,63.323,45,0
20191112,63.492,63.492,63.492,63.492,45,0
20191113,63.59,63.59,63.59,63.59,26,0
20191114,63.634,63.634,63.634,63.634,78,0
20191115,63.988,64.118,63.988,64.118,166,0
20191118,64.152,64.152,64.152,64.152,1,0
20191119,64.129,64.129,64.129,64.129,1,0
20191120,64.119,64.119,63.741,63.876,452,0
20191121,63.815,63.815,63.815,63.815,49,0
20191122,63.908,63.908,63.908,63.908,39,0
20191125,64.438,64.438,64.422,64.422,1037,0
20191126,64.606,64.606,64.606,64.606,85,0
20191129,64.626,64.626,64.626,64.626,66,0
20191202,64.084,64.084,64.084,64.084,2,0
20191203,63.345,63.639,63.203,63.639,5263,0
20191204,64.047,64.047,64.047,64.047,75,0
20191205,64.083,64.083,64.083,64.083,1,0
20191206,64.657,64.657,64.657,64.657,5,0
20191209,64.486,64.486,64.486,64.486,3,0
20191210,64.452,64.452,64.368,64.368,465,0
20191211,64.619,64.619,64.619,64.619,3,0
20191212,64.866,65.124,64.856,65.124,2951,0
20191213,65.145,65.224,65.145,65.224,163,0
20191216,65.444,65.673,65.444,65.603,1422,0
20191217,65.593,65.593,65.593,65.593,183,0
20191218,65.72,65.72,65.72,65.72,1,0
20191219,65.949,65.949,65.949,65.949,26,0
20191220,66.368,66.368,66.368,66.368,16,0
20191223,66.938,66.938,66.433,66.433,386,0
20191224,66.3959,66.3959,66.3959,66.3959,3,0
20191226,66.97,66.97,66.6164,66.6916,311,0
20191227,66.67,66.67,66.67,66.67,100,0
20191230,66.3207,66.3207,66.3207,66.3207,82,0
20191231,66.4923,66.4923,66.4923,66.4923,2,0
20200102,66.9314,67.0985,66.9314,67.0985,246,0
20200103,66.91,66.929,66.7205,66.7205,1443,0
20200106,66.9184,66.9184,66.9184,66.9184,65,0
20200107,66.8188,66.8188,66.8188,66.8188,82,0
20200108,67.162,67.162,67.162,67.162,82,0
20200109,67.6064,67.6064,67.6064,67.6064,5,0
20200110,67.458,67.458,67.458,67.458,298,0
20200113,67.9,67.9,67.9,67.9,3,0
20200114,67.7894,67.7894,67.7894,67.7894,24,0
20200115,68,68,67.9995,67.9995,341,0
20200116,68.577,68.577,68.577,68.577,28,0
20200117,68.8524,68.8524,68.8524,68.8524,11,0
20200121,68.7182,68.7182,68.7182,68.7182,2,0
20200122,68.83,68.83,68.7903,68.7903,310,0
