Date,Open,High,Low,Close,Volume,OpenInt
20171121,29.15,29.55,29.1,29.48,4895,0
20171122,29.0658,29.0658,29,29,300,0
20171124,28.93,29.18,28.93,29.15,1500,0
20171128,29.04,29.186,29.038,29.158,1800,0
20171130,29.82,29.84,29.82,29.84,302,0
20171204,29.76,29.844,29.76,29.8388,699,0
20171207,29.547,29.547,29.4947,29.537,1600,0
20180112,31.8,31.82,31.8,31.82,200,0
20180116,32.3039,32.43,32.2547,32.2547,2222,0
20180122,33.35,37.39,32.86,32.88,46654,0
20180123,32.79,32.9545,32.73,32.73,2741,0
20180124,32.71,32.78,32.48,32.7648,19028,0
20180125,32.9756,32.99,32.91,32.91,1797,0
20180126,33.16,33.49,33.16,33.49,2790,0
20180129,33.8907,33.93,33.823,33.8406,9231,0
20180130,33.85,33.85,33.76,33.76,1130,0
20180131,33.8632,34.29,33.8632,34.06,16694,0
20180201,34.19,34.34,34.19,34.34,1083,0
20180202,34.93,34.93,34.48,34.79,4439,0
20180205,34.78,34.78,33.4694,33.4694,7531,0
20180206,32.82,33.5,32.82,33.5,36972,0
20180207,33.7499,34.07,33.54,34.07,10452,0
20180208,33.9269,33.9269,33.9269,33.9269,4344,0
20180209,33.49,34,33.49,33.5768,1044,0
20180212,33.84,33.92,33.45,33.92,3585,0
20180213,34.02,34.05,33.948,34.05,7461,0
20180214,34.917,34.9207,34.917,34.917,1680,0
20180215,35.72,35.86,35.5216,35.84,2403,0
20180216,35.6838,35.755,35.148,35.6778,3425,0
20180220,35.8922,35.8922,35.8922,35.8922,100,0
20180221,36.48,36.81,36.0001,36.81,2720,0
20180222,36.51,36.51,36.2942,36.37,4457,0
20180223,35.52,35.52,35.35,35.35,750,0
20180226,35.23,35.405,35.23,35.405,2870,0
20180228,36.317,36.317,36.04,36.2504,1304,0
20180301,35.455,35.55,35.455,35.55,762,0
20180302,35.01,35.01,35.01,35.01,1225,0
20180305,35.53,35.53,34.96,34.96,5000,0
20180306,35.6252,35.6252,35.6252,35.6252,1290,0
20180307,35.973,35.973,35.973,35.973,250,0
20180308,35.99,35.99,35.9,35.9396,639,0
20180309,36.1671,36.1671,36.1671,36.1671,230,0
20180312,36.95,36.95,36.4096,36.52,4076,0
20180314,36.42,36.42,36.42,36.42,1096,0
20180316,36.45,36.71,36.43,36.71,1415,0
20180319,36.87,36.8799,36.63,36.63,1056,0
20180320,37.1099,37.595,37.0851,37.595,6061,0
20180321,37.83,37.8699,37,37,3465,0
20180322,37,37.01,36,36.06,4918,0
20180323,36.0898,36.0898,36.0898,36.0898,200,0
20180326,36.31,36.32,36.31,36.32,856,0
20180327,36,36.01,35.2555,35.2555,3093,0
20180328,35.01,35.01,35.01,35.01,630,0
20180329,35.15,35.77,35.15,35.15,15703,0
20180402,35.5,35.51,35.165,35.165,400,0
20180404,35.18,35.7,35.18,35.7,300,0
20180405,35.94,35.94,35.94,35.94,325,0
20180409,35.95,35.975,35.41,35.4391,821,0
20180410,35.67,35.825,35.61,35.63,1271,0
20180411,36,36,35.905,35.905,900,0
20180412,35.9,36.3,35.9,36.3,3314,0
20180413,37.49,37.49,36.828,36.828,1630,0
20180416,36.8647,36.8647,36.8647,36.8647,261,0
20180417,37.1785,37.1785,37.1785,37.1785,400,0
20180419,37.2,37.49,37.2,37.49,507,0
20180420,37.4437,37.5,37.4437,37.5,512,0
20180423,37.36,37.5,37.36,37.5,980,0
20180424,37.8,37.8,37.8,37.8,180,0
20180425,37.99,37.99,37.99,37.99,127,0
20180426,38,38.15,37.8879,38.14,1620,0
20180427,37.905,37.91,37.905,37.91,445,0
20180430,38.02,38.02,38.02,38.02,136,0
20180503,37.905,37.905,37.9,37.905,1071,0
20180504,38.09,38.09,38.09,38.09,1229,0
20180507,37.995,38.19,37.87,37.87,918,0
20180509,38.204,38.29,38.204,38.29,754,0
20180510,38.24,38.24,38.1641,38.1641,1280,0
20180511,37.66,37.66,37.65,37.65,1443,0
20180514,37.587,37.6104,37.587,37.6104,1078,0
20180516,38.3,38.3,38.24,38.3,2050,0
20180518,38.16,38.3874,38.16,38.3874,689,0
20180521,38.4,38.57,38.03,38.03,3158,0
20180522,38.111,38.65,38.111,38.65,588,0
20180524,37.2079,37.57,37.2079,37.5665,425,0
20180525,37.6,37.6,37.6,37.6,130,0
20180529,36.1225,36.24,34.98,35.01,3967,0
20180530,35.46,35.9681,35.46,35.9681,499,0
20180531,35.75,35.85,35.75,35.85,410,0
20180604,36.85,37.06,36.85,37.06,3525,0
20180605,37.5473,37.5473,37.5473,37.5473,270,0
20180606,37.3,37.3,37.3,37.3,330,0
20180607,37.7852,37.7852,37.7852,37.7852,175,0
20180608,38.55,39.63,37.4,37.4,1373,0
20180611,37.44,38.29,37.42,38.29,12505,0
20180612,38.27,38.27,38.177,38.177,3028,0
20180613,38.15,38.2275,38.1136,38.2275,600,0
20180614,38.82,38.82,38.82,38.82,424,0
20180621,38.2101,38.3296,38.21,38.2101,850,0
20180627,37.7,37.8256,37.68,37.8256,450,0
20180702,37.8577,37.87,37.8577,37.87,572,0
20180703,37.89,37.89,37.87,37.87,330,0
20180709,37.91,37.9245,37.91,37.91,500,0
20180710,38.16,38.19,38.16,38.19,464,0
20180716,37.93,38.0737,37.92,38.0737,1570,0
20180717,37.92,37.92,37.826,37.826,3043,0
20180718,37.88,37.8834,37.88,37.8834,200,0
20180719,37.88,37.88,37.88,37.88,612,0
20180723,37.8052,37.8052,37.8052,37.8052,140,0
20180724,37.854,37.854,37.8,37.8,2590,0
20180725,37.72,37.8,37.72,37.8,200,0
20180727,38.13,38.51,38.0801,38.51,2520,0
20180730,38.6126,38.6126,38.49,38.49,766,0
20180731,38.51,38.51,38.51,38.51,100,0
20180801,38.61,38.61,38.61,38.61,100,0
20180802,38.64,38.74,38.63,38.63,605,0
20180803,38.4026,38.4026,38.4026,38.4026,291,0
20180807,37.59,37.59,37.59,37.59,170,0
20180808,38.33,38.33,38.33,38.33,146,0
20180810,37.8,37.8,37.54,37.6174,787,0
20180817,37.5648,37.5648,37.5648,37.5648,366,0
20180821,39.18,39.18,37.2732,37.3,1302,0
20180822,37.235,37.235,37.23,37.2335,665,0
20180823,36.95,36.95,36.4201,36.84,2350,0
20180824,37.05,37.1146,37.02,37.02,1670,0
20180827,37.252,37.252,37.15,37.15,930,0
20180828,37.64,37.705,37.5971,37.6,1750,0
20180829,37.61,37.61,37.61,37.61,100,0
20180831,38.19,38.19,37.3401,37.5,1686,0
20180904,36.7,37.398,36.7,37.398,1693,0
20180905,37.74,37.74,37.39,37.39,368,0
20180912,38.21,38.5823,38.21,38.53,1322,0
20180913,38.5,38.5,38.5,38.5,258,0
20180914,38.7,38.7,38.7,38.7,100,0
20180917,38.81,38.81,38.81,38.81,100,0
20180918,38.771,39.048,38.77,39.048,1983,0
20180919,39.281,39.3875,39.281,39.3875,805,0
20180925,39.36,39.36,39.35,39.35,807,0
20180926,39.42,39.42,39.4027,39.4027,485,0
20180927,39.68,39.68,39.4,39.4,857,0
20181002,39.42,39.42,39.38,39.38,1334,0
20181004,39.7,40.09,39.7,40.09,525,0
20181008,40.3005,40.3005,40.3005,40.3005,137,0
20181011,41.19,41.19,40.345,40.35,1758,0
20181012,39.5851,39.5851,39.49,39.49,547,0
20181016,39.88,39.88,39.8527,39.8527,703,0
20181017,40.2482,40.2482,40.2482,40.2482,253,0
20181019,40,40.145,40,40.145,411,0
20181023,40.548,40.55,39.72,39.72,7340,0
20181026,39.71,39.7964,39.46,39.7964,1483,0
20181031,39.6023,39.6023,39.6023,39.6023,218,0
20181102,39.949,39.949,39.949,39.949,310,0
20181105,41.36,41.36,40.2979,40.3094,791,0
20181107,40.6546,40.6599,40.5834,40.6599,552,0
20181108,41.58,41.58,40.75,40.7596,775,0
20181109,40.88,40.88,40.7,40.7,481,0
20181112,40.2541,40.2835,40.2541,40.2835,1030,0
20181113,41.09,41.09,40.3183,40.3183,373,0
20181114,40.32,40.32,40.15,40.15,491,0
20181116,39.4,39.4,38.8705,38.8705,254,0
20181119,38.888,38.888,38.885,38.885,723,0
20181120,37.86,38.501,37.86,38.501,1105,0
20181121,38.9,38.9,38.9,38.9,600,0
20181126,38.833,38.833,38.833,38.833,150,0
20181127,38.6421,38.6421,38.6421,38.6421,100,0
20181128,38.7197,38.7197,38.56,38.56,1173,0
20181130,38.0108,38.0108,38.0108,38.0108,165,0
20181203,38.01,38.0127,38.01,38.0127,260,0
20181204,38.74,38.74,38.74,38.74,106,0
20181206,37.3,37.4701,37.26,37.4701,985,0
20181207,37.5,37.5,37.5,37.5,200,0
20181210,36.255,36.255,36.255,36.255,30,0
20181211,36.815,36.815,36.815,36.815,100,0
20181212,37.01,37.01,37.01,37.01,30,0
20181213,36.955,36.955,36.955,36.955,2,0
20181214,36.605,36.605,36.605,36.605,84,0
20181217,36.3419,36.3419,36.12,36.12,1596,0
20181218,35.35,35.67,35.215,35.215,517,0
20181219,35.155,35.155,35.155,35.155,30,0
20181220,35.26,35.355,34.5,35.355,1335,0
20181221,35.3459,35.3459,35.15,35.15,158,0
20181224,34.9031,34.9031,34.9031,34.9031,100,0
20181226,33.96,33.99,33.96,33.99,2070,0
20181227,33.7542,33.911,33.485,33.485,1100,0
20181228,33.75,33.75,33.12,33.255,2767,0
20181231,33.205,33.205,33.205,33.205,210,0
20190102,33.27,33.27,33.27,33.27,5,0
20190103,32.56,32.56,31.08,31.4076,4100,0
20190104,32.71,32.71,32.71,32.71,100,0
20190107,32.93,33.447,32.93,33.43,1800,0
20190108,34.02,34.22,34.02,34.22,100,0
20190109,34.0201,34.045,34.0201,34.045,900,0
20190110,33.88,34.13,33.88,34.13,127,0
20190111,33.91,33.91,33.91,33.91,50,0
20190114,33.865,33.865,33.865,33.865,50,0
20190115,33.83,33.875,33.83,33.875,279,0
20190116,34.06,34.06,34.06,34.06,50,0
20190117,34.3,34.3,34.3,34.3,30,0
20190118,34.9583,34.9583,34.9583,34.9583,10,0
20190122,34.44,34.68,34.3,34.3,200,0
20190123,34.6,34.6,34.6,34.6,50,0
20190124,34.19,34.19,34.19,34.19,50,0
20190125,34.5878,34.5878,34.5878,34.5878,42,0
20190128,34.38,34.38,34.38,34.38,10,0
20190129,34.19,34.19,34.19,34.19,10,0
20190130,34.14,34.25,33.64,33.64,2209,0
20190131,32.85,32.85,32.65,32.75,600,0
20190201,33.3101,33.317,33.3101,33.317,100,0
20190204,33.5746,33.605,33.5746,33.605,200,0
20190205,33.55,33.55,33.55,33.55,38,0
20190206,33.28,33.45,33.26,33.421,4506,0
20190207,33.0597,33.0597,33.035,33.035,275,0
20190208,32.78,32.78,32.78,32.78,10,0
20190211,33.01,33.01,33.01,33.01,35,0
20190212,33.0201,33.075,32.9701,33.075,3400,0
20190213,33.13,33.455,33.13,33.455,500,0
20190214,32.985,32.985,32.985,32.985,4,0
20190215,33.315,33.315,33.315,33.315,10,0
20190219,32.9108,32.9108,32.9108,32.9108,3,0
20190220,32.705,32.705,32.705,32.705,3,0
20190221,32.825,32.825,32.825,32.825,3,0
20190222,32.465,32.465,32.465,32.465,3,0
20190225,32.6493,32.6493,32.6493,32.6493,3,0
20190226,32.315,32.315,32.315,32.315,3,0
20190227,32.41,32.41,32.41,32.41,3,0
20190228,32.7249,32.7249,32.7249,32.7249,1,0
20190301,32.985,33.0071,32.985,33.0071,600,0
20190304,33.14,33.14,33.14,33.14,3,0
20190305,33.4464,33.4464,33.305,33.305,113,0
20190306,33.1735,33.1735,33.1735,33.1735,13,0
20190307,32.66,32.66,32.66,32.66,13,0
20190308,32.52,32.52,32.52,32.52,13,0
20190311,32.86,32.86,32.86,32.86,13,0
20190312,32.43,32.43,32.43,32.43,13,0
20190313,32.4,32.4,32.4,32.4,13,0
20190314,32.51,32.51,32.51,32.51,13,0
20190315,32.24,32.24,32.24,32.24,13,0
20190318,32.335,32.335,32.335,32.335,13,0
20190319,32.42,32.42,32.42,32.42,13,0
20190320,31.505,31.505,31.505,31.505,80,0
20190321,31.54,31.54,31.54,31.54,30,0
20190322,30.21,30.21,29.96,30.18,600,0
20190325,29.115,29.115,29.115,29.115,13,0
20190326,29.315,29.315,29.315,29.315,13,0
20190327,29,29.2299,27.85,28.815,8400,0
20190328,28.81,29.42,28.81,29.42,4125,0
20190329,30.165,30.165,30.165,30.165,20,0
20190401,30.8027,30.8027,30.8027,30.8027,50,0
20190402,30.715,30.715,30.715,30.715,30,0
20190403,30.8451,30.8451,30.8451,30.8451,192,0
20190404,31.0136,31.0136,31.0136,31.0136,30,0
20190405,30.98,30.98,30.98,30.98,30,0
20190408,30.825,31.205,30.825,31.205,220,0
20190409,30.875,30.875,30.875,30.875,30,0
20190410,30.685,30.685,30.685,30.685,30,0
20190411,31,31.055,31,31.055,190,0
20190412,31.775,31.775,31.775,31.775,55,0
20190415,31.765,31.765,31.765,31.765,55,0
20190416,32.045,32.045,32.045,32.045,55,0
20190417,31.975,31.975,31.975,31.975,55,0
20190418,31.625,31.625,31.625,31.625,55,0
20190422,31.54,31.54,31.54,31.54,55,0
20190423,31.225,31.225,31.225,31.225,2,0
20190424,30.705,30.705,30.705,30.705,55,0
20190426,30.455,30.455,30.455,30.455,55,0
20190429,30.29,30.585,30.14,30.585,2340,0
20190430,30.28,30.28,30.28,30.28,55,0
20190501,30.795,30.795,30.795,30.795,55,0
20190502,31.485,31.485,31.485,31.485,55,0
20190503,31.325,31.325,31.325,31.325,80,0
20190506,30.6743,30.6743,30.6743,30.6743,20,0
20190507,30.33,30.33,30.33,30.33,20,0
20190508,30.265,30.265,30.265,30.265,25,0
20190509,29.93,29.93,29.93,29.93,20,0
20190510,29.875,29.875,29.875,29.875,20,0
20190513,29.045,29.045,29.045,29.045,20,0
20190514,28.62,28.62,28.62,28.62,20,0
20190515,28,28.795,28,28.795,17300,0
20190516,29.08,29.08,29.08,29.08,20,0
20190517,28.86,28.98,28.48,28.98,300,0
20190520,29.23,29.23,29.23,29.23,83,0
20190521,29.61,29.61,29.61,29.61,8,0
20190522,29.27,29.27,29.27,29.27,20,0
20190523,27.65,27.65,27.65,27.65,20,0
20190524,28.14,28.14,28.14,28.14,20,0
20190528,27.5,27.5,27.5,27.5,20,0
20190529,26.76,27.005,26.76,27.005,255,0
20190530,27.06,27.06,26.925,26.925,140,0
20190531,25.5607,25.5607,25.475,25.475,500,0
20190603,23.45,23.45,23.45,23.45,20,0
20190604,23.67,23.905,23.65,23.905,500,0
20190605,23.69,23.69,23.69,23.69,20,0
20190606,24.09,24.09,24.09,24.09,20,0
20190607,24.04,24.04,24.04,24.04,20,0
20190610,24.61,24.61,24.61,24.61,20,0
20190611,25.005,25.005,25.005,25.005,20,0
20190612,24.62,24.62,24.62,24.62,20,0
20190613,23.38,23.38,23.38,23.38,20,0
20190614,23.535,23.535,23.535,23.535,20,0
20190617,23.98,23.98,23.98,23.98,10,0
20190618,23.87,23.98,23.87,23.98,601,0
20190619,24.48,24.48,22.435,22.435,242,0
20190620,22.05,22.05,22.05,22.05,20,0
20190621,22.407,22.407,22.407,22.407,20,0
20190624,22.04,22.04,21.8,21.995,763,0
20190625,21.59,22.2,21.59,21.885,337,0
20190626,22.7047,22.7047,22.7047,22.7047,94,0
20190627,22.555,22.555,22.555,22.555,20,0
20190628,22.825,22.825,22.825,22.825,20,0
20190701,23.59,23.59,23.59,23.59,20,0
20190702,23.08,23.08,23.08,23.08,20,0
20190703,22.8903,22.9771,22.8903,22.9771,600,0
20190705,24.56,24.56,24.46,24.46,206,0
20190708,24.46,24.71,24.46,24.71,100,0
20190709,24.9,24.9,24.9,24.9,80,0
20190710,24.665,24.7199,24.15,24.15,700,0
20190711,24.33,24.555,24.33,24.555,100,0
20190712,24.37,24.37,24.37,24.37,20,0
20190715,24.33,24.33,24.33,24.33,151,0
20190716,24.591,24.591,24.52,24.52,192,0
20190717,24.36,24.36,24.36,24.36,840,0
20190718,23.39,23.39,23.39,23.39,110,0
20190719,23.87,23.87,23.87,23.87,41,0
20190722,23.975,23.975,23.975,23.975,25,0
20190723,24.07,24.07,24.07,24.07,125,0
20190724,24.0847,24.0847,24.0847,24.0847,41,0
20190725,24.67,24.67,24.5256,24.5256,134,0
20190726,24.8232,24.8232,24.8232,24.8232,120,0
20190729,24.64,24.64,24.64,24.64,2,0
20190730,24.67,24.67,24.67,24.67,55,0
20190731,24.9,25.485,24.9,25.485,501,0
20190801,22.865,22.865,22.865,22.865,97,0
20190802,22.705,22.705,22.705,22.705,98,0
20190805,20.085,20.085,20.085,20.085,1,0
20190806,20.645,20.645,20.645,20.645,20,0
20190807,19.69,19.725,19.69,19.725,100,0
20190808,20.325,20.325,20.325,20.325,37,0
20190809,20.5406,20.5406,20.5,20.5,1000,0
20190812,20.205,20.205,20.205,20.205,20,0
20190813,21.26,21.26,21.26,21.26,20,0
20190814,20.57,20.57,20.395,20.395,1023,0
20190815,19.55,19.88,19.0538,19.0538,2769,0
20190816,19.295,19.295,19.295,19.295,20,0
20190819,20.025,20.025,20.025,20.025,20,0
20190820,19.585,19.585,19.585,19.585,20,0
20190821,20.625,20.625,20.625,20.625,196,0
20190822,20.88,21.165,20.88,21.165,200,0
20190823,19.64,19.64,19.64,19.64,3,0
20190826,20.01,20.01,20.01,20.01,1,0
20190827,19.6822,19.6822,19.6822,19.6822,3,0
20190828,19.365,19.365,19.365,19.365,3,0
20190829,19.615,19.615,19.615,19.615,3,0
20190830,19.71,19.71,19.71,19.71,1,0
20190903,18.92,18.92,18.92,18.92,1,0
20190904,18.475,18.475,18.475,18.475,1,0
20190905,19.655,19.655,19.655,19.655,1,0
20190906,19.45,19.955,19.45,19.955,1000,0
20190909,20.42,20.42,20.42,20.42,1,0
20190910,18.38,21.905,18.38,21.905,648,0
20190911,22.19,22.19,22.19,22.19,3,0
20190912,22.695,22.695,22.695,22.695,2,0
20190913,23.935,23.935,23.935,23.935,2,0
20190916,24.6501,24.6501,23.535,23.535,400,0
20190917,22.74,22.74,22.74,22.74,100,0
20190918,22.9,22.97,22.9,22.97,100,0
20190919,23.0694,23.0694,23.0694,23.0694,31,0
20190920,23.19,23.19,23.19,23.19,75,0
20190923,22.29,22.29,22.29,22.29,75,0
20190924,21.5314,21.5314,21.445,21.445,165,0
20190925,21.27,22.4791,21.27,22.4791,1127,0
20190926,22.88,22.88,21.6,22.285,12600,0
20190927,21.925,22.85,21.58,22.24,13750,0
20190930,22.02,22.76,21.75,21.75,15638,0
20191001,21.9921,21.9921,21.26,21.26,100,0
20191002,20.7,20.7,20,20,200,0
20191003,19.18,19.18,19.18,19.18,6,0
20191004,18.9,18.9,18.9,18.9,100,0
20191007,19.69,19.69,19.69,19.69,102,0
20191008,19.71,19.71,19.71,19.71,10,0
20191009,20.345,20.345,20.345,20.345,6,0
20191010,21.05,21.255,21.05,21.255,420,0
20191011,22.67,23.01,22.56,23.01,676,0
20191014,22.685,22.685,22.685,22.685,20,0
20191015,23.06,23.06,23.06,23.06,75,0
20191016,22.615,22.615,22.615,22.615,75,0
20191017,22.7,22.7,22.7,22.7,75,0
20191018,22.64,22.64,22.64,22.64,5,0
20191021,23.075,23.075,23.075,23.075,75,0
20191022,22.55,22.55,22.55,22.55,75,0
20191023,22.505,22.505,22.505,22.505,75,0
20191024,22.41,22.41,22.41,22.41,75,0
20191025,22.955,22.955,22.955,22.955,75,0
20191028,23.57,23.57,23.57,23.57,75,0
20191029,23,23.48,23,23.48,500,0
20191030,23.035,23.035,23.035,23.035,50,0
20191031,22.32,22.32,21.795,21.795,100,0
20191101,21.7443,22.42,21.7443,22.42,600,0
20191104,22.3502,22.95,22.3502,22.95,200,0
20191105,23.59,23.59,23.59,23.59,75,0
20191106,23.03,23.03,22.7202,22.7202,106,0
20191107,23.25,24.28,21.03,24.28,1192,0
20191108,24.085,24.085,24.085,24.085,97,0
20191111,24.22,24.22,24.22,24.22,75,0
20191112,24.09,24.09,24.09,24.09,75,0
20191113,24.28,24.28,22.82,22.82,359,0
20191114,22.795,22.795,22.795,22.795,75,0
20191115,22.97,22.97,22.97,22.97,75,0
20191118,22.695,22.695,22.695,22.695,75,0
20191119,22.43,22.43,22.43,22.43,75,0
20191120,21.995,21.995,21.995,21.995,75,0
20191121,22.205,22.205,22.205,22.205,75,0
20191122,22.745,22.745,22.745,22.745,75,0
20191125,22.755,22.755,22.755,22.755,75,0
20191126,22.535,22.535,22.535,22.535,4,0
20191127,22.92,23.14,22.92,23.14,100,0
20191129,23.0162,23.0162,23.0162,23.0162,75,0
20191202,23.2929,23.295,23.2929,23.295,200,0
20191203,22.87,22.87,21.46,21.46,346,0
20191204,22.15,22.3931,22.15,22.3931,500,0
20191205,22.475,22.475,22.475,22.475,20,0
20191206,23.059,23.059,23.059,23.059,55,0
20191209,23.09,23.09,23.09,23.09,21,0
20191210,23.385,23.385,23.385,23.385,46,0
20191211,23.155,23.155,23.155,23.155,75,0
20191212,24.0621,24.0621,23.93,23.93,400,0
20191213,23.69,23.69,23.179,23.23,250,0
20191216,23.5,24,23.5,24,171,0
20191217,24.01,24.01,24.01,24.01,50,0
20191218,24.64,24.65,24.0034,24.235,863,0
20191219,24.025,24.025,24.025,24.025,75,0
20191220,24.25,24.25,24.25,24.25,75,0
20191223,24.61,24.61,24.61,24.61,75,0
20191224,24.4597,24.4597,24.4597,24.4597,76,0
20191226,24.46,24.46,24.46,24.46,3,0
20191227,23.98,23.98,23.98,23.98,75,0
20191230,24.085,24.085,24.085,24.085,75,0
20191231,24.11,24.11,24.11,24.11,75,0
20200102,24.095,24.095,24.095,24.095,75,0
20200103,23.5178,23.5178,23.19,23.19,421,0
20200106,23.16,23.16,23.16,23.16,75,0
20200107,23.23,23.23,23.23,23.23,75,0
20200108,23.455,23.455,23.455,23.455,75,0
20200109,23.21,23.68,23.21,23.68,407,0
20200110,24,24,23.5502,23.5502,258,0
20200113,23.415,23.415,23.415,23.415,1,0
20200114,23.2851,23.2851,23.2851,23.2851,2,0
20200115,23.2,23.355,23.2,23.355,260,0
20200116,23.69,23.69,23.69,23.69,21,0
20200117,23.85,23.85,23.85,23.85,13,0
20200121,23.27,23.27,23.27,23.27,20,0
20200122,23.11,23.11,23.11,23.11,10,0
