Date,Open,High,Low,Close,Volume,OpenInt
20130205,21.944,21.944,21.828,21.846,109093,0
20130206,21.774,21.891,21.774,21.891,72092,0
20130207,21.907,21.935,21.846,21.898,36269,0
20130208,21.917,21.961,21.872,21.891,35486,0
20130211,21.891,21.944,21.82,21.891,58587,0
20130212,21.917,21.917,21.784,21.836,114632,0
20130213,21.836,21.846,21.749,21.81,52693,0
20130214,21.802,21.828,21.687,21.766,74522,0
20130215,21.695,21.81,21.695,21.784,61682,0
20130219,21.864,21.891,21.793,21.864,235717,0
20130220,21.872,22.023,21.872,21.969,112884,0
20130221,21.961,21.961,21.891,21.961,65282,0
20130222,21.969,22.05,21.935,22.05,85987,0
20130225,22.05,22.13,22.05,22.086,121399,0
20130226,22.086,22.174,22.006,22.068,93435,0
20130227,22.059,22.059,21.944,21.988,129089,0
20130228,22.015,22.183,21.979,22.183,255966,0
20130301,22.165,22.165,22.015,22.121,50224,0
20130304,22.14,22.14,22.041,22.121,55607,0
20130305,22.148,22.148,22.05,22.121,66795,0
20130306,22.068,22.112,22.041,22.103,50831,0
20130307,22.086,22.121,22.006,22.068,78572,0
20130308,22.068,22.094,21.988,21.988,59559,0
20130311,22.032,22.032,21.961,21.988,50256,0
20130312,22.006,22.006,21.917,21.961,41485,0
20130313,22.008,22.071,21.99,22.071,57561,0
20130314,22.143,22.143,22.071,22.088,44039,0
20130315,22.071,22.08,22.034,22.08,29728,0
20130318,22.08,22.134,22.062,22.134,38278,0
20130319,22.134,22.134,22.034,22.053,55508,0
20130320,22.08,22.08,22.008,22.025,75339,0
20130321,22.053,22.115,22.008,22.115,24278,0
20130322,22.115,22.115,22.071,22.106,23479,0
20130325,22.134,22.16,22.062,22.134,111658,0
20130326,22.115,22.169,22.115,22.169,59799,0
20130327,22.16,22.169,22.124,22.169,78048,0
20130328,22.16,22.223,22.151,22.151,67190,0
20130401,22.24,22.259,22.178,22.206,67278,0
20130402,22.232,22.24,22.206,22.223,53906,0
20130403,22.223,22.278,22.213,22.278,399522,0
20130404,22.25,22.312,22.25,22.285,81266,0
20130405,22.304,22.366,22.285,22.34,342194,0
20130408,22.357,22.393,22.304,22.384,251723,0
20130409,22.366,22.384,22.348,22.357,87412,0
20130410,22.366,22.384,22.34,22.357,36320,0
20130411,22.34,22.357,22.268,22.268,63278,0
20130412,22.285,22.285,22.232,22.278,59654,0
20130415,22.278,22.322,22.196,22.312,178623,0
20130416,22.294,22.376,22.259,22.312,168851,0
20130417,22.357,22.357,22.24,22.294,147697,0
20130418,22.304,22.304,22.24,22.25,148200,0
20130419,22.25,22.285,22.124,22.285,506101,0
20130422,22.232,22.322,22.206,22.278,115270,0
20130423,22.312,22.366,22.259,22.294,62563,0
20130424,22.357,22.366,22.285,22.366,47624,0
20130425,22.357,22.366,22.278,22.348,101881,0
20130426,22.348,22.384,22.294,22.366,113497,0
20130429,22.384,22.393,22.331,22.366,226758,0
20130430,22.393,22.403,22.331,22.331,77414,0
20130501,22.34,22.376,22.331,22.348,89702,0
20130502,22.393,22.393,22.348,22.393,62139,0
20130503,22.393,22.429,22.384,22.384,227476,0
20130506,22.411,22.447,22.384,22.42,97311,0
20130507,22.429,22.528,22.393,22.528,218070,0
20130508,22.501,22.536,22.465,22.528,83832,0
20130509,22.51,22.519,22.403,22.411,122510,0
20130510,22.438,22.483,22.42,22.483,134708,0
20130513,22.501,22.51,22.411,22.438,111355,0
20130514,22.376,22.465,22.348,22.376,80823,0
20130515,22.411,22.447,22.357,22.393,108686,0
20130516,22.456,22.483,22.366,22.447,39043,0
20130517,22.447,22.501,22.429,22.447,31479,0
20130520,22.456,22.483,22.411,22.447,59396,0
20130521,22.474,22.536,22.42,22.429,88234,0
20130522,22.438,22.456,22.357,22.366,61747,0
20130523,22.403,22.438,22.331,22.411,69146,0
20130524,22.376,22.608,22.376,22.582,66961,0
20130528,22.573,22.582,22.438,22.582,167677,0
20130529,22.528,22.528,22.278,22.366,74631,0
20130530,22.366,22.403,22.285,22.322,56119,0
20130531,22.357,22.357,21.963,21.963,91720,0
20130603,22.017,22.115,21.569,22.008,113013,0
20130604,22.008,22.143,21.918,22.134,108665,0
20130605,22.134,22.143,21.604,21.873,47762,0
20130606,21.783,22.043,21.783,21.873,47807,0
20130607,21.873,22.025,21.828,22.025,42680,0
20130610,21.999,22.043,21.837,22.017,80281,0
20130611,21.703,21.963,21.551,21.64,241449,0
20130612,21.353,21.506,20.475,20.843,128161,0
20130613,20.199,20.973,20.199,20.928,56052,0
20130614,20.928,21.154,20.891,21.154,93787,0
20130617,21.2,21.555,21.119,21.228,78426,0
20130618,21.128,21.328,20.746,20.91,102831,0
20130619,20.936,21.001,20.536,20.646,56843,0
20130620,20.482,20.482,19.672,20.1,101906,0
20130621,20.027,20.027,19.38,19.972,112794,0
20130624,19.818,19.818,18.97,19.717,130868,0
20130625,19.654,19.799,19.298,19.608,57998,0
20130626,19.827,20.018,19.59,19.608,94806,0
20130627,19.827,20.326,19.745,20.145,100435,0
20130628,20.487,20.801,20.293,20.746,51540,0
20130701,20.563,20.754,20.399,20.618,40627,0
20130702,20.563,20.71,20.482,20.636,36737,0
20130703,20.545,20.746,20.545,20.746,24595,0
20130705,20.609,20.609,20.081,20.336,60828,0
20130708,20.545,20.545,19.627,20.109,55680,0
20130709,20.272,20.272,19.663,20.19,49580,0
20130710,20.145,20.237,19.926,20.062,75809,0
20130711,20.381,20.453,20.109,20.345,72037,0
20130712,20.228,20.555,20.155,20.199,64571,0
20130715,20.164,20.418,20.109,20.364,73094,0
20130716,20.364,20.428,20.145,20.237,40558,0
20130717,20.245,20.291,20.126,20.145,41249,0
20130718,20.237,20.309,20.109,20.291,34339,0
20130719,20.301,20.381,20.117,20.218,130894,0
20130722,20.364,20.463,20.174,20.228,59436,0
20130723,20.263,20.336,20.136,20.218,69939,0
20130724,20.117,20.18,19.908,20.053,41430,0
20130725,20.018,20.062,19.526,20.062,52014,0
20130726,20.027,20.155,19.9,20.136,146934,0
20130729,20.081,20.081,19.727,19.972,52185,0
20130730,19.872,20.062,19.644,19.836,41915,0
20130731,19.654,19.654,19.19,19.426,105779,0
20130801,19.289,19.481,18.607,18.871,71227,0
20130802,19.034,19.18,18.889,19.18,43752,0
20130805,19.18,19.263,18.916,19.263,27730,0
20130806,19.09,19.19,18.889,19.081,50237,0
20130807,19.107,19.19,18.671,18.799,78771,0
20130808,18.799,18.889,18.644,18.807,48519,0
20130809,18.807,18.835,18.534,18.607,57502,0
20130812,18.771,18.78,18.471,18.552,40710,0
20130813,18.38,18.425,17.916,18.015,82650,0
20130814,18.062,18.161,17.971,18.088,97001,0
20130815,17.925,17.961,17.47,17.824,111874,0
20130816,17.77,17.916,17.579,17.779,84205,0
20130819,17.898,18.152,17.552,17.624,124523,0
20130820,17.743,17.743,17.533,17.697,124318,0
20130821,17.616,17.879,17.588,17.734,134607,0
20130822,17.743,18.361,17.743,18.361,55393,0
20130823,18.207,18.926,18.189,18.544,64454,0
20130826,18.671,19.253,18.671,19.072,125164,0
20130827,19.017,19.19,18.835,18.944,114541,0
20130828,18.926,18.944,18.734,18.835,110009,0
20130829,18.926,19.063,18.871,18.97,62205,0
20130830,19.376,19.376,19.043,19.321,50958,0
20130903,18.99,18.99,18.562,18.744,56319,0
20130904,18.589,18.807,18.589,18.744,41638,0
20130905,18.752,18.789,18.552,18.607,41335,0
20130906,18.653,18.716,18.471,18.716,41497,0
20130909,18.617,18.744,18.526,18.744,37996,0
20130910,18.635,18.771,18.635,18.744,23766,0
20130911,18.752,18.789,18.552,18.744,46314,0
20130912,18.784,19.136,18.516,18.729,35451,0
20130913,18.608,18.913,18.552,18.913,19847,0
20130916,18.848,18.904,18.581,18.598,36015,0
20130917,18.765,18.793,18.368,18.507,50641,0
20130918,18.617,18.617,18.423,18.562,152159,0
20130919,18.608,18.636,18.413,18.487,60875,0
20130920,18.34,18.571,18.34,18.571,71208,0
20130923,18.459,18.626,18.459,18.571,33531,0
20130924,18.516,18.765,18.507,18.543,51413,0
20130925,18.562,18.581,18.459,18.552,51221,0
20130926,18.571,18.645,18.543,18.598,42956,0
20130927,18.617,18.645,18.432,18.636,49569,0
20130930,18.469,18.636,18.432,18.452,52068,0
20131001,18.581,18.673,18.368,18.413,64429,0
20131002,18.368,18.507,18.284,18.348,58089,0
20131003,18.432,18.432,18.21,18.321,40913,0
20131004,18.395,18.395,18.183,18.229,40235,0
20131007,18.229,18.303,18.099,18.303,26472,0
20131008,18.183,18.257,18.044,18.118,34826,0
20131009,18.145,18.145,17.97,18.109,31180,0
20131010,18.136,18.154,18.015,18.118,37808,0
20131011,18.174,18.21,18.099,18.21,36844,0
20131014,18.164,18.183,18.09,18.154,35347,0
20131015,18.071,18.136,17.97,18.044,22588,0
20131016,18.006,18.321,17.979,18.145,56035,0
20131017,18.183,18.413,18.136,18.33,32097,0
20131018,18.432,18.654,18.423,18.442,91550,0
20131021,18.571,18.923,18.469,18.793,64382,0
20131022,18.895,19.172,18.895,19.162,57972,0
20131023,19.154,19.246,19.024,19.172,31141,0
20131024,19.275,19.284,18.877,19.007,34785,0
20131025,18.803,18.978,18.598,18.719,60066,0
20131028,18.709,18.765,18.626,18.673,23317,0
20131029,18.691,18.923,18.645,18.913,36069,0
20131030,18.968,18.978,18.83,18.96,30323,0
20131031,18.997,18.997,18.719,18.784,27021,0
20131101,18.774,18.812,18.516,18.636,22181,0
20131104,18.626,18.719,18.598,18.636,18792,0
20131105,18.617,18.812,18.469,18.737,27936,0
20131106,18.654,18.858,18.543,18.858,49774,0
20131107,18.904,18.904,18.784,18.886,31109,0
20131108,18.784,18.803,18.59,18.709,31074,0
20131111,18.729,18.729,18.516,18.562,45150,0
20131112,18.516,18.581,18.313,18.368,28935,0
20131113,18.358,18.413,18.219,18.34,35604,0
20131114,18.265,18.377,18.154,18.201,29293,0
20131115,18.219,18.219,17.988,18.015,43543,0
20131118,18.044,18.293,17.914,18.183,56482,0
20131119,18.09,18.192,18.063,18.183,45260,0
20131120,18.053,18.183,17.831,17.933,53624,0
20131121,17.859,18.025,17.84,17.979,51114,0
20131122,18.006,18.183,17.97,18.145,51308,0
20131125,18.164,18.164,17.979,18.118,54662,0
20131126,18.164,18.192,18.08,18.192,54490,0
20131127,18.229,18.432,18.174,18.265,57666,0
20131129,18.321,18.321,18.201,18.284,12090,0
20131202,18.293,18.377,18.145,18.368,30313,0
20131203,18.265,18.469,18.229,18.293,45471,0
20131204,18.192,18.201,17.896,18.174,69409,0
20131205,17.813,18.044,17.785,17.951,42078,0
20131206,17.942,17.988,17.71,17.757,57602,0
20131209,17.84,17.979,17.766,17.84,86911,0
20131210,17.859,17.924,17.775,17.914,46895,0
20131211,17.821,18.035,17.738,17.988,102852,0
20131212,17.939,18.071,17.751,17.967,94102,0
20131213,17.947,17.957,17.59,17.769,78078,0
20131216,17.732,17.778,17.609,17.751,159450,0
20131217,17.666,17.722,17.59,17.685,130718,0
20131218,17.581,17.732,17.515,17.666,91604,0
20131219,17.666,17.873,17.666,17.873,195812,0
20131220,17.844,18.155,17.844,18.118,56825,0
20131223,18.155,18.24,17.977,18.089,82118,0
20131224,18.013,18.013,17.807,17.986,47754,0
20131226,18.005,18.071,17.807,17.882,88355,0
20131227,17.778,17.91,17.675,17.882,69954,0
20131230,17.694,18.062,17.553,17.751,106529,0
20131231,17.543,17.788,17.543,17.656,125324,0
20140102,17.788,18.052,17.741,18.013,45424,0
20140103,18.165,18.306,18.043,18.259,26931,0
20140106,18.268,18.617,18.268,18.541,43647,0
20140107,18.541,18.805,18.466,18.654,54739,0
20140108,18.514,18.607,18.448,18.589,45688,0
20140109,18.692,18.749,18.457,18.645,51669,0
20140110,18.664,19.012,18.664,18.796,148227,0
20140113,18.833,19.05,18.824,18.994,252668,0
20140114,19.069,19.181,19.04,19.106,47373,0
20140115,19.078,19.088,18.899,19.022,48000,0
20140116,18.974,19.106,18.938,19.069,32466,0
20140117,19.04,19.088,18.842,18.842,111173,0
20140121,18.918,18.994,18.871,18.918,66094,0
20140122,18.928,19.267,18.928,19.191,54625,0
20140123,19.267,19.435,19.116,19.116,52896,0
20140124,19.154,19.154,18.842,18.852,53402,0
20140127,18.768,19.03,18.504,18.607,42370,0
20140128,18.636,18.824,18.617,18.768,17602,0
20140129,18.758,18.796,18.702,18.749,8334,0
20140130,18.739,18.974,18.692,18.796,84837,0
20140131,18.928,19.022,18.843,18.852,26445,0
20140203,18.796,19.012,18.796,18.946,29291,0
20140204,18.994,19.116,18.974,19.04,24191,0
20140205,18.862,19.145,18.862,19.145,32501,0
20140206,19.106,19.285,19.106,19.257,19748,0
20140207,19.228,19.333,19.201,19.267,15159,0
20140210,19.267,19.483,19.257,19.409,17808,0
20140211,19.389,19.389,19.154,19.172,47498,0
20140212,19.191,19.247,19.125,19.162,25110,0
20140213,19.116,19.303,19.116,19.238,31564,0
20140214,19.247,19.455,19.238,19.247,21793,0
20140218,19.426,19.445,19.303,19.379,31679,0
20140219,19.455,19.531,19.333,19.352,58347,0
20140220,19.435,19.435,19.313,19.352,18222,0
20140221,19.417,19.492,19.369,19.409,24034,0
20140224,19.511,19.596,19.445,19.567,30633,0
20140225,19.567,19.587,19.389,19.417,38449,0
20140226,19.409,19.662,19.409,19.521,38430,0
20140227,19.625,19.681,19.539,19.643,18299,0
20140228,19.615,19.765,19.615,19.691,15384,0
20140303,19.625,19.813,19.625,19.757,27509,0
20140304,19.803,19.889,19.757,19.889,129918,0
20140305,19.84,19.954,19.84,19.869,20039,0
20140306,19.784,19.859,19.784,19.84,25547,0
20140307,19.84,19.916,19.774,19.898,37027,0
20140310,19.916,19.916,19.784,19.916,14172,0
20140311,19.898,19.916,19.823,19.869,6313,0
20140312,19.774,19.964,19.774,19.889,29773,0
20140313,19.923,20.144,19.905,20.047,18773,0
20140314,20,20.087,19.953,20.087,49124,0
20140317,20.107,20.144,20.047,20.134,36948,0
20140318,20.191,20.191,20.03,20.191,31057,0
20140319,20.211,20.355,20.144,20.164,56750,0
20140320,19.972,20.221,19.972,20.134,41935,0
20140321,20.248,20.268,20.114,20.164,44820,0
20140324,20.107,20.154,20.047,20.057,36024,0
20140325,20.077,20.154,20.067,20.144,17998,0
20140326,20.097,20.134,20.03,20.124,19227,0
20140327,20.181,20.181,20.097,20.144,12260,0
20140328,20.134,20.298,20.134,20.211,19435,0
20140331,20.248,20.288,20.067,20.067,49402,0
20140401,20.154,20.298,20.114,20.248,18879,0
20140402,20.258,20.469,20.231,20.374,45159,0
20140403,20.402,20.431,20.307,20.325,36204,0
20140404,20.268,20.565,20.268,20.479,18352,0
20140407,20.412,20.536,20.307,20.355,36584,0
20140408,20.374,20.392,20.325,20.374,26987,0
20140409,20.383,20.412,20.365,20.383,40190,0
20140410,20.412,20.45,20.355,20.431,16156,0
20140411,20.422,20.431,20.383,20.412,23299,0
20140414,20.469,20.469,20.335,20.422,37671,0
20140415,20.45,20.756,20.431,20.756,31134,0
20140416,20.766,20.813,20.689,20.728,28068,0
20140417,20.804,20.804,20.498,20.498,52636,0
20140421,20.622,20.728,20.565,20.622,76204,0
20140422,20.642,20.929,20.613,20.871,32297,0
20140423,20.843,21.188,20.843,21.111,46719,0
20140424,21.091,21.091,20.977,21.063,16666,0
20140425,21.044,21.148,20.957,21.091,21399,0
20140428,21.081,21.273,21.081,21.225,35109,0
20140429,21.225,21.359,21.215,21.34,61799,0
20140430,21.359,21.522,21.349,21.426,37329,0
20140501,21.446,21.541,21.379,21.484,40807,0
20140502,21.484,21.551,21.349,21.465,71853,0
20140505,21.446,21.532,21.359,21.503,31686,0
20140506,21.436,21.513,21.379,21.474,29803,0
20140507,21.436,21.694,21.436,21.513,37921,0
20140508,21.484,21.579,21.455,21.522,28738,0
20140509,21.484,21.579,21.369,21.579,29814,0
20140512,21.579,21.646,21.56,21.599,23564,0
20140513,21.637,21.857,21.541,21.847,34513,0
20140514,21.79,21.971,21.79,21.953,22765,0
20140515,21.904,21.904,21.8,21.876,18681,0
20140516,21.914,21.953,21.876,21.953,17397,0
20140519,21.943,22.135,21.943,22.077,30610,0
20140520,22.001,22.172,22.001,22.077,66243,0
20140521,22.077,22.096,21.943,22.048,179847,0
20140522,22.115,22.115,21.867,21.867,45539,0
20140523,21.819,21.819,21.426,21.513,38064,0
20140527,21.608,21.723,21.608,21.646,34409,0
20140528,21.685,21.904,21.685,21.819,40699,0
20140529,21.876,22.029,21.819,22.029,24942,0
20140530,21.981,22.02,21.895,21.991,16620,0
20140602,21.914,21.981,21.78,21.914,38462,0
20140603,21.934,21.934,21.493,21.513,56278,0
20140604,21.493,21.503,20.843,21.158,75067,0
20140605,21.014,21.245,20.947,21.111,76336,0
20140606,21.245,21.369,21.196,21.34,24008,0
20140609,21.34,21.484,21.292,21.426,19752,0
20140610,21.369,21.484,21.196,21.273,28424,0
20140611,21.188,21.513,21.063,21.513,51316,0
20140612,21.617,21.617,21.432,21.52,36087,0
20140613,21.49,21.52,21.422,21.51,11143,0
20140616,21.53,21.598,21.49,21.549,185909,0
20140617,21.452,21.666,21.422,21.666,36744,0
20140618,21.656,21.996,21.549,21.966,19123,0
20140619,22.006,22.074,21.918,22.015,30152,0
20140620,21.986,22.142,21.898,22.034,35683,0
20140623,22.006,22.278,22.006,22.278,33315,0
20140624,22.2,22.268,22.054,22.161,13305,0
20140625,22.171,22.171,22.054,22.132,20245,0
20140626,22.083,22.112,21.996,22.083,24559,0
20140627,22.054,22.297,22.054,22.219,17640,0
20140630,22.18,22.326,22.18,22.248,25266,0
20140701,22.248,22.462,22.248,22.414,29405,0
20140702,22.511,22.666,22.248,22.365,47553,0
20140703,22.452,22.452,22.2,22.307,24696,0
20140707,22.268,22.414,22.258,22.375,17980,0
20140708,22.355,22.414,22.316,22.404,5506,0
20140709,22.375,22.627,22.375,22.579,35612,0
20140710,22.443,22.637,22.443,22.627,14272,0
20140711,22.579,23.025,22.579,22.977,25272,0
20140714,22.957,23.035,22.919,22.996,46482,0
20140715,22.996,23.093,22.822,23.055,22785,0
20140716,22.938,23.045,22.889,22.996,15440,0
20140717,22.889,23.016,22.812,22.841,68731,0
20140718,22.822,23.297,22.656,23.297,35360,0
20140721,23.074,23.103,22.977,23.055,35236,0
20140722,23.084,23.084,22.841,22.938,19235,0
20140723,22.851,22.938,22.841,22.909,22221,0
20140724,22.928,22.977,22.88,22.967,15171,0
20140725,22.948,23.113,22.948,23.074,10102,0
20140728,23.074,23.123,22.996,23.074,30427,0
20140729,22.996,23.249,22.996,23.201,17321,0
20140730,23.006,23.337,23.006,23.297,40222,0
20140731,23.152,23.288,23.103,23.103,75058,0
20140801,23.074,23.229,22.919,22.996,70785,0
20140804,23.025,23.025,22.744,22.86,20158,0
20140805,22.647,22.734,22.443,22.559,19758,0
20140806,22.54,22.724,22.482,22.55,18843,0
20140807,22.559,22.88,22.491,22.87,26731,0
20140808,22.831,22.86,22.715,22.851,19823,0
20140811,22.86,23.074,22.841,22.987,14243,0
20140812,23.055,23.055,22.754,22.822,16180,0
20140813,22.831,22.977,22.831,22.977,13623,0
20140814,23.065,23.229,23.065,23.161,24383,0
20140815,23.123,23.22,22.938,23.133,9188,0
20140818,23.259,23.259,23.035,23.074,46050,0
20140819,23.21,23.21,23.045,23.084,24073,0
20140820,23.113,23.269,23.074,23.269,25297,0
20140821,23.259,23.269,23.21,23.269,9924,0
20140822,23.22,23.239,23.123,23.171,12338,0
20140825,23.113,23.249,23.113,23.21,18300,0
20140826,23.133,23.307,23.084,23.297,27161,0
20140827,23.21,23.297,23.113,23.239,66070,0
20140828,23.239,23.356,23.201,23.278,24475,0
20140829,23.269,23.307,23.21,23.21,11913,0
20140902,23.171,23.365,22.851,22.919,42153,0
20140903,22.88,22.928,22.569,22.851,39740,0
20140904,22.86,22.987,22.783,22.783,37422,0
20140905,22.86,23.055,22.754,22.957,23881,0
20140908,23.589,23.589,22.909,22.987,15910,0
20140909,22.88,23.055,22.754,23.035,35221,0
20140910,22.957,22.996,22.802,22.889,23445,0
20140911,22.838,22.966,22.769,22.877,225305,0
20140912,22.67,22.828,22.66,22.818,85064,0
20140915,22.818,22.867,22.729,22.789,26069,0
20140916,22.729,22.818,22.7,22.769,18452,0
20140917,22.7,22.818,22.7,22.818,59149,0
20140918,22.739,22.828,22.582,22.641,73675,0
20140919,22.67,22.7,22.611,22.66,13670,0
20140922,22.641,22.641,22.473,22.513,27947,0
20140923,22.513,22.67,22.473,22.513,14561,0
20140924,22.463,22.473,22.365,22.375,11921,0
20140925,22.404,22.562,22.256,22.473,13914,0
20140926,22.513,22.591,22.414,22.562,24406,0
20140929,22.503,22.66,22.493,22.611,13191,0
20140930,22.72,22.759,22.67,22.749,15451,0
20141001,22.798,22.798,22.66,22.7,17223,0
20141002,22.66,22.71,22.621,22.69,7883,0
20141003,22.611,22.808,22.611,22.789,11454,0
20141006,22.828,22.966,22.808,22.946,11607,0
20141007,22.956,23.055,22.946,23.035,14111,0
20141008,23.035,23.134,22.996,23.134,13508,0
20141009,23.262,23.262,23.005,23.114,31140,0
20141010,23.114,23.114,22.986,23.015,10300,0
20141013,23.015,23.163,22.887,22.976,16662,0
20141014,23.212,23.242,22.838,22.936,13321,0
20141015,22.946,23.124,22.473,23.114,10581,0
20141016,23.104,23.153,23.074,23.114,8002,0
20141017,22.897,23.163,22.729,23.163,16435,0
20141020,22.907,23.143,22.404,23.025,15023,0
20141021,22.946,23.212,22.946,23.143,12553,0
20141022,22.976,23.212,22.976,23.114,12708,0
20141023,23.271,23.271,23.094,23.094,10664,0
20141024,23.124,23.183,23.045,23.055,7511,0
20141027,23.074,23.084,22.996,23.045,33556,0
20141028,22.996,23.193,22.996,23.193,25510,0
20141029,23.173,23.242,23.104,23.173,10987,0
20141030,23.104,23.262,23.035,23.183,11714,0
20141031,23.271,23.409,23.242,23.409,20359,0
20141103,23.4,23.4,23.271,23.311,16966,0
20141104,23.39,23.39,23.045,23.193,20485,0
20141105,23.271,23.281,23.084,23.163,13419,0
20141106,23.173,23.222,23.124,23.193,10046,0
20141107,23.094,23.232,22.631,23.232,14077,0
20141110,23.291,23.36,23.262,23.311,11430,0
20141111,23.34,23.39,23.34,23.39,10999,0
20141112,23.4,23.488,23.321,23.37,27173,0
20141113,23.439,23.459,23.38,23.439,11866,0
20141114,23.409,23.557,23.39,23.557,17364,0
20141117,23.567,23.607,23.478,23.518,23288,0
20141118,23.538,23.597,23.518,23.518,14221,0
20141119,23.518,23.538,23.084,23.084,38230,0
20141120,23.124,23.321,23.124,23.291,20033,0
20141121,23.124,23.38,23.094,23.311,9924,0
20141124,23.262,23.37,23.173,23.193,17800,0
20141125,23.193,23.331,23.193,23.311,8922,0
20141126,23.271,23.547,23.271,23.459,8529,0
20141128,23.488,23.538,23.439,23.469,7254,0
20141201,23.547,23.557,23.331,23.331,21311,0
20141202,23.232,23.429,23.232,23.311,27235,0
20141203,23.321,23.459,23.183,23.183,29688,0
20141204,23.321,23.321,22.789,22.789,16695,0
20141205,22.897,22.986,22.769,22.789,19409,0
20141208,22.828,22.986,22.828,22.976,6360,0
20141209,22.887,23.124,22.828,23.084,21629,0
20141210,23.084,23.252,23.055,23.202,11853,0
20141211,23.25,23.36,23.18,23.2,19737,0
20141212,23.17,23.25,23.03,23.09,8503,0
20141215,23.09,23.12,22.87,22.91,20386,0
20141216,22.9,22.95,22.77,22.77,15123,0
20141217,22.83,22.89,22.67,22.81,13292,0
20141218,22.79,23.04,22.79,22.8,84441,0
20141219,22.8,22.87,22.73,22.85,33145,0
20141222,22.98,22.98,22.81,22.96,11453,0
20141223,22.97,22.97,22.82,22.84,17970,0
20141224,22.84,22.95,22.81,22.89,239295,0
20141226,22.98,23,22.82,22.82,142392,0
20141229,22.84,22.96,22.84,22.91,19932,0
20141230,22.92,23.04,22.87,23.03,72091,0
20141231,23.04,23.09,23,23,23738,0
20150102,23.1,23.29,23.04,23.26,17018,0
20150105,23.25,23.25,23.08,23.14,16194,0
20150106,23.16,23.25,23.12,23.25,15641,0
20150107,23.23,23.38,23.23,23.35,15415,0
20150108,23.4,23.57,23.39,23.53,19964,0
20150109,23.53,23.56,23.42,23.56,16360,0
20150112,23.56,23.58,23.47,23.55,18059,0
20150113,23.62,23.63,23.5,23.58,38116,0
20150114,23.6,23.63,23.47,23.57,21189,0
20150115,23.58,23.7,23.56,23.65,52543,0
20150116,23.55,23.84,23.55,23.84,35039,0
20150120,23.69,24.01,23.57,24.01,33694,0
20150121,24.04,24.1,23.95,24.04,40334,0
20150122,24.09,24.16,24.05,24.1,23888,0
20150123,24.15,24.15,24.04,24.06,21722,0
20150126,24.22,24.31,24.12,24.29,22158,0
20150127,24.17,24.47,24.17,24.45,15223,0
20150128,24.48,24.57,24.39,24.55,12985,0
20150129,24.56,24.59,24.32,24.34,16981,0
20150130,24.31,24.89,24.3,24.54,56132,0
20150202,24.57,24.57,24.37,24.5,9287,0
20150203,24.52,24.59,24.39,24.53,16306,0
20150204,24.5,24.54,24.32,24.43,14594,0
20150205,24.45,24.47,24.29,24.47,16078,0
20150206,24.43,24.46,24.3,24.3,15683,0
20150209,24.25,24.39,24.21,24.39,64944,0
20150210,24.22,24.43,24.16,24.16,13118,0
20150211,24.25,24.26,24.11,24.23,10017,0
20150212,24.25,24.41,24.2,24.23,19453,0
20150213,24.46,24.46,24.24,24.25,6053,0
20150217,24.12,24.27,24.11,24.11,23667,0
20150218,24.06,24.13,23.72,23.91,170299,0
20150219,23.84,23.93,23.5,23.89,24585,0
20150220,23.92,24.11,23.17,23.9,38981,0
20150223,23.9,24.04,23.86,24,23990,0
20150224,24,24.05,23.94,24.04,14809,0
20150225,24.07,24.35,24.05,24.15,25157,0
20150226,24.1,24.35,24.1,24.25,24270,0
20150227,24.36,24.47,24.24,24.47,16801,0
20150302,24.42,24.5,24.41,24.5,16540,0
20150303,24.422,24.5,24.42,24.49,12879,0
20150304,24.45,24.6,24.442,24.545,18014,0
20150305,24.69,24.75,24.55,24.62,35026,0
20150306,24.55,24.55,24.2,24.29,13939,0
20150309,24.3,24.35,24.11,24.31,22677,0
20150310,24.65,24.65,24.11,24.28,31585,0
20150311,24.22,24.45,24.22,24.39,29756,0
20150312,24.16,24.2,24.06,24.16,13879,0
20150313,24.14,24.17,24.09,24.11,5676,0
20150316,24.121,24.19,24.12,24.14,7031,0
20150317,24.17,24.19,24.08,24.12,17022,0
20150318,24.27,24.27,24.07,24.2,32553,0
20150319,24.11,24.25,24.1,24.19,15734,0
20150320,24.15,24.35,24.15,24.298,16818,0
20150323,24.32,24.39,24.19,24.39,30930,0
20150324,24.32,24.54,24.261,24.54,10373,0
20150325,24.5,24.5,24.4,24.46,19623,0
20150326,24.22,24.41,24.21,24.31,8947,0
20150327,24.43,24.43,24.211,24.29,8811,0
20150330,24.37,24.44,24.321,24.36,14166,0
20150331,24.387,24.387,24.24,24.31,19350,0
20150401,24.42,24.44,24.25,24.33,8646,0
20150402,24.37,24.37,24.19,24.22,18425,0
20150406,24.22,24.44,24.22,24.44,23235,0
20150407,24.41,24.41,24.3,24.333,20875,0
20150408,24.349,24.37,24.31,24.34,21269,0
20150409,24.463,24.463,24.31,24.34,25908,0
20150410,24.37,24.37,24.25,24.25,9896,0
20150413,24.39,24.39,24.11,24.13,24843,0
20150414,24.09,24.09,24.02,24.02,47748,0
20150415,24.05,24.18,24,24.14,549760,0
20150416,24.14,24.18,24.06,24.11,47149,0
20150417,24.066,24.17,24.05,24.14,20627,0
20150420,24.07,24.17,24.05,24.101,25392,0
20150421,24.078,24.2,24.06,24.2,21954,0
20150422,24.19,24.25,24.11,24.12,29680,0
20150423,24.13,24.22,24.126,24.199,17602,0
20150424,24.22,24.4,24.131,24.36,59391,0
20150427,24.46,24.46,24.25,24.34,20472,0
20150428,24.25,24.38,24.04,24.11,59841,0
20150429,24.064,24.064,23.7,23.78,105128,0
20150430,23.78,23.78,23.5,23.7,304368,0
20150501,23.74,23.77,23.5,23.56,130616,0
20150504,23.68,23.7,23.4,23.47,111664,0
20150505,23.47,23.49,23.41,23.41,32089,0
20150506,23.437,23.437,22.89,23.02,53529,0
20150507,23.014,23.329,23,23.06,10225,0
20150508,23.26,23.41,23.16,23.19,72098,0
20150511,23.18,23.18,22.92,23.1,31634,0
20150512,23.16,23.16,22.95,23,57303,0
20150513,22.97,23.09,22.83,23,86944,0
20150514,23.06,23.16,22.941,22.98,142042,0
20150515,23.03,23.1,22.9,22.97,400457,0
20150518,22.99,22.99,22.8,22.94,101863,0
20150519,22.89,22.95,22.83,22.89,647324,0
20150520,22.9,22.98,22.85,22.91,80424,0
20150521,22.96,23.09,22.88,22.915,210809,0
20150522,22.9,22.92,22.74,22.84,246684,0
20150526,22.86,22.86,22.68,22.78,192123,0
20150527,22.78,22.83,22.65,22.67,142583,0
20150528,22.68,22.78,22.56,22.74,173010,0
20150529,22.78,22.89,22.71,22.84,153365,0
20150601,22.89,23.03,22.89,23.01,73485,0
20150602,22.95,23.04,22.79,22.96,73825,0
20150603,22.95,23.01,22.89,22.96,70650,0
20150604,22.97,22.99,22.93,22.96,25884,0
20150605,22.88,22.98,22.8,22.94,27561,0
20150608,22.96,22.98,22.81,22.84,39458,0
20150609,22.84,22.89,22.77,22.79,20981,0
20150610,22.83,22.83,22.71,22.75,43754,0
20150611,22.49,22.59,22.45,22.59,15854,0
20150612,22.559,22.61,22.51,22.56,6003,0
20150615,22.59,22.66,22.57,22.64,25739,0
20150616,22.65,22.73,22.59,22.72,11640,0
20150617,22.72,22.74,22.65,22.72,15759,0
20150618,22.67,22.867,22.65,22.71,79840,0
20150619,22.71,22.77,22.7,22.73,18240,0
20150622,22.72,22.78,22.58,22.68,20319,0
20150623,22.72,22.72,22.592,22.63,19619,0
20150624,22.61,22.7,22.61,22.67,11995,0
20150625,22.7,22.74,22.65,22.67,16983,0
20150626,22.91,22.91,22.5,22.53,16645,0
20150629,22.5,22.63,22.418,22.42,14402,0
20150630,22.43,22.51,22.35,22.35,47427,0
20150701,22.44,22.53,22.44,22.511,16893,0
20150702,22.52,22.67,22.52,22.58,28154,0
20150706,22.497,22.64,22.497,22.58,33641,0
20150707,22.61,22.68,22.543,22.64,37535,0
20150708,22.64,22.65,22.55,22.57,19068,0
20150709,22.62,22.7,22.62,22.66,15026,0
20150710,22.66,22.69,22.6,22.69,13818,0
20150713,22.66,22.7,22.644,22.66,26966,0
20150714,22.68,22.68,22.59,22.63,18980,0
20150715,22.66,22.85,22.6,22.82,50322,0
20150716,22.82,22.95,22.82,22.93,52295,0
20150717,22.907,22.93,22.85,22.89,24046,0
20150720,22.88,22.89,22.83,22.83,13892,0
20150721,22.81,22.92,22.81,22.92,78782,0
20150722,22.88,22.89,22.8,22.87,18572,0
20150723,22.76,22.88,22.76,22.86,43676,0
20150724,22.78,22.86,22.78,22.85,22749,0
20150727,22.79,22.85,22.77,22.8,28259,0
20150728,22.76,22.84,22.73,22.81,35785,0
20150729,22.826,22.84,22.78,22.84,10152,0
20150730,22.84,22.88,22.774,22.88,39252,0
20150731,22.91,22.96,22.878,22.95,27958,0
20150803,22.95,23.07,22.946,23.04,21595,0
20150804,23.05,23.1,23.02,23.08,30702,0
20150805,23.063,23.09,23.008,23.09,8260,0
20150806,23.059,23.09,23,23.07,18151,0
20150807,23.04,23.13,23.04,23.08,8723,0
20150810,23.12,23.19,23.09,23.15,17758,0
20150811,23.159,23.24,23.13,23.24,22953,0
20150812,23.213,23.28,23.161,23.28,17315,0
20150813,23.25,23.33,23.19,23.23,26575,0
20150814,23.26,23.26,23.2,23.24,11566,0
20150817,23.24,23.33,23.16,23.3,18404,0
20150818,23.3,23.34,23.21,23.31,12829,0
20150819,23.31,23.32,23.24,23.3,9351,0
20150820,23.26,23.3,23.19,23.2,45818,0
20150821,23.16,23.21,23,23.04,30579,0
20150824,22.9,22.92,22.25,22.7,42208,0
20150825,22.95,23.1,22.7,22.91,30579,0
20150826,22.92,23.04,22.91,23,15681,0
20150827,23.04,23.09,23.04,23.09,14912,0
20150828,22.93,23.29,22.93,23.221,16636,0
20150831,23.07,23.27,23.06,23.22,34266,0
20150901,23.14,23.25,23.14,23.19,24751,0
20150902,23.23,23.24,23.15,23.17,14600,0
20150903,23.17,23.24,23.081,23.19,29414,0
20150904,23.12,23.21,23.12,23.19,12456,0
20150908,23.21,23.25,23.19,23.24,18570,0
20150909,23.23,23.23,23.18,23.22,5556,0
20150910,23.22,23.22,23.01,23.15,14213,0
20150911,22.88,22.89,22.83,22.89,20051,0
20150914,22.9,22.9,22.8,22.85,20371,0
20150915,22.878,22.878,22.71,22.84,22879,0
20150916,22.87,22.9,22.72,22.9,20272,0
20150917,22.84,23,22.78,22.925,26967,0
20150918,22.97,23.01,22.91,22.97,6395,0
20150921,22.925,22.925,22.85,22.87,10480,0
20150922,22.85,22.85,22.7,22.72,23841,0
20150923,22.82,22.82,22.64,22.69,23684,0
20150924,22.66,22.68,22.59,22.67,20135,0
20150925,22.69,22.91,22.69,22.822,21520,0
20150928,22.84,22.84,22.5,22.65,44922,0
20150929,22.82,22.83,22.51,22.568,32295,0
20150930,22.55,22.65,22.48,22.48,27566,0
20151001,22.7,22.7,22.44,22.47,18882,0
20151002,22.47,22.71,22.4,22.59,31877,0
20151005,22.56,22.711,22.56,22.66,29706,0
20151006,22.69,22.732,22.685,22.732,14461,0
20151007,22.75,22.84,22.75,22.787,16712,0
20151008,22.8,22.81,22.75,22.81,15920,0
20151009,22.84,22.94,22.81,22.92,16537,0
20151012,22.89,22.96,22.86,22.955,42206,0
20151013,22.95,23,22.9,22.99,40299,0
20151014,23,23.03,22.95,22.98,40557,0
20151015,23.04,23.04,22.96,23.01,28887,0
20151016,23,23.18,22.98,23.17,54827,0
20151019,23.2,23.34,23.13,23.32,29303,0
20151020,23.27,23.35,23.25,23.313,50591,0
20151021,23.31,23.4,23.3,23.36,35334,0
20151022,23.43,23.56,23.43,23.56,43407,0
20151023,23.58,23.74,23.58,23.64,47580,0
20151026,23.595,23.76,23.56,23.73,37781,0
20151027,23.729,23.87,23.686,23.87,23361,0
20151028,23.872,23.92,23.75,23.92,32536,0
20151029,23.88,23.96,23.85,23.93,39840,0
20151030,23.83,24.11,23.83,23.99,32310,0
20151102,24,24.23,24,24.185,34850,0
20151103,24.22,24.37,24.188,24.23,46129,0
20151104,24.23,24.25,24.13,24.2,30953,0
20151105,24.16,24.25,24.16,24.25,29372,0
20151106,24.17,24.23,23.871,24.09,43394,0
20151109,23.96,24.03,23.79,23.88,35903,0
20151110,23.86,24.14,23.86,24.14,30477,0
20151111,24.16,24.4,24.13,24.34,38180,0
20151112,24.22,24.58,24.21,24.49,56320,0
20151113,24.56,24.59,24.41,24.456,42359,0
20151116,24.4,24.4,24.35,24.37,20483,0
20151117,24.4,24.45,24.3,24.37,44231,0
20151118,24.41,24.42,24.31,24.41,38114,0
20151119,24.33,24.54,24.32,24.54,27171,0
20151120,24.48,24.65,24.45,24.65,22262,0
20151123,24.65,24.711,24.64,24.707,34273,0
20151124,24.71,24.85,24.6,24.85,21674,0
20151125,24.78,24.97,24.69,24.94,34675,0
20151127,24.78,24.94,24.78,24.94,9033,0
20151130,24.94,24.94,24.84,24.87,25947,0
20151201,24.899,24.94,24.876,24.885,17315,0
20151202,24.9,24.92,24.798,24.828,20270,0
20151203,24.86,24.86,24.664,24.78,18681,0
20151204,24.81,24.81,24.55,24.55,27888,0
20151207,24.35,24.74,24.33,24.44,35841,0
20151208,24.31,24.59,24.304,24.512,25865,0
20151209,24.55,24.77,24.459,24.7,21429,0
20151210,24.67,24.69,24.624,24.69,24346,0
20151211,24.4,24.4,24.06,24.09,37105,0
20151214,23.99,23.99,23.19,23.21,39311,0
20151215,23.12,23.49,22.85,22.994,36369,0
20151216,23.28,23.36,22.95,23.07,33630,0
20151217,23.28,23.522,23.08,23.522,88101,0
20151218,23.5,23.58,23.4,23.46,47166,0
20151221,23.58,23.61,23.42,23.57,23232,0
20151222,23.5,23.61,23.48,23.57,37465,0
20151223,23.66,23.79,23.53,23.76,39736,0
20151224,23.87,24,23.85,23.99,16914,0
20151228,23.95,23.996,23.82,23.95,19639,0
20151229,23.97,24.17,23.97,24.14,28566,0
20151230,24.18,24.24,24.0901,24.18,30373,0
20151231,24.13,24.35,24.13,24.3299,16749,0
20160104,24.17,24.58,24.1,24.57,33069,0
20160105,24.49,24.83,24.49,24.7,47837,0
20160106,24.49,24.6799,24.3,24.5085,20287,0
20160107,24.48,24.61,24.4,24.54,22392,0
20160108,24.55,24.74,24.55,24.74,22000,0
20160111,24.77,24.77,24.421,24.58,37633,0
20160112,24.65,24.65,24.488,24.64,28749,0
20160113,24.56,24.6253,24.45,24.49,14861,0
20160114,24.33,24.6558,24.2401,24.63,34806,0
20160115,24.4,24.5,24.1701,24.44,18237,0
20160119,24.5799,24.5799,24.5799,24.5799,0,0
20160120,24.39,24.6238,23.95,24.27,29044,0
20160121,24.25,24.64,24.15,24.6,31319,0
20160122,24.67,24.81,24.339,24.79,24393,0
20160125,24.74,24.74,24.5,24.51,21149,0
20160126,24.532,24.6455,24.177,24.26,22510,0
20160127,24.43,24.55,24.21,24.55,29674,0
20160128,24.55,24.73,24.26,24.4,53197,0
20160129,24.44,24.63,24.29,24.53,62477,0
20160201,24.64,24.81,24.4996,24.78,45479,0
20160202,24.76,24.83,24.61,24.75,40444,0
20160203,24.8,25,24.643,24.82,31697,0
20160204,24.83,24.87,24.7192,24.85,32883,0
20160205,24.9,24.95,24.78,24.85,20946,0
20160208,24.82,24.82,24.52,24.57,28978,0
20160209,24.45,24.609,24.2969,24.41,33754,0
20160210,24.65,24.75,24.481,24.481,6001,0
20160211,24.33,24.33,23.39,23.79,38469,0
20160212,23.86,23.97,23.57,23.79,34859,0
20160216,24.17,24.305,23.89,24.135,18620,0
20160217,24.2358,24.64,24.1533,24.64,22658,0
20160218,24.67,24.75,24.54,24.75,25063,0
20160219,24.6,24.9,24.6,24.8763,28569,0
20160222,24.91,24.94,24.84,24.91,25552,0
20160223,24.86,24.93,24.84,24.8802,49012,0
20160224,24.88,24.8999,24.71,24.81,30883,0
20160225,24.891,24.9499,24.7801,24.93,18302,0
20160226,24.82,24.97,24.82,24.97,12548,0
20160229,24.96,25,24.9,24.92,38980,0
20160301,24.97,25.17,24.9,25.05,102312,0
20160302,25.05,25.09,24.948,24.948,28172,0
20160303,25,25.04,24.93,25.0101,13168,0
20160304,25,25.32,25,25.1559,47363,0
20160307,25.15,25.15,24.98,25.055,31787,0
20160308,24.98,25.1,24.98,25.09,18074,0
20160309,25.04,25.2499,25,25.21,26732,0
20160310,25.2,25.25,25,25.14,37536,0
20160311,24.96,25.11,24.8001,24.83,29554,0
20160314,24.82,24.96,24.82,24.8888,21813,0
20160315,24.91,24.91,24.7707,24.81,23857,0
20160316,24.803,24.9299,24.803,24.88,19575,0
20160317,24.92,25.05,24.865,24.91,39859,0
20160318,24.91,25.02,24.871,24.98,37820,0
20160321,25.06,25.07,24.95,25.01,23821,0
20160322,24.9591,25.05,24.7,24.72,59475,0
20160323,24.67,24.766,24.6,24.75,33558,0
20160324,24.63,24.95,24.63,24.86,30605,0
20160328,24.8,25.08,24.76,25.08,33160,0
20160329,25.05,25.07,24.86,24.97,43341,0
20160330,25.01,25.12,24.9801,25.11,18845,0
20160331,25.11,25.11,25.01,25.01,20390,0
20160401,25.09,25.0999,24.88,24.91,45624,0
20160404,24.86,24.98,24.72,24.87,43979,0
20160405,24.91,25.13,24.85,25.06,49763,0
20160406,25.0468,25.14,25.01,25.12,52301,0
20160407,25.12,25.15,25.02,25.09,27861,0
20160408,25.1169,25.29,25.08,25.22,37003,0
20160411,25.22,25.41,25.195,25.41,38390,0
20160412,25.35,25.43,25.25,25.36,41909,0
20160413,25.44,25.4499,25.301,25.36,20134,0
20160414,25.36,25.435,25.3,25.36,24270,0
20160415,25.3699,25.37,25.13,25.13,91132,0
20160418,25.1899,25.21,25.13,25.21,35039,0
20160419,25.21,25.3,25.21,25.23,21322,0
20160420,25.29,25.33,25.2,25.23,37267,0
20160421,25.2,25.3199,25.2,25.26,7498,0
20160422,25.31,25.4,25.27,25.33,16977,0
20160425,25.31,25.38,25.2015,25.2599,12675,0
20160426,25.24,25.35,25.24,25.35,11495,0
20160427,25.3412,25.44,25.314,25.44,22701,0
20160428,25.4,25.43,25.37,25.4,9592,0
20160429,25.3899,25.45,25.37,25.38,16450,0
20160502,25.47,25.47,25.3351,25.44,21614,0
20160503,25.435,25.435,25.31,25.37,13944,0
20160504,25.37,25.54,25.36,25.44,10751,0
20160505,25.37,25.45,25.33,25.33,12913,0
20160506,25.32,25.51,25.32,25.49,21855,0
20160509,25.5199,25.57,25.42,25.5,10215,0
20160510,25.5439,25.57,25.43,25.46,12403,0
20160511,25.5316,25.55,25.43,25.44,20380,0
20160512,25.48,25.55,25.37,25.37,18600,0
20160513,25.46,25.55,25.46,25.54,9070,0
20160516,25.4999,25.67,25.4999,25.67,16253,0
20160517,25.66,25.7399,25.51,25.6605,12054,0
20160518,25.75,25.75,25.48,25.5,65287,0
20160519,25.68,25.68,25.4,25.4899,17995,0
20160520,25.4711,25.4799,25.4189,25.4699,5386,0
20160523,25.5499,25.5499,25.36,25.38,30599,0
20160524,25.55,25.64,25.44,25.5899,19890,0
20160525,25.5524,25.5524,25.47,25.5178,8139,0
20160526,25.485,25.5,25.45,25.45,17434,0
20160527,25.4901,25.58,25.4315,25.4315,12120,0
20160531,25.55,25.64,25.47,25.6,150795,0
20160601,25.47,25.6,25.47,25.52,21360,0
20160602,25.4723,25.58,25.45,25.58,38173,0
20160603,25.5,25.84,25.5,25.82,11855,0
20160606,25.8,25.92,25.7818,25.83,15880,0
20160607,25.83,25.83,25.76,25.8,7145,0
20160608,25.75,25.81,25.58,25.75,25512,0
20160609,25.7794,25.82,25.65,25.81,16594,0
20160610,25.78,25.82,25.75,25.75,12172,0
20160613,25.47,25.48,25.41,25.48,7202,0
20160614,25.49,25.49,25.31,25.32,27518,0
20160615,25.45,25.48,25.406,25.442,7530,0
20160616,25.39,25.45,25.35,25.45,19711,0
20160617,25.39,25.71,25.39,25.5556,10514,0
20160620,25.45,25.65,25.45,25.49,29582,0
20160621,25.48,25.6099,25.45,25.4999,28670,0
20160622,25.54,25.54,25.4,25.41,15397,0
20160623,25.46,25.56,25.45,25.4717,10939,0
20160624,25,25.54,25,25.39,19834,0
20160627,25.4,25.4,25.15,25.375,13560,0
20160628,25.49,25.66,25.4367,25.65,9609,0
20160629,25.6,25.82,25.6,25.77,86893,0
20160630,25.6,25.97,25.6,25.97,19292,0
20160701,25.98,25.99,25.76,25.8,22655,0
20160705,25.736,25.87,25.71,25.81,7601,0
20160706,25.74,25.78,25.61,25.75,18370,0
20160707,25.7,25.87,25.7,25.87,30603,0
20160708,25.8799,26,25.8,25.93,11120,0
20160711,25.89,26,25.89,25.99,16350,0
20160712,25.99,26,25.95,25.97,18486,0
20160713,25.95,26.05,25.95,26.05,16691,0
20160714,25.99,26.05,25.87,25.9,19940,0
20160715,25.88,26,25.87,25.87,33128,0
20160718,25.92,25.989,25.79,25.87,12720,0
20160719,25.81,25.99,25.81,25.9401,23120,0
20160720,25.9332,25.99,25.93,25.99,13680,0
20160721,26,26,25.86,25.99,21908,0
20160722,25.93,25.97,25.89,25.97,6715,0
20160725,25.91,26,25.88,25.95,18830,0
20160726,25.88,25.97,25.87,25.89,17492,0
20160727,25.85,25.9699,25.85,25.9366,11279,0
20160728,25.9,25.975,25.89,25.96,14169,0
20160729,26.01,26.1,25.874,26.02,24839,0
20160801,26.0901,26.17,25.99,26.17,18402,0
20160802,26.11,26.28,26.07,26.24,35801,0
20160803,26.16,26.2101,26,26.05,25518,0
20160804,26.03,26.34,26.02,26.3399,17375,0
20160805,26.15,26.289,25.9,26.12,55644,0
20160808,26.07,26.39,25.97,26.35,32683,0
20160809,26.3,26.4644,26.235,26.45,17286,0
20160810,26.437,26.45,26.3096,26.42,14277,0
20160811,26.34,26.42,26.25,26.2901,18296,0
20160812,26.23,26.3,26.14,26.19,10196,0
20160815,26.15,26.1601,25.97,26.03,22568,0
20160816,26.034,26.095,26.03,26.09,20058,0
20160817,26.04,26.14,26.03,26.14,10566,0
20160818,26.04,26.17,26.04,26.05,8101,0
20160819,26.26,26.26,25.9901,25.9901,11261,0
20160822,26.06,26.09,25.99,26.08,9306,0
20160823,26.0131,26.18,25.97,26.14,17164,0
20160824,26.07,26.11,25.92,25.97,24148,0
20160825,26.05,26.05,25.9801,26.02,6007,0
20160826,25.97,26.0422,25.97,26.04,8645,0
20160829,25.98,26.0575,25.9401,25.9837,9988,0
20160830,25.9817,26.07,25.93,25.94,8224,0
20160831,26.038,26.07,25.83,25.83,20373,0
20160901,25.86,25.91,25.81,25.87,7854,0
20160902,25.9133,26.071,25.9133,25.9201,14485,0
20160906,26.02,26.31,25.973,26.31,22905,0
20160907,26.14,26.43,26.0901,26.12,58279,0
20160908,26.17,26.25,26.1301,26.24,5179,0
20160909,26.08,26.08,25.86,25.89,5379,0
20160912,25.84,26.01,25.84,25.9307,8666,0
20160913,25.68,25.68,25.3,25.57,19417,0
20160914,25.57,25.57,25.29,25.57,8935,0
20160915,25.54,25.58,25.43,25.44,7394,0
20160916,25.39,25.45,25.39,25.4,6310,0
20160919,25.4711,25.5959,25.4711,25.5272,1073,0
20160920,25.62,25.8,25.5,25.7625,13489,0
20160921,25.7,25.9,25.6001,25.88,10535,0
20160922,25.94,25.97,25.8722,25.94,38835,0
20160923,25.88,25.98,25.86,25.86,7981,0
20160926,25.82,25.84,25.65,25.79,8721,0
20160927,25.78,25.78,25.57,25.62,29656,0
20160928,25.75,25.75,25.62,25.74,9908,0
20160929,25.75,25.76,25.6776,25.75,14672,0
20160930,25.8399,25.8399,25.48,25.48,9918,0
20161003,25.6,25.7299,25.6,25.71,5973,0
20161004,25.64,25.85,25.5483,25.7013,9089,0
20161005,25.77,25.77,25.52,25.52,3401,0
20161006,25.5,25.5758,25.4323,25.464,4821,0
20161007,25.4,25.58,25.4,25.4,5328,0
20161010,25.4,25.65,25.3998,25.4,9846,0
20161011,25.35,25.35,25,25,14517,0
20161012,25.06,25.06,24.8,24.9,35624,0
20161013,24.9,25.38,24.78,25.35,28644,0
20161014,25.37,25.45,25.31,25.44,10911,0
20161017,25.43,25.62,25.362,25.62,9911,0
20161018,25.68,25.99,25.62,25.79,245010,0
20161019,25.68,25.865,25.48,25.65,83103,0
20161020,25.55,25.65,25.43,25.64,191334,0
20161021,25.5,25.82,25.38,25.82,82204,0
20161024,25.65,26.03,25.65,25.81,114641,0
20161025,25.8,25.9,25.69,25.745,23493,0
20161026,25.7508,25.76,25.63,25.75,7087,0
20161027,25.76,25.76,25.41,25.59,29881,0
20161028,25.57,25.57,25.3299,25.4,26065,0
20161031,25.6,25.6,25.15,25.15,15975,0
20161101,25.121,25.2903,24.95,24.95,34135,0
20161102,24.96,25.14,24.96,24.96,10363,0
20161103,24.96,25.06,24.96,24.99,7079,0
20161104,25,25.105,24.9864,25.012,18869,0
20161107,25.128,25.4862,25.05,25.05,7621,0
20161108,25.07,25.1,24.9706,24.98,10815,0
20161109,24.6,24.96,24.47,24.8799,21490,0
20161110,24.7,24.7,23.9162,23.97,71521,0
20161111,23.9214,23.9214,23.52,23.59,24876,0
20161114,23.55,23.55,22.95,23.13,95192,0
20161115,23.28,24.13,23.28,23.88,27567,0
20161116,23.84,24.54,23.84,24.24,40175,0
20161117,24.07,24.39,23.8101,24.0311,18369,0
20161118,23.92,24.121,23.27,23.3,52632,0
20161121,23.5839,23.739,23.45,23.65,17755,0
20161122,23.66,23.75,23.61,23.69,121009,0
20161123,23.55,23.6699,23.4535,23.4762,17766,0
20161125,23.72,23.8,23.5305,23.76,14617,0
20161128,24,24.035,23.62,23.8,23787,0
20161129,23.73,24.003,23.73,23.9,13649,0
20161130,23.7,23.76,23.5,23.69,53964,0
20161201,23.55,23.55,23.09,23.17,28010,0
20161202,23.16,23.4044,23.01,23.0541,35787,0
20161205,23,23.289,22.94,23.28,11286,0
20161206,23.4,23.4,23.2027,23.2027,26292,0
20161207,23.22,23.4526,23.22,23.2592,27701,0
20161208,23.21,23.29,23,23.08,41463,0
20161209,23,23,22.35,22.58,66986,0
20161212,22.57,22.57,22.18,22.35,61097,0
20161213,22.19,22.2,21.93,22.01,50144,0
20161214,22.03,22.0622,21.74,21.74,50032,0
20161215,21.87,21.87,21.46,21.763,37772,0
20161216,21.98,22.0347,21.81,22.02,32160,0
20161219,22.18,22.3,22.1,22.3,23306,0
20161220,22.3,22.41,22.298,22.36,33285,0
20161221,22.28,22.4565,22.15,22.2,63750,0
20161222,22.21,22.4283,22.1,22.38,32299,0
20161223,22.4,22.57,22.324,22.46,35091,0
20161227,22.43,22.47,22.3,22.47,22908,0
20161228,22.51,22.6525,22.3856,22.6,24648,0
20161229,22.611,22.7612,22.43,22.43,19998,0
20161230,22.66,22.66,22.43,22.45,25158,0
20170103,22.58,22.81,22.526,22.7665,14394,0
20170104,22.81,23.4,22.81,23.27,16656,0
20170105,23.52,23.525,23.05,23.34,14879,0
20170106,23.43,23.43,23.24,23.27,17246,0
20170109,23.2001,23.42,23.11,23.14,18787,0
20170110,23.13,23.33,23.13,23.33,21113,0
20170111,23.23,23.629,23.23,23.62,22645,0
20170112,23.56,23.6672,23.3811,23.43,16219,0
20170113,23.63,23.63,23.4547,23.5,17164,0
20170117,23.58,23.758,23.56,23.58,27596,0
20170118,23.55,23.6,23.39,23.41,67137,0
20170119,23.4,23.4,22.96,23.29,58073,0
20170120,23.13,23.5199,23,23,85602,0
20170123,23.01,23.37,23.01,23.22,52361,0
20170124,23.16,23.47,23.16,23.27,15308,0
20170125,23.4134,23.4134,23,23.23,45974,0
20170126,23.1974,23.21,22.98,23.2,44473,0
20170127,23.26,23.26,23.07,23.13,46821,0
20170130,23.14,23.22,22.94,23,45529,0
20170131,23.03,23.0851,22.93,22.98,137436,0
20170201,22.99,23.096,22.93,23.05,364549,0
20170202,23.06,23.24,23.06,23.24,17596,0
20170203,23.31,23.5569,23.29,23.48,19989,0
20170206,23.424,23.57,23.22,23.28,83168,0
20170207,23.31,23.47,23.28,23.4,23216,0
20170208,23.45,23.73,23.45,23.69,33380,0
20170209,23.7,23.7737,23.6634,23.73,24243,0
20170210,23.73,23.84,23.6591,23.8,13685,0
20170213,23.85,23.96,23.81,23.9316,34300,0
20170214,23.8148,23.87,23.58,23.62,57782,0
20170215,23.54,23.8431,23.46,23.51,54432,0
20170216,23.64,23.6599,23.325,23.35,48778,0
20170217,23.34,23.59,23.32,23.53,22562,0
20170221,23.59,23.59,23.24,23.51,31454,0
20170222,23.55,23.74,23.42,23.74,29753,0
20170223,23.76,23.8789,23.55,23.87,29619,0
20170224,23.79,23.93,23.79,23.925,63128,0
20170227,23.89,24.07,23.89,24,34524,0
20170228,24.09,24.25,24.0201,24.15,31837,0
20170301,24.05,24.14,23.85,23.97,57849,0
20170302,23.95,24.19,23.95,24.07,41671,0
20170303,24.07,24.1,23.9631,24.03,21467,0
20170306,24.08,24.08,23.8,24.05,26873,0
20170307,24.04,24.09,23.88,24.0587,23029,0
20170308,23.92,23.92,23.77,23.88,25030,0
20170309,23.92,23.92,23.58,23.72,24545,0
20170310,23.75,24,23.69,23.92,24424,0
20170313,23.59,23.71,23.4241,23.5929,10381,0
20170314,23.51,23.63,23.51,23.51,49629,0
20170315,23.51,23.7898,23.51,23.72,24176,0
20170316,23.58,23.94,23.58,23.9274,26048,0
20170317,23.84,24.12,23.84,23.9381,22393,0
20170320,24.0387,24.07,23.917,23.97,17022,0
20170321,23.97,23.97,23.8398,23.97,12915,0
20170322,23.83,24.02,23.83,23.99,15423,0
20170323,24.0293,24.05,23.916,24,31844,0
20170324,23.9,24.05,23.9,24.05,13521,0
20170327,23.98,24.209,23.92,24.1526,41195,0
20170328,24.07,24.4,24.07,24.323,34217,0
20170329,24.32,24.39,24.28,24.376,18681,0
20170330,24.24,24.279,24.17,24.2,8951,0
20170331,24.1,24.42,24.0399,24.4,26003,0
20170403,24.47,24.73,24.47,24.7,38510,0
20170404,24.55,24.74,24.55,24.6757,21988,0
20170405,24.63,24.75,24.56,24.74,21313,0
20170406,24.56,24.97,24.56,24.97,24917,0
20170407,24.97,24.99,24.85,24.97,5891,0
20170410,24.98,25,24.95,25,15270,0
20170411,24.99,25.01,24.87,24.98,24063,0
20170412,25.01,25.01,24.8914,24.9,23441,0
20170413,24.9,24.98,24.8627,24.9434,8632,0
20170417,24.95,25.01,24.89,24.9,13321,0
20170418,24.86,24.99,24.86,24.985,14064,0
20170419,24.91,25.01,24.91,24.9201,11721,0
20170420,24.964,25.0824,24.964,25.04,11323,0
20170421,25,25.14,25,25.1,22803,0
20170424,25.05,25.1,24.63,24.66,41732,0
20170425,24.77,24.9899,24.71,24.83,21620,0
20170426,24.85,24.9195,24.748,24.7798,12808,0
20170427,24.66,24.98,24.66,24.95,17430,0
20170428,24.94,25.01,24.88,25.01,13439,0
20170501,25.01,25.07,24.97,25.07,7080,0
20170502,24.9687,25.06,24.9687,25.0299,21154,0
20170503,25,25.03,24.96,24.99,19336,0
20170504,24.95,24.9684,24.84,24.84,14664,0
20170505,24.87,24.892,24.8289,24.86,12632,0
20170508,24.8626,24.94,24.8,24.94,22751,0
20170509,24.94,24.96,24.88,24.9,9307,0
20170510,24.94,24.94,24.81,24.9113,15761,0
20170511,24.9208,24.9208,24.83,24.92,9325,0
20170512,24.9,24.98,24.9,24.96,9556,0
20170515,25.02,25.03,24.89,25.005,12628,0
20170516,24.95,25,24.9,24.97,31887,0
20170517,25,25,24.89,24.96,12086,0
20170518,24.95,24.95,24.86,24.95,28150,0
20170519,24.9299,24.9599,24.9101,24.9101,7351,0
20170522,24.91,24.9316,24.86,24.9071,10618,0
20170523,24.883,24.89,24.86,24.89,9803,0
20170524,24.9,24.92,24.8703,24.91,21449,0
20170525,24.99,24.99,24.9525,24.97,12342,0
20170526,24.96,25.1,24.96,25.1,43124,0
20170530,25.1322,25.2479,25.12,25.227,68953,0
20170531,25.18,25.24,25.1755,25.23,20772,0
20170601,25.239,25.28,25.2,25.28,30274,0
20170602,25.27,25.34,25.27,25.28,36847,0
20170605,25.31,25.34,25.264,25.3,14548,0
20170606,25.38,25.38,25.25,25.25,7946,0
20170607,25.22,25.263,25.2,25.22,13411,0
20170608,25.21,25.25,25.2062,25.22,6485,0
20170609,25.2629,25.36,25.2629,25.35,26262,0
20170612,25.31,25.32,25.2619,25.32,6234,0
20170613,25.09,25.09,25.0299,25.03,28635,0
20170614,25.05,25.2,25.05,25.18,33521,0
20170615,25.07,25.25,25.07,25.23,53173,0
20170616,25.24,25.33,25.22,25.27,22695,0
20170619,25.2312,25.2756,25.16,25.2756,11696,0
20170620,25.26,25.33,25.191,25.33,9272,0
20170621,25.31,25.39,25.2987,25.2987,29875,0
20170622,25.33,25.41,25.3,25.4,15291,0
20170623,25.37,25.37,25.304,25.34,4155,0
20170626,25.32,25.43,25.32,25.43,7849,0
20170627,25.3843,25.5,25.3843,25.5,10083,0
20170628,25.58,25.58,25.4,25.4678,22412,0
20170629,25.45,25.45,25.2724,25.29,17818,0
20170630,25.25,25.304,25.2419,25.3,7317,0
20170703,25.3,25.3,25.21,25.21,4806,0
20170705,25.21,25.3,25.21,25.29,9011,0
20170706,25.14,25.42,25.14,25.39,11981,0
20170707,25.42,25.55,25.3,25.55,7592,0
20170710,25.54,25.54,25.4,25.46,12994,0
20170711,25.473,25.6,25.43,25.46,31239,0
20170712,25.5091,25.5854,25.5,25.55,11373,0
20170713,25.44,25.44,25.21,25.4,18912,0
20170714,25.3768,25.49,25.3768,25.47,11950,0
20170717,25.49,25.49,25.4137,25.42,7642,0
20170718,25.39,25.48,25.26,25.48,20727,0
20170719,25.45,25.6,25.45,25.51,12025,0
20170720,25.51,25.5799,25.48,25.5599,11646,0
20170721,25.58,25.65,25.48,25.65,19389,0
20170724,25.64,25.64,25.4976,25.565,10347,0
20170725,25.5,25.56,25.46,25.55,9027,0
20170726,25.47,25.55,25.43,25.4615,9276,0
20170727,25.45,25.56,25.45,25.56,5222,0
20170728,25.51,25.56,25.49,25.5313,2797,0
20170731,25.45,25.57,25.44,25.44,6237,0
20170801,25.5499,25.56,25.5,25.56,5621,0
20170802,25.47,25.72,25.47,25.72,67825,0
20170803,25.71,25.7799,25.68,25.77,12837,0
20170804,25.63,25.7,25.62,25.66,7533,0
20170807,25.6,25.65,25.6,25.63,6839,0
20170808,25.58,25.75,25.58,25.63,6790,0
20170809,25.49,25.6407,25.4155,25.44,11232,0
20170810,25.43,25.4367,25.21,25.22,6729,0
20170811,25.28,25.28,25.14,25.16,14236,0
20170814,25.3445,25.354,25.235,25.29,4204,0
20170815,25.3306,25.5302,25.2801,25.4147,5601,0
20170816,25.3923,25.61,25.31,25.3176,6604,0
20170817,25.31,25.4399,25.28,25.3737,8856,0
20170818,25.34,25.62,25.267,25.446,8460,0
20170821,25.42,25.461,25.38,25.43,3767,0
20170822,25.43,25.43,25.27,25.32,6726,0
20170823,25.3424,25.4,25.27,25.291,8918,0
20170824,25.3364,25.3699,25.291,25.3699,3648,0
20170825,25.3776,25.3776,25.31,25.321,3175,0
20170828,25.377,25.46,25.28,25.46,12725,0
20170829,25.43,25.433,25.31,25.34,17119,0
20170830,25.32,25.759,25.32,25.74,13483,0
20170831,25.67,25.74,25.36,25.74,14984,0
20170901,25.71,25.71,25.56,25.62,5882,0
20170905,25.6294,25.7,25.5751,25.7,10655,0
20170906,25.6137,25.74,25.6137,25.65,7584,0
20170907,25.6635,25.72,25.57,25.72,6250,0
20170908,25.65,25.65,25.58,25.6228,6594,0
20170911,25.63,25.7,25.61,25.63,3433,0
20170912,25.6858,25.6866,25.62,25.63,10478,0
20170913,25.61,25.7,25.61,25.65,18258,0
20170914,25.37,25.37,25.28,25.32,7250,0
20170915,25.3,25.4799,25.3,25.43,15451,0
20170918,25.29,25.4717,25.29,25.47,9448,0
20170919,25.41,25.49,25.4,25.49,13088,0
20170920,25.378,25.49,25.378,25.49,5884,0
20170921,25.39,25.65,25.39,25.56,7251,0
20170922,25.47,25.58,25.28,25.58,8183,0
20170925,25.54,25.6095,25.43,25.4467,10123,0
20170926,25.36,25.5092,25.34,25.38,17634,0
20170927,25.36,25.42,25.16,25.32,21152,0
20170928,25.35,25.35,25.263,25.31,16101,0
20170929,25.2414,25.4,25.18,25.4,20384,0
20171002,25.4,25.4,25.15,25.2,15455,0
20171003,25.17,25.2061,25.08,25.08,6128,0
20171004,25.2197,25.2204,25.04,25.085,8120,0
20171005,25.1594,25.1803,25.02,25.02,14805,0
20171006,24.98,24.98,24.77,24.8,23056,0
20171009,24.92,24.92,24.83,24.83,5779,0
20171010,24.79,25.1,24.79,25.1,11941,0
20171011,25.01,25.19,24.94,25.09,26961,0
20171012,25.05,25.17,25.03,25.04,41650,0
20171013,25.04,25.04,24.95,25.01,19612,0
20171016,25.05,25.05,24.99,25.02,211162,0
20171017,25.01,25.09,24.91,24.91,14388,0
20171018,24.97,24.97,24.89,24.96,8665,0
20171019,24.92,25.09,24.9098,24.95,23145,0
20171020,25.01,25.05,24.95,25.05,40111,0
20171023,25.0035,25.0118,24.89,24.9,15236,0
20171024,24.94,25.02,24.9206,25.01,166471,0
20171025,25,25.07,24.95,24.97,9220,0
20171026,24.97,25.19,24.96,25.19,14910,0
20171027,25.106,25.19,25.106,25.19,3204,0
20171030,25.19,25.29,25.1813,25.29,10095,0
20171031,25.2999,25.3,25.2101,25.3,5111,0
20171101,25.3,25.37,25.2275,25.37,8668,0
20171102,25.27,25.27,25.12,25.21,12095,0
20171103,25.22,25.22,25.12,25.13,8731,0
20171106,25.13,25.139,25.11,25.11,6489,0
20171107,25.11,25.12,25.1,25.1114,5775,0
20171108,25.11,25.15,25.1,25.137,5201,0
20171109,25.12,25.17,25.11,25.1685,10262,0
20171110,25.1564,25.1852,25.15,25.18,5624,0
20171113,25.1679,25.17,25.15,25.15,5345,0
20171114,25.155,25.1598,25.15,25.15,9315,0
20171115,25.12,25.18,25.11,25.1655,5626,0
20171116,25.15,25.19,25.15,25.19,3533,0
20171117,25.22,25.355,25.22,25.34,4837,0
20171120,25.34,25.39,25.332,25.37,5100,0
20171121,25.29,25.49,25.29,25.39,3911,0
20171122,25.33,25.47,25.33,25.47,2698,0
20171124,25.49,25.49,25.29,25.41,1200,0
20171127,25.5,25.54,25.45,25.495,9549,0
20171128,25.44,25.58,25.4212,25.58,26179,0
20171129,25.5,25.531,25.3461,25.48,3010,0
20171130,25.49,25.54,25.28,25.32,13800,0
20171201,25.3,25.3603,25.22,25.33,11292,0
20171204,25.34,25.34,25.24,25.32,16802,0
20171205,25.3005,25.4,25.3005,25.4,7475,0
20171206,25.3943,25.48,25.37,25.48,8760,0
20171207,25.31,25.45,25.3,25.4,45657,0
20171208,25.37,25.39,25.3,25.36,17669,0
20171211,25.3388,25.39,25.3388,25.35,3736,0
20171212,25.32,25.39,25.2787,25.3,29126,0
20171213,25.3,25.31,25.2,25.23,33646,0
20171214,24.96,25.01,24.8501,25.01,18590,0
20171215,24.99,25.12,24.99,25,17657,0
20171218,25.03,25.09,25.03,25.05,14011,0
20171219,25.03,25.1,25.01,25.04,23190,0
20171220,25.12,25.15,25,25,13297,0
20171221,25.01,25.06,25,25,9362,0
20171222,25,25.055,24.96,24.97,24721,0
20171226,24.96,25.02,24.95,24.96,8820,0
20171227,25.05,25.05,24.87,24.91,19604,0
20171228,24.91,24.92,24.77,24.77,24326,0
20171229,24.84,24.89,24.75,24.89,46465,0
20180102,24.92,25.12,24.79,24.82,47794,0
20180103,24.9,24.92,24.66,24.76,34975,0
20180104,24.8764,24.8764,24.65,24.65,23881,0
20180105,24.7,24.8,24.63,24.64,29687,0
20180108,24.62,24.93,24.54,24.895,104213,0
20180109,24.93,24.93,24.41,24.46,121077,0
20180110,24.39,24.46,24.26,24.4,89500,0
20180111,24.36,24.55,24.35,24.45,103178,0
20180112,24.49,24.61,24.4,24.42,75670,0
20180116,24.45,24.6,24.45,24.45,107786,0
20180117,24.53,24.53,24.33,24.35,88446,0
20180118,24.35,24.37,24.11,24.11,91396,0
20180119,24.12,25,24.06,24.77,431042,0
20180122,24.72,24.95,24.66,24.83,64814,0
20180123,24.85,25.12,24.85,25.04,47864,0
20180124,24.91,24.97,24.69,24.84,28187,0
20180125,24.88,24.8997,24.6201,24.78,31447,0
20180126,24.85,24.91,24.67,24.74,35286,0
20180129,24.679,24.679,24.31,24.39,88004,0
20180130,24.17,24.19,24.05,24.18,26813,0
20180131,24.39,24.5,24.0204,24.26,13442,0
20180201,24.25,24.25,23.91,23.94,20253,0
20180202,23.88,23.88,23.46,23.59,44257,0
20180205,23.7,23.77,23.16,23.18,27517,0
20180206,23.31,23.67,23.24,23.54,37143,0
20180207,23.55,23.9,23.3232,23.65,12654,0
20180208,23.499,23.669,23.45,23.49,21106,0
20180209,23.38,23.558,23.2,23.4,28729,0
20180212,23.35,23.67,23.35,23.63,21415,0
20180213,23.59,23.66,23.35,23.419,27268,0
20180214,23.2801,23.35,23.05,23.17,18499,0
20180215,23.2,23.2,23.1,23.1,15443,0
20180216,23.06,23.38,23.06,23.3,17188,0
20180220,23.42,23.44,23.42,23.42,13170,0
20180221,23.27,23.65,23.27,23.65,26028,0
20180222,23.67,23.67,23.53,23.6,19092,0
20180223,23.65,23.86,23.55,23.83,17142,0
20180226,23.92,24.24,23.92,24.07,16617,0
20180227,24.08,24.21,23.9971,24.21,16008,0
20180228,24.21,24.35,24.1,24.22,14153,0
20180301,24.29,24.29,24.14,24.173,14173,0
20180302,24.15,24.18,24.0601,24.18,9045,0
20180305,24.2399,24.3586,24.1601,24.31,21036,0
20180306,24.3725,24.51,24.33,24.47,22296,0
20180307,24.49,24.61,24.427,24.56,20615,0
20180308,24.56,24.7,24.45,24.62,14271,0
20180309,24.65,24.86,24.6,24.734,10825,0
20180312,24.7185,24.7185,24.56,24.61,8747,0
20180313,24.7,24.85,24.7,24.83,23082,0
20180314,24.58,24.58,24.331,24.52,15862,0
20180315,24.5191,24.52,24.33,24.51,9931,0
20180316,24.3301,24.4232,24.31,24.3301,12692,0
20180319,24.31,24.4,24.21,24.3,10932,0
20180320,24.29,24.36,24.07,24.07,17879,0
20180321,24.05,24.21,24.05,24.19,7276,0
20180322,24.1,24.21,24.02,24.15,8827,0
20180323,24.0791,24.1309,24,24.02,8286,0
20180326,24.1,24.1,23.81,23.93,22183,0
20180327,23.91,23.93,23.8367,23.87,17574,0
20180328,23.93,24.03,23.71,23.83,15426,0
20180329,23.82,24,23.77,24,40157,0
20180402,23.82,23.9896,23.82,23.85,17636,0
20180403,23.75,23.83,23.471,23.69,43321,0
20180404,23.54,23.82,23.54,23.69,12620,0
20180405,23.69,23.778,23.644,23.66,9896,0
20180406,23.5956,23.68,23.51,23.68,12463,0
20180409,23.54,23.583,23.42,23.42,9431,0
20180410,23.44,23.5268,23.08,23.2,61614,0
20180411,23.18,23.34,23.16,23.28,30050,0
20180412,23.35,23.3793,23,23.12,27131,0
20180413,23.12,23.139,22.905,23.12,18105,0
20180416,23.11,23.11,22.79,23.05,9214,0
20180417,23,23,22.85,22.98,21142,0
20180418,22.82,22.98,22.75,22.98,32557,0
20180419,22.96,22.96,22.8,22.9,13358,0
20180420,22.93,22.99,22.771,22.99,21224,0
20180423,22.83,22.99,22.824,22.99,9799,0
20180424,22.897,22.93,22.72,22.78,28075,0
20180425,22.75,22.75,22.37,22.61,21750,0
20180426,22.62,22.72,22.5401,22.57,8891,0
20180427,22.51,22.7599,22.51,22.74,16367,0
20180430,22.61,22.75,22.58,22.7,11620,0
20180501,22.6,22.75,22.6,22.68,9988,0
20180502,22.69,22.84,22.6165,22.84,20433,0
20180503,22.73,22.87,22.65,22.77,46980,0
20180504,22.68,23.05,22.68,23.0201,17572,0
20180507,23.05,23.15,23.02,23.07,29389,0
20180508,23.03,23.1881,22.92,22.9987,31312,0
20180509,22.97,23.0124,22.86,22.97,63991,0
20180510,23,23.05,22.97,23.02,43726,0
20180511,23,23.07,22.88,23.07,68117,0
20180514,23.09,23.09,22.99,23.01,11426,0
20180515,22.96,22.96,22.78,22.9,17033,0
20180516,22.74,22.9238,22.74,22.85,9707,0
20180517,22.78,22.84,22.6,22.71,44990,0
20180518,22.65,22.8323,22.65,22.72,8426,0
20180521,22.83,22.83,22.65,22.71,13536,0
20180522,22.71,22.7281,22.59,22.71,19268,0
20180523,22.6813,22.83,22.67,22.75,19248,0
20180524,22.75,22.84,22.75,22.84,21793,0
20180525,22.85,23.05,22.85,22.92,12250,0
20180529,22.88,22.99,22.81,22.94,37649,0
20180530,22.96,23.025,22.911,22.93,62643,0
20180531,22.95,23.03,22.87,23.03,100222,0
20180601,23.0599,23.29,23.0556,23.23,34207,0
20180604,23.35,23.52,23.3335,23.49,31910,0
20180605,23.4808,23.73,23.4808,23.69,24403,0
20180606,23.67,23.99,23.637,23.99,158038,0
20180607,23.99,24.15,23.87,24.07,28026,0
20180608,24.23,24.24,24.12,24.24,12171,0
20180611,24.252,24.53,24.2,24.34,29291,0
20180612,24.34,24.4056,24.24,24.35,23347,0
20180613,24.36,24.36,24.271,24.36,27169,0
20180614,24.16,24.16,24.03,24.09,24325,0
20180615,24.06,24.0601,24.01,24.04,6586,0
20180618,24.03,24.08,24,24.05,30376,0
20180619,24.02,24.18,24.02,24.09,27619,0
20180620,24.18,24.18,24.021,24.06,15399,0
20180621,24.05,24.09,24.01,24.03,17524,0
20180622,24.021,24.18,24.01,24.18,20673,0
20180625,24.09,24.18,24.03,24.03,10702,0
20180626,24.06,24.165,24.02,24.06,29214,0
20180627,24.11,24.18,24.101,24.13,11541,0
20180628,24.14,24.33,24.14,24.29,16358,0
20180629,24.27,24.52,24.27,24.52,23727,0
20180702,24.52,24.86,24.36,24.63,33812,0
20180703,24.59,24.9,24.5116,24.74,26169,0
20180705,24.67,24.85,24.67,24.85,19438,0
20180706,24.88,24.89,24.8,24.87,25813,0
20180709,24.9,25.17,24.9,25.09,113712,0
20180710,25.09,25.24,25.07,25.1,59821,0
20180711,25.01,25.13,25.01,25.06,69415,0
20180712,25.09,25.14,25.05,25.07,52689,0
20180713,25.08,25.2,25,25.1,55933,0
20180716,24.99,25.1,24.8913,25.02,53036,0
20180717,24.88,25.02,24.801,24.86,58735,0
20180718,24.84,24.98,24.8,24.84,64544,0
20180719,24.97,24.98,24.85,24.87,47889,0
20180720,24.87,24.99,24.3839,24.41,531269,0
20180723,24.4,24.45,24.32,24.41,54898,0
20180724,24.36,24.5,24.3593,24.37,42101,0
20180725,24.49,24.4999,24.3381,24.45,8903,0
20180726,24.44,24.49,24.43,24.46,16269,0
20180727,24.48,24.545,24.4001,24.53,9093,0
20180730,24.55,24.55,24.46,24.55,28294,0
20180731,24.63,24.63,24.4017,24.47,11355,0
20180801,24.46,24.4648,24.4,24.4,36343,0
20180802,24.35,24.3704,24.16,24.3,26616,0
20180803,24.17,24.52,24.17,24.3568,10632,0
20180806,24.4,24.41,24.25,24.29,10221,0
20180807,24.25,24.36,24.1125,24.12,19864,0
20180808,24.21,24.36,24.135,24.24,22221,0
20180809,24.21,24.36,24.21,24.253,12469,0
20180810,24.19,24.225,24.1448,24.1448,5359,0
20180813,24.17,24.2438,24.05,24.11,11442,0
20180814,24.07,24.29,24.05,24.24,40749,0
20180815,24.248,24.26,24.1754,24.24,3339,0
20180816,24.1999,24.29,24.1897,24.25,17425,0
20180817,24.18,24.29,24.18,24.26,11303,0
20180820,24.3,24.4,24.3,24.32,9268,0
20180821,24.33,24.38,24.29,24.3,10892,0
20180822,24.31,24.38,24.29,24.35,10032,0
20180823,24.31,24.3788,24.31,24.36,5565,0
20180824,24.4197,24.5,24.3167,24.45,9904,0
20180827,24.44,24.5718,24.44,24.48,5661,0
20180828,24.43,24.67,24.43,24.67,22130,0
20180829,24.6188,24.72,24.6188,24.65,11108,0
20180830,24.65,24.73,24.65,24.73,6491,0
20180831,24.61,24.73,24.61,24.68,12183,0
20180904,24.6856,24.73,24.47,24.47,26178,0
20180905,24.48,24.53,24.32,24.48,17209,0
20180906,24.505,24.53,24.2874,24.35,17451,0
20180907,24.31,24.38,24.1342,24.27,11959,0
20180910,24.26,24.49,24.19,24.45,15968,0
20180911,24.45,24.68,24.45,24.63,14324,0
20180912,24.54,24.63,24.53,24.63,1852,0
20180913,24.64,24.8,24.64,24.8,12456,0
20180914,24.45,24.45,24.2384,24.38,4153,0
20180917,24.3,24.425,24.08,24.29,30003,0
20180918,24.26,24.26,24.1101,24.13,14314,0
20180919,24.11,24.16,23.99,24.13,23423,0
20180920,24.09,24.12,24,24.03,199500,0
20180921,24.01,24.13,24.01,24.06,10922,0
20180924,24.1,24.13,24.0308,24.11,4986,0
20180925,24.03,24.1039,23.9,24.05,54943,0
20180926,24.01,24.17,23.84,24.07,49779,0
20180927,24.18,24.18,23.9601,23.99,22523,0
20180928,24,24.092,23.93,23.93,16562,0
20181001,24.02,24.0492,23.6,23.81,45568,0
20181002,23.77,23.99,23.5,23.76,25506,0
20181003,23.64,23.68,23.36,23.51,42026,0
20181004,23.35,23.3659,22.7127,22.95,76986,0
20181005,22.7693,23.15,22.57,23.15,24218,0
20181008,23.0028,23.13,22.8725,23.09,8922,0
20181009,22.91,23.11,22.91,23.02,10611,0
20181010,23.05,23.05,22.6209,22.65,7876,0
20181011,22.57,22.92,22.57,22.83,11255,0
20181012,22.9,23.0099,22.7112,22.83,28266,0
20181015,22.7849,22.9875,22.7401,22.94,5104,0
20181016,22.94,22.9799,22.86,22.86,10665,0
20181017,22.86,22.95,22.6955,22.95,15789,0
20181018,22.9084,22.97,22.8575,22.97,6370,0
20181019,23.012,23.17,22.74,23.15,54062,0
20181022,23.01,23.67,23.01,23.57,56744,0
20181023,23.26,23.55,23.249,23.38,22735,0
20181024,23.34,23.4999,23.23,23.299,21904,0
20181025,23.4,23.4835,23.03,23.16,7959,0
20181026,23.16,23.28,23.07,23.14,11912,0
20181029,23.2088,23.39,23.1029,23.15,6185,0
20181030,23.35,23.38,23.15,23.29,5079,0
20181031,23.38,23.38,23.15,23.3,4133,0
20181101,23.16,23.33,23.16,23.26,4352,0
20181102,23.24,23.3,23.065,23.07,25706,0
20181105,23.15,23.26,23.0601,23.2309,3280,0
20181106,23.17,23.2545,23.1,23.1844,11406,0
20181107,23.22,23.4,23.21,23.21,17778,0
20181108,23.4,23.4,23.21,23.34,5935,0
20181109,23.3,23.38,23.16,23.2,9996,0
20181112,23.15,23.245,23.13,23.14,4599,0
20181113,23.14,23.35,23.14,23.256,5822,0
20181114,23.18,23.3,23.17,23.25,28137,0
20181115,23.2276,23.2276,22.75,22.75,7018,0
20181116,22.7859,22.8922,22.31,22.6,18617,0
20181119,22.39,22.7,22.39,22.48,6837,0
20181120,22.24,22.36,22.2,22.24,10867,0
20181121,22.1601,22.53,22.1601,22.3829,11761,0
20181123,22.38,22.4392,22.275,22.33,12704,0
20181126,22.32,22.3973,22.13,22.16,11054,0
20181127,22.13,22.19,22.05,22.05,3631,0
20181128,22.04,22.2421,22.01,22.2421,20075,0
20181129,22.1735,22.19,21.99,21.99,13704,0
20181130,21.99,22,21.7701,21.78,31436,0
20181203,21.8,21.97,21.75,21.81,17785,0
20181204,21.77,21.84,21.4328,21.8,28196,0
20181206,21.31,21.55,21.2734,21.5,21551,0
20181207,21.39,21.793,21.39,21.57,16702,0
20181210,21.57,21.7,21.32,21.58,58363,0
20181211,21.65,21.83,21.44,21.82,58786,0
20181212,21.85,21.95,21.71,21.86,22030,0
20181213,21.79,21.9807,21.7,21.86,25018,0
20181214,21.52,21.77,21.3574,21.72,22017,0
20181217,21.41,21.74,21.25,21.74,48647,0
20181218,21.42,21.67,21.31,21.51,52260,0
20181219,21.5,21.55,21.25,21.5,20020,0
20181220,21.02,21.2,20.76,21.15,37037,0
20181221,20.97,21.25,20.75,20.79,36424,0
20181224,20.66,20.83,20.16,20.52,43439,0
20181226,20.52,20.69,20.36,20.69,37625,0
20181227,20.47,20.64,20.27,20.64,49588,0
20181228,20.71,21.2799,20.65,21.2,51449,0
20181231,21.36,21.55,21.05,21.44,47173,0
20190102,21.42,22.35,21.3831,22.1,38954,0
20190103,22.04,22.35,21.99,22.35,23709,0
20190104,22.35,22.71,22.25,22.67,14891,0
20190107,22.5,22.78,22.49,22.49,14229,0
20190108,22.48,22.6623,22.44,22.51,20141,0
20190109,22.5,22.69,22.35,22.5,34046,0
20190110,22.399,23.08,22.34,23.05,30256,0
20190111,22.95,23.51,22.8021,23.5,20761,0
20190114,23.39,23.5,22.7801,23.24,17637,0
20190115,23.12,23.5747,23.085,23.46,14457,0
20190116,23.4,23.44,23.08,23.08,9148,0
20190117,23.15,23.2011,22.88,22.9,19303,0
20190118,22.9,23.35,22.9,23.35,29072,0
20190122,23.3436,23.47,23.0918,23.47,39966,0
20190123,23.48,23.52,23.21,23.3799,17358,0
20190124,23.24,23.4373,23.24,23.36,14800,0
20190125,23.34,23.54,23.32,23.37,10015,0
20190128,23.35,23.4089,23,23.39,44341,0
20190129,23.37,23.47,23.251,23.35,6069,0
20190130,23.3,23.61,23.3,23.43,16600,0
20190131,23.43,23.847,22.98,22.98,123830,0
20190201,23.21,23.33,23.1,23.22,176695,0
20190204,23.1802,23.2386,23.1,23.23,15318,0
20190205,23.15,23.48,23.15,23.38,22706,0
20190206,23.28,23.46,23.2,23.21,25913,0
20190207,23.15,23.54,23.015,23.54,13779,0
20190208,23.36,23.45,23.1601,23.42,24992,0
20190211,23.2755,23.49,23.2755,23.45,11898,0
20190212,23.33,23.61,23.33,23.4,14512,0
20190213,23.37,23.57,23.37,23.475,4750,0
20190214,23.4964,23.5473,23.39,23.41,89794,0
20190215,23.53,23.72,23.4808,23.72,11212,0
20190219,23.75,24.14,23.5787,23.79,181096,0
20190220,23.84,24.109,23.82,23.83,6990,0
20190221,23.83,24.1,23.74,24.04,15621,0
20190222,24,24,23.81,23.8822,35773,0
20190225,23.85,23.97,23.7887,23.84,12874,0
20190226,23.9626,24,23.85,23.85,2787,0
20190227,23.78,24,23.78,23.93,13650,0
20190228,23.94,24.195,23.8927,24.08,21819,0
20190301,24.26,24.29,24.11,24.28,19571,0
20190304,24.25,24.28,24.1088,24.135,22023,0
20190305,24.13,24.59,24.13,24.59,21944,0
20190306,24.45,24.73,24.45,24.6,30130,0
20190307,24.54,24.6718,24.36,24.54,10762,0
20190308,24.3763,24.57,24.33,24.53,14525,0
20190311,24.53,24.53,24.4058,24.47,4086,0
20190312,24.47,24.57,24.4,24.44,13303,0
20190313,24.42,24.66,24.42,24.53,10744,0
20190314,24.4,24.4,24.21,24.4,7187,0
20190315,24.4,24.4,24.273,24.3586,10190,0
20190318,24.31,24.5,24.31,24.5,9429,0
20190319,24.4483,24.57,24.3301,24.3901,21244,0
20190320,24.4,24.65,24.25,24.5,24929,0
20190321,24.38,24.7452,24.38,24.7,49749,0
20190322,24.69,24.6911,24.55,24.645,11227,0
20190325,24.61,24.7,24.581,24.62,10191,0
20190326,24.6,24.7,24.535,24.64,9555,0
20190327,24.61,24.61,24.43,24.43,9000,0
20190328,24.57,24.57,24.41,24.43,12145,0
20190329,24.391,24.81,24.39,24.81,30194,0
20190401,24.77,25,24.72,24.9,31224,0
20190402,24.9314,24.98,24.8,24.85,69198,0
20190403,24.85,24.98,24.85,24.95,46151,0
20190404,24.98,25.11,24.85,25.11,18505,0
20190405,25.0212,25.0966,25,25,12715,0
20190408,25,25.0943,24.86,24.9,14526,0
20190409,24.79,24.9236,24.79,24.8,8758,0
20190410,24.7,24.899,24.7,24.7,23564,0
20190411,24.71,24.86,24.71,24.85,9495,0
20190412,24.79,24.85,24.74,24.7849,5172,0
20190415,24.83,24.83,24.6601,24.829,10412,0
20190416,24.72,24.89,24.72,24.81,7987,0
20190417,24.75,24.87,24.75,24.82,11113,0
20190418,24.8,24.8,24.72,24.72,9793,0
20190422,24.75,24.75,24.61,24.63,9397,0
20190423,24.62,24.72,24.61,24.61,19859,0
20190424,24.6339,24.72,24.6,24.61,11306,0
20190425,24.6,24.73,24.53,24.57,9403,0
20190426,24.57,24.7,24.57,24.63,4756,0
20190429,24.68,24.77,24.59,24.66,8386,0
20190430,24.62,24.74,24.62,24.69,44831,0
20190501,24.54,24.7,24.53,24.7,43163,0
20190502,24.6572,24.7504,24.6504,24.6504,31134,0
20190503,24.61,24.7,24.59,24.65,9071,0
20190506,24.6,24.74,24.5509,24.61,14208,0
20190507,24.67,24.68,24.5958,24.68,4201,0
20190508,24.68,24.719,24.635,24.67,5308,0
20190509,24.68,24.7,24.59,24.7,8573,0
20190510,24.7,24.77,24.61,24.77,7657,0
20190513,24.62,24.71,24.62,24.69,12007,0
20190514,24.65,24.86,24.62,24.83,91189,0
20190515,24.69,24.83,24.69,24.83,32790,0
20190516,24.71,24.9285,24.67,24.78,43731,0
20190517,24.82,24.82,24.7,24.7745,9053,0
20190520,24.8,24.87,24.71,24.87,28759,0
20190521,24.8,24.8934,24.76,24.89,11106,0
20190522,24.93,24.95,24.8487,24.88,31767,0
20190523,24.81,24.8836,24.76,24.85,8987,0
20190524,24.76,24.89,24.76,24.85,15169,0
20190528,24.89,24.93,24.84,24.86,11591,0
20190529,24.81,24.93,24.81,24.81,21388,0
20190530,24.81,24.93,24.79,24.85,23739,0
20190531,24.8,24.93,24.6,24.6,61151,0
20190603,24.66,24.7388,24.55,24.57,11123,0
20190604,24.7,24.799,24.641,24.799,10360,0
20190605,24.75,24.831,24.7,24.75,12466,0
20190606,24.7,24.94,24.7,24.9,13804,0
20190607,24.79,25,24.79,24.99,35885,0
20190610,25,25.19,24.967,25.19,31883,0
20190611,25.04,25.0782,24.95,25.01,11590,0
20190612,25.099,25.099,25,25.02,10647,0
20190613,25.02,25.19,25.02,25.19,15488,0
20190614,24.86,24.95,24.85,24.87,30169,0
20190617,24.9369,25.06,24.8317,24.96,15007,0
20190618,24.97,25.126,24.9,25.06,14708,0
20190619,24.91,25.09,24.91,24.97,10529,0
20190620,25.18,25.18,24.94,24.94,8879,0
20190621,25.1121,25.1121,24.89,24.9,8319,0
20190624,24.94,25.019,24.8,24.83,15323,0
20190625,24.8,24.869,24.71,24.72,12465,0
20190626,24.86,24.97,24.71,24.78,19902,0
20190627,24.85,24.92,24.83,24.902,10856,0
20190628,24.875,24.99,24.79,24.99,30260,0
20190701,25.06,25.07,24.81,24.85,19449,0
20190702,24.89,25.199,24.811,25.18,21711,0
20190703,25.11,25.16,25.0461,25.16,4913,0
20190705,25.05,25.15,25.05,25.06,2742,0
20190708,25.0944,25.139,25.0555,25.0555,7676,0
20190709,24.99,25.19,24.99,25.1,6752,0
20190710,25.04,25.37,25.04,25.37,19626,0
20190711,25.3,25.3,25.2,25.3,1825,0
20190712,25.22,25.3,25.15,25.2013,19261,0
20190715,25.17,25.25,25.17,25.24,9308,0
20190716,25.31,25.34,25.13,25.31,36676,0
20190717,25.27,25.41,25.27,25.39,17530,0
20190718,25.33,25.57,25.33,25.57,26149,0
20190719,25.4696,25.56,25.38,25.46,17073,0
20190722,25.48,25.55,25.38,25.48,12980,0
20190723,25.48,25.59,25.4284,25.52,24274,0
20190724,25.5,25.85,25.5,25.73,34404,0
20190725,25.73,25.84,25.46,25.46,32929,0
20190726,25.53,25.57,25.39,25.41,11006,0
20190729,25.41,25.83,25.41,25.71,23887,0
20190730,25.56,25.68,25.44,25.56,18827,0
20190731,25.5,25.506,25.21,25.23,126687,0
20190801,25.25,25.44,25.17,25.17,20724,0
20190802,25.22,25.34,25.17,25.22,45275,0
20190805,25.3,25.3,24.95,24.95,13165,0
20190806,25.0566,25.17,24.84,25.11,19880,0
20190807,25.13,25.23,24.94,25.23,13709,0
20190808,25.24,25.27,25.1,25.24,7937,0
20190809,25.3,25.39,25.237,25.39,23719,0
20190812,25.3,25.36,25.3,25.33,7732,0
20190813,25.32,25.4,25.32,25.37,11039,0
20190814,25.35,25.43,25.26,25.43,29991,0
20190815,25.53,25.53,25.42,25.46,12796,0
20190816,25.44,25.5192,25.3316,25.4056,4229,0
20190819,25.4,25.43,25.3501,25.3915,10707,0
20190820,25.42,25.42,25.38,25.39,23297,0
20190821,25.39,25.46,25.3,25.37,195039,0
20190822,25.37,25.53,25.37,25.4,143975,0
20190823,25.4,25.4541,25.3,25.34,8380,0
20190826,25.436,25.45,25.35,25.36,11603,0
20190827,25.42,25.42,25.27,25.31,10311,0
20190828,25.36,25.42,25.28,25.28,263629,0
20190829,25.28,25.3699,25.26,25.26,7480,0
20190830,25.26,25.48,25.26,25.48,25264,0
20190903,25.45,25.47,25.31,25.4603,12525,0
20190904,25.41,25.5,25.4,25.5,10017,0
20190905,25.5,25.5,25.44,25.4867,14960,0
20190906,25.488,25.5599,25.4684,25.53,5013,0
20190909,25.44,25.47,25.42,25.42,7214,0
20190910,25.43,25.48,25.38,25.38,5627,0
20190911,25.54,25.54,25.37,25.52,40368,0
20190912,25.4463,25.5,25.4107,25.5,7670,0
20190913,25.16,25.16,24.93,25.06,45872,0
20190916,25.13,25.13,25.015,25.04,9796,0
20190917,25.1,25.11,25.0205,25.1,15876,0
20190918,25.02,25.2,25.02,25.12,23330,0
20190919,25.15,25.2,25.13,25.13,39198,0
20190920,25.13,25.29,25.13,25.16,16458,0
20190923,25.1729,25.2371,25.111,25.18,12871,0
20190924,25.24,25.24,25.155,25.2,9876,0
20190925,25.18,25.23,25.18,25.23,6482,0
20190926,25.2,25.24,25.2,25.23,11168,0
20190927,25.24,25.24,25.13,25.2,14832,0
20190930,25.14,25.1493,25.01,25.01,98905,0
20191001,25.06,25.149,25.045,25.06,19248,0
20191002,25.0498,25.14,24.99,25.03,26265,0
20191003,25.03,25.1,25.03,25.0848,4887,0
20191004,25.06,25.22,25.06,25.12,3460,0
20191007,25.19,25.19,25.07,25.1041,5963,0
20191008,25.0598,25.1703,25.05,25.1,18117,0
20191009,25.1144,25.16,25.11,25.15,17951,0
20191010,25.1582,25.21,25.12,25.2,4985,0
20191011,25.14,25.3656,25.14,25.3102,8708,0
20191014,25.21,25.39,25.21,25.3583,7982,0
20191015,25.39,25.469,25.3249,25.469,8384,0
20191016,25.35,25.48,25.3215,25.48,17041,0
20191017,25.39,25.47,25.3793,25.46,7978,0
20191018,25.45,25.45,25.4101,25.43,4799,0
20191021,25.391,25.42,25.32,25.32,10218,0
20191022,25.34,25.4,25.3235,25.38,6779,0
20191023,25.45,25.46,25.39,25.46,6466,0
20191024,25.46,25.49,25.31,25.31,41045,0
20191025,25.26,25.33,25.205,25.26,47410,0
20191028,25.35,25.36,25.13,25.25,44582,0
20191029,25.2,25.33,25.2,25.29,21251,0
20191030,25.26,25.32,25.25,25.32,16654,0
20191031,25.33,25.41,25.23,25.3,118298,0
20191101,25.22,25.38,25.22,25.38,3069,0
20191104,25.27,25.4,25.25,25.3106,14285,0
20191105,25.38,25.39,25.28,25.39,21657,0
20191106,25.32,25.3931,25.3122,25.32,9637,0
20191107,25.42,25.42,25.2846,25.3,18357,0
20191108,25.3,25.3,25.23,25.2708,10802,0
20191111,25.2849,25.3135,25.26,25.26,15636,0
20191112,25.22,25.28,25.22,25.268,6710,0
20191113,25.28,25.29,25.27,25.28,14376,0
20191114,25.29,25.33,25.28,25.28,21891,0
20191115,25.23,25.27,25.23,25.24,33164,0
20191118,25.24,25.2841,25.1846,25.2,100401,0
20191119,25.2,25.29,25.2,25.2444,28282,0
20191120,25.2146,25.2622,25.2,25.25,3703,0
20191121,25.26,25.2795,25.22,25.22,5006,0
20191122,25.29,25.29,25.2,25.24,6006,0
20191125,25.29,25.29,25.23,25.25,16950,0
20191126,25.28,25.28,25.23,25.25,11139,0
20191127,25.28,25.29,25.24,25.28,13869,0
20191129,25.25,25.36,25.21,25.21,41315,0
20191202,25.22,25.27,25.19,25.27,26145,0
20191203,25.2,25.27,25.18,25.26,27525,0
20191204,25.27,25.2938,25.2222,25.2803,9130,0
20191205,25.24,25.3301,25.24,25.31,27550,0
20191206,25.31,25.35,25.2824,25.3298,12217,0
20191209,25.35,25.4207,25.26,25.28,43486,0
20191210,25.28,25.37,25.28,25.35,59277,0
20191211,25.29,25.41,25.29,25.33,39887,0
20191212,25.34,25.36,25.33,25.34,7467,0
20191213,25.03,25.09,25.03,25.09,17259,0
20191216,25.14,25.14,25.09,25.1,17193,0
20191217,25.122,25.13,25.1091,25.13,5559,0
20191218,25.13,25.14,25.12,25.14,9873,0
20191219,25.07,25.1607,25.07,25.15,13855,0
20191220,25.151,25.1699,25.1,25.1398,12179,0
20191223,25.13,25.19,25.13,25.18,9727,0
20191224,25.18,25.1807,25.134,25.15,6337,0
20191226,25.19,25.192,25.17,25.19,6208,0
20191227,25.26,25.26,25.17,25.17,16198,0
20191230,25.17,25.2254,25.17,25.22,20780,0
20191231,25.17,25.24,25.17,25.21,20840,0
20200102,25.24,25.35,25.22,25.34,22553,0
20200103,25.28,25.47,25.28,25.43,19846,0
20200106,25.29,25.45,25.29,25.443,5835,0
20200107,25.28,25.43,25.28,25.41,7257,0
20200108,25.31,25.4,25.13,25.4,27034,0
20200109,25.42,25.42,25.3,25.38,8641,0
20200110,25.3,25.445,25.3,25.39,7507,0
20200113,25.35,25.44,25.35,25.43,5903,0
20200114,25.33,25.48,25.33,25.48,13222,0
20200115,25.47,25.52,25.44,25.47,18642,0
20200116,25.36,25.52,25.36,25.47,8062,0
20200117,25.37,25.52,25.37,25.52,4164,0
20200121,25.52,25.52,25.43,25.4702,9328,0
20200122,25.514,25.514,25.46,25.4851,8214,0
20200123,25.4872,25.5199,25.4872,25.515,4252,0
