Date,Open,High,Low,Close,Volume,OpenInt
20171220,25.09,25.19,24.95,24.96,223729,0
20171221,25,25.09,24.99,25.02,183404,0
20171222,25.02,25.08,25,25.05,78445,0
20171226,25.05,25.1022,25.01,25.06,46529,0
20171227,25.08,25.12,25.0386,25.12,93567,0
20171228,25.12,25.29,25.1,25.27,79415,0
20171229,25.29,25.43,25.22,25.41,83773,0
20180102,25.39,25.45,25.075,25.11,149342,0
20180103,25.19,25.23,25.06,25.19,106444,0
20180104,25.19,25.32,25.15,25.28,79742,0
20180105,25.26,25.34,25.2,25.28,290475,0
20180108,25.32,25.325,25.14,25.14,186708,0
20180109,25.12,25.15,25.03,25.1,70137,0
20180110,24.95,25.02,24.82,25,223542,0
20180111,25.05,25.11,24.93,25,67541,0
20180112,24.9101,25.05,24.88,24.91,179284,0
20180116,25.08,25.1,24.9338,24.99,116089,0
20180117,25.02,25.07,24.87,24.96,127864,0
20180118,24.86,24.91,24.59,24.89,119757,0
20180119,24.85,25.05,24.73,24.75,739848,0
20180122,24.75,24.77,24.49,24.49,133850,0
20180123,24.5,24.5816,24.35,24.4,58889,0
20180124,24.32,24.48,24.26,24.44,35376,0
20180125,24.44,24.49,24.14,24.42,52528,0
20180126,24.45,24.5,24.2,24.4,27443,0
20180129,24.34,24.34,23.81,24.09,71499,0
20180130,24.01,24.01,23.73,23.94,54331,0
20180131,24.05,24.22,23.9,24.22,26488,0
20180201,24.25,24.25,23.65,23.79,37494,0
20180202,23.559,23.856,23.559,23.7,19718,0
20180205,23.6,23.7094,23.1501,23.64,22393,0
20180206,23.65,23.78,23.58,23.76,32878,0
20180207,23.7,23.9,23.31,23.75,50648,0
20180208,23.689,23.75,23.538,23.66,23648,0
20180209,23.699,23.8,23.31,23.8,35761,0
20180212,23.8,23.9,23.7294,23.9,14277,0
20180213,23.95,24,23.71,23.93,29649,0
20180214,23.7,23.7,23.7,23.7,22464,0
20180215,23.71,23.9,23.71,23.8,29112,0
20180216,24.11,24.11,23.85,23.95,24666,0
20180220,24.1682,24.1682,23.8,23.91,21237,0
20180221,24,24,23.9,23.94,38837,0
20180222,23.8,24,23.73,23.8299,23926,0
20180223,23.95,24,23.74,23.95,70748,0
20180226,23.91,24.2634,23.91,24,35475,0
20180227,24.07,24.26,24.07,24.07,13681,0
20180228,23.8999,24.28,23.8999,24.1635,36631,0
20180301,24.121,24.2,24.06,24.16,32375,0
20180302,24.2099,24.34,24.05,24.18,22925,0
20180305,24.14,24.5,23.96,24.34,54975,0
20180306,24.33,24.4,24.19,24.36,24632,0
20180307,24.32,24.45,24.26,24.38,13209,0
20180308,24.4201,24.47,24.365,24.47,7531,0
20180309,24.48,24.48,24.231,24.26,34142,0
20180312,24.26,24.28,24.2,24.27,18508,0
20180313,24.27,24.48,24.2466,24.41,16177,0
20180314,24.48,24.51,24.3963,24.47,11998,0
20180315,24.48,25.64,24.415,24.75,30226,0
20180316,24.63,24.6849,24.39,24.59,29980,0
20180319,24.7499,24.7499,24.27,24.29,26407,0
20180320,24.29,24.38,24.02,24.03,25385,0
20180321,24.02,24.2,24.02,24.06,24476,0
20180322,24.06,24.16,24.06,24.092,7245,0
20180323,24.12,24.25,24.0919,24.24,10519,0
20180326,24.24,24.24,23.9653,24.14,23698,0
20180327,24.14,24.24,23.9701,24.21,16629,0
20180328,24.061,24.24,24.061,24.2,9148,0
20180329,24.19,24.2,24.1,24.2,17127,0
20180402,24.2797,24.29,24.1341,24.29,20050,0
20180403,24.3399,24.3399,23.73,24.07,9559,0
20180404,23.77,24.09,23.77,24.06,17833,0
20180405,24.065,24.1,23.88,23.97,17051,0
20180406,24.14,24.14,23.72,23.78,15911,0
20180409,23.8,23.9,23.73,23.81,15169,0
20180410,23.88,23.9,23.7,23.7,21749,0
20180411,23.78,23.8,23.7,23.79,18643,0
20180412,23.79,23.8,23.7414,23.8,14239,0
20180413,23.8,23.8,23.75,23.8,17408,0
20180416,23.8,23.85,23.76,23.79,26597,0
20180417,23.8344,23.86,23.7607,23.86,20070,0
20180418,23.86,23.86,23.47,23.48,59494,0
20180419,23.5,23.65,23.485,23.64,21010,0
20180420,23.6,23.61,23.47,23.59,17836,0
20180423,23.6,23.69,23.59,23.59,26807,0
20180424,23.69,23.69,23.5627,23.65,15563,0
20180425,23.5755,23.62,23.29,23.55,26173,0
20180426,23.48,23.5499,23.35,23.4304,22289,0
20180427,23.6332,23.68,23.4523,23.68,9791,0
20180430,23.68,23.69,23.47,23.65,35315,0
20180501,23.5657,23.63,23.435,23.52,33340,0
20180502,23.52,23.6,23.5,23.6,20475,0
20180503,23.5899,23.5899,23.52,23.54,9870,0
20180504,23.58,23.58,23.4,23.42,18696,0
20180507,23.46,23.52,23.21,23.25,43022,0
20180508,23.2753,23.3499,23.21,23.26,22502,0
20180509,23.32,23.42,23.2501,23.42,15164,0
20180510,23.5267,23.57,23.32,23.37,19466,0
20180511,23.51,23.57,23.38,23.57,9054,0
20180514,23.56,23.6277,23.49,23.5749,26640,0
20180515,23.53,23.58,23.4145,23.5196,9703,0
20180516,23.5,23.58,23.32,23.55,22257,0
20180517,23.55,23.55,23.32,23.45,5697,0
20180518,23.4223,23.54,23.35,23.54,15299,0
20180521,23.54,23.59,23.463,23.52,10343,0
20180522,23.57,23.59,23.371,23.57,26656,0
20180523,23.56,23.58,23.41,23.57,17397,0
20180524,23.58,23.67,23.5201,23.67,16701,0
20180525,23.68,23.84,23.6501,23.84,6768,0
20180529,23.83,23.84,23.766,23.84,16396,0
20180530,23.84,23.92,23.66,23.9,27294,0
20180531,23.59,23.66,23.34,23.59,20555,0
20180601,23.59,24,23.524,23.65,19172,0
20180604,23.79,24.49,23.79,24,22027,0
20180605,23.95,24,23.9499,23.99,19351,0
20180606,23.88,24.2739,23.854,24.24,9986,0
20180607,24.13,24.15,23.85,24.15,21033,0
20180608,24.15,24.6,24.0548,24.54,11497,0
20180611,24.28,24.45,23.75,23.88,27450,0
20180612,23.9,24.24,23.6518,23.82,29841,0
20180613,23.989,24,23.67,23.67,10061,0
20180614,23.8,23.9399,23.75,23.8001,16496,0
20180615,23.94,24,23.84,24,5194,0
20180618,24.16,24.16,23.9985,24.16,8641,0
20180619,24.16,24.16,24,24.05,6656,0
20180620,24.12,24.12,24,24,11870,0
20180621,24.14,24.14,24,24.1,7981,0
20180622,24.1,24.1,23.92,24.08,7123,0
20180625,24.16,24.3,23.93,24.11,13887,0
20180626,24.1999,24.53,24.085,24.5299,9213,0
20180627,24.3,24.58,24.18,24.5,10914,0
20180628,24.58,24.65,24.3712,24.464,5996,0
20180629,24.63,24.825,24.5,24.79,5234,0
20180702,24.78,24.8,24.64,24.64,11750,0
20180703,24.7,24.865,24.64,24.83,10735,0
20180705,24.85,24.85,24.7011,24.8,12306,0
20180706,24.84,24.85,24.77,24.835,12250,0
20180709,24.74,24.85,24.6372,24.85,10761,0
20180710,24.85,24.92,24.84,24.92,16507,0
20180711,24.87,24.92,24.814,24.92,9559,0
20180712,24.9,24.9,24.75,24.89,8886,0
20180713,24.907,24.907,24.58,24.6,15410,0
20180716,24.7561,24.799,24.5,24.5,13300,0
20180717,24.5,24.5,24.02,24.06,26148,0
20180718,24.48,24.48,23.8672,23.95,24047,0
20180719,24.24,24.296,23.9577,24,23001,0
20180720,24.08,24.78,24.08,24.67,43198,0
20180723,24.69,24.69,24.185,24.19,36188,0
20180724,24.08,24.35,24.08,24.16,20258,0
20180725,24.33,24.65,24.16,24.65,12661,0
20180726,24.65,24.75,24.6293,24.75,11052,0
20180727,24.4783,24.64,24.4783,24.481,7814,0
20180730,24.6147,24.78,24.55,24.55,8731,0
20180731,24.651,24.78,24.18,24.3,17023,0
20180801,24.3,24.57,24.23,24.57,8444,0
20180802,24.4154,24.61,24.4154,24.5,13716,0
20180803,24.6591,24.78,24.38,24.48,15384,0
20180806,24.4488,24.5835,24.4488,24.5835,3898,0
20180807,24.57,24.6,24.38,24.38,10685,0
20180808,24.57,24.63,24.4,24.5499,8902,0
20180809,24.55,24.6401,24.5,24.568,4518,0
20180810,24.67,24.67,24.31,24.31,12734,0
20180813,24.3713,24.67,24.3713,24.61,9255,0
20180814,24.6,24.6,24.4062,24.5165,5459,0
20180815,24.61,24.61,24.5005,24.59,4680,0
20180816,24.57,24.7041,24.57,24.6487,7123,0
20180817,24.66,24.71,24.66,24.67,9748,0
20180820,24.68,24.7016,24.3501,24.66,20463,0
20180821,24.72,24.72,24.4801,24.6,6566,0
20180822,24.55,24.71,24.46,24.68,7880,0
20180823,24.81,24.81,24.51,24.51,14032,0
20180824,24.6,24.8306,24.51,24.63,14075,0
20180827,24.67,24.7999,24.51,24.54,14215,0
20180828,24.65,24.7628,24.5317,24.65,8270,0
20180829,24.61,24.8327,24.61,24.79,9362,0
20180830,24.84,24.88,24.7824,24.88,18861,0
20180831,24.57,24.5799,24.46,24.46,18069,0
20180904,24.48,24.58,24.4,24.4,20771,0
20180905,24.52,24.52,24.2082,24.24,17091,0
20180906,24.4,24.4,24.18,24.1832,8004,0
20180907,24.35,24.4828,23.7925,24.09,16270,0
20180910,24.07,24.37,23.9035,24.09,17715,0
20180911,24.12,24.12,23.79,23.89,35644,0
20180912,23.94,23.97,23.74,23.8351,49052,0
20180913,23.89,23.91,23.8301,23.91,14393,0
20180914,23.9,23.99,23.88,23.98,19720,0
20180917,23.9223,23.9223,23.71,23.72,7733,0
20180918,23.65,23.7,23.45,23.46,47984,0
20180919,23.55,23.62,23.22,23.22,25749,0
20180920,23.2333,23.239,23.12,23.15,9551,0
20180921,23.05,23.32,23.04,23.2,21492,0
20180924,22.96,23.5499,22.96,23.2,26516,0
20180925,23.16,23.4327,22.95,23.12,26268,0
20180926,23.2,23.25,23.0901,23.17,9037,0
20180927,23.25,23.25,23.03,23.07,17332,0
20180928,23.13,23.4499,23.0838,23.4,23576,0
20181001,23.4,23.4,23,23.08,20225,0
20181002,23.2993,23.3,23.05,23.14,25245,0
20181003,23.06,23.17,21.63,22.71,25792,0
20181004,23.08,23.08,21.76,22.16,24576,0
20181005,22.14,22.39,22.0001,22.14,18383,0
20181008,22.14,22.1899,21.9239,22.07,17390,0
20181009,22.14,22.219,22.04,22.2145,9221,0
20181010,22.15,22.15,21.75,22.03,13265,0
20181011,22.1,22.49,21.9,22.2296,12311,0
20181012,22.23,22.25,22.06,22.07,11929,0
20181015,21.97,22.11,21.91,22.11,6442,0
20181016,21.95,22.188,21.93,22.07,9983,0
20181017,22.04,22.21,22.0101,22.105,8928,0
20181018,22.03,22.19,22.03,22.19,8715,0
20181019,22.121,22.37,22.121,22.22,11229,0
20181022,22.29,22.51,22.29,22.44,14313,0
20181023,22.5,22.5,22.1017,22.18,11442,0
20181024,22.39,22.44,22.09,22.09,15415,0
20181025,22.26,22.44,22.0759,22.44,21147,0
20181026,22.25,22.43,22.25,22.4043,9332,0
20181029,22.43,23.3,22.35,22.38,10100,0
20181030,22.5,22.5,22.3853,22.3853,4469,0
20181031,22.58,22.58,22.31,22.33,8172,0
20181101,22.3406,22.525,22.3406,22.4,8228,0
20181102,22.419,22.4242,22.2125,22.34,7027,0
20181105,22.34,22.35,22.25,22.3264,4763,0
20181106,22.2883,22.3499,22.2753,22.3,7418,0
20181107,22.38,22.8296,22.38,22.52,17187,0
20181108,22.65,22.65,22.32,22.41,7600,0
20181109,22.5,22.5,22.27,22.36,8903,0
20181112,22.27,22.3421,22.22,22.22,5175,0
20181113,22.29,22.35,22.24,22.34,11700,0
20181114,22.46,22.475,22.2621,22.2621,9926,0
20181115,22.27,22.27,22.03,22.1559,14291,0
20181116,22.0624,22.2,22.0624,22.2,6543,0
20181119,22.1101,22.22,22.11,22.17,16694,0
20181120,22.13,22.13,21.83,21.83,11460,0
20181121,21.95,22.14,21.9,22,7543,0
20181123,21.85,22.05,21.85,21.97,4931,0
20181126,21.94,22.09,21.64,21.76,18642,0
20181127,21.83,21.9,21.75,21.85,34403,0
20181128,21.87,22.06,21.74,21.9,38470,0
20181129,22,22.09,21.77,21.77,16676,0
20181130,21.65,21.65,21.4,21.55,17817,0
20181203,21.6,21.75,21.25,21.31,56045,0
20181204,21.41,21.41,20.9,21.05,43400,0
20181206,20.85,21.1,20.78,21,30718,0
20181207,21.08,21.15,20.905,20.99,16756,0
20181210,21.05,21.0761,20.83,20.96,17848,0
20181211,21.2399,21.2399,20.86,21,55855,0
20181212,20.97,21.2378,20.9,21,43227,0
20181213,20.93,21.1,20.88,21,23448,0
20181214,20.91,21.07,20.84,20.92,23412,0
20181217,21.05,21.05,20.7746,20.83,41495,0
20181218,20.8253,20.91,20.701,20.9,27497,0
20181219,20.8296,20.91,20.67,20.91,27843,0
20181220,20.91,20.91,20.5601,20.88,31635,0
20181221,20.76,20.91,20.25,20.73,188485,0
20181224,20.74,20.74,20.4406,20.675,15749,0
20181226,20.8,20.9,20.65,20.8,44775,0
20181227,20.7,20.79,20.52,20.65,32870,0
20181228,20.71,20.92,20.6296,20.92,24945,0
20181231,21.01,21.4216,21.01,21.1,56721,0
20190102,21.13,21.56,21.13,21.5,16625,0
20190103,21.4496,21.714,21.34,21.58,17127,0
20190104,21.72,22.2382,21.7,21.8292,42268,0
20190107,21.99,22.19,21.79,22,31359,0
20190108,21.93,21.96,21.68,21.79,18476,0
20190109,21.6659,22.01,21.6659,21.71,11687,0
20190110,21.73,22.01,21.5834,22.01,51180,0
20190111,22.01,22.01,21.77,22.01,51568,0
20190114,22.08,22.09,21.8436,22.09,30948,0
20190115,22.17,22.25,22.071,22.2,11114,0
20190116,22.24,22.24,22.125,22.19,7300,0
20190117,22.15,22.25,22.1201,22.1657,13858,0
20190118,22.17,22.39,22.11,22.17,18547,0
20190122,22.28,22.28,22.0961,22.0961,10411,0
20190123,22.15,22.19,21.9769,22,18660,0
20190124,22.2,22.38,22.07,22.38,17105,0
20190125,22.45,22.57,22.38,22.48,22613,0
20190128,22.47,22.47,22.24,22.42,15798,0
20190129,22.5254,22.5254,22.34,22.49,7213,0
20190130,22.4555,22.69,22.4353,22.69,29406,0
20190131,22.71,23.13,22.71,23.12,27701,0
20190201,23.2,23.23,23.01,23.0208,15816,0
20190204,23.2,23.2299,22.9528,23.12,13553,0
20190205,23.25,23.4163,23.15,23.15,24536,0
20190206,23.15,23.22,22.97,22.97,12117,0
20190207,22.9708,23,22.68,22.75,5725,0
20190208,22.75,22.86,22.68,22.85,11268,0
20190211,22.88,22.95,22.8503,22.89,7969,0
20190212,22.81,22.9431,22.7722,22.81,13259,0
20190213,22.9891,23.254,22.9612,23.12,27249,0
20190214,23.11,23.18,23.04,23.14,17312,0
20190215,23.1013,23.1887,23.1013,23.18,4188,0
20190219,23.29,23.36,23.2,23.34,14670,0
20190220,23.34,23.48,23.34,23.4,13224,0
20190221,23.48,23.48,23.3182,23.39,12721,0
20190222,23.39,23.42,23.3,23.35,10575,0
20190225,23.46,23.5,23.28,23.35,20311,0
20190226,23.49,23.5,23.35,23.44,7362,0
20190227,23.44,23.58,23.36,23.57,13552,0
20190228,23.11,23.49,23.11,23.49,25789,0
20190301,23.69,23.9877,23.62,23.94,38350,0
20190304,23.94,23.94,23.72,23.72,4332,0
20190305,23.72,23.84,23.55,23.84,10679,0
20190306,23.85,23.85,23.53,23.64,31625,0
20190307,23.6999,23.7,23.5768,23.63,20090,0
20190308,23.45,23.8,23.45,23.75,9034,0
20190311,23.8,23.8,23.57,23.571,19607,0
20190312,23.73,23.73,23.46,23.48,36327,0
20190313,23.48,23.69,23.48,23.69,29503,0
20190314,23.56,23.68,23.56,23.58,29553,0
20190315,23.58,23.62,23.48,23.609,39420,0
20190318,23.6774,23.68,23.46,23.565,48686,0
20190319,23.4,23.5,23.4,23.445,9905,0
20190320,23.44,23.5,23.3591,23.5,21345,0
20190321,23.5,23.58,23.36,23.57,28147,0
20190322,23.61,23.61,23.3801,23.55,23214,0
20190325,23.55,23.55,23.4,23.45,14648,0
20190326,23.48,23.5,23.42,23.5,13491,0
20190327,23.5,23.5,23.4,23.42,8560,0
20190328,23.5,23.5,23.4,23.43,24332,0
20190329,23.5,23.55,23.38,23.38,38927,0
20190401,23.59,23.68,23.48,23.68,39886,0
20190402,23.68,23.83,23.62,23.83,15728,0
20190403,23.81,23.8521,23.7876,23.85,18280,0
20190404,23.8368,23.99,23.78,23.99,22258,0
20190405,23.99,24,23.95,23.99,14386,0
20190408,23.9897,23.9897,23.87,23.9,7897,0
20190409,23.91,23.98,23.8001,23.83,15108,0
20190410,23.9332,23.97,23.69,23.69,26012,0
20190411,23.69,23.86,23.6886,23.8599,16830,0
20190412,23.9,24,23.85,23.9447,18195,0
20190415,23.99,24.11,23.91,24.11,15466,0
20190416,24.19,24.19,23.88,24.08,12497,0
20190417,24.19,24.27,24.02,24.25,14247,0
20190418,24.25,24.25,24.11,24.24,15607,0
20190422,24.29,24.3,24.2,24.3,11734,0
20190423,24.13,24.33,24.11,24.33,13409,0
20190424,24.39,24.43,24.18,24.43,6659,0
20190425,24.6,24.7,24.16,24.58,13924,0
20190426,24.38,24.6914,24.37,24.67,4822,0
20190429,24.67,24.75,24.6301,24.73,18766,0
20190430,24.73,24.75,24.4,24.4,34690,0
20190501,24.69,24.75,24.46,24.75,27955,0
20190502,24.72,24.75,24.6,24.6225,9808,0
20190503,24.74,24.75,24.6063,24.7264,20885,0
20190506,24.73,24.75,24.66,24.75,10668,0
20190507,24.75,24.8099,24.6989,24.77,24338,0
20190508,24.67,24.76,24.56,24.7599,12855,0
20190509,24.76,24.837,24.66,24.72,11872,0
20190510,24.87,24.87,24.73,24.81,11849,0
20190513,24.74,24.74,24.57,24.57,16241,0
20190514,24.79,24.82,24.57,24.82,11702,0
20190515,24.74,24.82,24.6,24.76,26111,0
20190516,24.76,24.8999,24.74,24.88,14066,0
20190517,24.88,24.88,24.75,24.8,9627,0
20190520,24.85,24.85,24.65,24.66,28204,0
20190521,24.66,24.79,24.66,24.68,11551,0
20190522,24.79,24.85,24.68,24.84,14067,0
20190523,24.71,24.8285,24.69,24.72,17791,0
20190524,24.72,24.8799,24.7099,24.8799,11326,0
20190528,24.9,24.9,24.8219,24.8432,11603,0
20190529,24.84,24.89,24.75,24.87,19874,0
20190530,24.88,24.94,24.805,24.87,19150,0
20190531,24.61,24.61,24.37,24.37,45439,0
20190603,24.55,24.63,24.4501,24.63,15067,0
20190604,24.6053,24.82,24.6053,24.8085,11964,0
20190605,24.81,24.85,24.7192,24.7617,17578,0
20190606,24.84,24.84,24.69,24.71,11452,0
20190607,24.84,24.94,24.8,24.94,10213,0
20190610,24.94,24.95,24.91,24.91,11576,0
20190611,24.93,24.93,24.78,24.78,13878,0
20190612,24.98,24.98,24.81,24.81,11414,0
20190613,24.9,24.9,24.75,24.77,19868,0
20190614,24.76,24.943,24.76,24.943,7898,0
20190617,24.97,24.97,24.83,24.96,14167,0
20190618,24.9545,25.06,24.852,24.91,36783,0
20190619,25.03,25.05,24.91,24.91,9221,0
20190620,25.15,25.15,24.95,25.0699,9473,0
20190621,25.1,25.1,24.91,24.97,12926,0
20190624,24.89,25.0399,24.88,25.03,9870,0
20190625,25.04,25.04,24.925,24.98,6349,0
20190626,24.97,25.12,24.93,25.12,18142,0
20190627,25.12,25.18,24.9984,25.13,16382,0
20190628,25.02,25.29,25.02,25.22,25961,0
20190701,25.32,25.32,25.05,25.05,7844,0
20190702,25.1,25.34,25.07,25.21,13508,0
20190703,25.35,25.8,25.35,25.5,12820,0
20190705,25.65,25.65,25.27,25.5503,4905,0
20190708,25.65,25.65,25.2253,25.365,3853,0
20190709,25.29,25.5464,25.29,25.492,11082,0
20190710,25.5,25.7257,25.29,25.29,3811,0
20190711,25.76,25.76,25.34,25.34,4898,0
20190712,25.64,25.65,25.3406,25.65,7919,0
20190715,25.5207,25.65,25.48,25.65,3573,0
20190716,25.65,25.65,25.38,25.41,9501,0
20190717,25.48,25.55,25.4101,25.515,18345,0
20190718,25.65,25.65,25.4,25.41,15101,0
20190719,25.5682,25.5682,25.4,25.45,13109,0
20190722,25.35,25.4578,25.35,25.36,21480,0
20190723,25.39,25.4,25.26,25.27,19324,0
20190724,25.3,25.4,25.3,25.4,9803,0
20190725,25.5,25.52,25.38,25.4007,8838,0
20190726,25.49,25.68,25.4164,25.54,6707,0
20190729,25.6,25.65,25.5,25.6225,7756,0
20190730,25.4,25.5891,25.31,25.32,27924,0
20190731,25.39,25.52,25.2,25.2,59239,0
20190801,25.43,25.47,25.23,25.27,12000,0
20190802,25.3255,25.35,25.305,25.34,6950,0
20190805,25.12,25.25,24.92,25.11,15202,0
20190806,25.28,25.28,25.1314,25.23,12805,0
20190807,25.21,25.23,25.05,25.07,13058,0
20190808,25.21,25.34,25.11,25.22,12270,0
20190809,25.1635,25.34,25.121,25.28,14511,0
20190812,25.34,25.36,25.25,25.26,5231,0
20190813,25.32,25.52,25.31,25.5,12932,0
20190814,25.559,25.65,25.51,25.51,5673,0
20190815,25.65,25.74,25.6334,25.74,10789,0
20190816,25.74,25.76,25.64,25.6426,7736,0
20190819,25.6052,25.6052,25.52,25.5749,14065,0
20190820,25.6727,25.755,25.63,25.63,5571,0
20190821,25.76,25.97,25.7395,25.89,15587,0
20190822,26,26.05,25.8128,26.01,4429,0
20190823,26.22,26.35,25.9,25.9,8816,0
20190826,26.01,26.094,26,26.02,6162,0
20190827,26.11,26.11,25.96,26.11,7097,0
20190828,26.21,26.8385,25.955,26.3,18735,0
20190829,26.45,26.7,26.45,26.5,5835,0
20190830,26.46,26.48,26.11,26.46,21402,0
20190903,26.5,26.9721,26.5,26.84,9634,0
20190904,26.8,27.25,26.61,26.81,41931,0
20190905,26.6732,26.99,26.636,26.67,12125,0
20190906,26.73,26.73,26.5937,26.6,13875,0
20190909,26.83,26.83,26.51,26.595,9329,0
20190910,26.81,26.8356,26.1,26.1,19037,0
20190911,26.1,26.143,25.83,25.89,10370,0
20190912,26,26,25.837,25.95,8213,0
20190913,26.067,26.067,25.5,25.729,7642,0
20190916,25.91,25.91,25.3542,25.38,14766,0
20190917,25.62,25.62,25.37,25.5,8549,0
20190918,25.59,25.59,25.43,25.43,11239,0
20190919,25.6,25.6649,25.445,25.485,5906,0
20190920,25.52,25.68,25.51,25.55,4985,0
20190923,25.63,25.65,25.55,25.57,5790,0
20190924,25.68,25.81,25.4823,25.81,9844,0
20190925,25.96,26.03,25.66,26.02,11080,0
20190926,26.11,26.39,26.11,26.17,12187,0
20190927,26.5,26.59,25.75,26.31,17445,0
20190930,26.53,26.53,25.96,25.96,67426,0
20191001,26.18,26.18,25.8273,26.08,10344,0
20191002,26.0374,26.0374,25.45,25.47,4118,0
20191003,25.67,25.84,25.6247,25.84,4966,0
20191004,25.89,25.99,25.715,25.7645,6408,0
20191007,25.6,25.9388,25.6,25.66,10086,0
20191008,25.83,25.83,25.54,25.55,6027,0
20191009,25.77,25.83,25.6377,25.83,3897,0
20191010,25.7422,25.83,25.54,25.64,10847,0
20191011,25.79,25.89,25.6,25.89,9914,0
20191014,26.02,26.02,25.75,25.97,6978,0
20191015,26.14,26.14,25.9231,26.08,5627,0
20191016,26.19,26.19,26.097,26.19,9586,0
20191017,26.29,26.29,26.07,26.25,9723,0
20191018,26.46,26.46,26.01,26.19,5960,0
20191021,26.0587,26.48,26.0148,26.05,4585,0
20191022,26.46,26.47,26.005,26.15,9863,0
20191023,26.32,26.45,26.2,26.2,8831,0
20191024,26.47,26.48,26.19,26.36,17246,0
20191025,26.2145,26.48,26.17,26.2,17146,0
20191028,26.42,26.42,26.16,26.37,11522,0
20191029,26.37,26.37,25.91,26.325,14275,0
20191030,26.34,26.36,26.13,26.17,5335,0
20191031,26.17,26.3875,26,26,40531,0
20191101,26.06,26.29,25.98,25.98,5796,0
20191104,26.18,26.35,25.76,25.76,23607,0
20191105,25.9,25.9,25.44,25.6,12612,0
20191106,25.65,25.75,25.49,25.49,3417,0
20191107,25.5,25.67,25.36,25.36,8572,0
20191108,25.58,25.68,25.486,25.58,22879,0
20191111,25.58,25.68,25.45,25.6189,6458,0
20191112,25.68,25.69,25.5,25.61,4747,0
20191113,25.74,25.74,25.61,25.61,9326,0
20191114,25.83,25.83,25.587,25.75,6042,0
20191115,25.87,25.87,25.6175,25.7,4040,0
20191118,25.96,25.96,25.54,25.63,27106,0
20191119,25.6595,25.77,25.5422,25.75,10377,0
20191120,25.8,25.93,25.6817,25.9,10824,0
20191121,25.9,25.9,25.68,25.84,2450,0
20191122,25.84,25.84,25.67,25.732,4539,0
20191125,25.8,25.9,25.667,25.79,6340,0
20191126,25.85,25.9,25.7,25.89,10392,0
20191127,25.57,25.57,25.46,25.47,10288,0
20191129,25.67,25.67,25.34,25.34,27486,0
20191202,25.3,25.54,25.2727,25.54,13887,0
20191203,25.5,25.5899,25.11,25.37,25029,0
20191204,25.64,25.64,25.2551,25.43,22549,0
20191205,25.45,25.6137,25.22,25.29,9751,0
20191206,25.42,25.4864,25.23,25.33,12169,0
20191209,25.29,25.59,25.29,25.55,14908,0
20191210,25.54,25.54,25.31,25.34,24095,0
20191211,25.4,25.52,25.3809,25.43,15676,0
20191212,25.57,25.57,25.4,25.5,11661,0
20191213,25.55,25.55,25.3812,25.5,9183,0
20191216,25.63,25.72,25.4725,25.66,16075,0
20191217,25.6489,25.8021,25.5627,25.7,13314,0
20191218,25.83,26.05,25.7643,25.95,31989,0
20191219,26.17,26.1966,25.86,26.0614,7939,0
20191220,26.1,26.2,25.85,25.88,16269,0
20191223,26.17,26.1966,26.09,26.11,2827,0
20191224,26.2,26.2,25.915,26.0623,1496,0
20191226,26.14,26.15,26.04,26.1454,5272,0
20191227,26.11,26.16,25.91,26.07,12258,0
20191230,26.13,26.13,25.83,25.86,10105,0
20191231,25.93,26.0799,25.83,25.86,31114,0
20200102,26.05,26.25,25.9876,26.15,15595,0
20200103,26.28,26.55,26.1,26.53,14970,0
20200106,26.53,26.86,26.2165,26.68,4307,0
20200107,26.8,26.8,26.2,26.25,14323,0
20200108,26.4,26.6,26.4,26.6,6260,0
20200109,26.79,26.79,26.5,26.6706,6692,0
20200110,26.75,26.7953,26.3824,26.79,6796,0
20200113,26.79,26.8,26.62,26.75,9507,0
20200114,26.75,26.75,26.35,26.6,10688,0
20200115,26.6,26.884,26.5991,26.72,6568,0
20200116,26.72,26.79,26.66,26.7473,6761,0
20200117,26.78,26.866,26.643,26.643,2580,0
20200121,26.79,26.9531,26.27,26.4,5130,0
20200122,26.55,26.75,26.37,26.5,3317,0
20200123,26.9,26.94,26.37,26.7,13556,0
