Date,Open,High,Low,Close,Volume,OpenInt
20131219,23.408,23.445,23.315,23.437,654641,0
20131220,23.455,23.585,23.427,23.511,592956,0
20131223,23.502,23.677,23.502,23.65,311285,0
20131224,23.593,23.706,23.593,23.697,104507,0
20131226,23.641,23.687,23.593,23.677,127575,0
20131227,23.632,23.781,23.612,23.752,89217,0
20131230,23.723,23.862,23.65,23.677,172259,0
20131231,23.714,23.91,23.687,23.892,297965,0
20140102,23.872,23.918,23.797,23.846,896696,0
20140103,23.872,23.918,23.827,23.872,308884,0
20140106,23.872,24.002,23.862,23.984,938380,0
20140107,24.057,24.237,23.872,24.152,1237726,0
20140108,24.152,24.237,24.067,24.187,348993,0
20140109,24.187,24.282,24.179,24.207,321219,0
20140110,24.237,24.467,24.237,24.383,296068,0
20140113,24.457,24.607,24.244,24.431,428497,0
20140114,24.412,24.457,24.179,24.337,334329,0
20140115,24.337,24.374,24.237,24.244,669122,0
20140116,24.262,24.366,24.217,24.217,368749,0
20140117,24.292,24.383,24.179,24.357,2887710,0
20140121,24.337,24.487,24.262,24.383,194503,0
20140122,24.431,24.431,24.262,24.262,653616,0
20140123,24.262,24.292,24.067,24.227,368500,0
20140124,24.057,24.301,24.057,24.292,334975,0
20140127,24.317,24.327,24.244,24.292,171032,0
20140128,24.292,24.327,24.244,24.309,388833,0
20140129,24.327,24.366,24.237,24.366,699250,0
20140130,24.366,24.457,24.327,24.383,225778,0
20140131,24.366,24.457,24.366,24.44,180251,0
20140203,24.457,24.487,24.412,24.412,255262,0
20140204,24.467,24.522,24.422,24.448,94700,0
20140205,24.374,24.496,24.374,24.431,216956,0
20140206,24.402,24.467,24.392,24.467,115945,0
20140207,24.467,24.522,24.448,24.477,84532,0
20140210,24.487,24.607,24.467,24.467,159223,0
20140211,24.477,24.542,24.467,24.522,161258,0
20140212,24.522,24.578,24.487,24.561,83112,0
20140213,24.496,24.691,24.496,24.643,108743,0
20140214,24.662,24.737,24.635,24.643,38474,0
20140218,24.662,24.765,24.653,24.691,318000,0
20140219,24.802,25.006,24.691,24.876,155144,0
20140220,24.876,24.988,24.783,24.951,74919,0
20140221,24.978,25.081,24.903,25.081,107777,0
20140224,24.996,25.061,24.941,24.988,143423,0
20140225,25.071,25.165,24.988,25.165,290468,0
20140226,25.165,25.258,24.985,25.231,78955,0
20140227,25.305,25.315,25.155,25.268,313577,0
20140228,25.258,25.258,25.183,25.239,380386,0
20140303,25.258,25.268,25.117,25.231,301627,0
20140304,25.231,25.334,25.107,25.315,705287,0
20140305,25.315,25.503,25.249,25.457,104756,0
20140306,25.447,25.579,25.391,25.503,243381,0
20140307,25.541,25.541,25.437,25.532,74548,0
20140310,25.551,25.635,25.4,25.579,136677,0
20140311,25.626,25.692,25.503,25.598,97156,0
20140312,25.645,25.655,25.371,25.371,151726,0
20140313,25.457,25.532,25.409,25.437,127052,0
20140314,25.466,25.541,25.381,25.457,66046,0
20140317,25.503,25.56,25.409,25.457,130465,0
20140318,25.513,25.551,25.475,25.503,73611,0
20140319,25.551,25.551,25.429,25.457,76421,0
20140320,25.457,25.551,25.447,25.503,67966,0
20140321,25.541,25.541,25.457,25.494,50291,0
20140324,25.541,25.607,25.485,25.589,65094,0
20140325,25.589,25.598,25.503,25.523,39849,0
20140326,25.589,25.598,25.457,25.579,88245,0
20140327,25.579,25.579,25.419,25.56,60054,0
20140328,25.551,25.579,25.475,25.579,16497,0
20140331,25.569,25.607,25.551,25.607,72765,0
20140401,25.494,25.721,25.494,25.673,77329,0
20140402,25.711,25.711,25.635,25.635,35968,0
20140403,25.692,25.739,25.635,25.701,519180,0
20140404,25.711,25.815,25.673,25.721,34503,0
20140407,25.673,25.787,25.626,25.739,34635,0
20140408,25.749,25.758,25.655,25.692,22234,0
20140409,25.767,25.833,25.758,25.796,58491,0
20140410,25.787,25.861,25.701,25.711,193162,0
20140411,25.805,25.805,25.655,25.692,17275,0
20140414,25.767,25.767,25.655,25.701,523331,0
20140415,25.758,25.861,25.721,25.833,38194,0
20140416,25.833,25.975,25.701,25.824,37957,0
20140417,25.919,25.927,25.645,25.645,181090,0
20140421,25.777,25.824,25.701,25.749,56634,0
20140422,25.824,25.881,25.721,25.853,57564,0
20140423,25.871,25.871,25.758,25.853,12393,0
20140424,25.871,25.919,25.787,25.881,34573,0
20140425,25.796,26.097,25.796,26.097,70185,0
20140428,25.985,26.117,25.975,26.069,47611,0
20140429,26.031,26.117,26.031,26.079,37542,0
20140430,26.041,26.117,25.985,26.051,127479,0
20140501,26.117,26.324,26.051,26.305,138620,0
20140502,26.399,26.399,26.173,26.305,205634,0
20140505,26.239,26.361,26.211,26.286,47782,0
20140506,26.305,26.324,26.22,26.305,37278,0
20140507,26.305,26.333,26.239,26.295,40025,0
20140508,26.305,26.343,26.249,26.343,15604,0
20140509,26.295,26.295,26.239,26.239,72669,0
20140512,26.239,26.343,26.239,26.333,36887,0
20140513,26.343,26.343,26.258,26.267,40859,0
20140514,26.258,26.343,26.258,26.343,50066,0
20140515,26.295,26.427,26.295,26.399,31584,0
20140516,26.437,26.55,26.409,26.465,40697,0
20140519,26.493,26.71,26.456,26.625,243783,0
20140520,26.635,26.72,26.588,26.598,29782,0
20140521,26.598,26.691,26.588,26.616,81020,0
20140522,26.625,26.71,26.607,26.673,28451,0
20140523,26.654,26.673,26.522,26.673,44631,0
20140527,26.673,26.88,26.673,26.871,22313,0
20140528,27.037,27.037,26.558,26.826,74033,0
20140529,26.836,26.97,26.817,26.97,102963,0
20140530,26.913,27.067,26.913,27.067,19789,0
20140602,27.067,27.161,26.903,26.913,143274,0
20140603,26.913,26.96,26.683,26.732,59782,0
20140604,26.769,26.769,26.367,26.759,84404,0
20140605,26.712,26.98,26.54,26.893,453001,0
20140606,26.893,27.018,26.846,26.913,716254,0
20140609,26.903,26.933,26.836,26.866,77027,0
20140610,26.893,26.893,26.702,26.75,251691,0
20140611,26.789,26.789,26.683,26.779,140036,0
20140612,26.856,26.856,26.779,26.799,42744,0
20140613,26.874,26.874,26.789,26.807,49577,0
20140616,26.866,26.874,26.635,26.655,111133,0
20140617,26.625,26.665,26.511,26.607,40739,0
20140618,26.625,26.692,26.625,26.692,35448,0
20140619,26.741,26.741,26.607,26.655,471748,0
20140620,26.741,26.741,26.655,26.692,21934,0
20140623,26.692,26.856,26.692,26.769,40435,0
20140624,26.732,26.759,26.645,26.692,153439,0
20140625,26.692,26.741,26.655,26.732,77895,0
20140626,26.75,26.75,26.692,26.712,60444,0
20140627,26.741,26.779,26.722,26.741,34127,0
20140630,26.789,26.789,26.692,26.759,62659,0
20140701,26.779,26.779,26.692,26.759,350874,0
20140702,26.789,26.817,26.769,26.779,19441,0
20140703,26.741,26.741,26.674,26.741,11206,0
20140707,26.817,26.836,26.683,26.769,46091,0
20140708,26.702,26.799,26.702,26.779,16544,0
20140709,26.807,26.874,26.807,26.846,155175,0
20140710,26.836,26.866,26.789,26.836,781941,0
20140711,26.807,26.98,26.807,26.884,81100,0
20140714,26.874,26.903,26.759,26.836,168181,0
20140715,26.75,26.874,26.741,26.874,85940,0
20140716,26.866,26.866,26.712,26.722,225857,0
20140717,26.702,26.779,26.588,26.625,47358,0
20140718,26.665,26.769,26.607,26.607,269996,0
20140721,26.616,26.759,26.616,26.635,31054,0
20140722,26.741,26.741,26.578,26.578,25911,0
20140723,26.692,26.732,26.598,26.607,17862,0
20140724,26.645,26.741,26.635,26.645,24025,0
20140725,26.702,26.712,26.625,26.665,40576,0
20140728,26.702,26.702,26.31,26.645,53067,0
20140729,26.616,26.683,26.598,26.665,33566,0
20140730,26.674,26.683,26.607,26.635,20024,0
20140731,26.578,26.598,26.358,26.377,62633,0
20140801,26.464,26.531,26.243,26.397,53764,0
20140804,26.531,26.54,26.263,26.339,36104,0
20140805,26.397,26.397,26.186,26.32,44793,0
20140806,26.31,26.454,26.272,26.425,36201,0
20140807,26.521,26.616,26.482,26.598,30997,0
20140808,26.635,26.655,26.511,26.607,51587,0
20140811,26.645,26.645,26.598,26.645,14063,0
20140812,26.635,26.645,26.616,26.625,8714,0
20140813,26.625,26.741,26.578,26.741,33636,0
20140814,26.741,26.817,26.741,26.789,15940,0
20140815,26.836,26.874,26.769,26.807,13681,0
20140818,26.923,26.97,26.884,26.97,30499,0
20140819,26.98,27.067,26.933,27.067,22907,0
20140820,27.027,27.067,27.027,27.067,13352,0
20140821,27.047,27.075,27.027,27.075,34271,0
20140822,27.075,27.094,27.057,27.067,18340,0
20140825,27.104,27.171,27.057,27.085,25730,0
20140826,27.171,27.201,27.085,27.171,19796,0
20140827,27.185,27.282,27.078,27.282,19900,0
20140828,27.301,27.301,27.253,27.272,20397,0
20140829,27.282,27.321,27.233,27.321,14908,0
20140902,27.35,27.35,27.127,27.155,41660,0
20140903,27.175,27.185,27.039,27.175,156015,0
20140904,27.165,27.165,26.855,26.874,58734,0
20140905,26.874,27.068,26.874,26.981,45100,0
20140908,27.029,27.029,26.884,26.913,19870,0
20140909,26.923,26.933,26.787,26.787,18003,0
20140910,26.835,26.835,26.69,26.719,37552,0
20140911,26.709,26.816,26.641,26.767,24282,0
20140912,26.67,26.942,26.573,26.573,30483,0
20140915,26.719,26.719,26.554,26.641,261266,0
20140916,26.699,26.699,26.593,26.67,20061,0
20140917,26.709,26.797,26.622,26.68,75157,0
20140918,26.68,26.855,26.651,26.748,225699,0
20140919,26.757,26.855,26.748,26.748,51178,0
20140922,26.748,26.767,26.67,26.719,20470,0
20140923,26.874,26.874,26.67,26.767,16467,0
20140924,26.777,26.845,26.729,26.835,43641,0
20140925,26.816,26.835,26.729,26.777,44240,0
20140926,26.699,26.767,26.651,26.69,51465,0
20140929,26.651,26.777,26.651,26.777,28265,0
20140930,26.787,26.884,26.748,26.845,35873,0
20141001,26.825,26.893,26.729,26.797,42565,0
20141002,26.797,26.893,26.767,26.865,21160,0
20141003,26.913,26.991,26.825,26.991,86527,0
20141006,26.981,27.049,26.971,27.049,34033,0
20141007,27.078,27.078,26.952,27.029,17871,0
20141008,27.029,27.175,26.991,27.175,517399,0
20141009,27.175,27.175,27.078,27.155,16891,0
20141010,27.136,27.214,27.039,27.175,18179,0
20141013,27.165,27.233,27.155,27.195,33331,0
20141014,27.233,27.35,27.204,27.233,35337,0
20141015,27.136,27.223,27.088,27.195,64746,0
20141016,27.175,27.272,27.049,27.272,31867,0
20141017,27.263,27.399,27.233,27.399,33011,0
20141020,27.282,27.369,27.263,27.263,30669,0
20141021,27.321,27.34,27.282,27.331,73336,0
20141022,27.233,27.331,27.233,27.253,42738,0
20141023,27.253,27.301,27.253,27.272,47362,0
20141024,27.272,27.359,27.253,27.359,213489,0
20141027,27.263,27.359,27.263,27.331,39715,0
20141028,27.359,27.359,27.301,27.331,42204,0
20141029,27.379,27.379,27.272,27.331,37978,0
20141030,27.34,27.427,27.291,27.291,97824,0
20141031,27.369,27.379,27.253,27.253,43746,0
20141103,27.282,27.311,27.233,27.282,223440,0
20141104,27.263,27.321,27.253,27.301,63920,0
20141105,27.321,27.321,27.243,27.243,18691,0
20141106,27.214,27.301,27.214,27.243,38622,0
20141107,27.291,27.408,27.291,27.408,25962,0
20141110,27.311,27.457,27.311,27.35,22904,0
20141111,27.379,27.379,27.35,27.35,23637,0
20141112,27.399,27.427,27.282,27.321,276201,0
20141113,27.291,27.321,27.233,27.272,354898,0
20141114,27.272,27.331,27.263,27.272,91770,0
20141117,27.272,27.35,27.263,27.291,56988,0
20141118,27.35,27.369,27.282,27.282,37144,0
20141119,27.34,27.379,27.291,27.35,22169,0
20141120,27.379,27.408,27.321,27.359,40414,0
20141121,27.408,27.525,27.369,27.476,508076,0
20141124,27.476,27.505,27.379,27.457,349917,0
20141125,27.451,27.51,27.411,27.411,200178,0
20141126,27.441,27.51,27.402,27.402,338978,0
20141128,27.51,27.539,27.441,27.539,19543,0
20141201,27.53,27.53,27.421,27.48,41809,0
20141202,27.539,27.539,27.254,27.273,379674,0
20141203,27.254,27.313,27.145,27.195,120201,0
20141204,27.234,27.234,26.988,27.037,93185,0
20141205,27.027,27.155,27.027,27.145,22682,0
20141208,27.145,27.195,26.998,27.185,56298,0
20141209,27.037,27.293,27.007,27.145,23474,0
20141210,27.145,27.195,27.106,27.165,14169,0
20141211,27.214,27.342,27.185,27.254,30002,0
20141212,27.244,27.254,26.909,26.929,342752,0
20141215,27.007,27.037,26.771,26.8,213936,0
20141216,26.761,26.761,26.564,26.603,59558,0
20141217,26.613,26.791,26.613,26.741,56144,0
20141218,26.8,26.85,26.722,26.791,74329,0
20141219,26.85,26.988,26.83,26.968,43867,0
20141222,26.968,27.096,26.899,27.037,61186,0
20141223,27.086,27.145,27.027,27.106,57212,0
20141224,27.096,27.096,26.988,27.057,9912,0
20141226,26.978,27.067,26.978,27.027,11250,0
20141229,27.067,27.214,27.007,27.214,31660,0
20141230,27.185,27.234,27.145,27.185,27389,0
20141231,27.145,27.333,27.145,27.333,32690,0
20150102,27.323,27.451,27.195,27.431,22280,0
20150105,27.392,27.392,27.185,27.195,156065,0
20150106,27.224,27.273,27.145,27.244,59907,0
20150107,27.283,27.372,27.264,27.293,33700,0
20150108,27.342,27.362,27.254,27.254,40653,0
20150109,27.273,27.293,27.185,27.224,167605,0
20150112,27.234,27.264,27.214,27.224,28172,0
20150113,27.234,27.283,27.175,27.195,31617,0
20150114,27.155,27.283,27.155,27.185,40047,0
20150115,27.106,27.135,26.751,26.919,265050,0
20150116,26.84,27.057,26.84,27.057,425004,0
20150120,27.086,27.096,26.978,27.047,34736,0
20150121,27.047,27.135,26.998,27.116,222165,0
20150122,27.145,27.214,27.126,27.185,573642,0
20150123,27.185,27.283,27.155,27.185,55079,0
20150126,27.185,27.264,27.155,27.175,85839,0
20150127,27.204,27.244,27.165,27.195,72101,0
20150128,27.244,27.264,27.195,27.264,170139,0
20150129,27.273,27.372,27.244,27.244,267798,0
20150130,27.342,27.48,27.303,27.402,69825,0
20150202,27.441,27.668,27.441,27.539,51753,0
20150203,27.589,27.589,27.49,27.539,45009,0
20150204,27.539,27.569,27.441,27.539,645427,0
20150205,27.549,27.569,27.47,27.539,204365,0
20150206,27.53,27.539,27.461,27.51,46690,0
20150209,27.49,27.618,27.49,27.608,30848,0
20150210,27.559,27.737,27.559,27.727,181783,0
20150211,27.687,27.766,27.599,27.756,59169,0
20150212,27.805,27.835,27.737,27.805,135702,0
20150213,27.815,27.815,27.737,27.766,249909,0
20150217,27.737,27.805,27.618,27.628,80198,0
20150218,27.53,27.618,27.431,27.52,146863,0
20150219,27.49,27.589,27.382,27.441,67825,0
20150220,27.53,27.53,27.451,27.451,45269,0
20150223,27.53,27.638,27.53,27.569,36100,0
20150224,27.658,27.776,27.608,27.776,49785,0
20150225,27.76,27.99,27.76,27.85,125143,0
20150226,27.9,27.98,27.85,27.9,104998,0
20150227,28,28,27.87,27.87,302015,0
20150302,27.98,28.04,27.94,28.04,51268,0
20150303,28.04,28.149,27.99,28.08,50496,0
20150304,28.13,28.15,27.99,28,235681,0
20150305,28.08,28.087,27.97,27.99,61161,0
20150306,27.95,27.95,27.75,27.78,41232,0
20150309,27.93,27.93,27.7,27.74,61541,0
20150310,27.85,28.01,27.75,27.99,28628,0
20150311,27.99,27.99,27.91,27.96,19948,0
20150312,27.99,28.01,27.93,27.94,28060,0
20150313,27.97,27.98,27.9,27.952,27798,0
20150316,27.98,28.01,27.94,27.948,28841,0
20150317,27.9,27.95,27.85,27.85,70438,0
20150318,27.9,28.042,27.872,28.03,42902,0
20150319,28.1,28.15,28.01,28.1,45473,0
20150320,28.1,28.15,28.07,28.15,74692,0
20150323,28.18,28.25,28.05,28.25,153863,0
20150324,28.27,28.283,28.18,28.18,55727,0
20150325,28.25,28.29,28.19,28.19,35338,0
20150326,28.23,28.23,28.07,28.1,177728,0
20150327,28.17,28.21,28.1,28.2,145380,0
20150330,28.21,28.28,28.175,28.28,31895,0
20150331,28.34,28.34,28.23,28.23,112376,0
20150401,28.3,28.32,28.22,28.26,57975,0
20150402,28.31,28.33,28.26,28.3,38299,0
20150406,28.32,28.41,28.28,28.3,113500,0
20150407,28.36,28.37,28.28,28.35,264883,0
20150408,28.39,28.47,28.359,28.47,59043,0
20150409,28.5,28.55,28.471,28.473,28628,0
20150410,28.59,28.59,28.42,28.42,56694,0
20150413,28.53,28.53,28.39,28.39,19580,0
20150414,28.49,28.49,28.4,28.43,94648,0
20150415,28.48,28.48,28.38,28.42,71596,0
20150416,28.44,28.44,28.36,28.42,36917,0
20150417,28.4,28.43,28.05,28.05,244220,0
20150420,28.27,28.3,28.18,28.29,69624,0
20150421,28.3,28.35,28.21,28.28,94912,0
20150422,28.36,28.36,28.17,28.17,106345,0
20150423,28.24,28.28,28.235,28.27,27087,0
20150424,28.29,28.32,28.23,28.249,44180,0
20150427,28.25,28.3,28.21,28.24,38285,0
20150428,28.29,28.3,28.18,28.19,160587,0
20150429,28.14,28.2,28.08,28.15,42991,0
20150430,28.1,28.17,27.96,28.12,81014,0
20150501,28.15,28.15,28.01,28.01,31987,0
20150504,28.24,28.24,28.05,28.07,14323,0
20150505,28.15,28.17,27.87,27.91,49590,0
20150506,27.98,27.98,27.57,27.66,77444,0
20150507,27.8,27.95,27.557,27.68,65886,0
20150508,27.8,27.95,27.68,27.93,65150,0
20150511,27.92,27.92,27.58,27.59,59757,0
20150512,27.56,27.79,27.48,27.73,63993,0
20150513,27.79,27.85,27.738,27.85,60497,0
20150514,27.91,28.1,27.91,28,71501,0
20150515,28.05,28.1,27.99,28.05,39886,0
20150518,28.08,28.1,27.85,27.95,223960,0
20150519,27.94,27.96,27.84,27.95,67316,0
20150520,28.02,28.02,27.951,27.99,26299,0
20150521,27.99,28.19,27.99,28.14,46834,0
20150522,28.14,28.15,28.07,28.09,21998,0
20150526,28.15,28.15,28.09,28.09,26764,0
20150527,27.8,27.82,27.74,27.8,20551,0
20150528,27.82,27.84,27.77,27.84,10389,0
20150529,27.86,27.91,27.83,27.906,16154,0
20150601,27.91,27.92,27.856,27.86,27557,0
20150602,27.85,27.85,27.75,27.83,29281,0
20150603,27.79,27.8,27.69,27.7,51226,0
20150604,27.74,27.76,27.72,27.73,32696,0
20150605,27.62,27.75,27.6,27.66,20489,0
20150608,27.72,27.72,27.65,27.67,13394,0
20150609,27.67,27.67,27.46,27.53,43113,0
20150610,27.49,27.586,27.4,27.54,55360,0
20150611,27.56,27.59,27.52,27.52,40703,0
20150612,27.58,27.639,27.55,27.58,14589,0
20150615,27.64,27.685,27.59,27.675,21855,0
20150616,27.72,27.72,27.5,27.55,232854,0
20150617,27.64,27.64,27.53,27.59,29286,0
20150618,27.59,27.64,27.43,27.44,40448,0
20150619,27.59,27.59,27.44,27.45,14700,0
20150622,27.5,27.57,27.381,27.52,33413,0
20150623,27.48,27.59,27.48,27.57,94824,0
20150624,27.57,27.69,27.57,27.66,60868,0
20150625,27.7,27.7,27.58,27.68,18317,0
20150626,27.67,27.67,27.58,27.61,62732,0
20150629,27.56,27.59,27.45,27.5,18794,0
20150630,27.59,27.61,27.54,27.6,22065,0
20150701,27.6,27.65,27.59,27.65,36598,0
20150702,27.65,27.73,27.65,27.683,19554,0
20150706,27.7,27.7,27.64,27.67,37142,0
20150707,27.72,27.72,27.55,27.66,137509,0
20150708,27.66,27.68,27.31,27.64,24496,0
20150709,27.7,27.7,27.62,27.65,29529,0
20150710,27.71,27.71,27.6,27.64,150446,0
20150713,27.67,27.67,27.634,27.65,45163,0
20150714,27.67,27.67,27.62,27.64,20170,0
20150715,27.65,27.69,27.62,27.69,26039,0
20150716,27.71,27.86,27.7,27.8,70566,0
20150717,27.85,27.88,27.7,27.88,110085,0
20150720,27.85,27.85,27.75,27.8,316840,0
20150721,27.82,27.82,27.78,27.787,50029,0
20150722,27.83,27.83,27.76,27.79,16165,0
20150723,27.83,27.84,27.74,27.8,60649,0
20150724,27.78,27.8,27.67,27.78,226220,0
20150727,27.78,27.81,27.683,27.708,218152,0
20150728,27.77,27.81,27.74,27.77,42053,0
20150729,27.78,27.79,27.72,27.75,41759,0
20150730,27.85,27.87,27.71,27.71,238010,0
20150731,27.77,27.85,27.7,27.8,276130,0
20150803,27.81,27.81,27.77,27.79,25590,0
20150804,27.8,27.84,27.7,27.77,313864,0
20150805,27.81,27.82,27.77,27.8,23755,0
20150806,27.81,27.9,27.77,27.85,31869,0
20150807,27.85,27.88,27.76,27.88,52889,0
20150810,27.88,27.93,27.81,27.84,44724,0
20150811,27.87,27.91,27.86,27.91,39791,0
20150812,27.91,27.97,27.85,27.94,27439,0
20150813,27.96,28,27.91,27.98,30698,0
20150814,27.99,28,27.961,28,40155,0
20150817,28,28.05,27.9,27.99,145971,0
20150818,28,28.02,27.961,27.97,15334,0
20150819,27.98,27.98,27.93,27.98,28129,0
20150820,27.98,27.98,27.94,27.94,26687,0
20150821,27.95,27.95,27.85,27.854,67816,0
20150824,27.64,27.647,26.95,27.5,55140,0
20150825,27.63,27.83,27.43,27.81,36965,0
20150826,27.81,27.81,27.63,27.78,44868,0
20150827,27.55,27.78,27.46,27.73,100737,0
20150828,27.76,27.78,27.47,27.68,458099,0
20150831,27.73,27.73,27.58,27.65,75616,0
20150901,27.57,27.65,27.54,27.56,22945,0
20150902,27.71,27.71,27.57,27.63,33240,0
20150903,27.67,27.67,27.48,27.52,275346,0
20150904,27.55,27.57,27.49,27.55,45068,0
20150908,27.55,27.55,27.44,27.51,213130,0
20150909,27.56,27.58,27.45,27.56,86492,0
20150910,27.56,27.56,27.505,27.53,20534,0
20150911,27.43,27.51,27.41,27.44,41718,0
20150914,27.48,27.48,27.25,27.43,27117,0
20150915,27.45,27.45,27.37,27.37,96143,0
20150916,27.5,27.5,27.42,27.45,25572,0
20150917,27.44,27.54,27.39,27.48,41833,0
20150918,27.47,27.53,27.45,27.53,45305,0
20150921,27.6,27.62,27.52,27.6,18616,0
20150922,27.59,27.6,27.5,27.55,354343,0
20150923,27.6,27.6,27.52,27.6,54745,0
20150924,27.55,27.59,27.5,27.53,96265,0
20150925,27.57,27.57,27.5,27.55,212210,0
20150928,27.55,27.55,27.45,27.52,73332,0
20150929,27.54,27.57,27.49,27.51,70330,0
20150930,27.51,27.55,27.35,27.41,94300,0
20151001,27.37,27.41,27.28,27.3,46488,0
20151002,27.37,27.37,27.19,27.31,57771,0
20151005,27.32,27.44,27.32,27.42,30259,0
20151006,27.41,27.46,27.41,27.42,27815,0
20151007,27.45,27.52,27.42,27.43,54327,0
20151008,27.45,27.53,27.39,27.45,77070,0
20151009,27.52,27.64,27.46,27.55,136065,0
20151012,27.62,27.71,27.53,27.7,68236,0
20151013,27.65,27.8,27.6,27.63,449168,0
20151014,27.72,27.8,27.65,27.69,214375,0
20151015,27.75,27.78,27.676,27.78,77103,0
20151016,27.8,27.86,27.751,27.81,88761,0
20151019,27.85,27.85,27.76,27.81,41169,0
20151020,27.81,27.83,27.78,27.83,59329,0
20151021,27.85,27.99,27.82,27.9,98240,0
20151022,27.99,28.04,27.96,28,42864,0
20151023,28.03,28.04,27.97,28.03,41958,0
20151026,28.04,28.09,28,28.09,35178,0
20151027,28.02,28.09,28.02,28.09,57921,0
20151028,28.13,28.14,28.03,28.12,192716,0
20151029,28.13,28.15,28.01,28.08,55275,0
20151030,28.09,28.14,28.06,28.14,49107,0
20151102,28.16,28.2,28.14,28.17,49338,0
20151103,28.2,28.27,28.157,28.22,114342,0
20151104,28.24,28.25,28.195,28.24,90474,0
20151105,28.29,28.3,28.2,28.25,49900,0
20151106,28.23,28.23,27.95,28.084,45314,0
20151109,27.963,28.05,27.86,28.04,51954,0
20151110,28.05,28.12,28.05,28.07,36969,0
20151111,28.29,28.35,28.13,28.33,41541,0
20151112,28.27,28.4,28.17,28.37,103389,0
20151113,28.46,28.46,28.32,28.36,50393,0
20151116,28.288,28.34,28.28,28.34,18840,0
20151117,28.36,28.39,28.26,28.39,36728,0
20151118,28.39,28.43,28.35,28.43,68453,0
20151119,28.45,28.47,28.39,28.47,38665,0
20151120,28.48,28.55,28.437,28.54,46296,0
20151123,28.6,28.68,28.561,28.65,54810,0
20151124,28.68,28.93,28.68,28.8,52496,0
20151125,28.48,28.631,28.46,28.629,23651,0
20151127,28.61,28.74,28.51,28.73,19693,0
20151130,28.77,28.77,28.34,28.36,141408,0
20151201,28.4,28.44,28.213,28.3,101043,0
20151202,28.31,28.31,28.2,28.31,36926,0
20151203,28.3,28.3,28.16,28.26,53399,0
20151204,28.37,28.4,28.243,28.38,34820,0
20151207,28.4,28.4,28.3,28.355,18665,0
20151208,28.36,28.47,28.278,28.44,55988,0
20151209,28.45,28.47,28.36,28.413,72737,0
20151210,28.42,28.47,28.39,28.45,41581,0
20151211,28.45,28.45,28.3,28.32,184447,0
20151214,28.23,28.29,27.78,27.83,94404,0
20151215,27.98,28.1,27.78,28.02,36031,0
20151216,28.09,28.15,27.92,28.05,59669,0
20151217,28.16,28.23,28.13,28.23,44006,0
20151218,28.31,28.31,28.18,28.21,18400,0
20151221,28.29,28.38,28.29,28.38,22269,0
20151222,28.4,28.45,28.27,28.31,85972,0
20151223,28.4,28.47,28.33,28.37,30238,0
20151224,28.46,28.49,28.36,28.4,24430,0
20151228,28.47,28.52,28.37,28.38,89462,0
20151229,28.44,28.65,28.43,28.44,65046,0
20151230,28.54,28.6499,28.46,28.5,51478,0
20151231,28.63,28.76,28.53,28.73,29337,0
20160104,28.6,29.05,28.561,28.98,49169,0
20160105,29.07,29.2,28.79,28.9,246110,0
20160106,28.86,28.95,28.72,28.86,53378,0
20160107,28.69,28.8293,28.63,28.73,38814,0
20160108,28.74,28.86,28.74,28.81,22721,0
20160111,28.9,28.9,28.72,28.7841,48230,0
20160112,28.88,28.88,28.6,28.7,63556,0
20160113,28.74,28.82,28.57,28.57,115301,0
20160114,28.66,28.66,28.47,28.65,25326,0
20160115,28.53,28.53,28.3458,28.5,86883,0
20160119,28.5,28.5,28.5,28.5,0,0
20160120,28.49,28.49,27.87,28.11,58600,0
20160121,28.21,28.22,27.99,28.15,60850,0
20160122,28.3,28.47,28.3,28.34,38428,0
20160125,28.4,28.46,28.2,28.24,60218,0
20160126,28.35,28.39,28.27,28.31,51156,0
20160127,28.34,28.4274,28.2,28.37,291129,0
20160128,28.38,28.5,28.35,28.5,119226,0
20160129,28.48,28.64,28.48,28.64,46199,0
20160201,28.65,28.68,28.61,28.67,43513,0
20160202,28.64,28.71,28.62,28.69,49901,0
20160203,28.69,28.69,28.51,28.61,62959,0
20160204,28.6,28.9113,28.6,28.73,45650,0
20160205,28.76,28.8,28.61,28.8,83994,0
20160208,28.69,28.69,28.118,28.25,76035,0
20160209,28.1,28.16,27.35,27.96,138648,0
20160210,28.15,28.4851,27.83,28.06,54166,0
20160211,27.85,27.85,26.973,27.32,140784,0
20160212,27.7,27.77,27.39,27.66,77046,0
20160216,27.87,28.19,27.72,28.13,78852,0
20160217,28.28,28.57,28.2357,28.33,54538,0
20160218,28.47,28.55,28.39,28.4,93497,0
20160219,28.4,28.58,28.2931,28.58,65044,0
20160222,28.56,28.59,28.48,28.54,46864,0
20160223,28.52,28.6,28.45,28.54,53769,0
20160224,28.48,28.6193,28.38,28.57,91066,0
20160225,28.32,28.45,28.17,28.45,90510,0
20160226,28.42,28.5399,28.405,28.47,46004,0
20160229,28.53,28.5873,28.45,28.47,54345,0
20160301,28.54,28.85,28.5314,28.8,83913,0
20160302,28.81,28.81,28.64,28.7,42718,0
20160303,28.67,28.7,28.61,28.7,60444,0
20160304,28.68,28.7,28.6361,28.68,60583,0
20160307,28.7,28.73,28.65,28.6896,52106,0
20160308,28.7,28.77,28.654,28.75,54569,0
20160309,28.77,28.8,28.71,28.79,41487,0
20160310,28.79,28.85,28.72,28.85,48294,0
20160311,28.88,29.02,28.85,28.97,51863,0
20160314,28.99,28.99,28.88,28.91,66508,0
20160315,28.96,28.96,28.86,28.93,50755,0
20160316,28.92,29.01,28.91,29.01,86317,0
20160317,29,29.1,29,29.08,40536,0
20160318,29.13,29.24,29.05,29.05,54564,0
20160321,29.1,29.23,29.0608,29.16,48214,0
20160322,29.12,29.23,29.12,29.2,40870,0
20160323,29.23,29.3,29.13,29.2,76220,0
20160324,29.23,29.23,29.16,29.18,65421,0
20160328,29.21,29.29,29.21,29.28,76016,0
20160329,29.31,29.35,29.22,29.24,177255,0
20160330,29.29,29.29,29.22,29.23,85318,0
20160331,29.27,29.36,29.25,29.33,58713,0
20160401,29.32,29.32,29.08,29.16,50862,0
20160404,29.1,29.15,28.88,29.02,45495,0
20160405,28.95,29.03,28.82,29,43971,0
20160406,28.95,29.17,28.95,29.11,56701,0
20160407,29.08,29.11,28.98,29.04,53761,0
20160408,29.03,29.09,28.98,29.01,180329,0
20160411,29.09,29.09,28.95,28.96,113614,0
20160412,28.98,29.14,28.98,29.14,30546,0
20160413,29.17,29.19,29,29.1,289554,0
20160414,29.15,29.15,29.06,29.06,58665,0
20160415,29.12,29.4,28.98,29.4,176245,0
20160418,29.2,29.25,29.05,29.14,333290,0
20160419,29.14,29.29,29.14,29.23,48927,0
20160420,29.28,29.3,29.1801,29.27,52245,0
20160421,29.17,29.34,29.17,29.26,64148,0
20160422,29.31,29.31,29.24,29.24,54349,0
20160425,29.28,29.28,29.11,29.13,56166,0
20160426,29.2,29.2,29.06,29.08,165118,0
20160427,29.1,29.135,29.07,29.1,76452,0
20160428,29.06,29.1499,29.06,29.1,91994,0
20160429,29.1,29.13,29.06,29.12,104084,0
20160502,29.12,29.14,29.08,29.11,73031,0
20160503,29.02,29.19,29.02,29.08,184777,0
20160504,29.12,29.25,29.1,29.13,172840,0
20160505,29.19,29.19,29.12,29.16,43584,0
20160506,29.16,29.25,29.1,29.2,269953,0
20160509,29.21,29.23,29.15,29.2199,51907,0
20160510,29.22,29.24,29.18,29.2,28490,0
20160511,29.22,29.22,29.12,29.2,129180,0
20160512,29.22,29.23,29.1796,29.23,39470,0
20160513,29.23,29.3,29.22,29.24,84355,0
20160516,29.25,29.47,29.24,29.29,136294,0
20160517,29.26,29.339,29.195,29.22,90461,0
20160518,29.2,29.29,29.15,29.22,1830337,0
20160519,29.18,29.26,29.0601,29.25,40293,0
20160520,29.25,29.35,29.23,29.26,78469,0
20160523,29.33,29.4,29.25,29.38,217745,0
20160524,29.38,29.42,29.3,29.41,56097,0
20160525,29.41,29.52,29.4,29.499,27263,0
20160526,29.11,29.24,29.0077,29.24,44688,0
20160527,29.24,29.28,29.2,29.22,40284,0
20160531,29.28,29.4,29.28,29.3601,49900,0
20160601,29.38,29.38,29.33,29.38,31121,0
20160602,29.38,29.39,29.3,29.39,255207,0
20160603,29.44,29.45,29.35,29.45,160364,0
20160606,29.45,29.5499,29.45,29.48,105334,0
20160607,29.5,29.55,29.43,29.48,111457,0
20160608,29.35,29.5,29.3,29.4,302520,0
20160609,29.43,29.54,29.4,29.54,45560,0
20160610,29.41,29.54,29.38,29.48,55262,0
20160613,29.42,29.53,29.32,29.53,71254,0
20160614,29.52,29.53,29.3401,29.53,41111,0
20160615,29.57,29.605,29.51,29.57,183290,0
20160616,29.52,29.56,29.4865,29.55,69923,0
20160617,29.53,29.53,29.47,29.5,63342,0
20160620,29.65,29.71,29.582,29.62,102250,0
20160621,29.56,29.62,29.51,29.62,95015,0
20160622,29.6,29.76,29.58,29.75,117194,0
20160623,29.7,29.86,29.7,29.75,72450,0
20160624,29.4,29.7999,29.15,29.7,47952,0
20160627,29.64,29.66,29.4276,29.47,56204,0
20160628,29.64,29.68,29.55,29.68,201245,0
20160629,29.77,29.77,29.7,29.72,55783,0
20160630,29.74,30.04,29.74,29.76,270265,0
20160701,29.85,29.94,29.805,29.89,32198,0
20160705,29.85,29.85,29.73,29.85,44759,0
20160706,29.84,29.88,29.74,29.78,63523,0
20160707,29.88,29.89,29.8,29.89,70134,0
20160708,29.93,30.07,29.875,29.9,52494,0
20160711,29.94,29.9801,29.89,29.94,43034,0
20160712,29.95,30.1,29.935,30.01,58796,0
20160713,30.1,30.105,29.98,30.03,64197,0
20160714,30.05,30.2,30.0201,30.19,57604,0
20160715,30.07,30.19,30.03,30.11,199409,0
20160718,30.06,30.16,30.06,30.13,64973,0
20160719,30.13,30.141,30.03,30.05,59598,0
20160720,30.13,30.13,30.0145,30.05,47320,0
20160721,30.1,30.1,30.03,30.05,70760,0
20160722,30.1,30.1,30.03,30.09,58684,0
20160725,30.08,30.19,30.034,30.15,52364,0
20160726,30.1,30.25,30,30.1,433514,0
20160727,30.15,30.2,30.092,30.17,225268,0
20160728,30.19,30.339,30.1646,30.31,52344,0
20160729,30.27,30.36,30.24,30.24,148452,0
20160801,30.26,30.31,30.09,30.13,140226,0
20160802,30.11,30.11,29.9805,30.05,71605,0
20160803,29.97,30.09,29.97,30.09,59329,0
20160804,30.08,30.3,30.08,30.3,91751,0
20160805,30.35,30.47,30.2815,30.44,47489,0
20160808,30.43,30.83,30.41,30.81,116280,0
20160809,30.79,30.928,30.79,30.92,89509,0
20160810,30.92,31.05,30.92,31.05,47403,0
20160811,32.5,32.54,31.02,31.15,161278,0
20160812,31.13,31.17,31.09,31.09,293362,0
20160815,31.08,31.13,31.04,31.05,40618,0
20160816,31.04,31.04,30.79,30.96,72558,0
20160817,30.97,31,30.88,31,201521,0
20160818,31,31.0699,30.94,30.94,116793,0
20160819,31.04,31.05,30.98,31.05,39656,0
20160822,31.05,31.0699,30.98,31.04,73550,0
20160823,31.05,31.14,31,31.09,40099,0
20160824,31.1,31.1,31.01,31.02,97232,0
20160825,31.06,31.14,31.05,31.05,45670,0
20160826,31.05,31.09,30.98,31.02,92814,0
20160829,30.68,30.735,30.58,30.72,44604,0
20160830,30.63,30.72,30.63,30.66,61357,0
20160831,30.71,30.74,30.65,30.65,66973,0
20160901,30.68,30.74,30.67,30.74,235747,0
20160902,30.73,30.83,30.7,30.77,112200,0
20160906,30.7,30.77,30.7,30.75,37395,0
20160907,30.76,30.79,30.7,30.7,60599,0
20160908,30.7,30.79,30.68,30.71,58383,0
20160909,30.68,30.68,30.34,30.5,58706,0
20160912,30.45,30.46,30.18,30.43,90344,0
20160913,30.33,30.41,29.97,30.07,41296,0
20160914,30.15,30.15,29.55,30.05,38937,0
20160915,30.19,30.24,29.76,29.85,47072,0
20160916,29.67,30.08,29.55,29.59,67269,0
20160919,29.63,29.76,29.63,29.64,49756,0
20160920,29.71,29.71,29.64,29.66,116948,0
20160921,29.69,29.83,29.64,29.77,125762,0
20160922,29.85,30.08,29.81,29.94,103536,0
20160923,29.89,30.004,29.72,29.83,71898,0
20160926,29.76,29.79,29.6417,29.76,44973,0
20160927,29.75,29.97,29.7108,29.88,57888,0
20160928,29.87,30.13,29.87,30.1,35678,0
20160929,30.04,30.11,29.64,29.67,106036,0
20160930,29.7,29.9,29.6644,29.78,60644,0
20161003,29.66,29.95,29.66,29.95,47341,0
20161004,29.88,29.97,29.75,29.85,47869,0
20161005,29.87,29.87,29.79,29.85,52280,0
20161006,29.85,29.85,29.53,29.68,100676,0
20161007,29.64,29.8,29.63,29.66,64725,0
20161010,29.66,29.73,29.585,29.65,38098,0
20161011,29.62,29.63,29.36,29.5,91480,0
20161012,29.43,29.5052,29.32,29.33,94796,0
20161013,29.09,29.37,29.09,29.28,217589,0
20161014,29.26,29.54,29.26,29.41,32682,0
20161017,29.49,29.49,29.34,29.35,41798,0
20161018,29.49,29.71,29.429,29.6,291203,0
20161019,29.6,29.75,29.6,29.71,31564,0
20161020,29.69,29.87,29.61,29.72,41631,0
20161021,29.72,29.77,29.52,29.75,191149,0
20161024,29.65,30,29.65,29.99,57209,0
20161025,29.95,30.14,29.9201,30.13,75372,0
20161026,29.97,30.13,29.97,30.09,41364,0
20161027,30.02,30.02,29.777,29.85,46056,0
20161028,29.79,29.81,29.62,29.74,25884,0
20161031,29.65,29.81,29.45,29.51,331298,0
20161101,29.74,29.75,29.31,29.43,58656,0
20161102,29.4,29.4999,29.1517,29.29,59181,0
20161103,29.34,29.34,27.52,28.86,56160,0
20161104,28.87,29.04,28.81,28.96,69430,0
20161107,29.07,29.3199,29.07,29.07,47651,0
20161108,29.17,29.17,28.89,29.12,30482,0
20161109,28.51,29.0504,28.51,28.75,58939,0
20161110,28.67,28.68,27.4769,27.82,73380,0
20161111,27.7,27.96,27.1,27.33,74105,0
20161114,27.04,27.22,26.92,27.15,114533,0
20161115,27.25,28.13,27.25,27.85,84230,0
20161116,27.94,28.21,27.92,27.97,92360,0
20161117,28.07,28.08,27.54,27.54,67742,0
20161118,27.57,27.7796,27.22,27.28,72026,0
20161121,27.32,27.66,27.32,27.57,41384,0
20161122,27.57,27.961,27.52,27.89,73713,0
20161123,27.73,27.9,27.6711,27.8081,43274,0
20161125,27.81,27.889,27.77,27.82,16923,0
20161128,27.56,27.62,27.28,27.28,72804,0
20161129,27.28,27.4,27.2383,27.38,41348,0
20161130,27.33,27.3349,27.06,27.11,92248,0
20161201,27.11,27.11,26.75,26.81,112665,0
20161202,26.76,26.93,26.685,26.7,89211,0
20161205,26.7,26.71,26.57,26.57,60211,0
20161206,26.69,26.73,26.55,26.59,76247,0
20161207,26.59,26.8121,26.59,26.71,143564,0
20161208,26.54,26.8,26.54,26.6,128201,0
20161209,26.65,26.73,26.6,26.6,142372,0
20161212,26.46,26.61,26.45,26.5,90908,0
20161213,26.52,26.73,26.52,26.6699,109936,0
20161214,26.58,26.78,26.55,26.75,127493,0
20161215,26.74,26.84,26.53,26.84,152707,0
20161216,26.86,26.9599,26.75,26.9,71896,0
20161219,26.99,27.09,26.9201,27.07,86627,0
20161220,27.05,27.27,27.03,27.15,121538,0
20161221,27.25,27.45,27.17,27.24,80097,0
20161222,27.44,27.44,27.23,27.28,59889,0
20161223,27.34,27.4,27.26,27.33,70238,0
20161227,27.26,27.33,27.2,27.2,56876,0
20161228,27.16,27.23,27.0757,27.14,68988,0
20161229,27.13,27.26,27.095,27.12,41732,0
20161230,27.05,27.4,27.05,27.1,65107,0
20170103,27.09,27.57,27.09,27.4,40464,0
20170104,27.42,27.93,27.42,27.88,43708,0
20170105,27.99,28.3,27.57,27.9399,64701,0
20170106,27.74,27.98,27.74,27.85,75082,0
20170109,27.89,27.94,27.76,27.93,58107,0
20170110,27.9,28.12,27.88,27.99,144271,0
20170111,27.96,28.3,27.96,28.3,49355,0
20170112,28.27,28.37,28.18,28.34,42970,0
20170113,28.25,28.37,28.25,28.36,53591,0
20170117,28.29,28.44,28.27,28.44,63952,0
20170118,28.32,28.41,28.32,28.41,94286,0
20170119,28.31,28.42,28,28.42,206492,0
20170120,28.28,28.38,28.13,28.13,123946,0
20170123,28.13,28.56,28.13,28.54,44105,0
20170124,28.43,28.59,28.42,28.42,34019,0
20170125,28.33,28.39,28.2467,28.29,39110,0
20170126,28.38,28.47,28.21,28.43,30288,0
20170127,28.45,28.59,28.3654,28.59,31972,0
20170130,28.59,28.59,28.4,28.56,43208,0
20170131,28.5,28.64,28.5,28.62,36712,0
20170201,28.6,28.65,28.5,28.5,23385,0
20170202,28.62,28.71,28.48,28.71,29463,0
20170203,28.67,28.89,28.67,28.83,34462,0
20170206,28.83,28.97,28.828,28.9,39494,0
20170207,28.88,28.9781,28.83,28.9399,37515,0
20170208,28.89,28.98,28.85,28.9,101626,0
20170209,28.92,28.98,28.83,28.9,39942,0
20170210,28.8,28.8897,28.76,28.83,50229,0
20170213,28.91,29.02,28.9,28.9799,37107,0
20170214,28.94,29.11,28.79,29.11,32458,0
20170215,29.01,29.42,28.97,29.25,56861,0
20170216,29.12,29.4,29.12,29.38,42718,0
20170217,29.25,29.3246,29.23,29.23,23126,0
20170221,29.34,29.54,29.3,29.49,44797,0
20170222,29.41,29.66,29.41,29.59,41670,0
20170223,29.59,29.83,29.59,29.83,34339,0
20170224,29.35,29.52,29.35,29.49,22221,0
20170227,29.49,29.57,29.48,29.5,22887,0
20170228,29.43,29.6,29.41,29.42,68610,0
20170301,29.35,29.3519,29.18,29.25,50460,0
20170302,29.29,29.316,29.18,29.2,25553,0
20170303,29.16,29.3699,29.11,29.3096,25331,0
20170306,29.26,29.4,29.1801,29.35,95174,0
20170307,29.27,29.3599,29.1955,29.24,26096,0
20170308,29.07,29.09,28.71,28.73,87347,0
20170309,28.57,28.59,28.31,28.57,76562,0
20170310,28.58,28.64,28.3601,28.62,46670,0
20170313,28.62,28.62,28.32,28.38,35239,0
20170314,28.36,28.53,28.23,28.53,29076,0
20170315,28.45,28.82,28.45,28.82,26937,0
20170316,28.9,29.1082,28.82,28.86,65388,0
20170317,28.82,28.94,28.79,28.87,61076,0
20170320,28.92,28.92,28.73,28.77,43450,0
20170321,28.83,28.83,28.67,28.67,60721,0
20170322,28.67,28.94,28.66,28.93,81595,0
20170323,28.93,29.14,28.91,29.0988,27874,0
20170324,28.97,29.23,28.97,29.15,25528,0
20170327,29.02,29.0861,28.84,29.02,31699,0
20170328,28.94,29.0799,28.94,28.99,27779,0
20170329,29.05,29.1,28.91,29.05,29327,0
20170330,28.97,29.16,28.97,29.08,25858,0
20170331,29.08,29.19,29.05,29.19,32546,0
20170403,29.27,29.64,29.24,29.43,64312,0
20170404,29.38,29.51,29.38,29.4386,39629,0
20170405,29.45,29.52,29.33,29.3799,39858,0
20170406,29.38,29.48,29.23,29.47,81706,0
20170407,29.47,29.54,29.4382,29.5148,25471,0
20170410,29.6,29.635,29.5018,29.5433,27511,0
20170411,29.5,29.58,29.43,29.58,48237,0
20170412,29.51,29.56,29.47,29.47,57226,0
20170413,29.45,29.4959,29.4,29.45,32263,0
20170417,29.32,29.58,29.3,29.58,34550,0
20170418,29.39,29.58,29.39,29.46,40582,0
20170419,29.57,29.57,29.43,29.43,29830,0
20170420,29.5,29.57,29.37,29.54,18922,0
20170421,29.58,29.64,29.5,29.64,30337,0
20170424,29.75,29.78,29.68,29.68,22635,0
20170425,29.66,29.76,29.5,29.6901,61007,0
20170426,29.65,29.73,29.61,29.73,21619,0
20170427,29.72,29.88,29.6636,29.75,39982,0
20170428,29.88,29.9,29.8,29.89,58202,0
20170501,29.8,30.07,29.8,30.02,55432,0
20170502,30.01,30.28,29.981,30.11,30088,0
20170503,30.21,30.24,30.02,30.24,27015,0
20170504,30.13,30.23,30.06,30.06,30137,0
20170505,30.07,30.105,29.8,29.94,299504,0
20170508,30,30.1,29.9,30.02,36818,0
20170509,30.07,30.12,29.9,29.97,35399,0
20170510,29.97,30.19,29.93,30.1,31852,0
20170511,30.15,30.2,30.06,30.2,18940,0
20170512,30.11,30.26,30.11,30.19,36621,0
20170515,30.24,30.44,30.17,30.19,26017,0
20170516,30.19,30.43,30.19,30.26,55276,0
20170517,30.26,30.34,30.18,30.18,25728,0
20170518,30.16,30.29,30.03,30.06,97317,0
20170519,30.06,30.21,30.06,30.19,23435,0
20170522,30.15,30.44,30.15,30.34,26775,0
20170523,30.39,30.47,30.25,30.36,31592,0
20170524,30.38,30.43,30.35,30.4,50820,0
20170525,30.42,30.4499,30.38,30.38,85377,0
20170526,30.05,30.11,30.0489,30.07,27475,0
20170530,29.98,30.08,29.98,30.03,98124,0
20170531,30.1,30.1,29.92,29.92,41093,0
20170601,29.97,30.08,29.92,30.08,25211,0
20170602,30.05,30.09,30,30.05,123767,0
20170605,30.08,30.08,30.0201,30.07,25475,0
20170606,30.03,30.15,30.03,30.03,36891,0
20170607,30.03,30.09,29.88,29.97,35156,0
20170608,29.99,30.0216,29.88,29.98,51178,0
20170609,29.91,29.96,29.8,29.8,97204,0
20170612,29.87,29.87,29.74,29.82,19644,0
20170613,29.71,29.86,29.71,29.8135,27012,0
20170614,29.78,29.99,29.78,29.91,20613,0
20170615,29.94,29.98,29.85,29.85,23548,0
20170616,29.86,29.93,29.86,29.9,25182,0
20170619,29.98,30.03,29.91,30.03,19838,0
20170620,30.01,30.143,29.9801,30.09,64380,0
20170621,30.06,30.15,30.05,30.06,15850,0
20170622,30.12,30.19,30.0986,30.19,29373,0
20170623,30.09,30.38,30.09,30.3,50896,0
20170626,30.31,30.43,30.28,30.28,21777,0
20170627,30.34,30.4099,30.32,30.39,28947,0
20170628,30.31,30.3871,30.13,30.27,58506,0
20170629,30.22,30.23,30.03,30.17,26152,0
20170630,30.03,30.25,30.03,30.23,119227,0
20170703,30.11,30.38,30.11,30.3699,11118,0
20170705,30.22,30.38,30.21,30.31,38668,0
20170706,30.2,30.43,30.2,30.25,44436,0
20170707,30.25,30.45,30.25,30.42,38528,0
20170710,30.35,30.45,30.35,30.37,88637,0
20170711,30.35,30.375,30.21,30.28,43124,0
20170712,30.28,30.4711,30.28,30.42,30782,0
20170713,30.47,30.47,30.26,30.27,35502,0
20170714,30.3,30.36,30.23,30.26,87305,0
20170717,30.28,30.32,30.265,30.3,106307,0
20170718,30.23,30.279,30.17,30.18,141496,0
20170719,30.18,30.3,30.15,30.23,46936,0
20170720,30.27,30.29,30.14,30.14,48216,0
20170721,30.23,30.24,29.87,29.87,335166,0
20170724,29.89,29.97,29.87,29.94,80322,0
20170725,29.94,29.98,29.75,29.96,123891,0
20170726,29.97,29.97,29.85,29.89,27554,0
20170727,29.83,29.97,29.83,29.86,18028,0
20170728,29.85,29.95,29.85,29.95,22491,0
20170731,29.95,30.03,29.88,30.03,38125,0
20170801,30.03,30.05,29.96,30.02,23469,0
20170802,29.98,30.05,29.89,30.01,55041,0
20170803,29.96,30.0715,29.96,30.05,23540,0
20170804,30.07,30.07,29.91,29.9469,17207,0
20170807,29.95,29.989,29.88,29.88,37357,0
20170808,29.88,29.9,29.77,29.77,46628,0
20170809,29.74,29.819,29.54,29.62,83352,0
20170810,29.6,29.635,29.33,29.37,94247,0
20170811,29.42,29.59,29.3,29.59,64297,0
20170814,29.62,29.75,29.521,29.65,21633,0
20170815,29.65,29.6847,29.553,29.58,23521,0
20170816,29.58,29.68,29.537,29.56,25446,0
20170817,29.56,29.6599,29.4726,29.57,25605,0
20170818,29.54,29.71,29.47,29.56,31618,0
20170821,29.55,29.63,29.55,29.59,17979,0
20170822,29.59,29.69,29.5503,29.69,37744,0
20170823,29.64,29.6799,29.52,29.52,33198,0
20170824,29.56,29.67,29.53,29.53,24522,0
20170825,29.57,29.57,29.5,29.5,21515,0
20170828,29.51,29.5351,29.38,29.38,42101,0
20170829,29.05,29.0874,28.91,28.96,35851,0
20170830,28.94,29.05,28.72,28.84,216953,0
20170831,28.82,28.85,28.59,28.73,642902,0
20170901,28.76,28.8523,28.74,28.82,21160,0
20170905,28.84,29.03,28.84,28.93,303845,0
20170906,28.93,28.95,28.86,28.88,79486,0
20170907,28.93,28.94,28.81,28.88,151074,0
20170908,28.81,28.88,28.78,28.78,780382,0
20170911,28.86,28.86,28.81,28.83,42156,0
20170912,28.84,28.92,28.81,28.86,89138,0
20170913,28.86,28.93,28.83,28.85,51779,0
20170914,28.81,28.88,28.77,28.8,60083,0
20170915,28.82,28.88,28.71,28.88,73444,0
20170918,28.81,28.9,28.8,28.87,49116,0
20170919,28.82,28.94,28.82,28.9,40558,0
20170920,28.9,28.92,28.8,28.85,27405,0
20170921,28.84,28.9,28.8,28.8,77983,0
20170922,28.82,28.89,28.8,28.89,26685,0
20170925,28.88,28.97,28.81,28.97,34094,0
20170926,28.97,28.99,28.8998,28.93,18088,0
20170927,28.92,28.96,28.87,28.92,87901,0
20170928,28.91,28.95,28.87,28.95,74120,0
20170929,28.91,29,28.89,28.91,41290,0
20171002,29,29.03,28.92,29.01,35994,0
20171003,28.91,28.9761,28.8547,28.92,20256,0
20171004,28.84,28.9199,28.81,28.89,30245,0
20171005,28.83,29.01,28.83,28.97,34227,0
20171006,28.92,28.92,28.7101,28.84,29544,0
20171009,28.66,28.7519,28.66,28.67,44666,0
20171010,28.71,28.84,28.71,28.73,84474,0
20171011,28.75,28.758,28.67,28.73,62530,0
20171012,28.7,28.77,28.68,28.74,57384,0
20171013,28.76,28.86,28.76,28.86,30167,0
20171016,28.81,28.88,28.81,28.83,29544,0
20171017,28.86,28.87,28.745,28.81,48653,0
20171018,28.76,28.89,28.74,28.78,232695,0
20171019,28.75,28.83,28.75,28.82,49367,0
20171020,28.84,28.84,28.76,28.8,179747,0
20171023,28.78,28.88,28.78,28.879,161223,0
20171024,28.83,28.88,28.8,28.8,61100,0
20171025,28.76,28.84,28.65,28.68,31088,0
20171026,28.69,28.77,28.67,28.67,23788,0
20171027,28.7088,28.79,28.65,28.65,42088,0
20171030,28.73,28.77,28.47,28.47,188439,0
20171031,28.5674,28.7201,28.56,28.61,91739,0
20171101,28.66,28.75,28.6152,28.75,34634,0
20171102,28.7,28.92,28.7,28.92,95830,0
20171103,28.97,29.07,28.7801,29.07,31622,0
20171106,28.94,28.95,28.87,28.93,312012,0
20171107,28.92,28.98,28.8248,28.98,33156,0
20171108,28.86,28.9948,28.81,28.99,59159,0
20171109,28.95,28.99,28.72,28.87,80931,0
20171110,28.78,28.8,28.67,28.75,67641,0
20171113,28.75,28.8,28.71,28.79,184059,0
20171114,28.86,28.87,28.72,28.83,61009,0
20171115,28.83,28.83,28.61,28.69,74714,0
20171116,28.74,28.8,28.72,28.72,37044,0
20171117,28.8,28.96,28.77,28.93,69723,0
20171120,29,29.15,28.96,29.1,57102,0
20171121,29.13,29.17,29.05,29.09,34224,0
20171122,29.17,29.19,28.75,29.19,30018,0
20171124,29.26,29.34,29.1001,29.34,26218,0
20171127,29.25,29.34,29.21,29.21,49099,0
20171128,29.33,29.33,29.06,29.08,48251,0
20171129,28.73,28.73,28.34,28.47,112196,0
20171130,28.49,28.57,28.36,28.55,119252,0
20171201,28.55,28.7062,28.55,28.62,50255,0
20171204,28.65,28.7,28.5845,28.7,254688,0
20171205,28.69,28.7,28.61,28.69,79441,0
20171206,28.71,28.72,28.6521,28.67,148827,0
20171207,28.72,28.79,28.6752,28.72,71748,0
20171208,28.78,28.78,28.67,28.67,56790,0
20171211,28.67,28.76,28.65,28.65,88797,0
20171212,28.69,28.7,28.61,28.66,83365,0
20171213,28.66,28.66,28.44,28.57,110031,0
20171214,28.56,28.61,28.48,28.55,43317,0
20171215,28.56,28.64,28.56,28.61,49206,0
20171218,28.61,28.69,28.58,28.69,60051,0
20171219,28.75,28.75,28.58,28.69,42405,0
20171220,28.65,28.66,28.5732,28.62,39428,0
20171221,28.62,28.62,28.5182,28.54,48446,0
20171222,28.55,28.57,28.461,28.55,61099,0
20171226,28.58,28.58,28.38,28.41,43446,0
20171227,28.39,28.52,28.39,28.5,14359,0
20171228,28.42,28.57,28.37,28.39,89462,0
20171229,28.42,28.62,28.4,28.62,54491,0
20180102,28.68,28.68,28.38,28.43,78042,0
20180103,28.37,28.54,28.37,28.5,108595,0
20180104,28.49,28.53,28.41,28.41,52150,0
20180105,28.44,28.52,28.37,28.4883,47622,0
20180108,28.59,28.83,28.53,28.8,82318,0
20180109,28.84,28.84,28.62,28.8,37968,0
20180110,28.75,28.75,28.615,28.73,60480,0
20180111,28.73,28.76,28.62,28.76,35983,0
20180112,28.77,28.77,28.56,28.56,42129,0
20180116,28.52,28.8,28.4201,28.44,120369,0
20180117,28.41,28.48,28.28,28.31,62948,0
20180118,28.27,28.312,28.13,28.18,130039,0
20180119,28.07,28.32,27.96,27.96,138203,0
20180122,28,28.07,27.94,27.96,78149,0
20180123,27.98,28.21,27.87,28.15,75872,0
20180124,28.04,28.1399,28.04,28.12,78927,0
20180125,28.06,28.39,28.032,28.25,84114,0
20180126,28.25,28.38,28.22,28.32,62371,0
20180129,28.23,28.23,27.87,27.94,101228,0
20180130,27.82,27.97,27.67,27.96,64479,0
20180131,28.02,28.1477,27.91,28.12,57144,0
20180201,28.08,28.1202,27.872,27.9,100267,0
20180202,27.81,27.83,27.58,27.83,54589,0
20180205,27.61,27.6754,26.87,27.32,125601,0
20180206,27.2,27.446,27.15,27.39,169563,0
20180207,27.39,27.73,27.39,27.65,126369,0
20180208,27.64,27.64,27.48,27.55,59375,0
20180209,27.59,27.59,27.27,27.59,80116,0
20180212,27.55,27.65,27.48,27.54,97380,0
20180213,27.62,27.64,27.46,27.46,74854,0
20180214,27.45,27.475,27.4,27.43,40965,0
20180215,27.55,27.55,27.4762,27.53,32151,0
20180216,27.51,27.74,27.51,27.74,37292,0
20180220,27.68,27.72,27.5701,27.65,58503,0
20180221,27.65,27.79,27.63,27.76,252618,0
20180222,27.72,27.84,27.72,27.78,133602,0
20180223,27.9,27.9399,27.76,27.89,157353,0
20180226,27.93,28.09,27.93,28.05,183890,0
20180227,27.68,27.77,27.63,27.68,139279,0
20180228,27.58,27.71,27.58,27.67,75968,0
20180301,27.64,27.7099,27.56,27.7,112813,0
20180302,27.68,27.7,27.52,27.7,70083,0
20180305,27.65,27.77,27.53,27.76,87932,0
20180306,27.72,27.81,27.72,27.77,65988,0
20180307,27.85,27.85,27.701,27.72,49427,0
20180308,27.77,27.9,27.71,27.89,53548,0
20180309,27.86,27.88,27.76,27.83,122971,0
20180312,27.82,27.82,27.66,27.7,53790,0
20180313,27.78,27.8,27.61,27.8,24583,0
20180314,27.78,27.94,27.7429,27.91,37470,0
20180315,27.95,27.96,27.9028,27.96,45068,0
20180316,27.94,28.04,27.9361,28,53636,0
20180319,27.95,28.02,27.9,27.97,41556,0
20180320,27.93,27.955,27.87,27.89,20686,0
20180321,27.82,27.9,27.8,27.8878,17933,0
20180322,27.81,27.9,27.81,27.85,17830,0
20180323,27.88,27.88,27.74,27.79,27788,0
20180326,27.79,27.89,27.6901,27.89,50706,0
20180327,27.89,27.96,27.8186,27.94,43047,0
20180328,27.94,27.95,27.85,27.93,32618,0
20180329,27.93,27.93,27.85,27.93,45878,0
20180402,27.97,27.99,27.85,27.97,66002,0
20180403,27.99,27.99,27.7,27.82,43836,0
20180404,27.61,27.82,27.61,27.82,31864,0
20180405,27.79,27.82,27.63,27.73,40156,0
20180406,27.73,27.74,27.61,27.74,17761,0
20180409,27.75,27.78,27.68,27.68,68449,0
20180410,27.75,27.75,27.68,27.74,48760,0
20180411,27.68,27.722,27.58,27.58,51474,0
20180412,27.61,27.61,27.45,27.5,41495,0
20180413,27.45,27.49,27.35,27.49,52335,0
20180416,27.52,27.58,27.41,27.52,46318,0
20180417,27.53,27.61,27.495,27.58,94353,0
20180418,27.52,27.6173,27.51,27.56,40807,0
20180419,27.55,27.55,27.46,27.53,32740,0
20180420,27.48,27.7,27.47,27.65,60401,0
20180423,27.53,27.6523,27.5,27.57,31815,0
20180424,27.67,27.67,27.32,27.37,39057,0
20180425,27.39,27.39,27.21,27.33,27073,0
20180426,27.46,27.46,27.24,27.32,47290,0
20180427,27.27,27.41,27.27,27.32,30866,0
20180430,27.48,27.49,27.3022,27.4,37302,0
20180501,27.36,27.65,27.36,27.62,41367,0
20180502,27.65,27.65,27.53,27.59,25782,0
20180503,27.53,27.7,27.53,27.687,51222,0
20180504,27.7,27.79,27.656,27.71,48569,0
20180507,27.65,27.75,27.63,27.68,26195,0
20180508,27.65,27.7034,27.59,27.59,24039,0
20180509,27.56,27.6,27.48,27.48,40247,0
20180510,27.49,27.5899,27.46,27.47,38060,0
20180511,27.41,27.5,27.33,27.5,98351,0
20180514,27.54,27.59,27.44,27.44,40774,0
20180515,27.43,27.57,27.3548,27.49,40086,0
20180516,27.48,27.62,27.4,27.62,53913,0
20180517,27.53,27.61,27.45,27.55,246080,0
20180518,27.53,27.6,27.5,27.55,50105,0
20180521,27.62,27.69,27.5508,27.6,38275,0
20180522,27.67,27.7087,27.57,27.68,41095,0
20180523,27.62,27.71,27.62,27.65,62698,0
20180524,27.69,27.95,27.66,27.95,64067,0
20180525,27.92,28.0798,27.8801,27.92,32924,0
20180529,27.98,27.98,27.825,27.93,41266,0
20180530,27.55,27.6031,27.45,27.46,113084,0
20180531,27.54,27.54,27.38,27.47,41158,0
20180601,27.6,27.6,27.43,27.5,55552,0
20180604,27.52,27.5464,27.38,27.41,128382,0
20180605,27.41,27.46,27.4,27.44,104900,0
20180606,27.47,27.56,27.4221,27.49,57192,0
20180607,27.46,27.49,27.44,27.44,37341,0
20180608,27.53,27.53,27.4654,27.48,82715,0
20180611,27.53,27.53,27.4301,27.48,33470,0
20180612,27.49,27.49,27.4366,27.48,19289,0
20180613,27.53,27.53,27.47,27.48,34309,0
20180614,27.5,27.5,27.48,27.48,38929,0
20180615,27.59,27.59,27.48,27.48,56578,0
20180618,27.48,27.5,27.45,27.5,60307,0
20180619,27.52,27.52,27.4701,27.49,31568,0
20180620,27.47,27.4938,27.42,27.45,48569,0
20180621,27.42,27.49,27.3888,27.49,38285,0
20180622,27.42,27.56,27.42,27.55,62954,0
20180625,27.52,27.58,27.4632,27.47,230582,0
20180626,27.46,27.52,27.46,27.52,48109,0
20180627,27.48,27.52,27.47,27.49,41453,0
20180628,27.47,27.52,27.47,27.49,85949,0
20180629,27.58,27.6,27.47,27.5,64674,0
20180702,27.51,27.73,27.45,27.5,206322,0
20180703,27.57,27.66,27.55,27.58,31609,0
20180705,27.61,27.65,27.59,27.6,46341,0
20180706,27.64,27.71,27.59,27.61,186522,0
20180709,27.64,27.66,27.56,27.61,63282,0
20180710,27.57,27.59,27.5,27.54,111979,0
20180711,27.53,27.54,27.47,27.47,49943,0
20180712,27.53,27.53,27.4,27.52,69326,0
20180713,27.48,27.48,27.36,27.47,62099,0
20180716,27.44,27.48,27.38,27.41,68499,0
20180717,27.39,27.47,27.36,27.43,33873,0
20180718,27.42,27.52,27.3962,27.43,42568,0
20180719,27.46,27.4799,27.36,27.42,34827,0
20180720,27.48,27.6,27.3901,27.6,65796,0
20180723,27.56,27.59,27.5,27.51,36761,0
20180724,27.44,27.77,27.44,27.59,66615,0
20180725,27.64,27.74,27.52,27.52,40797,0
20180726,27.54,27.61,27.4,27.4,61230,0
20180727,27.42,27.479,27.4001,27.4515,34537,0
20180730,27.48,27.53,27.38,27.43,47065,0
20180731,27.39,27.57,27.39,27.48,61897,0
20180801,27.47,27.48,27.33,27.39,41398,0
20180802,27.41,27.49,27.3772,27.49,44746,0
20180803,27.49,27.57,27.431,27.47,21602,0
20180806,27.53,27.56,27.4807,27.53,65903,0
20180807,27.58,27.5992,27.5,27.53,435985,0
20180808,27.53,27.53,27.5,27.53,46460,0
20180809,27.53,27.56,27.52,27.55,43370,0
20180810,27.59,27.59,27.46,27.55,92011,0
20180813,27.55,27.59,27.5,27.5,24120,0
20180814,27.56,27.56,27.47,27.47,41839,0
20180815,27.53,27.58,27.5,27.58,117854,0
20180816,27.59,27.65,27.54,27.561,28684,0
20180817,27.6,27.63,27.5547,27.63,30221,0
20180820,27.65,27.699,27.6027,27.64,42833,0
20180821,27.67,27.8,27.643,27.8,117879,0
20180822,27.82,28.0316,27.7555,28,43251,0
20180823,28,28.0196,27.83,28,45183,0
20180824,28.01,28.01,27.78,27.87,85808,0
20180827,27.9,27.9,27.77,27.78,36287,0
20180828,27.78,27.829,27.75,27.81,33835,0
20180829,27.86,27.95,27.82,27.86,93065,0
20180830,27.56,27.59,27.49,27.55,45170,0
20180831,27.56,27.6,27.51,27.51,34064,0
20180904,27.55,27.55,27.43,27.45,52457,0
20180905,27.48,27.55,27.33,27.48,46747,0
20180906,27.51,27.51,27.35,27.47,311776,0
20180907,27.44,27.44,27.27,27.39,42541,0
20180910,27.39,27.52,27.3201,27.5,28602,0
20180911,27.5,27.56,27.4601,27.4701,57979,0
20180912,27.56,27.56,27.43,27.51,31288,0
20180913,27.52,27.52,27.46,27.5,38371,0
20180914,27.42,27.5,27.3533,27.5,39139,0
20180917,27.5,27.53,27.47,27.53,47532,0
20180918,27.51,27.65,27.5,27.64,52027,0
20180919,27.62,27.66,27.5,27.58,76634,0
20180920,27.58,27.58,27.52,27.54,31478,0
20180921,27.52,27.57,27.46,27.46,44896,0
20180924,27.47,27.62,27.47,27.62,51330,0
20180925,27.62,27.62,27.4466,27.58,54966,0
20180926,27.51,27.6,27.51,27.51,37513,0
20180927,27.57,27.59,27.43,27.45,39803,0
20180928,27.52,27.69,27.45,27.64,71949,0
20181001,27.64,27.64,27.41,27.52,70032,0
20181002,27.56,27.61,27.47,27.49,59295,0
20181003,27.45,27.52,27.19,27.36,66371,0
20181004,27.22,27.2396,27,27.13,72817,0
20181005,27.07,27.14,26.94,27.14,44768,0
20181008,27.11,27.16,26.95,27.16,34605,0
20181009,27.15,27.3,27.0836,27.22,40826,0
20181010,27.15,27.19,27.02,27.18,45682,0
20181011,27.18,27.3,27.09,27.21,36313,0
20181012,27.22,27.232,27.06,27.08,44981,0
20181015,27.15,27.15,27,27.04,22492,0
20181016,27.14,27.37,27.1245,27.27,113348,0
20181017,27.28,27.36,27.21,27.35,65392,0
20181018,27.3,27.48,27.29,27.48,52063,0
20181019,27.45,28.2,27.35,28.2,248533,0
20181022,27.9,27.93,27.6,27.87,91840,0
20181023,27.79,27.87,27.68,27.82,77158,0
20181024,27.84,27.84,27.69,27.76,58769,0
20181025,27.7,27.79,27.6501,27.79,33321,0
20181026,27.72,27.729,27.525,27.59,57034,0
20181029,27.7,27.7,27.55,27.57,23222,0
20181030,27.63,27.66,27.3957,27.41,70680,0
20181031,27.5,27.57,27.39,27.51,63029,0
20181101,27.45,27.5143,27.38,27.41,51013,0
20181102,27.49,27.49,27.24,27.24,23647,0
20181105,27.25,27.36,27.245,27.35,28519,0
20181106,27.35,27.3999,27.28,27.31,26848,0
20181107,27.43,27.43,27.28,27.28,68149,0
20181108,27.29,27.36,27.23,27.34,39501,0
20181109,27.3,27.42,27.27,27.42,28636,0
20181112,27.42,27.42,27.3,27.31,32966,0
20181113,27.29,27.42,27.28,27.38,30757,0
20181114,27.34,27.46,27.26,27.27,32217,0
20181115,27.27,27.328,27.04,27.08,39952,0
20181116,27.07,27.17,27.04,27.09,56082,0
20181119,27.11,27.1633,26.94,26.98,43614,0
20181120,26.89,26.95,26.79,26.83,56465,0
20181121,26.89,26.99,26.8699,26.93,38129,0
20181123,26.85,27.02,26.85,26.99,17511,0
20181126,27.07,27.07,26.8501,26.91,47499,0
20181127,26.91,26.98,26.86,26.93,26875,0
20181128,26.94,27.0135,26.87,26.94,50282,0
20181129,26.57,26.6198,26.23,26.24,77161,0
20181130,26.3,26.3219,26.09,26.11,112817,0
20181203,26.22,26.25,25.965,26,84225,0
20181204,26.06,26.06,25.8,25.89,235936,0
20181206,25.76,26.0061,25.6701,26,122984,0
20181207,25.89,26.1,25.86,26.09,103109,0
20181210,26.07,26.22,25.97,26.14,118524,0
20181211,26.29,26.36,26.1,26.13,199003,0
20181212,26.26,26.2699,26.13,26.15,80389,0
20181213,26.13,26.19,26.04,26.14,67305,0
20181214,26.03,26.14,25.93,26.14,73786,0
20181217,26.07,26.15,25.76,26.07,126231,0
20181218,25.95,26.12,25.87,26.07,183052,0
20181219,25.91,26.14,25.86,25.86,122960,0
20181220,25.85,26.07,25.5595,25.69,107224,0
20181221,25.53,25.85,25.51,25.7,156640,0
20181224,25.5,25.655,25.28,25.52,125180,0
20181226,25.52,25.7,25.4963,25.69,110843,0
20181227,25.55,25.78,25.411,25.78,158183,0
20181228,25.78,25.99,25.56,25.91,173287,0
20181231,25.96,26.28,25.91,26.28,111734,0
20190102,26.05,26.47,26.03,26.44,81313,0
20190103,26.33,26.545,26.3,26.47,58206,0
20190104,26.52,26.88,26.46,26.77,115254,0
20190107,26.87,26.93,26.71,26.85,60255,0
20190108,26.89,26.89,26.57,26.8,43814,0
20190109,26.78,26.8,26.64,26.7,54207,0
20190110,26.58,26.83,26.56,26.72,76015,0
20190111,26.67,27.01,26.67,27.01,175989,0
20190114,26.94,27.04,26.7449,27.01,104900,0
20190115,27.01,27.05,26.89,27.02,104591,0
20190116,27.07,27.07,26.81,26.93,64053,0
20190117,26.97,27.03,26.8597,27,76304,0
20190118,26.98,27.55,26.92,27.34,185099,0
20190122,27.26,27.32,27.16,27.29,211197,0
20190123,27.3,27.3195,27.2,27.24,74600,0
20190124,27.26,27.4,27.21,27.32,97027,0
20190125,27.39,27.49,27.3372,27.49,52072,0
20190128,27.43,27.76,27.3,27.6,136879,0
20190129,27.71,27.71,27.52,27.54,64766,0
20190130,27.55,27.78,27.55,27.63,72999,0
20190131,27.68,27.81,27.54,27.79,79140,0
20190201,27.8,27.8,27.641,27.74,48476,0
20190204,27.75,27.79,27.5714,27.79,27289,0
20190205,27.79,27.965,27.7487,27.92,53748,0
20190206,27.8,27.94,27.7,27.7,33941,0
20190207,27.66,27.7751,27.546,27.64,46208,0
20190208,27.64,27.73,27.425,27.53,65403,0
20190211,27.62,27.78,27.5287,27.62,48317,0
20190212,27.69,27.83,27.61,27.63,58526,0
20190213,27.81,27.83,27.7222,27.82,35259,0
20190214,27.82,27.9,27.78,27.85,44113,0
20190215,27.94,28.05,27.84,28.02,40536,0
20190219,28.08,28.09,27.92,27.92,44613,0
20190220,27.98,27.9801,27.87,27.96,74189,0
20190221,27.98,27.98,27.85,27.96,41861,0
20190222,27.9,27.99,27.9,27.93,37553,0
20190225,27.91,28.09,27.91,28.04,49099,0
20190226,28.06,28.1075,27.93,27.96,68614,0
20190227,27.66,27.73,27.48,27.5,77834,0
20190228,27.61,27.61,27.09,27.5,202195,0
20190301,27.56,27.78,27.485,27.71,179909,0
20190304,27.84,27.84,27.5674,27.74,65548,0
20190305,27.7,27.89,27.67,27.89,103345,0
20190306,27.94,28.02,27.8,28.01,53187,0
20190307,28.01,28.01,27.68,27.72,202474,0
20190308,27.62,27.78,27.5409,27.68,77720,0
20190311,27.66,27.7789,27.66,27.68,88313,0
20190312,27.68,27.8599,27.68,27.76,44289,0
20190313,27.79,27.8843,27.7764,27.78,35127,0
20190314,27.79,27.99,27.79,27.91,27171,0
20190315,28.02,28.06,27.92,27.92,62241,0
20190318,27.99,28.0488,27.84,27.84,76388,0
20190319,27.87,28,27.77,27.8,72665,0
20190320,27.78,27.81,27.63,27.8,47737,0
20190321,27.82,27.88,27.71,27.78,101005,0
20190322,27.78,27.8387,27.69,27.81,28883,0
20190325,27.73,27.79,27.56,27.67,39115,0
20190326,27.71,27.72,27.4856,27.72,150238,0
20190327,27.68,27.72,27.49,27.53,66975,0
20190328,27.6,27.6,27.34,27.39,67161,0
20190329,27.51,27.66,27.3,27.63,228625,0
20190401,27.89,27.89,27.609,27.75,68536,0
20190402,27.68,27.86,27.66,27.85,43065,0
20190403,27.81,28.071,27.81,28.01,66097,0
20190404,28.15,28.22,28,28,165900,0
20190405,27.97,28.0929,27.9613,28.08,26822,0
20190408,28.06,28.0899,27.93,27.93,32696,0
20190409,27.96,27.96,27.85,27.85,49264,0
20190410,27.91,28.02,27.79,27.81,79654,0
20190411,27.82,27.9432,27.81,27.89,32570,0
20190412,27.96,27.98,27.88,27.98,23182,0
20190415,27.96,28.02,27.89,27.89,82861,0
20190416,27.96,28.03,27.91,27.93,82525,0
20190417,27.98,27.98,27.89,27.89,54885,0
20190418,27.91,27.9297,27.76,27.81,71103,0
20190422,27.77,27.85,27.63,27.64,53378,0
20190423,27.64,27.78,27.6322,27.65,129431,0
20190424,27.69,27.735,27.61,27.61,56091,0
20190425,27.69,27.69,27.5294,27.67,47366,0
20190426,27.66,27.66,27.41,27.45,88404,0
20190429,27.58,27.67,27.5,27.57,58274,0
20190430,27.61,27.87,27.55,27.87,209009,0
20190501,27.92,27.92,27.7773,27.91,27898,0
20190502,27.9,28.11,27.9,28.06,107685,0
20190503,28.12,28.12,28,28.06,22782,0
20190506,27.95,28.09,27.93,28.09,46590,0
20190507,28,28.095,28,28.06,49146,0
20190508,28.04,28.1,28,28.08,31655,0
20190509,28.02,28.18,27.9208,28.17,35343,0
20190510,28.16,28.24,28.11,28.22,44755,0
20190513,28.15,28.23,28.05,28.19,55424,0
20190514,28.19,28.31,28.16,28.31,55170,0
20190515,28.2,28.355,28.16,28.35,29773,0
20190516,28.36,28.52,28.3312,28.51,40927,0
20190517,28.5,28.5,28.33,28.45,31280,0
20190520,28.37,28.45,28.2,28.25,49781,0
20190521,28.3,28.37,28.23,28.32,28706,0
20190522,28.35,28.4,28.27,28.31,62767,0
20190523,28.33,28.43,28.28,28.39,30271,0
20190524,28.44,28.55,28.4341,28.47,28676,0
20190528,28.47,28.53,28.38,28.41,80099,0
20190529,28.41,28.48,28.32,28.32,38253,0
20190530,27.91,28.03,27.91,27.93,33566,0
20190531,27.93,28.07,27.898,28.07,68130,0
20190603,28.01,28.13,27.9961,28.03,33327,0
20190604,28.11,28.1894,28.0191,28.04,151059,0
20190605,28.09,28.18,28.02,28.03,44158,0
20190606,28.08,28.12,27.93,27.97,48722,0
20190607,28.04,28.2,28.03,28.16,23397,0
20190610,28.17,28.29,28.11,28.11,32284,0
20190611,28.23,28.28,28.11,28.11,32410,0
20190612,28.14,28.14,27.97,27.99,27306,0
20190613,28.07,28.23,28.07,28.22,43966,0
20190614,28.21,28.4,28.0912,28.39,30818,0
20190617,28.43,28.5436,28.4033,28.5027,42949,0
20190618,28.53,28.73,28.47,28.71,51555,0
20190619,28.71,28.9,28.54,28.69,227784,0
20190620,28.71,28.73,28.57,28.61,94838,0
20190621,28.7,28.72,28.59,28.59,41381,0
20190624,28.63,28.63,28.52,28.6,33840,0
20190625,28.61,28.61,28.5203,28.5499,40367,0
20190626,28.52,28.5762,28.38,28.38,45298,0
20190627,28.38,28.485,28.13,28.14,161820,0
20190628,28.24,28.33,28.11,28.33,158569,0
20190701,28.33,28.34,28.17,28.28,27055,0
20190702,28.27,28.4796,28.2396,28.47,27771,0
20190703,28.35,28.62,28.35,28.55,38783,0
20190705,28.55,28.55,28.4,28.45,26421,0
20190708,28.47,28.51,28.41,28.4895,30056,0
20190709,28.42,28.6,28.42,28.57,30647,0
20190710,28.62,28.82,28.5903,28.66,99396,0
20190711,28.75,28.8677,28.6754,28.83,52052,0
20190712,28.82,28.8224,28.64,28.73,78423,0
20190715,28.78,28.82,28.68,28.8,19494,0
20190716,28.82,28.8384,28.72,28.82,32204,0
20190717,28.75,29.03,28.75,28.97,47356,0
20190718,28.97,29.07,28.88,28.88,45568,0
20190719,28.97,29.0285,28.86,29,33795,0
20190722,29,29.18,28.95,29.18,57454,0
20190723,29.15,29.27,29.0249,29.18,56932,0
20190724,29.24,29.44,29.17,29.35,35824,0
20190725,29.4,29.4,29.08,29.09,60703,0
20190726,29.16,29.23,29.0811,29.14,25717,0
20190729,29.08,29.28,29.08,29.16,54430,0
20190730,29.16,29.16,28.82,28.83,182350,0
20190731,28.8,28.81,28.49,28.62,331824,0
20190801,28.68,28.9,28.63,28.69,97053,0
20190802,28.66,28.76,28.6,28.66,120683,0
20190805,28.65,28.76,28.33,28.4335,28700,0
20190806,28.51,28.62,28.34,28.617,49061,0
20190807,28.52,28.6829,28.44,28.45,27559,0
20190808,28.51,28.61,28.51,28.54,38273,0
20190809,28.59,28.7,28.44,28.47,97721,0
20190812,28.51,28.57,28.49,28.57,22321,0
20190813,28.56,28.68,28.52,28.6,99956,0
20190814,28.57,28.7043,28.51,28.59,77881,0
20190815,28.63,28.78,28.6,28.73,39874,0
20190816,28.74,28.78,28.6,28.6,49460,0
20190819,28.68,28.684,28.47,28.49,76312,0
20190820,28.51,28.5862,28.46,28.46,39679,0
20190821,28.55,28.64,28.54,28.55,31386,0
20190822,28.64,28.69,28.5808,28.67,41477,0
20190823,28.67,28.74,28.49,28.49,42080,0
20190826,28.54,28.6285,28.32,28.37,58562,0
20190827,28.42,28.4384,28.26,28.39,73166,0
20190828,28.39,28.401,28.23,28.3,52372,0
20190829,28.02,28.03,27.67,27.7,69805,0
20190830,27.79,27.91,27.73,27.89,515841,0
20190903,27.92,27.96,27.8306,27.85,95551,0
20190904,27.94,27.953,27.82,27.85,164988,0
20190905,27.91,27.917,27.85,27.88,51496,0
20190906,27.89,27.96,27.87,27.88,64281,0
20190909,27.96,27.96,27.81,27.88,66985,0
20190910,27.88,27.88,27.68,27.7,77951,0
20190911,27.77,27.81,27.58,27.77,315127,0
20190912,27.78,27.84,27.51,27.79,162104,0
20190913,27.79,27.7994,27.42,27.57,96918,0
20190916,27.63,27.6347,27.45,27.52,254820,0
20190917,27.52,27.62,27.47,27.62,237629,0
20190918,27.67,27.7,27.6264,27.69,195194,0
20190919,27.7,27.88,27.7,27.88,395952,0
20190920,27.87,28.02,27.87,28.01,126663,0
20190923,28.01,28.15,27.9788,28.12,200602,0
20190924,28.12,28.17,28.02,28.1,60503,0
20190925,28.11,28.11,27.9932,28.09,52645,0
20190926,28.09,28.1195,27.96,28.02,76501,0
20190927,28.03,28.06,27.9,28.05,84734,0
20190930,28.02,28.04,27.78,27.91,659589,0
20191001,27.96,28.07,27.95,28.05,74890,0
20191002,28.04,28.075,27.86,28.05,54290,0
20191003,28.06,28.18,28.0115,28.15,83172,0
20191004,28.15,28.3,28.1101,28.3,62647,0
20191007,28.33,28.45,28.11,28.45,79427,0
20191008,28.44,28.49,28.34,28.39,61969,0
20191009,28.46,28.569,28.38,28.44,59044,0
20191010,28.49,28.61,28.4235,28.59,65498,0
20191011,28.59,28.72,28.4925,28.7,44296,0
20191014,28.7,28.79,28.6,28.75,34587,0
20191015,28.79,28.95,28.64,28.64,73605,0
20191016,28.74,28.93,28.71,28.91,63457,0
20191017,28.93,28.93,28.76,28.77,39511,0
20191018,28.84,28.8461,28.57,28.58,79132,0
20191021,28.63,28.7,28.44,28.49,91573,0
20191022,28.57,28.64,28.48,28.64,59992,0
20191023,28.64,28.69,28.5503,28.66,41870,0
20191024,28.69,28.82,28.6797,28.71,42073,0
20191025,28.77,28.8,28.7003,28.79,27987,0
20191028,28.8,28.81,28.6956,28.77,30866,0
20191029,28.77,28.79,28.7,28.79,40789,0
20191030,28.79,28.91,28.69,28.91,67058,0
20191031,28.86,29.04,28.795,28.87,346647,0
20191101,28.98,28.98,28.8,28.8,34761,0
20191104,28.93,28.93,28.85,28.92,23521,0
20191105,28.9,28.92,28.82,28.88,40787,0
20191106,28.88,28.9,28.74,28.74,42345,0
20191107,28.74,28.7591,28.55,28.58,44446,0
20191108,28.65,28.8,28.62,28.77,24754,0
20191111,28.77,28.87,28.74,28.86,18115,0
20191112,28.86,29.0081,28.7509,28.9812,28551,0
20191113,29.02,29.165,28.8127,29.02,40919,0
20191114,29.11,29.1594,29,29.14,46044,0
20191115,29.02,29.14,28.9462,29.01,27117,0
20191118,28.95,29.05,28.88,28.99,56732,0
20191119,28.96,29.0191,28.83,28.89,57720,0
20191120,28.88,28.9187,28.82,28.91,52333,0
20191121,28.96,28.98,28.8883,28.94,26369,0
20191122,28.99,29.08,28.9316,29.08,25737,0
20191125,29.02,29.08,28.979,29.08,16517,0
20191126,29.03,29.22,29.03,29.18,25208,0
20191127,28.81,28.85,28.68,28.79,27612,0
20191129,28.66,28.86,28.66,28.79,42842,0
20191202,28.64,28.79,28.5412,28.76,31408,0
20191203,28.7,28.87,28.63,28.73,53573,0
20191204,28.78,28.84,28.7,28.76,31192,0
20191205,28.72,28.75,28.56,28.56,38812,0
20191206,28.53,28.7,28.4882,28.54,33994,0
20191209,28.55,28.69,28.51,28.56,35798,0
20191210,28.52,28.7,28.49,28.67,53677,0
20191211,28.58,28.78,28.58,28.78,20292,0
20191212,28.78,28.78,28.57,28.62,53668,0
20191213,28.64,28.68,28.56,28.62,76961,0
20191216,28.77,28.7799,28.62,28.65,40937,0
20191217,28.69,28.765,28.61,28.64,58596,0
20191218,28.64,28.74,28.63,28.74,63621,0
20191219,28.65,28.7088,28.61,28.69,63816,0
20191220,28.65,28.72,28.64,28.65,56730,0
20191223,28.73,28.7367,28.65,28.66,85145,0
20191224,28.69,28.75,28.66,28.715,18257,0
20191226,28.74,28.77,28.66,28.66,28018,0
20191227,28.73,28.76,28.68,28.76,48348,0
20191230,28.76,28.76,28.66,28.69,20787,0
20191231,28.74,28.91,28.6866,28.83,94912,0
20200102,28.83,29.03,28.83,29.03,72897,0
20200103,28.94,29.17,28.94,29.12,43240,0
20200106,29.15,29.2,29.05,29.05,45555,0
20200107,29.1,29.1191,28.79,28.79,71953,0
20200108,28.9,29.03,28.81,28.81,62485,0
20200109,28.94,28.94,28.8312,28.88,39312,0
20200110,28.89,28.94,28.82,28.88,53978,0
20200113,28.96,28.97,28.87,28.96,37775,0
20200114,28.97,28.97,28.85,28.9,53341,0
20200115,28.86,28.95,28.8,28.91,64528,0
20200116,28.85,28.879,28.7737,28.81,90600,0
20200117,28.9,28.93,28.75,28.89,34140,0
20200121,28.89,28.89,28.84,28.84,45356,0
20200122,28.81,28.88,28.68,28.8,50376,0
20200123,28.84,28.8685,28.7582,28.8,45955,0
