Date,Open,High,Low,Close,Volume,OpenInt
20140613,48.166,48.166,48.166,48.166,126,0
20140618,48.416,48.416,48.277,48.416,363,0
20140625,47.996,47.996,47.996,47.996,126,0
20140626,47.979,48.346,47.979,48.346,3880,0
20140710,48.099,48.099,48.099,48.099,333,0
20140717,48.515,48.515,48.379,48.515,702,0
20140729,48.523,48.523,48.523,48.523,250,0
20140815,47.293,47.293,47.293,47.293,1251,0
20140819,47.691,47.691,47.691,47.691,855,0
20140825,48.076,48.076,48.066,48.066,2519,0
20140826,47.771,47.771,47.699,47.739,14647,0
20140827,47.94,47.94,47.9,47.907,2129,0
20140902,47.748,47.756,47.683,47.739,8261,0
20140903,48.057,48.057,47.979,47.979,2003,0
20140904,47.709,47.709,47.637,47.637,1752,0
20140908,47.637,47.637,47.637,47.637,22,0
20140912,46.894,46.908,46.852,46.9,7783,0
20140915,46.773,46.812,46.75,46.812,2877,0
20140916,47.077,47.077,47.004,47.022,9637,0
20140918,47.268,47.268,47.268,47.268,255,0
20140919,47.486,47.486,47.486,47.486,127,0
20140922,47.022,47.069,46.981,47.029,16396,0
20140924,46.422,46.422,46.34,46.34,751,0
20140926,45.933,46.061,45.933,45.933,404,0
20141002,44.735,44.735,44.735,44.735,1252,0
20141009,43.983,44.648,43.983,43.983,388,0
20141010,43.577,43.577,43.577,43.577,218,0
20141014,43.328,43.954,43.194,43.194,1653,0
20141103,44.431,44.431,44.431,44.431,268,0
20141110,44.775,44.775,44.775,44.775,216,0
20141121,45.272,45.311,45.262,45.262,8261,0
20141210,44.255,44.255,44.255,44.255,250,0
20141218,43.664,44.16,43.664,44.136,1532,0
20141222,44.771,44.771,44.755,44.755,1586,0
20141223,44.633,44.633,44.527,44.527,623,0
20141226,45.015,45.015,44.944,44.944,337,0
20141231,44.405,44.405,44.243,44.243,742,0
20150107,42.461,42.461,42.461,42.461,241,0
20150113,42.958,42.958,42.958,42.958,143,0
20150114,42.689,42.689,42.689,42.689,342,0
20150130,44.478,44.478,44.478,44.478,648,0
20150202,44.715,44.715,44.715,44.715,123,0
20150209,45.284,45.284,45.284,45.284,126,0
20150211,45.381,45.381,45.34,45.358,1843,0
20150212,45.991,45.991,45.991,45.991,123,0
20150213,46.185,46.185,46.185,46.185,352,0
20150219,46.447,46.447,46.447,46.447,170,0
20150223,46.568,46.665,46.568,46.568,742,0
20150224,46.762,46.852,46.756,46.756,1726,0
20150302,46.731,46.731,46.56,46.65,3691,0
20150303,46.325,46.325,46.325,46.325,1597,0
20150305,46.438,46.438,46.438,46.438,246,0
20150306,45.527,45.527,45.527,45.527,368,0
20150310,45.527,45.527,45.527,45.527,123,0
20150312,45.527,45.527,45.527,45.527,123,0
20150313,43.91,43.919,43.91,43.919,1597,0
20150316,43.919,43.919,43.919,43.919,123,0
20150318,43.919,43.919,43.919,43.919,123,0
20150320,43.919,43.919,43.919,43.919,123,0
20150323,43.919,43.919,43.919,43.919,123,0
20150325,45.837,45.851,45.837,45.837,1476,0
20150326,45.537,45.537,45.537,45.537,123,0
20150327,45.537,45.537,45.537,45.537,123,0
20150330,45.178,45.358,45.178,45.35,194713,0
20150331,44.349,44.868,44.349,44.868,75155,0
20150401,44.623,44.698,44.623,44.698,246,0
20150402,44.698,44.698,44.698,44.698,123,0
20150406,44.698,44.698,44.698,44.698,123,0
20150407,45.642,45.642,45.642,45.642,3206,0
20150408,45.666,45.764,45.666,45.764,6273,0
20150409,45.732,45.732,45.732,45.732,1482,0
20150410,45.732,45.732,45.732,45.732,123,0
20150413,45.829,45.829,45.829,45.829,246,0
20150414,45.829,45.829,45.829,45.829,123,0
20150415,45.829,45.829,45.829,45.829,61,0
20150416,46.748,46.772,46.748,46.772,418,0
20150417,46.772,46.772,46.772,46.772,123,0
20150420,46.316,46.316,46.316,46.316,167,0
20150421,46.316,46.316,46.316,46.316,130,0
20150422,46.682,46.682,46.682,46.682,246,0
20150424,46.682,46.682,46.682,46.682,123,0
20150427,47.479,47.479,47.479,47.479,123,0
20150429,47.46,47.46,47.46,47.46,246,0
20150504,47.46,47.46,47.46,47.46,123,0
20150505,47.46,47.46,47.46,47.46,123,0
20150506,47.46,47.46,47.46,47.46,6,0
20150507,47.46,47.46,47.46,47.46,3,0
20150511,48.242,48.242,47.934,48.169,1106,0
20150512,48.169,48.169,48.169,48.169,151,0
20150514,48.471,48.479,48.471,48.479,1352,0
20150519,48.008,48.008,48.008,48.008,1230,0
20150520,48.008,48.008,48.008,48.008,123,0
20150526,48.008,48.008,48.008,48.008,121,0
20150527,48.008,48.008,48.008,48.008,123,0
20150529,48.008,48.008,48.008,48.008,123,0
20150601,48.008,48.008,48.008,48.008,123,0
20150602,48.008,48.008,48.008,48.008,22,0
20150603,47.315,47.315,47.315,47.315,246,0
20150604,46.601,46.601,46.601,46.601,986,0
20150605,46.601,46.601,46.601,46.601,123,0
20150609,46.032,46.032,46.032,46.032,494,0
20150610,46.032,46.032,46.032,46.032,4,0
20150612,46.032,46.032,46.032,46.032,123,0
20150615,46.032,46.032,46.032,46.032,123,0
20150616,46.032,46.032,46.032,46.032,123,0
20150619,47.266,47.266,47.266,47.266,361,0
20150623,47.266,47.266,47.266,47.266,10,0
20150624,47.722,47.722,47.199,47.314,201498,0
20150625,47.273,47.291,47.24,47.291,6274,0
20150626,47.082,47.082,47.082,47.082,121,0
20150629,45.815,45.881,45.815,45.881,242,0
20150630,45.881,45.881,45.881,45.881,4,0
20150701,45.881,45.881,45.881,45.881,121,0
20150702,45.881,45.881,45.881,45.881,121,0
20150706,44.903,44.903,44.903,44.903,121,0
20150707,44.903,44.903,44.903,44.903,121,0
20150708,44.903,44.903,44.903,44.903,121,0
20150710,44.903,44.903,44.903,44.903,121,0
20150713,46.09,46.09,46.09,46.09,242,0
20150714,46.09,46.09,46.09,46.09,2,0
20150715,46.09,46.09,46.09,46.09,89,0
20150716,46.844,46.844,46.844,46.844,121,0
20150717,46.577,46.577,46.577,46.577,242,0
20150720,46.577,46.577,46.577,46.577,121,0
20150722,46.577,46.577,46.577,46.577,121,0
20150723,46.577,46.577,46.577,46.577,121,0
20150724,46.112,46.112,46.112,46.112,121,0
20150727,46.112,46.112,46.112,46.112,121,0
20150728,46.112,46.112,46.112,46.112,121,0
20150730,46.112,46.112,46.112,46.112,121,0
20150803,46.112,46.112,46.112,46.112,58,0
20150804,46.112,46.112,46.112,46.112,121,0
20150807,46.112,46.112,46.112,46.112,121,0
20150810,46.112,46.112,46.112,46.112,121,0
20150812,46.112,46.112,46.112,46.112,121,0
20150817,46.112,46.112,46.112,46.112,121,0
20150818,46.112,46.112,46.112,46.112,121,0
20150820,46.112,46.112,46.112,46.112,121,0
20150821,46.112,46.112,46.112,46.112,121,0
20150824,41.952,42.392,33.292,41.985,2069,0
20150825,41.985,41.985,41.985,41.985,121,0
20150826,42.118,42.118,42.118,42.118,361,0
20150827,43.081,43.081,43.063,43.063,361,0
20150828,43.063,43.063,43.063,43.063,121,0
20150831,43.063,43.063,43.063,43.063,121,0
20150901,43.063,43.063,43.063,43.063,121,0
20150902,43.063,43.063,43.063,43.063,121,0
20150903,43.063,43.063,43.063,43.063,121,0
20150904,43.063,43.063,43.063,43.063,121,0
20150908,43.063,43.063,43.063,43.063,121,0
20150909,43.063,43.063,43.063,43.063,121,0
20150910,43.063,43.063,43.063,43.063,1,0
20150911,43.063,43.063,43.063,43.063,121,0
20150914,43.063,43.063,43.063,43.063,121,0
20150916,43.063,43.063,43.063,43.063,121,0
20150918,43.063,43.063,43.063,43.063,121,0
20150921,43.063,43.063,43.063,43.063,121,0
20150922,43.063,43.063,43.063,43.063,121,0
20150924,41.44,41.44,41.44,41.44,774,0
20150928,40.752,40.752,40.752,40.752,160,0
20150929,40.752,40.752,40.752,40.752,121,0
20151005,40.752,40.752,40.752,40.752,1,0
20151007,43.901,43.901,43.86,43.86,3862,0
20151008,43.86,43.86,43.86,43.86,121,0
20151009,43.86,43.86,43.86,43.86,121,0
20151013,43.86,43.86,43.86,43.86,121,0
20151014,43.86,43.86,43.86,43.86,121,0
20151015,43.86,43.86,43.86,43.86,121,0
20151016,43.86,43.86,43.86,43.86,121,0
20151019,43.86,43.86,43.86,43.86,121,0
20151022,43.86,43.86,43.86,43.86,121,0
20151023,43.86,43.86,43.86,43.86,121,0
20151027,43.86,43.86,43.86,43.86,121,0
20151029,44.306,44.341,44.306,44.306,482,0
20151030,44.306,44.306,44.306,44.306,121,0
20151104,44.306,44.306,44.306,44.306,3,0
20151105,44.306,44.306,44.306,44.306,121,0
20151106,44.306,44.306,44.306,44.306,121,0
20151109,44.306,44.306,44.306,44.306,2,0
20151110,44.306,44.306,44.306,44.306,121,0
20151111,44.306,44.306,44.306,44.306,121,0
20151112,44.306,44.306,44.306,44.306,121,0
20151113,44.306,44.306,44.306,44.306,121,0
20151116,44.306,44.306,44.306,44.306,121,0
20151117,44.306,44.306,44.306,44.306,121,0
20151118,43.736,43.736,43.736,43.736,121,0
20151119,43.736,43.736,43.736,43.736,121,0
20151120,43.736,43.736,43.736,43.736,121,0
20151123,43.736,43.736,43.736,43.736,121,0
20151124,43.736,43.736,43.736,43.736,121,0
20151125,43.736,43.736,43.736,43.736,121,0
20151127,43.736,43.736,43.736,43.736,121,0
20151130,43.736,43.736,43.736,43.736,121,0
20151201,43.736,43.736,43.736,43.736,22,0
20151202,43.668,43.727,43.668,43.668,1345,0
20151203,43.668,43.668,43.668,43.668,1,0
20151204,43.668,43.668,43.668,43.668,121,0
20151207,43.668,43.668,43.668,43.668,121,0
20151208,42.302,42.302,42.302,42.302,158,0
20151209,42.625,42.625,42.069,42.069,964,0
20151211,42.069,42.069,42.069,42.069,121,0
20151214,41.148,41.148,41.148,41.148,236,0
20151215,41.148,41.148,41.148,41.148,121,0
20151218,41.146,41.146,41.146,41.146,119,0
20151221,41.146,41.146,41.146,41.146,119,0
20151222,41.146,41.146,41.146,41.146,2,0
20151223,41.146,41.146,41.146,41.146,119,0
20160105,41.18,41.189,41.18,41.189,1138,0
20160107,39.737,39.737,39.737,39.737,210,0
20160112,39.229,39.484,39.229,39.484,563,0
20160121,37.552,37.552,37.552,37.552,122,0
20160127,38.962,38.962,38.894,38.894,240,0
20160129,39.552,39.552,39.552,39.552,139,0
20160212,38.033,38.033,37.94,38.033,1340,0
20160222,39.898,39.898,39.898,39.898,212,0
20160225,39.084,39.084,39.084,39.084,122,0
20160308,40.37,40.37,40.37,40.37,119,0
20160310,40.547,40.547,40.547,40.547,119,0
20160315,40.464,40.489,40.355,40.472,1813,0
20160413,41.938,41.99,41.909,41.99,6217,0
20160420,42.709,42.894,42.683,42.716,2804,0
20160421,42.372,42.388,42.007,42.059,17233,0
20160428,42.649,42.649,42.649,42.649,154,0
20160503,41.805,41.805,41.782,41.782,420,0
20160505,41.097,41.138,41.097,41.138,830,0
20160517,41.511,41.511,41.511,41.511,336,0
20160525,42.649,42.649,42.649,42.649,183,0
20160527,42.514,42.514,42.514,42.514,245,0
20160531,42.614,42.614,42.614,42.614,474,0
20160601,41.425,41.425,41.425,41.425,597,0
20160602,41.586,41.586,41.586,41.586,183,0
20160609,42.033,42.033,42.033,42.033,119,0
20160610,40.339,40.347,40.339,40.347,404,0
20160614,39.088,39.088,39.088,39.088,145,0
20160615,39.457,39.457,39.457,39.457,162,0
20160616,39.013,39.013,39.013,39.013,297,0
20160617,40.562,40.562,40.546,40.546,237,0
20160620,42.451,42.451,42.404,42.404,581,0
20160622,43.116,43.116,43.025,43.025,994,0
20160623,43.748,43.748,43.748,43.748,159,0
20160624,39.517,39.88,38.851,38.904,28218,0
20160627,37.047,37.047,36.66,36.66,14614,0
20160628,37.963,37.963,37.963,37.963,363,0
20160629,39.18,39.517,39.18,39.481,1898,0
20160630,40.312,40.312,40.26,40.26,858,0
20160701,40.595,40.768,40.579,40.749,4672,0
20160705,39.741,39.741,39.525,39.525,850,0
20160706,38.68,39.31,38.563,39.31,1764,0
20160707,39.569,39.569,39.103,39.103,294,0
20160708,39.674,39.733,39.674,39.733,1248,0
20160711,40.432,40.432,40.389,40.389,722,0
20160712,40.951,41.33,40.951,41.33,331,0
20160713,41.313,41.313,40.941,40.941,4454,0
20160714,41.347,41.386,41.295,41.386,790,0
20160715,40.984,41.062,40.97,41.062,3316,0
20160718,41.57,41.579,41.57,41.579,580,0
20160719,41.139,41.139,40.959,40.959,576,0
20160720,41.148,41.148,41.148,41.148,291,0
20160721,41.321,41.321,41.313,41.313,232,0
20160722,41.105,41.105,41.105,41.105,269,0
20160725,41.217,41.235,41.097,41.174,2461,0
20160727,41.443,41.443,41.416,41.443,810,0
20160729,41.78,41.78,41.78,41.78,384,0
20160801,41.451,41.451,41.451,41.451,175,0
20160804,41.451,41.451,41.451,41.451,346,0
20160808,41.57,41.57,41.57,41.57,145,0
20160811,41.873,42.043,41.873,42.043,560,0
20160812,42.09,42.09,41.915,41.915,624,0
20160815,41.995,41.995,41.995,41.995,117,0
20160818,42.288,42.288,42.288,42.288,463,0
20160829,41.632,41.978,41.632,41.978,455,0
20160902,43.159,43.211,43.159,43.211,463,0
20160907,43.168,43.168,43.168,43.168,485,0
20160909,42.323,42.323,42.323,42.323,130,0
20160912,41.735,41.848,41.735,41.848,869,0
20160920,41.667,41.667,41.667,41.667,144,0
20160930,41.651,41.813,41.651,41.813,1419,0
20161010,40.666,40.666,40.666,40.666,423,0
20161012,39.716,39.94,39.716,39.94,577,0
20161014,39.892,39.892,39.892,39.892,248,0
20161017,39.292,39.292,39.292,39.292,182,0
20161018,40.103,40.103,40.103,40.103,177,0
20161019,40.113,40.113,40.113,40.113,344,0
20161026,39.491,39.491,39.43,39.43,460,0
20161027,39.495,39.495,39.495,39.495,444,0
20161028,39.491,39.491,39.491,39.491,2496,0
20161104,39.033,39.171,38.938,38.938,1165,0
20161109,39.498,39.542,39.498,39.542,514,0
20161115,39.336,39.336,39.336,39.336,142,0
20161116,39.137,39.137,39.137,39.137,160,0
20161123,39.344,39.379,39.344,39.379,463,0
20161128,39.367,39.379,39.367,39.379,1605,0
20161201,39.353,39.379,39.335,39.362,1860,0
20161205,39.879,39.879,39.879,39.879,426,0
20161206,39.834,39.834,39.75,39.75,630,0
20161212,40.406,40.406,40.406,40.406,214,0
20161216,40.486,40.486,40.486,40.486,181,0
20161220,40.353,40.353,40.353,40.353,154,0
20161223,40.301,40.301,40.301,40.301,230,0
20161229,40.315,40.406,40.315,40.403,609,0
20161230,40.607,40.644,40.607,40.644,1307,0
20170103,40.696,40.749,40.684,40.713,2963,0
20170104,40.746,40.877,40.746,40.877,347,0
20170109,40.792,40.802,40.626,40.664,1791,0
20170119,41.039,41.039,41.039,41.039,342,0
20170125,41.636,41.636,41.636,41.636,162,0
20170126,41.433,41.433,41.337,41.337,248,0
20170131,41.005,41.005,41.005,41.005,136,0
20170203,41.338,41.338,41.338,41.338,1421,0
20170210,41.9,41.925,41.9,41.925,1004,0
20170213,41.951,41.951,41.951,41.951,299,0
20170215,41.872,41.872,41.872,41.872,258,0
20170217,42.11,42.11,42.044,42.11,2221,0
20170221,42.154,42.154,42.154,42.154,174,0
20170227,42.126,42.275,42.126,42.275,701,0
20170228,42.266,42.266,42.266,42.266,194,0
20170303,42.33,42.33,42.33,42.33,121,0
20170307,41.872,41.872,41.833,41.833,228,0
20170308,41.714,41.714,41.714,41.714,289,0
20170310,42.11,42.11,41.89,41.89,655,0
20170315,42.329,42.329,42.329,42.329,172,0
20170317,42.942,42.977,42.88,42.977,1156,0
20170320,42.977,42.977,42.977,42.977,0,0
20170321,43.459,43.459,43.381,43.381,580,0
20170322,42.863,42.863,42.773,42.839,647,0
20170327,43.307,43.354,43.197,43.197,2253,0
20170330,43.25,43.25,43.25,43.25,306,0
20170403,43.074,43.074,42.764,42.764,238,0
20170404,42.793,42.793,42.793,42.793,1139,0
20170407,42.968,42.968,42.968,42.968,288,0
20170411,43.386,43.424,43.284,43.424,5160,0
20170417,43.617,43.617,43.617,43.617,129,0
20170419,43.417,43.417,43.347,43.347,965,0
20170420,43.43,43.43,43.43,43.43,1214,0
20170424,43.697,44.309,43.697,44.266,6102,0
20170425,44.31,44.372,44.31,44.372,1455,0
20170426,44.451,44.451,44.451,44.451,189,0
20170427,44.626,44.644,44.626,44.644,974,0
20170428,44.556,44.565,44.556,44.565,193309,0
20170501,44.391,44.679,44.391,44.664,1567,0
20170502,44.837,44.899,44.762,44.854,3331,0
20170503,44.718,44.732,44.674,44.732,2657,0
20170504,44.646,44.96,44.646,44.96,2523,0
20170505,45.205,45.425,45.141,45.425,2569,0
20170508,45.496,45.496,45.205,45.318,1450,0
20170509,45.54,45.54,45.452,45.472,1581,0
20170510,45.714,45.81,45.711,45.775,2221,0
20170511,45.513,45.635,45.476,45.593,2700,0
20170512,45.802,45.924,45.782,45.924,3959,0
20170515,46.013,46.064,45.986,46.064,490,0
20170516,46.214,46.45,46.214,46.45,1104,0
20170518,46.426,46.426,46.426,46.426,451,0
20170519,46.723,46.795,46.653,46.767,2169,0
20170522,46.895,46.895,46.761,46.761,361,0
20170523,46.795,46.899,46.706,46.785,1374,0
20170524,46.611,46.767,46.583,46.727,4037,0
20170526,46.4,46.443,46.377,46.438,5227,0
20170530,46.601,46.601,46.601,46.601,429,0
20170531,46.767,46.935,46.767,46.809,411,0
20170601,46.959,47.03,46.956,46.956,1463,0
20170602,46.919,46.919,46.919,46.919,591,0
20170605,46.95,46.979,46.875,46.95,1931,0
20170606,46.601,46.706,46.601,46.688,1042,0
20170607,46.496,46.67,46.496,46.608,4710,0
20170608,46.478,46.478,46.372,46.411,1158,0
20170609,45.952,46.004,45.725,45.725,3727,0
20170612,45.697,45.697,45.568,45.568,662,0
20170613,45.864,45.977,45.864,45.968,1526,0
20170614,46.108,46.108,46.108,46.108,277,0
20170615,45.337,45.468,45.337,45.401,3893,0
20170616,45.955,46.124,45.777,46.124,2789,0
20170619,46.279,46.279,46.171,46.216,1985,0
20170620,45.767,45.767,45.319,45.449,2971,0
20170621,45.47,45.47,45.319,45.388,2406,0
20170622,45.309,45.338,45.309,45.338,780,0
20170626,45.893,45.893,45.794,45.794,402,0
20170627,45.732,45.732,45.664,45.664,1431,0
20170628,46.1,46.145,45.983,46.126,2956,0
20170629,45.762,45.762,45.762,45.762,555,0
20170630,45.913,45.938,45.892,45.892,732,0
20170705,45.692,45.777,45.68,45.718,5369,0
20170706,45.637,45.637,45.615,45.615,577,0
20170707,45.466,45.523,45.466,45.523,711,0
20170711,45.255,45.273,45.255,45.273,568,0
20170712,45.695,45.731,45.609,45.609,1706,0
20170713,45.74,45.955,45.74,45.955,582,0
20170718,46.279,46.279,46.279,46.279,112,0
20170719,46.423,46.423,46.376,46.376,800,0
20170720,46.584,46.584,46.584,46.584,135,0
20170721,46.29,46.477,46.29,46.324,1614,0
20170724,46.162,46.233,46.162,46.233,1183,0
20170725,46.373,46.373,46.373,46.373,209,0
20170726,46.467,46.467,46.455,46.455,284,0
20170727,46.835,46.835,46.835,46.835,239,0
20170728,46.495,46.53,46.495,46.53,646,0
20170801,46.881,47.051,46.727,46.8,214566,0
20170802,46.798,46.798,46.798,46.798,123,0
20170803,46.871,46.871,46.871,46.871,1225,0
20170804,46.736,46.736,46.736,46.736,244,0
20170807,46.719,46.719,46.719,46.719,223,0
20170809,46.461,46.461,46.461,46.461,258,0
20170811,45.802,45.802,45.778,45.8,466,0
20170815,45.767,45.875,45.694,45.841,3397,0
20170817,45.794,45.794,45.758,45.758,752,0
20170818,45.435,45.435,45.367,45.416,665,0
20170821,45.461,45.566,45.461,45.533,1430,0
20170822,45.611,45.723,45.611,45.695,2050,0
20170823,45.515,45.687,45.515,45.678,4948,0
20170824,45.703,45.771,45.62,45.62,2745,0
20170825,45.938,45.938,45.812,45.839,2081,0
20170828,45.964,45.964,45.855,45.865,4046,0
20170829,45.716,45.777,45.699,45.713,4418,0
20170830,45.839,45.947,45.839,45.893,2835,0
20170831,46.17,46.296,46.17,46.296,1218,0
20170901,46.413,46.467,46.413,46.467,455,0
20170905,46.315,46.315,45.95,45.95,1737,0
20170906,46.216,46.296,46.216,46.296,460,0
20170907,46.485,46.584,46.485,46.584,547,0
20170908,46.727,46.727,46.727,46.727,1337,0
20170911,46.96,47.024,46.945,46.97,4359,0
20170913,46.791,46.791,46.791,46.791,183,0
20170914,46.97,47.096,46.95,47.096,2290,0
20170915,47.185,47.22,47.159,47.167,3219,0
20170918,47.389,47.389,47.195,47.195,2808,0
20170919,47.284,47.391,47.284,47.39,886,0
20170920,47.67,47.67,47.371,47.371,336,0
20170921,47.283,47.472,47.283,47.367,1765,0
20170922,47.59,47.59,47.59,47.59,538,0
20170925,47.606,47.606,47.356,47.472,4045,0
20170926,47.347,47.347,47.07,47.273,1154,0
20170927,47.203,47.203,47.203,47.203,499,0
20170928,47.32,47.472,47.293,47.437,1449,0
20170929,47.616,47.696,47.606,47.611,839,0
20171002,47.463,47.551,47.463,47.551,1119,0
20171003,47.527,47.527,47.527,47.527,189,0
20171004,47.59,47.598,47.59,47.598,1115,0
20171005,47.356,47.356,47.356,47.356,149,0
20171006,47.176,47.283,47.176,47.283,643,0
20171009,47.498,47.498,47.444,47.444,268,0
20171010,47.696,47.696,47.696,47.696,179,0
20171013,48.405,48.405,48.317,48.359,1238,0
20171016,48.055,48.055,48.02,48.02,1569,0
20171017,47.659,47.715,47.659,47.704,990,0
20171018,47.787,47.848,47.787,47.848,480,0
20171020,47.598,47.651,47.598,47.625,2029,0
20171023,47.624,47.624,47.619,47.619,533,0
20171024,47.437,47.437,47.311,47.347,2328,0
20171025,47.364,47.364,47.364,47.364,223,0
20171026,47.338,47.338,47.292,47.292,1239,0
20171027,47.15,47.15,47.15,47.15,207,0
20171030,47.427,47.427,47.418,47.418,1254,0
20171101,47.518,47.518,47.168,47.302,21622,0
20171102,46.935,46.941,46.862,46.941,1304,0
20171107,46.971,46.971,46.966,46.966,1318,0
20171108,46.852,47.068,46.852,47.068,761,0
20171109,46.683,46.87,46.683,46.87,291,0
20171110,46.746,46.746,46.746,46.746,231,0
20171113,46.108,46.108,46.108,46.108,391,0
20171114,46.206,46.45,46.206,46.45,345,0
20171115,46.171,46.171,46.171,46.171,145,0
20171121,46.736,46.781,46.659,46.735,496,0
20171122,46.93,46.93,46.93,46.93,1718,0
20171127,47.042,47.042,47.042,47.042,420,0
20171129,47.4,47.428,47.364,47.364,1471,0
20171201,47.257,47.257,47.257,47.257,120,0
20171205,47.127,47.14,47.033,47.041,5891,0
20171207,47.185,47.185,47.14,47.149,674,0
20171208,47.453,47.481,47.397,47.481,539,0
20171211,47.374,47.545,47.374,47.545,1013,0
20171212,47.616,47.616,47.616,47.616,457,0
20171214,47.787,47.831,47.787,47.796,787,0
20171215,47.658,47.658,47.658,47.658,387,0
20171218,48.196,48.196,48.096,48.105,1567,0
20171219,47.996,48.097,47.996,48.059,528,0
20171220,48.079,48.079,48.079,48.079,332,0
20171221,48.315,48.315,48.315,48.315,339,0
20171226,48.48,48.48,48.462,48.462,536,0
20171227,48.58,48.58,48.58,48.58,412,0
20171228,48.79,48.79,48.79,48.79,220,0
20171229,49.246,49.301,49.137,49.137,3163,0
20180102,49.373,49.474,49.301,49.474,682,0
20180103,49.293,49.374,49.293,49.355,793,0
20180104,49.274,49.274,49.274,49.274,609,0
20180105,49.626,49.703,49.626,49.703,259,0
20180108,49.511,49.621,49.511,49.621,719,0
20180109,49.63,49.63,49.63,49.63,121,0
20180110,49.293,49.373,49.293,49.373,285,0
20180111,49.365,49.588,49.365,49.475,2588,0
20180112,50.049,50.415,50.049,50.415,1176,0
20180116,50.287,50.415,50.269,50.414,4182,0
20180117,50.46,50.715,50.46,50.715,772,0
20180118,50.405,50.405,50.405,50.405,320,0
20180119,50.71,50.71,50.642,50.642,302,0
20180122,50.706,51.016,50.706,51.016,935,0
20180126,51.45,51.45,51.45,51.45,428,0
20180129,51.117,51.117,50.975,50.975,1278,0
20180131,50.715,50.715,50.715,50.715,329,0
20180201,50.641,50.788,50.641,50.735,1374,0
20180202,50.094,50.094,49.767,49.813,1192,0
20180205,48.891,49.127,48.876,48.876,1009,0
20180206,47.449,48.371,47.449,48.371,13,0
20180208,48.462,48.462,48.462,48.462,525,0
20180212,47.348,47.641,47.348,47.641,698,0
20180213,47.457,47.457,47.275,47.275,569,0
20180215,48.818,48.818,48.818,48.818,171,0
20180216,48.818,48.818,48.818,48.818,311,0
20180220,48.416,48.416,48.234,48.324,2340,0
20180221,48.563,48.836,48.563,48.736,264534,0
20180222,48.553,48.745,48.553,48.699,8511,0
20180223,48.928,49.173,48.928,49.076,1449,0
20180226,48.872,49.238,48.872,49.238,1064,0
20180227,49.1,49.1,48.772,48.844,649,0
20180228,48.225,48.225,47.75,47.75,1245,0
20180301,47.923,48.014,47.294,47.294,5494,0
20180302,47.531,47.531,47.463,47.463,2564,0
20180305,47.85,47.85,47.85,47.85,525,0
20180307,48.397,48.397,48.088,48.334,968,0
20180308,48.645,48.645,48.434,48.434,754,0
20180309,48.798,48.798,48.675,48.675,2314,0
20180312,48.673,48.762,48.673,48.681,3270,0
20180314,48.245,48.379,48.245,48.379,2507,0
20180315,48.379,48.379,48.115,48.115,3135,0
20180316,48.313,48.313,48.313,48.313,424,0
20180319,48.234,48.234,48.234,48.234,554,0
20180320,48.242,48.27,48.199,48.244,1847,0
20180322,47.686,47.686,47.552,47.552,654,0
20180323,47.935,47.983,47.446,47.722,1653,0
20180327,48.498,48.498,48.498,48.498,226,0
20180328,48.563,48.563,48.563,48.563,340,0
20180329,48.626,48.791,48.397,48.791,1812,0
20180402,48.051,48.051,47.956,47.956,1581,0
20180403,48.356,48.466,48.347,48.466,1331,0
20180404,48.189,48.931,48.189,48.931,1022,0
20180405,49.246,49.401,49.21,49.21,1732,0
20180406,49.647,49.721,49.647,49.712,4550,0
20180409,50.032,50.032,49.744,49.744,1132,0
20180410,50.542,50.542,50.542,50.542,551,0
20180411,50.294,50.36,50.294,50.36,784,0
20180412,50.517,50.651,50.493,50.651,3717,0
20180413,50.569,50.569,50.387,50.441,1165,0
20180416,50.634,50.634,50.43,50.487,1528,0
20180417,50.478,50.496,50.478,50.496,906,0
20180418,50.907,50.907,50.729,50.729,417,0
20180419,50.532,50.56,50.532,50.56,667,0
20180420,50.324,50.415,50.269,50.269,1052,0
20180423,50.205,50.305,50.205,50.24,5493,0
20180424,50.25,50.25,50.25,50.25,448,0
20180425,50.094,50.369,50.094,50.369,14069,0
20180426,50.562,50.761,50.518,50.761,5539,0
20180427,50.505,50.871,50.505,50.725,10777,0
20180430,50.725,50.725,50.632,50.646,1048,0
20180501,50.24,50.24,50.24,50.24,338,0
20180502,50.287,50.287,50.287,50.287,822,0
20180503,49.401,49.73,49.283,49.721,173505,0
20180504,49.42,49.712,49.42,49.712,1001,0
20180508,49.693,49.904,49.677,49.904,2437,0
20180509,50.496,50.514,50.441,50.514,1887,0
20180510,50.478,50.488,50.387,50.488,816,0
20180511,50.714,50.715,50.447,50.447,2551,0
20180514,50.657,50.657,50.378,50.625,838,0
20180516,50.24,50.24,50.24,50.24,255,0
20180517,50.797,50.953,50.789,50.881,1197,0
20180522,51.089,51.304,51.078,51.078,1576,0
20180523,50.451,50.451,50.451,50.451,216,0
20180524,50.342,50.37,50.149,50.309,2038,0
20180525,50.223,50.239,49.931,49.931,22835,0
20180529,49.392,49.392,49.09,49.09,1065,0
20180530,49.456,49.456,49.446,49.447,2487,0
20180531,49.615,49.866,49.615,49.866,608,0
20180601,49.984,50.155,49.984,50.155,1497,0
20180604,50.527,50.527,50.201,50.201,377,0
20180605,50.248,50.257,50.157,50.157,891,0
20180606,50.36,50.586,50.36,50.417,2091,0
20180607,50.453,50.453,50.176,50.176,1117,0
20180608,50.317,50.317,50.317,50.317,320,0
20180611,50.659,50.659,50.361,50.361,646,0
20180613,50.369,50.443,50.369,50.443,576,0
20180614,50.514,50.639,50.378,50.378,1178,0
20180615,49.785,49.785,49.785,49.785,275,0
20180618,49.384,49.384,49.384,49.384,441,0
20180619,48.751,49.254,48.751,49.254,563,0
20180620,49.328,49.328,49.23,49.23,828,0
20180621,49.123,49.123,49.123,49.123,174,0
20180622,49.644,49.657,49.644,49.657,435,0
20180625,48.739,48.862,48.739,48.862,720,0
20180626,48.975,49.152,48.975,49.152,913,0
20180628,48.542,49.021,48.542,48.924,1457,0
20180629,49.432,49.432,49.138,49.291,813,0
20180702,48.724,48.733,48.621,48.733,515,0
20180705,49.199,49.411,48.937,49.41,3468,0
20180706,49.626,49.626,49.435,49.435,747,0
20180709,49.635,49.635,49.635,49.635,371,0
20180710,50.015,50.015,49.896,49.896,453,0
20180711,49.384,49.384,48.971,48.971,1337,0
20180712,49.812,49.812,49.812,49.812,263,0
20180718,49.272,49.272,49.272,49.272,169,0
20180720,49.262,49.541,49.262,49.541,760,0
20180724,49.384,49.663,49.384,49.663,827,0
20180725,49.719,49.719,49.719,49.719,185,0
20180726,49.43,49.43,49.43,49.43,506,0
20180727,49.727,49.727,49.727,49.727,317,0
20180730,49.467,49.491,49.467,49.491,402,0
20180802,48.677,48.807,48.669,48.669,79465,0
20180803,48.95,49.134,48.807,49.107,2100,0
20180806,48.751,48.751,48.751,48.751,124,0
20180807,49.254,49.254,49.125,49.125,294,0
20180808,48.807,48.807,48.798,48.798,1217,0
20180809,49.164,49.164,49.164,49.164,189,0
20180810,48.49,48.49,48.157,48.166,1523,0
20180813,48.228,48.228,48.228,48.228,595,0
20180814,47.831,47.831,47.831,47.831,1390,0
20180815,47.451,47.451,47.088,47.097,2899,0
20180816,47.525,47.525,47.525,47.525,365,0
20180817,47.813,47.813,47.813,47.813,527,0
20180820,48.096,48.096,47.999,47.999,627,0
20180821,48.147,48.282,48.147,48.175,859,0
20180822,48.324,48.426,48.324,48.426,1342,0
20180823,47.84,47.84,47.831,47.831,472,0
20180824,48.3,48.3,48.054,48.193,1781,0
20180827,48.453,48.688,48.453,48.688,447,0
20180828,48.679,48.679,48.679,48.679,145,0
20180829,48.711,48.711,48.711,48.711,313,0
20180831,47.83,47.83,47.692,47.692,484,0
20180904,47.379,47.379,47.379,47.379,1720,0
20180910,47.237,47.451,47.172,47.451,4276,0
20180911,47.399,47.399,47.399,47.399,165,0
20180913,47.556,47.556,47.556,47.556,585,0
20180914,47.767,47.767,47.767,47.767,782,0
20180917,47.998,47.998,47.998,47.998,443,0
20180918,47.887,47.952,47.887,47.952,1536,0
20180919,47.984,47.984,47.984,47.984,280,0
20180920,48.547,48.547,48.547,48.547,441,0
20180926,49.244,49.244,49.244,49.244,188,0
20180927,49.393,49.393,49.123,49.123,1130,0
20181001,48.629,48.686,48.546,48.546,3442,0
20181002,48.286,48.342,48.222,48.248,1807,0
20181003,48.61,48.668,48.594,48.594,3853,0
20181004,48.426,48.426,48.167,48.167,917,0
20181005,47.748,47.85,47.748,47.85,1788,0
20181008,47.358,47.358,47.358,47.358,2209,0
20181009,47.405,47.407,47.405,47.407,1308,0
20181012,46.688,46.688,45.805,45.805,580,0
20181015,46.047,46.115,45.879,46.115,4526,0
20181017,46.13,46.13,46.13,46.13,267,0
20181018,45.912,45.912,45.443,45.443,729,0
20181022,45.582,45.666,45.555,45.608,2254,0
20181023,45.005,45.005,45.005,45.005,1237,0
20181024,44.856,44.856,44.825,44.831,3030,0
20181025,44.345,44.345,44.345,44.345,120,0
20181026,43.86,44.327,43.86,44.327,2808,0
20181029,45.015,45.126,44.782,44.782,1439,0
20181030,44.594,44.594,44.594,44.594,2014,0
20181031,45.251,45.251,45.251,45.251,782,0
20181101,45.851,46.121,45.815,46.015,10331,0
20181102,45.811,45.811,45.638,45.638,430,0
20181105,46.164,46.164,46.096,46.096,1935,0
20181106,46.149,46.149,46.06,46.06,4699,0
20181107,46.604,46.605,46.512,46.572,1964,0
20181108,46.767,46.781,46.387,46.387,554,0
20181109,46.121,46.243,45.917,45.917,4327,0
20181113,45.657,45.657,45.657,45.657,369,0
20181114,45.945,45.945,45.945,45.945,290,0
20181115,44.903,44.903,44.903,44.903,253,0
20181116,45.164,45.185,45.164,45.185,1304,0
20181119,45.108,45.313,44.973,44.973,8065,0
20181120,44.606,44.616,44.562,44.562,1336,0
20181121,45.22,45.221,45.22,45.221,751,0
20181126,45.305,45.545,45.305,45.545,5762,0
20181127,44.973,45.023,44.973,45.023,417,0
20181130,44.854,44.876,44.854,44.876,1211,0
20181203,45.212,45.34,45.212,45.34,642,0
20181204,44.457,44.457,44.457,44.457,394,0
20181206,43.158,43.54,42.798,43.54,11235,0
20181207,43.686,43.686,43.388,43.388,1025,0
20181210,42.946,42.946,42.348,42.715,3267,0
20181211,43.147,43.147,42.769,42.769,5661,0
20181212,43.742,43.956,43.231,43.473,17650,0
20181213,43.667,43.667,43.456,43.537,1439,0
20181214,42.989,43.007,42.913,42.913,616,0
20181217,42.756,42.805,42.434,42.434,1968,0
20181218,42.637,42.637,42.422,42.455,2087,0
20181219,42.887,42.887,42.29,42.29,1542,0
20181220,42.766,42.766,42.37,42.37,7326,0
20181221,41.965,42.395,41.924,41.965,2204,0
20181224,42.185,42.185,41.749,41.749,13886,0
20181226,42.042,42.51,42.042,42.51,1885,0
20181227,41.66,42.037,41.432,42.037,21894,0
20181228,42.638,42.881,42.638,42.751,455,0
20181231,42.953,42.953,42.356,42.379,11996,0
20190102,42.313,42.671,42.313,42.533,1313,0
20190103,42.373,42.373,42.373,42.373,31,0
20190104,43.607,43.607,43.607,43.607,152,0
20190107,43.614,43.614,43.614,43.614,401,0
20190108,43.861,43.871,43.861,43.871,311,0
20190109,44.192,44.301,44.192,44.204,341,0
20190110,44.072,44.444,44.072,44.444,752,0
20190111,44.578,44.578,44.392,44.471,2777,0
20190114,44.197,44.205,44.197,44.205,1238,0
20190115,44.163,44.376,43.921,44.376,675,0
20190116,44.384,44.384,44.268,44.268,201,0
20190117,44.292,44.582,44.292,44.582,391,0
20190118,44.931,45.093,44.931,45.093,490,0
20190122,44.549,44.609,44.549,44.609,374,0
20190123,45.055,45.055,44.911,44.911,487,0
20190124,44.836,44.836,44.673,44.727,771,0
20190125,44.721,45.024,44.721,45.024,464,0
20190128,44.607,44.761,44.607,44.761,661,0
20190129,45.293,45.293,44.769,44.897,11263,0
20190130,45.846,45.846,45.66,45.66,257,0
20190131,46.009,46.009,45.828,45.906,647,0
20190201,46.034,46.152,45.799,46.034,2050,0
20190204,46.195,46.195,46.195,46.195,317,0
20190205,46.485,46.577,46.485,46.577,517,0
20190206,46.46,46.46,46.46,46.46,101,0
20190207,46.502,46.533,46.224,46.224,1115,0
20190208,46.107,46.107,46.107,46.107,36,0
20190211,45.881,45.881,45.881,45.881,304,0
20190212,46.237,46.24,46.237,46.24,281,0
20190213,46.533,46.533,46.447,46.447,3075,0
20190214,46.384,46.409,46.384,46.384,155,0
20190215,46.886,47.021,46.886,47.021,1970,0
20190219,46.981,47.189,46.981,47.177,911,0
20190220,47.572,47.652,47.513,47.513,439,0
20190221,47.143,47.183,47.143,47.183,683,0
20190222,47.339,47.339,47.294,47.294,298,0
20190225,47.41,47.658,47.353,47.387,23712,0
20190226,47.69,47.741,47.69,47.741,160,0
20190227,47.753,47.782,47.658,47.658,3861,0
20190228,47.492,47.492,47.428,47.428,310,0
20190301,47.427,47.533,47.384,47.533,324,0
20190304,47.534,47.534,47.414,47.414,1310,0
20190305,47.707,47.707,47.707,47.707,155,0
20190306,47.782,47.782,47.73,47.73,598,0
20190307,47.235,47.235,47.235,47.235,2,0
20190308,46.864,47.018,46.791,47.018,684,0
20190311,47.211,47.401,47.211,47.391,1029,0
20190312,47.296,47.331,47.296,47.298,459,0
20190313,47.668,47.987,47.668,47.987,1641,0
20190314,48.128,48.128,48.069,48.069,1496,0
20190315,48.556,48.631,48.556,48.593,611,0
20190318,48.764,48.907,48.659,48.907,3790,0
20190319,49.149,49.154,48.958,48.958,603,0
20190320,48.831,48.831,48.831,48.831,60,0
20190321,48.715,48.715,48.621,48.709,412,0
20190322,48.24,48.24,47.995,47.995,934,0
20190325,47.811,47.89,47.811,47.89,526,0
20190326,48.239,48.239,48.133,48.135,269,0
20190327,48.166,48.239,48.166,48.239,262,0
20190328,47.859,48.015,47.859,48.015,482,0
20190329,48.038,48.038,48.038,48.038,67,0
20190401,48.554,48.671,48.554,48.671,820,0
20190402,48.893,48.992,48.893,48.992,211,0
20190403,49.327,49.327,49.292,49.292,603,0
20190404,49.127,49.127,49.127,49.127,182,0
20190405,49.183,49.183,49.183,49.183,81,0
20190408,49.152,49.325,49.152,49.325,4056,0
20190409,49.148,49.148,49.054,49.054,291,0
20190410,49.146,49.146,49.146,49.146,104,0
20190411,49.222,49.222,49.062,49.176,751,0
20190412,49.377,49.388,49.317,49.365,3083,0
20190415,49.432,49.603,49.432,49.554,4880,0
20190416,49.545,49.545,49.356,49.356,314,0
20190417,49.428,49.428,49.428,49.428,25,0
20190418,49.312,49.312,49.268,49.268,209,0
20190422,49.374,49.384,49.336,49.365,4562,0
20190423,49.393,49.393,49.36,49.36,488,0
20190424,49.251,49.251,49.003,49.012,856,0
20190425,48.736,48.831,48.736,48.803,600,0
20190426,48.736,48.955,48.736,48.954,3678,0
20190429,48.917,49.074,48.884,49.051,950,0
20190430,49.051,49.299,49.051,49.296,391,0
20190501,48.743,48.743,48.743,48.743,21,0
20190502,48.684,48.684,48.684,48.684,2,0
20190503,49.482,49.482,49.482,49.482,514,0
20190506,48.879,48.992,48.879,48.992,394,0
20190507,48.278,48.392,48.278,48.357,8025,0
20190508,48.293,48.293,48.293,48.293,57,0
20190509,48.02,48.267,48.02,48.267,3354,0
20190510,48.054,48.388,48.054,48.388,630,0
20190513,47.658,47.668,47.517,47.517,1895,0
20190514,47.784,47.843,47.784,47.843,267,0
20190515,48.068,48.068,47.991,47.991,701,0
20190516,48.153,48.153,48.153,48.153,273,0
20190517,47.964,47.964,47.91,47.91,359,0
20190520,47.78,47.78,47.725,47.725,1134,0
20190521,47.961,47.961,47.961,47.961,21,0
20190522,47.631,47.631,47.631,47.631,67,0
20190523,47.072,47.072,47.039,47.039,302,0
20190524,47.424,47.547,47.392,47.547,2271,0
20190528,47.138,47.138,47.138,47.138,52,0
20190529,46.666,46.787,46.542,46.659,5821,0
20190530,46.769,46.824,46.769,46.816,723,0
20190531,46.409,46.409,46.408,46.408,541,0
20190603,46.459,46.604,46.458,46.604,9276,0
20190604,47.143,47.153,47.143,47.153,110,0
20190605,47.132,47.132,47.109,47.109,174,0
20190606,47.426,47.465,47.426,47.465,307,0
20190607,48.033,48.038,48.033,48.038,290,0
20190610,48.017,48.191,48.017,48.079,5000,0
20190611,48.484,48.484,48.309,48.309,681,0
20190612,48.021,48.021,48.021,48.021,40,0
20190613,48.079,48.079,48.051,48.051,172,0
20190614,47.623,47.671,47.623,47.671,2022,0
20190617,47.574,47.642,47.514,47.514,1505,0
20190618,48.111,48.111,48.111,48.111,26,0
20190619,48.305,48.305,48.305,48.305,47,0
20190620,48.553,48.601,48.553,48.601,644,0
20190621,48.435,48.449,48.357,48.449,1505,0
20190624,48.543,48.548,48.527,48.527,438,0
20190625,48.445,48.445,48.381,48.381,1455,0
20190626,48.478,48.478,48.424,48.424,637,0
20190627,48.494,48.494,48.444,48.444,178,0
20190628,48.63,48.711,48.602,48.711,447,0
20190701,48.871,48.946,48.858,48.946,1103,0
20190702,49.248,49.248,49.16,49.16,288,0
20190703,49.423,49.423,49.423,49.423,56,0
20190705,48.817,48.982,48.817,48.916,728,0
20190708,48.827,48.884,48.797,48.884,1406,0
20190709,48.668,48.668,48.668,48.668,199,0
20190710,48.721,48.749,48.651,48.719,1184,0
20190711,48.729,48.774,48.701,48.774,613,0
20190712,48.767,48.767,48.767,48.767,223,0
20190715,48.887,48.887,48.749,48.749,804,0
20190716,48.807,48.807,48.497,48.497,2140,0
20190717,48.455,48.455,48.412,48.412,209,0
20190718,48.678,48.678,48.678,48.678,316,0
20190719,48.545,48.545,48.545,48.545,163,0
20190722,48.537,48.537,48.537,48.537,197,0
20190723,48.754,48.767,48.693,48.704,1402,0
20190724,48.602,48.621,48.509,48.602,3066,0
20190725,48.455,48.509,48.259,48.259,516,0
20190726,48.401,48.572,48.401,48.544,356,0
20190729,48.856,48.876,48.626,48.661,863,0
20190730,48.181,48.181,48.06,48.06,418,0
20190731,47.779,47.779,47.627,47.627,367,0
20190801,47.858,47.858,47.251,47.317,12239,0
20190802,46.64,46.712,46.503,46.698,11286,0
20190805,45.606,45.606,45.171,45.171,25026,0
20190806,45.391,45.459,44.977,45.376,2779,0
20190807,44.862,45.714,44.862,45.619,5523,0
20190808,45.841,46.017,45.831,45.991,1970,0
20190809,45.538,45.66,45.538,45.592,721,0
20190812,45.483,45.483,45.25,45.25,5617,0
20190813,45.592,45.665,45.539,45.539,2823,0
20190814,44.76,44.76,44.563,44.563,1342,0
20190815,44.667,44.779,44.667,44.762,1106,0
20190816,45.205,45.205,45.127,45.178,4258,0
20190819,45.753,45.753,45.156,45.383,10794,0
20190820,45.117,45.215,45.089,45.089,1498,0
20190821,45.43,45.484,45.43,45.484,330,0
20190822,45.626,45.626,45.626,45.626,19,0
20190823,45.562,45.714,44.95,44.95,1744,0
20190826,44.99,45.052,44.735,45.052,5066,0
20190827,45.313,45.313,45.266,45.266,699,0
20190828,45.335,45.335,45.256,45.256,102,0
20190829,45.584,45.584,45.584,45.584,22,0
20190830,45.616,45.822,45.538,45.822,3250,0
20190903,45.748,45.774,45.577,45.774,567,0
20190904,46.385,46.501,46.383,46.501,406,0
20190905,46.928,46.928,46.616,46.652,1258,0
20190906,46.697,46.71,46.697,46.71,1551,0
20190909,46.781,46.781,46.575,46.612,1105,0
20190910,46.867,46.867,46.867,46.867,302,0
20190911,47.242,47.242,46.987,47.242,262,0
20190912,47.308,47.308,47.308,47.308,182,0
20190913,47.749,47.749,47.749,47.749,149,0
20190916,47.576,47.621,47.495,47.496,6444,0
20190917,47.496,47.721,47.496,47.721,1081,0
20190918,47.574,47.65,47.496,47.65,2458,0
20190919,47.949,47.949,47.79,47.79,616,0
20190920,47.6,47.6,47.6,47.6,81,0
20190923,47.182,47.531,47.182,47.531,476,0
20190924,47.208,47.208,47.208,47.208,11,0
20190925,47.026,47.026,47.026,47.026,61,0
20190926,47.471,47.471,47.316,47.316,344,0
20190927,47.493,47.493,47.351,47.351,965,0
20190930,47.501,47.501,47.422,47.422,490,0
20191001,46.896,46.896,46.896,46.896,7,0
20191002,45.616,45.711,45.591,45.591,2394,0
20191003,45.416,45.787,45.293,45.787,12183,0
20191004,45.833,46.132,45.833,46.132,246,0
20191007,46.251,46.268,46.154,46.154,6759,0
20191008,45.9,45.9,45.504,45.504,5547,0
20191009,45.739,45.771,45.739,45.771,133,0
20191010,46.282,46.382,46.248,46.382,469,0
20191011,47.799,47.867,47.725,47.725,892,0
20191014,47.496,47.701,47.35,47.35,5313,0
20191015,48.05,48.05,48.026,48.026,242,0
20191016,47.931,48.308,47.931,48.122,22600,0
20191017,48.558,48.558,48.269,48.269,1889,0
20191018,48.416,48.416,48.239,48.293,860,0
20191021,48.582,48.915,48.582,48.656,10065,0
20191022,48.68,48.797,48.484,48.484,242,0
20191023,48.837,48.856,48.66,48.856,2426,0
20191024,49.057,49.101,49.014,49.014,558,0
20191025,48.974,48.974,48.943,48.943,2030,0
20191028,49.13,49.385,49.13,49.171,6415,0
20191029,48.753,49.062,48.753,48.96,2435,0
20191030,49.169,49.309,49.145,49.309,338,0
20191031,49.041,49.041,48.994,48.994,343,0
20191101,49.258,49.278,49.258,49.278,696,0
20191104,49.649,49.874,49.449,49.449,5507,0
20191105,49.535,49.535,49.535,49.535,163,0
20191106,49.767,49.767,49.485,49.485,954,0
20191107,49.491,49.491,49.428,49.428,551,0
20191108,49.181,49.248,49.139,49.222,2940,0
20191111,49.099,49.228,49.099,49.209,2652,0
20191112,49.336,49.446,49.282,49.282,764,0
20191113,49.228,49.375,49.205,49.234,1686,0
20191114,49.14,49.14,49.056,49.126,765,0
20191115,49.15,49.258,49.15,49.249,3717,0
20191118,49.355,49.512,49.355,49.418,1766,0
20191119,49.649,49.649,49.455,49.457,685,0
20191120,49.013,49.032,48.938,48.938,878,0
20191121,48.867,48.867,48.867,48.867,32,0
20191122,49.222,49.222,49.134,49.134,673,0
20191125,49.786,49.855,49.786,49.851,1954,0
20191126,49.776,49.776,49.633,49.699,923,0
20191127,49.996,50.05,49.952,50.05,1304,0
20191129,49.776,49.776,49.629,49.629,432,0
20191202,49.6,49.63,49.323,49.326,676,0
20191203,48.553,48.796,48.541,48.796,695,0
20191204,49.277,49.277,49.26,49.26,912,0
20191205,49.159,49.159,49.159,49.159,198,0
20191206,49.708,49.718,49.654,49.676,1422,0
20191209,49.806,49.806,49.718,49.725,2311,0
20191210,49.695,49.695,49.695,49.695,475,0
20191211,49.853,49.853,49.827,49.827,183,0
20191212,50.031,50.156,50.031,50.156,3075,0
20191213,51.548,51.575,51.392,51.435,1878,0
20191216,52.733,52.733,52.49,52.49,3633,0
20191217,51.724,51.724,51.578,51.578,549,0
20191218,51.626,51.653,51.589,51.653,1149,0
20191219,51.462,51.462,51.462,51.462,164,0
20191220,51.6845,51.7059,51.491,51.491,2025,0
20191223,51.58,51.58,51.5723,51.5723,312,0
20191224,51.7038,51.7038,51.7038,51.7038,133,0
20191226,51.9199,51.94,51.9131,51.9131,1670,0
20191227,52.28,52.28,52.1806,52.1806,1073,0
20191230,52.46,52.46,51.8872,51.8872,1470,0
20191231,52.0993,52.2834,52.07,52.2834,996,0
20200102,52.26,52.3759,52.2428,52.3759,1206,0
20200103,52.01,52.01,51.9118,51.9118,147,0
20200106,51.9703,52.2314,51.9703,52.2314,1222,0
20200107,51.9402,52.02,51.8791,51.8791,894,0
20200108,51.965,52.04,51.965,52.0377,8459,0
20200109,51.949,51.9495,51.7913,51.9495,3889,0
20200110,51.7688,51.7688,51.6137,51.6137,581,0
20200113,51.61,51.715,51.5,51.715,572,0
20200114,51.855,51.855,51.854,51.854,1007,0
20200115,51.8855,51.9346,51.8855,51.9005,730,0
20200116,51.98,52.0597,51.8381,52.0597,1358,0
20200117,52.2527,52.2527,52.2527,52.2527,98,0
20200121,51.88,51.88,51.7637,51.7637,2069,0
20200122,52.01,52.01,51.8509,51.8509,4087,0
20200123,51.375,51.7,51.375,51.6892,925,0
