Date,Open,High,Low,Close,Volume,OpenInt
20110613,82.25,82.5,77.5,79,9367,0
20110614,99.75,99.75,77.5,78.25,5236,0
20110615,77.25,78,75,77.5,7342,0
20110616,77,77.5,75.25,76,7066,0
20110617,76,77.25,75,75.25,7327,0
20110620,74.5,75.25,73.75,75.25,7314,0
20110621,75,78.75,74.75,78.5,3385,0
20110622,78.25,78.5,75.5,76,3317,0
20110623,76.25,76.25,74.75,75.75,4272,0
20110624,75.75,77.5,75.75,77.5,3786,0
20110627,77.5,78.75,75.25,77.25,6000,0
20110628,76.25,78.75,75.75,77.5,4052,0
20110629,76.25,79.75,76.25,79,3994,0
20110630,77.25,79.75,76.25,77.5,2136,0
20110701,77.5,77.75,76.5,77.5,364,0
20110705,78.75,79.75,77.5,79.5,3555,0
20110706,80.25,83,79.25,82.5,7442,0
20110707,81.5,82,80.75,81,2676,0
20110708,82.25,82.5,80.5,80.5,2181,0
20110711,79.75,80.75,78.75,80.75,3537,0
20110712,79,86.75,78,82.75,7743,0
20110713,84.5,84.5,82.25,83.75,5431,0
20110714,84.5,87.5,82,82,5319,0
20110715,81.25,82,80,80,7709,0
20110718,80.75,82,78.5,82,11928,0
20110719,79,80.75,76.75,77,5575,0
20110720,77,80,75.75,77.25,9264,0
20110721,77.25,80.5,76.5,80,5099,0
20110722,81,81.25,79.25,81.25,4081,0
20110725,82.25,84.75,81.25,83.75,12107,0
20110726,83.25,83.75,81.75,83.75,3466,0
20110727,83.5,84,82.5,82.75,1961,0
20110728,82.75,84.5,81.75,83,4498,0
20110729,81.25,83.5,81.25,81.5,1481,0
20110801,81.75,81.75,81.25,81.25,1345,0
20110802,81.25,83.75,81.25,82.5,2225,0
20110803,83.75,85,82,82.5,1408,0
20110804,82.5,82.75,76.5,76.75,7805,0
20110805,77.5,79,75.5,77,4659,0
20110808,77.5,77.5,66.25,68.25,10829,0
20110809,68,81,67.5,77,5851,0
20110810,77.5,77.5,71.5,75,3473,0
20110811,75,76.75,73.75,73.75,11250,0
20110812,72.5,72.5,70.5,71,3425,0
20110815,71.25,72.75,70,70.5,4230,0
20110816,71.5,72,70.25,71.5,2235,0
20110817,72,73.25,71.25,72.5,1060,0
20110818,73.75,73.75,68.75,70.5,2096,0
20110819,70.5,73,70.5,71.25,1085,0
20110822,72.5,72.5,68.75,71,4442,0
20110823,69.75,73.25,69.75,73.25,3778,0
20110824,73.5,73.5,71.25,72.5,4226,0
20110825,73.75,75.5,72.5,74.5,1512,0
20110826,73.25,74.5,71.25,73.25,2545,0
20110829,73.5,73.5,72.5,73.25,3124,0
20110830,73.25,74.25,71.25,74.25,3917,0
20110831,75.25,79.75,74,78.75,3754,0
20110901,76.5,79.5,76.5,77.75,3018,0
20110902,76.5,79.25,76.5,78.5,4742,0
20110906,76,78.75,75,78.75,2666,0
20110907,78.75,79.75,76,76.25,1247,0
20110908,76,77.5,75.5,76.75,1401,0
20110909,77,77.5,74.75,76.25,1852,0
20110912,76.75,77.5,74,74.75,2361,0
20110913,76,76,71.5,71.5,5321,0
20110914,72.5,72.5,63.75,66.25,13037,0
20110915,65,66.25,61.5,66,8670,0
20110916,66,69.75,66,68.5,14615,0
20110919,66.75,68.25,66.25,67.75,1488,0
20110920,67.5,70.5,67.5,69,2169,0
20110921,68.75,68.75,66.5,66.75,3930,0
20110922,64.5,64.5,58.75,60,5729,0
20110923,60,60.5,47.5,53.75,9559,0
20110926,53.5,53.75,45.75,51,9733,0
20110927,53.5,56.75,51.25,56.5,4161,0
20110928,57.5,58.75,48.75,49.75,2638,0
20110929,50.25,52.75,47,48.75,1858,0
20110930,49.25,52,48.5,50,1333,0
20111003,50.25,51,45.75,47.5,2242,0
20111004,46.25,49.75,45.75,47.5,6772,0
20111005,47.25,49.5,45.75,48.75,2399,0
20111006,50,52.5,49.25,51.75,2320,0
20111007,50.75,58.75,50.75,57.25,3464,0
20111010,59,65.5,57.75,65.5,4898,0
20111011,67.25,67.5,58.5,58.75,7605,0
20111012,59.5,59.5,50,52.5,18364,0
20111013,56,56,52.25,52.75,2584,0
20111014,53.5,54.5,51.25,53.5,3280,0
20111017,55,55.75,51.75,53.75,3113,0
20111018,52.5,53.75,51.25,51.75,3198,0
20111019,52.75,53,49,49.25,4975,0
20111020,49.25,50,48.25,48.5,2277,0
20111021,49,52.5,49,52.5,4178,0
20111024,52.5,53.5,49.25,50.5,3069,0
20111025,49.75,51.25,45.5,50,7023,0
20111026,50.25,50.25,47.5,48.5,3606,0
20111027,50,50.25,49,49,2850,0
20111028,49.5,49.75,47.5,49.25,2235,0
20111031,47.75,49.25,47.75,48.5,823,0
20111101,47.5,49.75,47,48.75,5898,0
20111102,49,50,46.75,48.75,4670,0
20111103,50,50,47.5,48.75,4069,0
20111104,48.75,49.75,47.75,49.25,1812,0
20111107,48.75,50,47.5,48.75,6336,0
20111108,48.75,49.5,48,49.5,3668,0
20111109,48.75,50.5,48.5,49.75,3992,0
20111110,50,55,50,54.75,7576,0
20111111,55,59.5,53.75,59.25,7192,0
20111114,59.5,62.75,58,62,6436,0
20111115,61.5,65,59.5,60,9079,0
20111116,61,61.25,59.5,61.25,1429,0
20111117,59,61,54.25,54.5,9945,0
20111118,54.5,55,51.5,52,2365,0
20111121,52.25,52.25,48,48,9309,0
20111122,49,52.25,48.75,49.5,3633,0
20111123,50,50,46.25,47.5,4007,0
20111125,47,47.25,43.75,44,4860,0
20111128,45.25,45.25,39,39.75,17748,0
20111129,41.25,42.25,39,39.75,15423,0
20111130,40.25,43.25,40.25,42.5,6286,0
20111201,42.75,43.5,42,42.5,1554,0
20111202,42.5,45,42.5,43.75,4373,0
20111205,45.75,47.25,45,46.75,7976,0
20111206,47.5,52.75,46.75,50.75,4496,0
20111207,50,51.25,49.25,50,2269,0
20111208,50,51.5,49.25,50,3132,0
20111209,47.75,50.5,46.25,50.5,4684,0
20111212,49,50.5,48.25,50.5,4572,0
20111213,49.25,50.75,48.25,48.5,3267,0
20111214,48.5,49.25,46.25,48.5,4143,0
20111215,48.75,48.75,47,47.25,1801,0
20111216,48.5,49.25,47.75,47.75,2251,0
20111219,47,48.75,46,46.5,3732,0
20111220,46.5,48.75,46.5,48,2734,0
20111221,48.25,48.25,46.75,47.25,2142,0
20111222,47,49.5,46.25,47.5,1679,0
20111223,47.5,49,47.5,47.5,335,0
20111227,49.5,49.75,46.25,46.75,1994,0
20111228,46.75,47.5,45.75,46,1879,0
20111229,45.25,47.25,45.25,46.25,1853,0
20111230,45.5,47,45.5,46,2932,0
20120103,46.75,47,45,45.75,3214,0
20120104,46,46.25,45,46.25,1031,0
20120105,46.25,46.5,45.25,45.25,1310,0
20120106,45.25,46,44.25,44.5,4053,0
20120109,46,47.75,45.75,47.5,7847,0
20120110,48,50.75,47.75,50,3324,0
20120111,50.75,54.5,50.75,53.25,4424,0
20120112,52.25,55,51.5,55,2074,0
20120113,53.25,53.75,51.5,52.5,3871,0
20120117,52,52.5,50.5,50.5,1256,0
20120118,50,50,49,49.75,5407,0
20120119,50.75,53.75,50,52.75,1570,0
20120120,52.5,52.5,50.75,51.25,828,0
20120123,51.25,51.25,49,49.5,1997,0
20120124,50.75,51,49,49.75,2177,0
20120125,51,51,49.25,50,6858,0
20120126,50.25,51.25,49.5,50,1257,0
20120127,50.25,51.75,49.5,51.5,1883,0
20120130,51.25,51.5,49.25,51.5,1981,0
20120131,50,53.25,50,50.25,1746,0
20120201,51.25,52.5,40.75,46.5,8517,0
20120202,47.5,49,46,46.5,6429,0
20120203,46.75,47.5,45.25,46,2186,0
20120206,46,47,45,45,3475,0
20120207,43.25,49.75,43.25,49,10169,0
20120208,48.5,51,47.5,48.75,5732,0
20120209,46.25,47.75,45.5,46.75,51569,0
20120210,46.5,48.75,46.25,48.75,8961,0
20120213,48.75,49.5,48,48.5,9474,0
20120214,48.75,50,48,48.75,6995,0
20120215,48.75,49.75,48,48.5,3659,0
20120216,50.25,52.25,49.5,49.5,10900,0
20120217,50.25,51.25,48.75,48.75,4275,0
20120221,49.5,51.75,48.25,50.75,7850,0
20120222,50.75,51.5,49.75,49.75,11607,0
20120223,50,50.25,48.75,49.75,4021,0
20120224,49.75,51.25,49,49.75,5451,0
20120227,49.75,50,49,49,3567,0
20120228,49.25,50.75,49.25,50.5,3445,0
20120229,50.5,51,49.75,50.25,4518,0
20120301,50.25,50.25,49.25,49.75,3689,0
20120302,50,50.25,48.75,49.25,2724,0
20120305,49,50,49,49.75,3187,0
20120306,49.25,50.25,47.75,48.5,4722,0
20120307,48.5,49.25,48.5,48.5,1215,0
20120308,48.75,49.75,48.25,48.25,2842,0
20120309,48.75,49,48,48.5,1186,0
20120312,50,50,47.75,48.5,3493,0
20120313,48.25,50,48,50,4770,0
20120314,48.75,49.75,47.5,49.25,6390,0
20120315,49.75,50,48,48.5,4026,0
20120316,49,50,48.25,50,7330,0
20120319,50,50,46.75,47.25,5602,0
20120320,48.25,48.25,46.25,46.5,8229,0
20120321,47.5,48.25,46.25,47,2998,0
20120322,47.25,47.25,46.5,46.75,2488,0
20120323,46.75,46.75,45,45.5,4120,0
20120326,46,47.5,45.75,47.5,1355,0
20120327,47.5,47.5,45.75,47.25,2526,0
20120328,47.25,47.5,45.5,47,2990,0
20120329,47,48,46.75,47.5,4563,0
20120330,47.25,49.75,47.25,49,4027,0
20120402,48.5,50,48,50,1609,0
20120403,50,50,48.25,49,2201,0
20120404,49.75,49.75,46.25,46.25,10306,0
20120405,46.75,47.75,44,45.25,4507,0
20120409,45,45.5,43.25,43.25,6969,0
20120410,45.5,47.25,43.75,44.5,4770,0
20120411,45.5,45.75,43.5,44.25,4875,0
20120412,44.75,47.25,44.25,47.25,2131,0
20120413,47.5,48,46.25,47.75,1933,0
20120416,47.5,47.75,45,46.5,5556,0
20120417,45.5,45.5,44.25,45.5,4344,0
20120418,45.5,46,44.5,45.25,1645,0
20120419,45,46.5,45,46.25,2179,0
20120420,46,48.75,45.25,47.25,2539,0
20120423,47.5,48.25,46.25,46.75,1277,0
20120424,46.5,49.25,46.5,47.75,3544,0
20120425,48.5,49.5,47.25,49.5,2970,0
20120426,49.25,49.5,48,48.75,1590,0
20120427,48.5,49.5,47.25,48.5,2866,0
20120430,47.5,49,47.25,49,2763,0
20120501,48.75,49.5,47.5,49.5,1822,0
20120502,49.25,49.75,47.5,49.5,1782,0
20120503,49.25,49.5,48,48.75,3899,0
20120504,49,49,47.25,47.5,2933,0
20120507,47.5,47.75,46.5,46.5,3378,0
20120508,46.5,47.25,44.5,44.5,8203,0
20120509,45,47,44.5,46.5,2008,0
20120510,46.75,48,46.75,47.5,3143,0
20120511,48,48.75,48,48.75,4010,0
20120514,48.75,48.75,47,48.25,4428,0
20120515,48.5,48.5,46.5,46.5,2627,0
20120516,46.5,47,44.25,44.25,5404,0
20120517,46,46.75,45,46,3150,0
20120518,46,46.5,45,46,3685,0
20120521,45,46,44.5,44.5,9429,0
20120522,44.5,44.75,42,43,13728,0
20120523,43,43,39.75,43,6973,0
20120524,42.75,43.25,40,43.25,1779,0
20120525,43.5,47,41.75,45.5,8301,0
20120529,46.5,48.75,45.25,48.75,17702,0
20120530,47.25,48.5,45,48,11555,0
20120531,48.5,51.25,48.5,50.5,24480,0
20120601,50,55.25,49.5,54.5,22438,0
20120604,56,56.25,53.5,54.5,5419,0
20120605,54.75,55,50.5,53.75,16898,0
20120606,53.75,57.25,53.25,55.5,19004,0
20120607,54.25,56.5,53.5,54.25,7259,0
20120608,53.25,54.25,53,53.5,3408,0
20120611,53,54.75,52.5,53,4980,0
20120612,52.5,54,51.5,51.75,5659,0
20120613,51,53,51,52.5,5877,0
20120614,53.25,53.25,52,52.25,1698,0
20120615,51.75,56,51.25,54.25,5795,0
20120618,55.25,59,54.5,59,4825,0
20120619,59,62,57.5,57.75,4992,0
20120620,57.75,60,57.75,59.75,5018,0
20120621,58.75,60,57.75,57.75,3833,0
20120622,57.5,58.5,55,58.5,11451,0
20120625,57.5,58.25,55.5,56,1998,0
20120626,56.75,57.5,55,57.5,1150,0
20120627,57.5,59.75,55,55.25,3620,0
20120628,55,56.5,53.75,56.25,1491,0
20120629,57.25,65,57.25,61.75,15421,0
20120702,62.25,64.5,61.5,62.5,10714,0
20120703,64.75,64.75,62,62.25,4732,0
20120705,63,65.25,62.5,64.75,14857,0
20120706,64.5,67.25,63.5,66,12356,0
20120709,65.5,72.25,65.5,69.25,29870,0
20120710,71.5,77.5,70.75,75.25,112970,0
20120711,76.75,79.25,72.5,73.25,18470,0
20120712,72.25,77.25,71.75,76.5,10247,0
20120713,77.75,79,76.5,77.5,10376,0
20120716,77.75,78.75,77.5,78,5772,0
20120717,78.75,79,77.25,78.5,5265,0
20120718,78.5,78.75,77,77.75,6818,0
20120719,78.5,78.75,77,77,4299,0
20120720,77,77.75,74.75,77,8893,0
20120723,76.25,77.5,75.5,77.25,7793,0
20120724,76.25,77.75,73.75,74.75,8750,0
20120725,75.25,76.75,74.25,76,8468,0
20120726,77,77.25,75.75,76.25,3839,0
20120727,77,77.5,74,75,10293,0
20120730,75,75.75,68.75,72.25,18457,0
20120731,70,72.75,70,71.25,8532,0
20120801,71,85.5,68.5,74.75,60835,0
20120802,75,76.25,73.75,74.75,8170,0
20120803,76.25,76.25,69.75,74.25,6379,0
20120806,75.25,75.25,73.75,73.75,2903,0
20120807,73.5,76,73.5,75.5,5262,0
20120808,74.5,75.5,73.75,74,3042,0
20120809,75.5,77.75,75.25,77.25,9535,0
20120810,77,77.75,74.25,75,5253,0
20120813,76.25,76.25,73.5,74,7313,0
20120814,73.75,73.75,71.75,72.5,8018,0
20120815,72.75,72.75,70.25,70.75,5807,0
20120816,72,72.5,70.25,72.5,5820,0
20120817,71.75,73,71.5,72.75,1191,0
20120820,72,72.25,70.75,71.75,3602,0
20120821,72.25,72.25,70.5,71.75,6947,0
20120822,70.5,71.25,69,71,7115,0
20120823,72.5,73.25,71.5,72.75,5431,0
20120824,73.5,73.5,72.5,73.5,3362,0
20120827,73.5,76,71.25,71.75,6801,0
20120828,70,73.75,70,73.5,4904,0
20120829,75.5,75.5,73,73.75,3812,0
20120830,73.75,74.25,72,73,2250,0
20120831,73.75,74.75,72.25,74,6600,0
20120904,75,76.25,74.25,75,6026,0
20120905,76.25,76.25,73.25,73.75,3712,0
20120906,73.75,74.75,72.75,74.5,4994,0
20120907,75,75,73.5,74.75,7332,0
20120910,75,75,74,74,2524,0
20120911,75,75,72,72.5,3815,0
20120912,72.25,73,70.5,72,7969,0
20120913,72.5,73.25,70.5,72.75,7696,0
20120914,73.75,74.75,73,74.5,5200,0
20120917,75,75,73.25,75,3812,0
20120918,75,75,73.25,73.5,2214,0
20120919,73.5,75.75,73,74,8461,0
20120920,75.25,75.25,73.5,75,6496,0
20120921,75,80,74.75,79.5,28130,0
20120924,83.25,84.5,80.25,83.5,35145,0
20120925,84.75,84.75,82.5,84,13647,0
20120926,84,84.5,81,82,12012,0
20120927,80.5,84.5,80.5,82.25,6845,0
20120928,83.25,83.25,80.5,81.75,22457,0
20121001,83.75,84.25,79.25,80.75,19342,0
20121002,80.75,80.75,76.25,78,13000,0
20121003,75.5,76.25,72.5,76.25,17287,0
20121004,76.75,77.5,75,77.5,6018,0
20121005,76.75,77,74.75,75,9401,0
20121008,74,76.25,72.5,72.75,6378,0
20121009,71.75,73.75,70.75,71.25,19502,0
20121010,71,72.75,68.5,69,9250,0
20121011,70.25,70.5,65,67,17365,0
20121012,66.25,68.25,66.25,68,4833,0
20121015,68,68,63,63.5,9340,0
20121016,65.5,69.75,65.5,68.75,12549,0
20121017,68.75,73.5,68.75,73.5,9721,0
20121018,74.25,74.25,71.75,73.5,5756,0
20121019,72.75,72.75,67.5,67.5,10393,0
20121022,66.5,70.5,66.5,70,8067,0
20121023,69.75,69.75,67.25,67.5,4919,0
20121024,68.25,68.25,65,66.25,7601,0
20121025,66.75,66.75,63.75,64.25,5965,0
20121026,65,65,61.25,63.75,9853,0
20121031,63.75,68.75,63.75,68,5593,0
20121101,67.25,70,66.5,69.75,4904,0
20121102,69.5,69.75,65,66.25,6939,0
20121105,67.25,68.75,63.25,65,7436,0
20121106,66,68.5,63,66.25,8076,0
20121107,67,67.25,63.25,63.75,5341,0
20121108,63.5,64.75,60.5,61.75,7421,0
20121109,61.75,63.25,60.75,61.5,3951,0
20121112,61.5,62.75,52.5,54.5,23246,0
20121113,55,57,53,57,10242,0
20121114,55.75,60.5,54.75,56.25,31294,0
20121115,59.5,59.5,54.75,55,11138,0
20121116,55,56.25,54.5,56,10008,0
20121119,56.75,57.5,55,55.75,4750,0
20121120,55,55.75,54.75,54.75,3318,0
20121121,55.5,55.75,54.75,55.5,3573,0
20121123,55.5,56.25,54.75,55,3483,0
20121126,55.5,56.75,54.75,55.5,10593,0
20121127,55,55.75,54.25,55.5,4585,0
20121128,54.75,55.75,54,54,6989,0
20121129,54.25,56,54.25,55.75,6538,0
20121130,56.25,56.75,54.75,56,4565,0
20121203,57,57,54.75,54.75,6905,0
20121204,55.75,55.75,54.75,55,9031,0
20121205,55.75,55.75,54.75,55.5,6858,0
20121206,56,56,54.75,55,2392,0
20121207,55.5,57.25,54.75,55,7932,0
20121210,54.75,56.25,54.75,56.25,11577,0
20121211,56.5,57,55.5,56.75,3678,0
20121212,56.75,60.5,56,60.25,8378,0
20121213,60,60.75,57.75,58,5395,0
20121214,57.5,58,56.75,57,2321,0
20121217,57.75,58.75,57.5,57.5,6831,0
20121218,58,58.75,56.5,57,6675,0
20121219,57.5,58,57,57,5842,0
20121220,57,58,56.5,56.75,6677,0
20121221,56.5,57.75,55.5,57.75,5805,0
20121224,57.5,57.75,55.5,57,4493,0
20121226,57.25,57.5,55.75,57.5,4161,0
20121227,57,57,55.25,56.25,4212,0
20121228,55.5,56.25,55,55.75,5778,0
20121231,55,57.5,54.75,57,6462,0
20130102,57.5,58,54,55,11971,0
20130103,55,55,49.5,51.25,13691,0
20130104,50.75,53.75,50.25,52.5,9939,0
20130107,52,53.5,51.25,51.75,4064,0
20130108,52,52.5,51.5,51.75,3104,0
20130109,51,52,50.75,52,4804,0
20130110,52,52,50.5,51.25,5609,0
20130111,51,51.5,50.5,51.5,4852,0
20130114,51.25,51.5,47.5,48.75,11095,0
20130115,50.5,50.5,47.5,48,9020,0
20130116,48.5,48.5,43.75,45,24371,0
20130117,44,47.5,42.75,47.5,21143,0
20130118,47.25,47.75,46.25,47.75,5498,0
20130122,49.75,49.75,45.25,47,9713,0
20130123,47.5,49,46,48.75,5320,0
20130124,48.25,49,46.25,46.25,3503,0
20130125,46.25,47.25,43.75,44.5,7170,0
20130128,44.25,45.5,43.75,45.5,6004,0
20130129,44,46,44,45.25,4116,0
20130130,45.5,46.25,45,46,3912,0
20130131,45.25,49.25,45,48,14377,0
20130201,48,53.5,47.75,52.75,17665,0
20130204,52.75,53.5,52,52.5,6986,0
20130205,53.25,54.75,52.5,54,11155,0
20130206,53,54.75,52.5,53.5,3724,0
20130207,53.5,54.75,50.25,50.25,12897,0
20130208,51,51.5,49.5,50.5,6926,0
20130211,50.25,50.75,49,50,3400,0
20130212,49.5,49.5,47.75,48.5,10648,0
20130213,48.75,49.5,47.5,48.5,7934,0
20130214,48.5,49.25,47.75,47.75,7036,0
20130215,47.75,48.75,46.25,48.75,5745,0
20130219,48.75,49,46.75,48.25,5245,0
20130220,48.75,48.75,46.25,47.5,15045,0
20130221,47.5,50,45.5,47.75,11287,0
20130222,50.5,50.5,47.25,47.25,6454,0
20130225,48,48.75,46.25,48,7143,0
20130226,48,49.25,47.75,48.25,6913,0
20130227,48.25,50,48.25,49.75,9205,0
20130228,49.75,50,48.25,49.5,1685,0
20130301,49.5,49.5,47.5,49.5,8750,0
20130304,49,49,48,48,3940,0
20130305,48,49.25,48,49.25,4239,0
20130306,49,50,48.75,50,3371,0
20130307,49.75,49.75,47.5,49.25,14815,0
20130308,48.75,49.25,48,48.75,7637,0
20130311,49.5,51.75,48.75,51.5,8317,0
20130312,53,55,51.75,54.75,20418,0
20130313,54.75,55,50.5,53,17328,0
20130314,51.5,54.25,49,50.5,13317,0
20130315,50,50,48.25,49.75,7379,0
20130318,48.75,49.75,47.75,47.75,7215,0
20130319,48.25,50,48.25,50,5652,0
20130320,50,52.25,50,50,5698,0
20130321,51,51.5,50.5,51,5886,0
20130322,52.5,54.5,52,54.5,10261,0
20130325,53.75,54.25,51.5,53.5,8331,0
20130326,54.25,54.25,51.75,54,4581,0
20130327,53.5,54,52,54,4649,0
20130328,53.75,53.75,50.25,50.25,14255,0
20130401,52.25,53,48.75,49.75,11172,0
20130402,50.75,50.75,48.75,49.75,8726,0
20130403,50,50,47.75,50,16506,0
20130404,49.25,51,48.5,49.25,6552,0
20130405,48.75,51.25,48.25,51.25,6128,0
20130408,50.5,51,49.5,49.75,4413,0
20130409,50.75,51.25,50,50.75,5027,0
20130410,50.25,50.75,48.75,49.75,6100,0
20130411,50,50,49,49,4337,0
20130412,49,49,46.5,46.75,19317,0
20130415,46.25,47.5,41.75,42.75,23346,0
20130416,44,45.75,42.75,45,6491,0
20130417,47,48.5,45,46.25,11459,0
20130418,45.25,47.25,44.5,47,14037,0
20130419,46.5,47.5,44.75,46.5,10379,0
20130422,47.5,49.25,46.25,48.75,2727,0
20130423,48,49.75,47.75,49.75,6997,0
20130424,49.75,49.75,48.75,49.75,1987,0
20130425,49.75,50.5,49,49.5,9858,0
20130426,49.5,49.75,48.25,49.25,3577,0
20130429,49.25,49.25,48.25,49.25,1885,0
20130430,48.5,48.75,48.25,48.75,4570,0
20130501,48.25,49.5,46.5,48.25,12374,0
20130502,48.75,49.75,48.5,49.5,8429,0
20130503,49.75,51,49.25,50.5,5721,0
20130506,51,51,49.5,50.5,2395,0
20130507,50,50.75,49.25,50.25,3138,0
20130508,50.75,50.75,47.75,49,10518,0
20130509,49.5,49.5,47.25,48.25,5127,0
20130510,48.25,49.5,47.75,48.25,20468,0
20130513,48.25,49.25,48.25,48.75,5235,0
20130514,49.25,50.25,48.75,50.25,8291,0
20130515,49.5,49.5,48.75,49.25,6294,0
20130516,49.25,49.25,48,49,10026,0
20130517,48.25,49.25,47.5,49.25,4812,0
20130520,46.75,48.5,46.75,48.25,5239,0
20130521,48.5,48.5,46.75,48.5,3609,0
20130522,49.25,49.25,47.75,49,2507,0
20130523,48,49.25,48,48.75,6078,0
20130524,49,49,48.25,48.5,4238,0
20130528,48,49,47.5,48.5,3778,0
20130529,48.25,48.75,47.5,48.75,2583,0
20130530,48.75,49.5,48.25,49.5,6746,0
20130531,50,52.25,49.75,51.5,19070,0
20130603,53.75,54.25,51.5,51.5,18459,0
20130604,51.75,52.5,50.25,51,9395,0
20130605,51.5,52.5,50.5,50.5,4472,0
20130606,50.5,51.25,49.5,51.25,3931,0
20130607,50.75,51.75,48,49,9772,0
20130610,48.5,49,47.5,49,5058,0
20130611,48.25,48.75,47.75,48.5,2948,0
20130612,48.75,50.5,48.75,50.25,5676,0
20130613,49.75,50.5,48.25,48.5,3096,0
20130614,49,49.75,48,49,2809,0
20130617,49,49,48.25,48.25,2590,0
20130618,48.75,49.5,48.5,48.5,3152,0
20130619,48.75,49.75,48.5,49.5,4040,0
20130620,49,49,45.25,46,22517,0
20130621,46,48.25,46,46.75,13094,0
20130624,46,47.25,45.25,46.5,8140,0
20130625,46.25,46.5,45.25,46.25,5812,0
20130626,45.5,46,42.25,43.75,31188,0
20130627,42.75,43,39.25,41.25,41286,0
20130628,41.25,42.25,40.5,41.25,26149,0
20130701,41.25,42.25,39,41,33202,0
20130702,41.25,41.5,40.5,41.25,7574,0
20130703,42.5,44.75,41.75,44.75,2261,0
20130705,44.75,44.75,40.75,42,4365,0
20130708,42,43,40.5,42,8832,0
20130709,42,43.25,41,42.25,3197,0
20130710,42.5,44.75,42.5,44.75,4279,0
20130711,45.5,47,45,46.75,4845,0
20130712,46.25,49,46,49,5315,0
20130715,48.75,49.25,47,47.5,7215,0
20130716,47.25,49.25,46.5,48,10737,0
20130717,47.75,49,47,48.5,1376,0
20130718,48,50,48,49.75,5833,0
20130719,49.75,50,48.5,49.5,4763,0
20130722,50,50,48.75,49.5,5743,0
20130723,49.5,49.75,48.75,49.5,2838,0
20130724,49.25,49.5,48.5,49.5,1959,0
20130725,49.25,49.5,48.5,49,1257,0
20130726,48.75,48.75,48,48.75,5646,0
20130729,48.25,49.25,46.75,47.25,8601,0
20130730,46.75,48,46.75,47.25,6570,0
20130731,46.25,47.75,45.25,46.75,15003,0
20130801,47,47.5,45.5,46,8764,0
20130802,46.25,47.25,45.25,47.25,17518,0
20130805,46.75,47.5,46.25,47,6018,0
20130806,47.25,48,45.25,46.5,8908,0
20130807,47,47.25,45.5,46,10035,0
20130808,47.25,50,46.25,50,16789,0
20130809,50,50.5,49,49.5,2684,0
20130812,50.25,51.75,49.25,51,20697,0
20130813,51,51.5,49.5,51,13004,0
20130814,51.25,52.75,51,52.5,15065,0
20130815,52,54.75,52,54.5,12058,0
20130816,54.5,56,53.75,55.25,11202,0
20130819,55.25,56.75,54.25,55.75,9478,0
20130820,53.75,55.75,52.5,54.5,7530,0
20130821,53.75,54.25,52.5,54,3715,0
20130822,54.5,54.75,53,54,2417,0
20130823,54,55.75,53.5,55.75,13878,0
20130826,53.75,55,52.25,53.75,22674,0
20130827,54,54,51.75,52.25,7112,0
20130828,52.75,53.75,52.5,53,4659,0
20130829,52.25,53.5,51,53.25,5682,0
20130830,53,53.25,52.5,53.25,5217,0
20130903,53.25,53.5,52.5,52.75,5954,0
20130904,52,52.5,50.75,52.25,3027,0
20130905,52,52,48.75,51,6648,0
20130906,51,51.5,49.75,51.25,2544,0
20130909,50.5,51.5,49.75,51.5,1259,0
20130910,50.5,51.5,49,50.5,1991,0
20130911,49.5,51.25,47.75,48.75,5310,0
20130912,48.25,49.75,48,48.25,3548,0
20130913,48.25,48.75,48,48.75,910,0
20130916,48.75,48.75,48,48.75,2488,0
20130917,47.5,48.75,47.5,48.75,1657,0
20130918,48.25,50.75,47.25,50.75,7178,0
20130919,50,50,48,48.75,4450,0
20130920,48.5,48.5,46.25,46.75,8254,0
20130923,47.5,47.75,46.25,46.75,5785,0
20130924,46.25,46.75,45.5,45.75,5001,0
20130925,46,47,45,45.75,13737,0
20130926,45.5,47,45.5,46,3689,0
20130927,46.25,46.5,45.5,46,1988,0
20130930,45.75,46,43.75,45,11172,0
20131001,45,45.5,43.75,45,2659,0
20131002,45,45.5,44.75,45.5,5658,0
20131003,45,46.25,44.5,46,5021,0
20131004,46.25,46.25,44.75,46.25,4164,0
20131007,47,48.25,46.25,47.5,12503,0
20131008,46.5,47,45,46,2879,0
20131009,46.75,46.75,43.75,46.5,2663,0
20131010,46.25,46.5,44.5,45.75,1220,0
20131011,46,46,44.5,44.5,1702,0
20131014,44.75,45,44,44,2578,0
20131015,44,45,42.5,45,4565,0
20131016,45,45,44.5,44.75,1147,0
20131017,45.5,46,44.5,45,3722,0
20131018,45,45,43.75,44.5,2469,0
20131021,44.25,44.5,42.75,44,5667,0
20131022,44.5,44.5,42.5,43.5,5193,0
20131023,43.5,43.75,42.75,43.75,2389,0
20131024,43.75,45.5,43.75,45,5795,0
20131025,44.75,45.5,44.25,45.25,2739,0
20131028,44.75,45,43.75,43.75,2200,0
20131029,43.75,44.5,43.75,44.25,1769,0
20131030,44.25,45,43.25,44.25,2870,0
20131031,44.5,45,42.75,43.5,5128,0
20131101,44.5,44.5,42.75,43.25,3249,0
20131104,43,44.25,43,44,1999,0
20131105,44.5,44.75,43.25,43.75,4632,0
20131106,44,44,43.25,44,1956,0
20131107,43.25,44.25,43.25,43.5,1543,0
20131108,43.75,47.5,42.75,46.75,12002,0
20131111,46.25,46.25,44,45,1523,0
20131112,45,45.75,44,44.25,3555,0
20131113,44.5,46,43.75,44,8111,0
20131114,44,45.25,43.75,44.5,2443,0
20131115,44.5,45.25,43.25,44.5,7332,0
20131118,46.25,46.25,45,46,7565,0
20131119,46.25,47,46,46,10109,0
20131120,46,46.5,43.75,44,5205,0
20131121,44.25,45,42.75,43,8370,0
20131122,43.25,44,43,43.25,3755,0
20131125,42.75,43.5,42.75,43.25,9234,0
20131126,43.25,43.25,41.5,42,4979,0
20131127,42,43,42,42.5,2258,0
20131129,42.75,44.75,41.25,44.75,3835,0
20131202,44.5,44.5,42,43.25,5682,0
20131203,43,43.5,41.5,43.25,3107,0
20131204,43.5,44.75,42.75,44.75,3148,0
20131205,43.75,45.5,43,43.25,6840,0
20131206,43.75,45.25,42.5,44.5,5453,0
20131209,45,45.25,43.25,44,3890,0
20131210,44.25,45.25,44.25,45.25,2218,0
20131211,44.75,45,43.75,44.25,3630,0
20131212,43.5,44.25,42.75,43.5,2565,0
20131213,43.5,44.25,43.5,44,3134,0
20131216,43.5,43.75,42,43.5,14258,0
20131217,43.75,43.75,41.75,42.5,5398,0
20131218,43.5,43.5,41.75,41.75,6585,0
20131219,41.25,41.75,40,41.75,6861,0
20131220,42,42.75,40,42.75,11456,0
20131223,42.75,42.75,42,42,3249,0
20131224,41.75,41.75,40.75,41.5,1697,0
20131226,41.5,42.25,39.75,41.5,8911,0
20131227,41.75,41.75,40.75,41,3027,0
20131230,40.5,41.75,40.5,41.5,9417,0
20131231,42.5,43.75,41,43.75,6423,0
20140102,43.75,46.25,43,46.25,15528,0
20140103,47,47,45,46,4242,0
20140106,46.5,46.75,46,46,4454,0
20140107,45.75,45.75,43.75,44.25,4152,0
20140108,44.25,44.25,43,44.25,2798,0
20140109,43,44.25,42.5,43.5,2578,0
20140110,43.75,45,42.75,45,6855,0
20140113,45.25,46.75,44.25,46.25,7247,0
20140114,46.5,47,45.75,46.25,11633,0
20140115,45.5,46.75,45.25,46.5,3044,0
20140116,46.5,46.75,45.25,46.75,2145,0
20140117,46.75,47.5,46.25,47.5,8819,0
20140121,46.75,47.5,46.25,47.5,6053,0
20140122,47.25,47.5,46.5,47.25,7097,0
20140123,47.5,48.75,47.25,47.75,7659,0
20140124,47.5,48.5,45.75,47,5375,0
20140127,46.75,47,45.75,46.75,3437,0
20140128,46,46.75,45,46.25,7393,0
20140129,47,47.25,46.25,47,2127,0
20140130,46.25,47.25,46.25,47.25,1605,0
20140131,47.25,47.5,46.5,47.5,1152,0
20140203,47.5,49.25,47.25,49,5681,0
20140204,49,49.5,48.25,49.25,4749,0
20140205,49.25,49.75,48.25,49,4349,0
20140206,49,49,45.25,48.75,4352,0
20140207,48.75,49.25,48,49,3915,0
20140210,49.5,50.5,49.25,49.75,12610,0
20140211,49.75,50,48.5,49.75,9081,0
20140212,49.75,50.25,49,50,8832,0
20140213,50,51.25,49.5,51.25,8494,0
20140214,50.75,51.75,50.25,50.75,9075,0
20140218,50.75,52,49,51.5,11103,0
20140219,50.75,51.5,49.75,50.25,4643,0
20140220,50.25,51.25,50.25,50.75,4498,0
20140221,51,51,49.5,50.25,18042,0
20140224,51,51,49,49.5,29006,0
20140225,49.25,49.5,49,49.5,3224,0
20140226,48.75,49.5,48.5,49,5111,0
20140227,48.5,50,48.5,50,4595,0
20140228,49.75,50.75,49.5,50,8907,0
20140303,51.5,51.5,50,50.5,12893,0
20140304,51.5,51.5,50,50.75,6509,0
20140305,51.25,51.5,50.25,51.25,4383,0
20140306,51.25,51.5,50.5,50.75,12254,0
20140307,50.5,50.75,49.75,50,9026,0
20140310,50.25,50.5,48.5,49.5,8561,0
20140311,48.75,49.5,45.75,48.5,15340,0
20140312,48.75,48.75,47,48.75,10548,0
20140313,48.75,49.5,48,49.25,5062,0
20140314,48.75,49.5,47.75,48.25,5303,0
20140317,48.5,48.75,45.5,47,9679,0
20140318,46.25,46.25,43,45.25,25577,0
20140319,44.25,44.75,43.75,44.25,5435,0
20140320,44.5,44.75,43.75,43.75,4078,0
20140321,44,44.75,43.5,44.25,7770,0
20140324,43,44,41.75,43.25,13628,0
20140325,43,44,42,42.5,5867,0
20140326,43.75,43.75,41.75,42.25,4188,0
20140327,42.5,42.75,40.25,40.75,8272,0
20140328,40.75,42,40.75,42,2967,0
20140331,41.5,42,39.75,41.25,4738,0
20140401,40.75,41.75,39,41.25,12212,0
20140402,41.25,42.5,41,42.5,2348,0
20140403,42,42,40.25,41.5,3873,0
20140404,42,42.5,40.5,42.25,3109,0
20140407,42.5,42.75,41,42.5,4249,0
20140408,42.5,42.5,41.25,42,3304,0
20140409,42,43,41.5,42.25,2961,0
20140410,42.25,43,42.25,43,3062,0
20140411,43,43,39,39,9911,0
20140414,40,42.5,40,41.75,6212,0
20140415,40.75,43.5,40.25,43.5,7591,0
20140416,43.25,43.75,41.25,41.25,2222,0
20140417,42.5,43.5,41.75,42.25,1945,0
20140421,42,43.25,42,42.5,2340,0
20140422,42.25,43,40.5,41.75,4658,0
20140423,42,43,41.25,42.5,1194,0
20140424,42.25,42.5,41.25,42,2229,0
20140425,42.25,43,42,42.5,2164,0
20140428,42.75,42.75,41,41.75,1932,0
20140429,42,42.5,41.75,42.25,1463,0
20140430,41.5,44.25,41.5,44.25,3177,0
20140501,44.25,45,43.25,44.25,4268,0
20140502,44.5,44.5,43,44,1065,0
20140505,44,44.25,41.25,44.25,2076,0
20140506,44,44,41,43.25,6072,0
20140507,42.75,43.25,40,40,4234,0
20140508,40.25,42.25,39.75,40.5,4055,0
20140509,38.75,44.5,38.75,43.75,24975,0
20140512,42.75,42.75,40.25,42.25,8916,0
20140513,41.5,43,41,42.25,4322,0
20140514,41.75,43,41,42,2600,0
20140515,43.25,43.5,41,41.75,4274,0
20140516,41,42.75,41,42,4643,0
20140519,41.75,42.5,41,41.25,9663,0
20140520,41.25,42,40.5,42,2101,0
20140521,42.25,42.25,41,42.25,3452,0
20140522,42.25,42.5,41.25,42.5,3940,0
20140523,42,42.5,41,41,4807,0
20140527,41,42.5,41,42.25,3555,0
20140528,41.75,42.5,41.5,42.25,3004,0
20140529,41.75,42.5,41.5,42.5,2565,0
20140530,42.25,42.5,41.5,42.5,1274,0
20140602,42.5,42.5,41.5,42,3134,0
20140603,42.25,42.25,39.75,41.25,9723,0
20140604,41,41.75,40.75,41.5,1186,0
20140605,41.5,42,40.5,42,5190,0
20140606,41.25,42,39.5,40.75,7789,0
20140609,41.75,42.25,39.75,40.25,7094,0
20140610,40.25,41.5,40.25,41,4160,0
20140611,41,41.75,40.25,41,5468,0
20140612,41.25,41.75,40.25,41.5,13673,0
20140613,41,41.75,39.75,41.75,2880,0
20140616,41.5,41.5,40.5,41.25,2587,0
20140617,41.5,41.5,40.5,41.25,1373,0
20140618,41.25,42,36.75,42,10120,0
20140619,42.5,42.5,40.75,42.25,15887,0
20140620,42.5,43.25,40.75,42.5,5992,0
20140623,42,42.5,41.25,42.25,2811,0
20140624,42.25,42.25,41.25,42,2994,0
20140625,41.5,42.25,41.25,42.25,3402,0
20140626,42.25,42.25,41.25,42,1559,0
20140627,41.5,42.75,41,42.75,3025,0
20140630,41.75,42.5,41.25,41.75,3988,0
20140701,41.25,42.5,41.25,41.25,3495,0
20140702,41.25,42.5,41.25,42.25,3052,0
20140703,42.5,42.5,41.5,41.75,576,0
20140707,41.25,42,41.25,41.75,2199,0
20140708,42,42,41.25,42,1217,0
20140709,41.25,41.5,41.25,41.5,2206,0
20140710,41.5,42,41.25,42,1172,0
20140711,41.25,42,41.25,42,1994,0
20140714,41.25,42,41.25,42,1638,0
20140715,40.5,41.75,40.5,41.25,2518,0
20140716,41,41.25,40.5,41,3913,0
20140717,40.25,41.5,40.25,41.5,3222,0
20140718,41.75,41.75,40,41,11265,0
20140721,41.25,41.25,39.75,39.75,5956,0
20140722,39.75,40.75,38.5,38.75,10836,0
20140723,38.5,40,38.25,39.75,2008,0
20140724,39,40,38.5,39.25,3188,0
20140725,40,40,39.25,39.75,1229,0
20140728,40,40.5,39.75,39.75,1645,0
20140729,39.75,39.75,38.75,39.75,3178,0
20140730,40,40,38.75,39.25,1426,0
20140731,39.25,40,38.5,39.5,1929,0
20140801,39.5,40,39,40,3621,0
20140804,39,40.75,39,40,2606,0
20140805,39.5,40.25,39.25,40,831,0
20140806,39.25,40.25,39.25,39.25,1579,0
20140807,39.25,40,39,39.5,1187,0
20140808,38.75,39.75,38.75,39.5,706,0
20140811,39.25,40,39.25,40,2876,0
20140812,40,40.25,39,39.5,4865,0
20140813,40,40,39.25,39.5,2857,0
20140814,40.25,40.25,39,39.25,3046,0
20140815,39.25,40,39.25,39.25,1808,0
20140818,39.25,40,39,39.25,2616,0
20140819,39.25,40,38.75,39.75,2905,0
20140820,39.25,40,39,39.5,1083,0
20140821,39,39.75,39,39.5,856,0
20140822,39,40,39,39.5,2530,0
20140825,39,39.75,38.25,39,4183,0
20140826,38.5,39.25,37,38.5,11365,0
20140827,37.75,38.75,37.5,38,3890,0
20140828,37.75,38.5,37.5,38.25,3446,0
20140829,37.75,38.75,37.5,38,2918,0
20140902,37.25,38.75,36.5,36.75,5187,0
20140903,36.75,38.25,36.75,37.75,6881,0
20140904,37.75,38.25,36.75,37.25,1839,0
20140905,36.5,37,35.5,36,4779,0
20140908,36,36.5,35,35.5,5352,0
20140909,35.75,35.75,35,35.5,2178,0
20140910,35.5,36.25,35,36.25,1769,0
20140911,36.5,36.5,34.75,35.25,3455,0
20140912,35.25,36,34.5,35.25,3515,0
20140915,35.5,35.5,34.25,34.75,1896,0
20140916,34.75,34.75,33.75,34,5447,0
20140917,33.25,33.75,31.5,33,13766,0
20140918,32.75,33.5,32.25,32.5,25983,0
20140919,32.75,33,31.75,32.5,6981,0
20140922,32,32.5,31.5,32.25,16572,0
20140923,32.5,32.5,31.75,32,29673,0
20140924,32,32.25,27.5,29.75,124493,0
20140925,29.75,31,29.5,30.25,7192,0
20140926,30.5,31,30,30.5,3493,0
20140929,30.5,31,30,31,1788,0
20140930,30.25,31,29.5,30.25,3933,0
20141001,30,30,28.75,29.25,12691,0
20141002,29.25,30.75,29.25,30.25,5635,0
20141003,30.5,30.5,25.25,27.75,23348,0
20141006,27.5,29,27.25,28.25,7228,0
20141007,28.75,32,27.5,28.25,4548,0
20141008,29,31,28.25,30.75,7199,0
20141009,30.75,33.5,30,32,7982,0
20141010,32,33.5,30.25,31.25,4271,0
20141013,31.75,33,29.5,30.5,5392,0
20141014,31,31.25,29.75,30.75,3626,0
20141015,31,32.5,30,32,5131,0
20141016,33,33.5,32,33,9774,0
20141017,33,34,31,32.5,7946,0
20141020,31.25,33.5,31.25,32.5,5229,0
20141021,33.5,33.5,32,33,6707,0
20141022,32.5,33.5,31.75,32.75,5567,0
20141023,32,34,31.75,34,6393,0
20141024,33,34,32.5,32.75,3199,0
20141027,32.75,33.75,32.75,33,2438,0
20141028,32.75,33.75,32.5,33.25,2976,0
20141029,32.25,33,30.75,31.5,4246,0
20141030,31.25,31.5,30,30.75,2403,0
20141031,28.75,29.5,27.75,28.25,8024,0
20141103,28.25,28.75,27.5,28.75,5207,0
20141104,28,28.75,27.5,27.5,2736,0
20141105,27.25,28.5,26.25,27.75,5844,0
20141106,27.75,28.5,27.5,28,5264,0
20141107,28.25,28.5,27.5,28.5,3001,0
20141110,28.5,29.75,27.25,27.5,2890,0
20141111,27.5,29.75,27.25,29.25,7539,0
20141112,28.75,29.75,27.75,28.25,3489,0
20141113,28.25,28.5,26.5,27.25,3971,0
20141114,26.5,29.25,26.25,28.5,8366,0
20141117,28.5,28.75,27.75,28,1853,0
20141118,28.75,29.25,28,28,5560,0
20141119,28.25,28.75,27.5,28.5,2732,0
20141120,28.5,28.75,26.5,26.75,7845,0
20141121,27,27.75,26.25,26.25,3687,0
20141124,26.5,29.25,26.5,28,12578,0
20141125,28,28.5,27.5,28,3133,0
20141126,28,29.75,27.25,29.25,7599,0
20141128,28.25,29,27.5,27.5,946,0
20141201,27.5,28.5,24.25,25,10996,0
20141202,24.75,26.75,24.25,25.75,11256,0
20141203,25.5,26.25,23.75,24.75,4708,0
20141204,24.5,25,24.5,24.75,2089,0
20141205,25,25,24.5,24.5,2948,0
20141208,25,25,22.75,24.25,6497,0
20141209,24,25,22.75,22.75,3811,0
20141210,22.75,23.25,20.5,20.75,12161,0
20141211,21.25,22,20.5,22,3884,0
20141212,21.5,23.5,21.5,23,4441,0
20141215,22,22,15.25,17.5,82069,0
20141216,18,19.5,17.5,19.25,8228,0
20141217,19.5,19.5,15.25,18.5,25209,0
20141218,19.25,19.75,16.75,18.5,4407,0
20141219,18.75,19.5,17,17,5740,0
20141222,16.5,18.25,16,16.25,5392,0
20141223,16.5,17.75,16.5,17.75,4104,0
20141224,18.25,18.5,16.25,17.25,4403,0
20141226,16.25,17.75,16.25,17.25,6965,0
20141229,16.5,18,16.5,17.5,7884,0
20141230,17.25,18.75,17,18.25,7584,0
20141231,18.75,19,18,19,10619,0
20150102,19.75,20.75,19.25,20.75,1962,0
20150105,22,22,20.25,20.75,6182,0
20150106,21,21.25,20,20.75,5023,0
20150107,21.75,22.25,20.75,22,3191,0
20150108,22,22.25,20.75,21,4749,0
20150109,20.75,22.25,20.5,22.25,5013,0
20150112,22.5,23.25,21.25,23,5649,0
20150113,23.5,24.75,23.5,23.75,4480,0
20150114,23.5,24.25,21.25,21.25,2881,0
20150115,22.25,25,22.25,25,5818,0
20150116,25,28.75,25,27.75,6986,0
20150120,29,29,25.25,26.25,9105,0
20150121,26.25,26.75,25,26.5,3976,0
20150122,26.5,29.75,25,27.25,9618,0
20150123,27.75,28.5,25.25,27.5,3639,0
20150126,27.25,27.25,25.25,25.25,2199,0
20150127,27.25,28,26.25,27.5,2935,0
20150128,27.5,28.5,26.75,27.5,3184,0
20150129,27,28,25.25,26.75,3638,0
20150130,27,28,26,27,3958,0
20150202,26.75,27,25,25.75,9974,0
20150203,25.75,26,24.5,25,5108,0
20150204,25.25,25.75,24.5,24.75,2513,0
20150205,24.75,25.75,24.5,25.75,5287,0
20150206,25.5,25.5,23.5,23.5,4191,0
20150209,23.75,24.75,21,23.5,6500,0
20150210,23.25,23.25,21.25,22,3366,0
20150211,21.5,22.25,21.25,21.5,3034,0
20150212,21.5,23.25,20,21,4503,0
20150213,20.75,21.75,20.5,21,4374,0
20150217,19.75,20.5,19,19.75,7665,0
20150218,20,20.5,18.75,19.5,4090,0
20150219,18.75,20.25,18.75,18.75,2463,0
20150220,20,20,18.75,19,824,0
20150223,18.75,19.5,17.5,18.5,12308,0
20150224,18.5,19.25,17.5,18,9342,0
20150225,18,20,18,20,2301,0
20150226,20.25,20.75,19.5,20,3046,0
20150227,20.5,21,19.75,20.25,3541,0
20150302,19.25,20,18.25,18.25,4628,0
20150303,18.5,20,18.5,19.75,6268,0
20150304,19,19,18.25,19,3848,0
20150305,19.75,19.75,18.75,18.75,768,0
20150306,19,19.25,17.75,18.5,7908,0
20150309,18.5,18.5,16.25,16.25,13704,0
20150310,15.25,17.5,15.25,15.5,6532,0
20150311,15.75,16.75,15.25,15.5,6112,0
20150312,16,16.25,15,15.5,7648,0
20150313,15,16,14,15.5,4964,0
20150316,15.75,16.25,14.25,15.75,9820,0
20150317,16,16,14.75,15.25,6304,0
20150318,14,16,13.75,15.5,7240,0
20150319,15.5,17.25,15.5,16.25,7276,0
20150320,15.75,16.5,15.25,15.25,7448,0
20150323,15.5,16.5,15.5,16.25,3752,0
20150324,17,17.5,15,17.25,6324,0
20150325,17.5,17.5,16.25,16.25,2248,0
20150326,15.75,17.25,15.75,16,2932,0
20150327,16.75,16.75,15,16,2940,0
20150330,16,16.25,15,15,4972,0
20150331,15,15.5,15,15,2874,0
20150401,15,15.75,14.75,15,6436,0
20150402,15.5,15.5,14.75,15.25,2760,0
20150406,15,17,14.75,16.25,3348,0
20150407,16.25,17,16.25,16.75,2268,0
20150408,17.25,17.5,16.75,17,2756,0
20150409,17,17,16.5,16.75,1046,0
20150410,16.25,17,15.75,17,1212,0
20150413,17,17.25,16.5,17.25,1140,0
20150414,17.25,17.25,16.5,16.75,4180,0
20150415,16.25,17.5,16.25,17.5,3250,0
20150416,18,20.75,18,19.75,9979,0
20150417,19,19.5,18.75,19.25,6368,0
20150420,19.75,20.75,18.75,19.25,5084,0
20150421,19,20.25,19,20,3149,0
20150422,20,20.25,19.5,20,3703,0
20150423,20,20,19.75,19.75,4604,0
20150424,20,20.5,20,20,2257,0
20150427,20.5,20.5,19.5,19.5,984,0
20150428,19.5,20.75,19.5,20.5,4544,0
20150429,20.5,20.75,19.5,19.75,5144,0
20150430,19.5,20.25,19,19,5140,0
20150501,19,19,17.75,18.5,3492,0
20150504,19,19,17.5,18.5,1804,0
20150505,18.75,19.75,18.75,18.75,3160,0
20150506,19,19.25,18,18.75,2187,0
20150507,18.25,18.75,17.5,18.5,1769,0
20150508,18.75,18.75,18,18.75,676,0
20150511,19,19.75,16.75,18.75,3904,0
20150512,19.25,19.25,18,18.75,1595,0
20150513,18.75,18.75,17.5,18.5,2632,0
20150514,18.5,19,18.5,18.5,1488,0
20150515,18.5,18.75,17.75,18.75,1329,0
20150518,18.75,19.5,17.75,19.5,1034,0
20150519,19,19.25,17.5,17.5,4817,0
20150520,17.75,18.25,17.5,18,908,0
20150521,17.25,18.5,17,18.5,2984,0
20150522,18.25,18.5,17,18.5,2336,0
20150526,17.75,18.5,17,18.5,3735,0
20150527,17.5,18.5,17.5,17.5,1108,0
20150528,17.75,17.75,16.75,17.75,3793,0
20150529,17.75,18,17,18,1932,0
20150601,18,18,17,17.75,1029,0
20150602,17,17.5,16.25,17.25,1377,0
20150603,17,17.25,17,17.25,2568,0
20150604,17,17,14.5,16.5,3624,0
20150605,15.75,17,15,16.75,5072,0
20150608,16.75,16.75,16,16.25,1236,0
20150609,16,17,15.75,17,2736,0
20150610,17,17.5,16.5,17.25,1636,0
20150611,17,17,16.25,16.5,8720,0
20150612,16.5,17,16.5,16.75,1776,0
20150615,17.25,18.5,17,18.5,3236,0
20150616,18.25,18.75,17.25,17.25,2860,0
20150617,17.75,18.5,17.25,17.75,1372,0
20150618,17,18.5,16.25,17.25,4288,0
20150619,17.25,17.25,16,16,4136,0
20150622,17,17.25,16,17,3372,0
20150623,16.75,17.25,16.25,16.25,803,0
20150624,16.75,17.25,16,16.25,1412,0
20150625,16.25,16.75,16,16.5,1308,0
20150626,16.25,16.5,13.25,13.25,14956,0
20150629,14,15.5,14,15.25,2228,0
20150630,15.25,15.5,14.5,14.5,5768,0
20150701,13.75,15.75,13.75,15.75,5424,0
20150702,15.5,16.25,14.25,16.25,2300,0
20150706,15.25,15.25,14.75,15,928,0
20150707,14.5,15.5,14,15.5,7524,0
20150708,15,15.25,13.25,13.75,9312,0
20150709,14,14.5,13,14.5,8568,0
20150710,13.5,14.25,12.5,13.25,7656,0
20150713,13.5,13.5,13,13.25,3192,0
20150714,13.5,13.5,13,13.5,2175,0
20150715,13.5,13.75,13,13.5,2510,0
20150716,13.5,13.75,12.75,12.75,3088,0
20150717,12.75,13,12.25,13,6580,0
20150720,12.75,13,11.75,12,5772,0
20150721,11.75,12.5,10.75,11.25,8376,0
20150722,11.5,11.5,9.25,9.75,19236,0
20150723,10,10,9.25,9.5,9080,0
20150724,9.75,9.75,9.25,9.5,8240,0
20150727,9.75,10,9.25,9.5,1676,0
20150728,9.75,9.75,8.75,9.5,5704,0
20150729,9.5,15.25,9.5,15,94580,0
20150730,13,15,11.75,14.25,18044,0
20150731,14.75,15.25,14.25,14.75,17752,0
20150803,15.5,16,13.75,13.75,7114,0
20150804,13.25,14.25,13.25,13.25,6844,0
20150805,14,15,12.75,14,5820,0
20150806,13.25,15,13.25,14.5,4564,0
20150807,15,15,14,14,4472,0
20150810,14.5,15,13.75,14.75,6892,0
20150811,14.5,14.75,14,14.75,1884,0
20150812,14.5,15.25,14.5,15,4816,0
20150813,15,16,14.5,15.5,10332,0
20150814,15,15.75,15,15.5,6224,0
20150817,15.25,16,14.5,14.5,2908,0
20150818,14.5,15.75,14.25,14.5,7648,0
20150819,14.5,15.75,14.5,15.25,4404,0
20150820,15.5,15.75,15,15.5,4500,0
20150821,15.5,15.75,14.5,14.75,5236,0
20150824,14.75,15,13.5,14.75,6496,0
20150825,14.75,15,13.75,14,5012,0
20150826,14.25,14.75,13.25,13.25,3428,0
20150827,14,14.75,13.75,14,6572,0
20150828,14.5,15.5,14.5,14.75,4032,0
20150831,14.75,14.75,13.75,13.75,1928,0
20150901,14.75,14.75,14,14.75,4740,0
20150902,14.5,14.75,13.75,14,4588,0
20150903,14.25,14.75,14,14.75,4012,0
20150904,14.25,15.25,13.75,15.25,4732,0
20150908,14.75,15.5,13.5,13.5,4644,0
20150909,14,15,14,15,3516,0
20150910,14.25,15,13.25,15,14963,0
20150911,14.25,15.25,13.75,15,20856,0
20150914,14.5,15.25,13.75,14,3016,0
20150915,14.25,15,14.25,14.75,6783,0
20150916,14.5,15.75,14.5,15.75,9028,0
20150917,15.75,16.25,15,15.75,3850,0
20150918,15.75,16.5,15.25,16.5,3432,0
20150921,16,16.75,15.5,16.25,2040,0
20150922,16,16.25,15.25,15.25,6000,0
20150923,16,16,15.5,15.75,10112,0
20150924,16,17.5,15.75,17.5,9889,0
20150925,17,17.25,16.25,16.25,3344,0
20150928,16,16.25,15.75,16,5448,0
20150929,16,16.25,15.5,15.5,1668,0
20150930,15.75,15.75,15,15.25,2840,0
20151001,15.5,16,15.25,15.5,7380,0
20151002,15.5,16,15,15.25,8368,0
20151005,15.75,17,15.25,16.25,3162,0
20151006,16.75,16.75,15.75,16.25,2248,0
20151007,16.25,16.5,15.75,15.75,5412,0
20151008,16,16.5,15.75,16.25,3256,0
20151009,16.25,16.75,16,16.25,2280,0
20151012,16.5,16.5,15,16,3574,0
20151013,16.25,16.25,15.25,15.5,1016,0
20151014,16,16.25,15.5,16,5724,0
20151015,16,16,14.75,15,9332,0
20151016,15.25,15.5,15,15,4212,0
20151019,15.25,15.25,13.75,13.75,77440,0
20151020,14,14.25,13.25,13.5,12024,0
20151021,13.75,15,13.75,15,8292,0
20151022,15,16,15,15.25,5344,0
20151023,14.5,15.75,14.5,15,2800,0
20151026,15,15.25,15,15.25,5908,0
20151027,15.25,15.75,14.75,14.75,4256,0
20151028,15.25,15.25,15,15,4580,0
20151029,15,15.25,13.75,15.25,4972,0
20151030,15,15,13.5,13.5,10216,0
20151102,14,15,14,14.75,3106,0
20151103,15,15,14.5,15,2908,0
20151104,15,15,14,14,2510,0
20151105,14.25,14.75,13.75,14,4828,0
20151106,14,14.5,12.5,13,4696,0
20151109,13,13.25,12,12.5,10849,0
20151110,12,12.5,11,11.5,6528,0
20151111,11.75,12.25,11.5,12,3000,0
20151112,12.25,12.25,11.5,11.5,5520,0
20151113,11.5,11.75,11.5,11.75,1972,0
20151116,12,13,11.5,11.75,3960,0
20151117,11.75,12.5,11.75,12.5,7820,0
20151118,12.5,12.5,11.75,11.75,9200,0
20151119,11.75,13,11.75,12.25,3788,0
20151120,12.25,12.5,12,12,5016,0
20151123,11.75,12.5,11.25,11.5,10244,0
20151124,11.5,12,11,11.5,22672,0
20151125,11.5,11.5,10.5,11,38444,0
20151127,11,11.25,10.75,11,3320,0
20151130,11,11.5,10.75,11.5,9208,0
20151201,11.25,11.5,10.75,10.75,4340,0
20151202,10.75,11,8.75,10.25,6293,0
20151203,10,10.25,9.5,9.5,8848,0
20151204,10.25,11.25,9.75,11.25,5724,0
20151207,11.25,11.25,9.75,10,5304,0
20151208,11,11,10,10.75,8227,0
20151209,10.5,11,9.5,10,6648,0
20151210,9.75,10.25,9.5,10,1788,0
20151211,9.5,10,9.25,9.75,4188,0
20151214,10,10.25,9.25,9.75,15913,0
20151215,9.5,9.75,9.5,9.5,6620,0
20151216,9.25,10.25,9.25,10.25,9344,0
20151217,10.25,10.5,10,10.25,4908,0
20151218,10,11.5,9.75,11.25,11356,0
20151221,11.25,11.25,10.25,10.25,12700,0
20151222,10.75,10.75,10,10.5,5570,0
20151223,10.5,11,10.25,10.75,8708,0
20151224,10,10.888,10,10.75,1552,0
20151228,10.328,10.828,9.532,9.532,19237,0
20151229,9.91,10.062,9,9.5,15756,0
20151230,9.25,9.5,8.875,8.875,15412,0
20151231,9.25,9.998,8.815,9.998,22020,0
20160104,10,10.5,9.5,9.75,3937,0
20160105,9.25,9.998,9.25,9.872,1613,0
20160106,9.875,10.25,9.25,10.095,2152,0
20160107,10.75,10.997,10.125,10.495,3688,0
20160108,10,10.51,9.25,9.75,4159,0
20160111,10,10,9.525,9.992,925,0
20160112,9.75,9.872,9.25,9.745,2820,0
20160113,9.45,9.747,9.25,9.5,4440,0
20160114,9.275,10,9.125,9.975,2341,0
20160115,9.75,9.75,9.25,9.5,2485,0
20160119,9.5,10,9.25,9.5,9612,0
20160120,8.775,9.615,8.775,9.275,4422,0
20160121,9.0025,9.975,9,9.975,4818,0
20160122,9.922,10.492,9.5,10.475,1034,0
20160125,10.65,10.75,10.25,10.25,10298,0
20160126,10.525,10.952,10,10.602,3069,0
20160127,10.75,10.75,10.602,10.75,4217,0
20160128,10.75,10.775,10,10.775,7910,0
20160129,10.938,10.938,10.095,10.75,7600,0
20160201,10.277,10.975,10.097,10.54,11334,0
20160202,10.5,10.75,10.312,10.375,5207,0
20160203,10.75,10.772,10.375,10.5,1508,0
20160204,10.5,10.875,10.5,10.75,9781,0
20160205,10.875,12.337,10.75,12.337,14180,0
20160208,13,14.5,12.5,12.925,16998,0
20160209,13,13.25,11.5,11.5,7101,0
20160210,11.25,12.75,11.25,12.197,5308,0
20160211,13.25,13.95,12.25,12.982,16571,0
20160212,12.875,14.25,12,12.025,14689,0
20160216,11.502,13.175,11.5,11.5,7826,0
20160217,11.838,13.132,11.838,13.132,3093,0
20160218,13.25,13.5,13.048,13.4,9483,0
20160219,14,14.002,12.5,12.97,16793,0
20160222,12.528,13.858,12.528,13.25,12088,0
20160223,13.725,14.75,13.25,14.225,32172,0
20160224,13.825,15.5,13.825,13.847,30509,0
20160225,14.45,14.75,14.04,14.572,6839,0
20160226,14.875,14.875,14,14.075,10428,0
20160229,14.438,14.5,13,13.25,15828,0
20160301,13.25,13.998,12.997,13.125,16021,0
20160302,13.25,14.23,13,13.752,5598,0
20160303,14.062,15.25,14.062,15,13289,0
20160304,15,15.5,13.582,14,18185,0
20160307,14.25,15,13.5,13.5,13539,0
20160308,13.502,14.75,12.375,12.575,18890,0
20160309,13,14.25,12.75,13.062,4193,0
20160310,13.438,14,12.875,13.245,5638,0
20160311,13.25,13.875,12.68,13,5421,0
20160314,13.25,13.75,12.5,13,3562,0
20160315,12.5,12.992,11.888,12.305,5255,0
20160316,12.2,13,12,12.992,4341,0
20160317,13.5,13.5,12.25,12.65,7742,0
20160318,12.468,13.048,12.25,12.25,6094,0
20160321,12.25,12.668,11.875,12.01,6606,0
20160322,12.025,12.5,11.9,11.9,3816,0
20160323,11.75,12.5,10.75,11.027,9977,0
20160324,11.425,11.895,11.25,11.502,2310,0
20160328,11.5,11.85,10.25,10.505,16561,0
20160329,10.5,11.25,10.252,10.752,7381,0
20160330,9,10.625,8.75,10.25,129861,0
20160331,10.25,10.25,8.75,9.25,71065,0
20160401,9.25,9.5,9.12,9.4,12736,0
20160404,9.25,9.567,9.25,9.5,14158,0
20160405,9.5,9.975,9.4975,9.5,19481,0
20160406,9.75,9.875,9.22,9.6,10355,0
20160407,9.75,10,9.125,9.375,13938,0
20160408,9.315,9.625,9.0125,9.0125,19431,0
20160411,9.3875,9.75,9.25,9.75,33730,0
20160412,10,10.232,9.5,10.232,49128,0
20160413,10.125,10.25,10,10,16822,0
20160414,10.175,10.248,9.892,9.935,8841,0
20160415,10.25,10.25,9.875,10.162,12286,0
20160418,10.25,10.25,9.555,10.065,20341,0
20160419,10.25,10.312,9.762,10.008,25591,0
20160420,10,10.5,10,10.202,19646,0
20160421,10.288,11.122,10.288,11,22843,0
20160422,11.25,11.75,10.625,10.625,22161,0
20160425,10.997,11.25,10.25,10.75,11296,0
20160426,10.795,10.795,10.15,10.502,17005,0
20160427,10.625,10.625,10,10.005,25711,0
20160428,10.005,11.375,10.005,10.502,18927,0
20160429,10.75,11.487,10.75,11.125,39447,0
20160502,11.5,12.25,11.25,11.6,46501,0
20160503,11.752,12.5,11.565,12,32589,0
20160504,12.35,12.472,11,11.625,26569,0
20160505,11.75,12.125,10.875,10.935,16694,0
20160506,11.322,11.5,10.625,10.625,10326,0
20160509,10.875,10.997,9.75,9.872,20940,0
20160510,10.6,10.6,9.608,10.372,15199,0
20160511,10.875,10.875,9.795,10.5,16643,0
20160512,10.75,10.75,9.525,9.528,12828,0
20160513,9.775,10,9.53,10,8601,0
20160516,11.125,11.125,10.25,10.482,45808,0
20160517,10.825,10.825,10.025,10.75,13335,0
20160518,10.625,10.625,9.75,10.1,16766,0
20160519,9.75,9.998,9.502,9.645,11085,0
20160520,9.897,10.125,9.5,9.587,8806,0
20160523,9.775,9.872,9.587,9.778,7561,0
20160524,9.747,9.752,9.165,9.25,16148,0
20160525,9.5,9.65,8.775,9.25,14751,0
20160526,9.25,9.625,9,9.1275,10168,0
20160527,9.25,9.25,8.8,8.8,11684,0
20160531,9,9.15,8.75,8.7525,14827,0
20160601,9.0225,9.1575,8.5,8.77,15403,0
20160602,9.2425,9.2475,8.7375,8.94,7969,0
20160603,9.75,10.25,9.125,9.4925,30402,0
20160606,9.75,9.975,8.875,9.0025,14773,0
20160607,9,9.5,8.9625,9.4,8515,0
20160608,9.625,9.625,9,9.1,14886,0
20160609,9,9.2575,9,9.2525,16286,0
20160610,9.525,9.525,8.5,8.635,35594,0
20160613,9.0225,9.125,8.25,8.4375,20658,0
20160614,8.5,8.7425,8.25,8.3575,13755,0
20160615,8.5,9.1925,8.4975,9.0675,11053,0
20160616,9.622,10.122,8.75,8.875,22575,0
20160617,9,9.4975,8.755,9,15203,0
20160620,9,9.5,8.77,9.1875,14499,0
20160621,9,9.2025,8.7,8.8675,13615,0
20160622,8.875,8.875,8.505,8.625,5365,0
20160623,8.525,9,8.525,8.82,7725,0
20160624,9.375,10.5,8.75,8.97,22191,0
20160627,9.622,9.622,8.755,8.975,15760,0
20160628,8.7775,9.25,8.6475,9.25,9346,0
20160629,9.3725,9.375,9,9.145,15361,0
20160630,9,9,8.505,8.7225,18672,0
20160701,9,9.375,9,9.3375,21702,0
20160705,9.325,9.987,9.0075,9.735,43131,0
20160706,10.002,11.625,10.002,11.012,85574,0
20160707,11,11.302,10.38,10.802,39570,0
20160708,11,11.498,10.55,11.247,25572,0
20160711,11.5,11.555,10.5,10.878,36010,0
20160712,11,11.25,10.26,10.32,22419,0
20160713,10.425,11,10.25,10.75,10528,0
20160714,10.275,10.938,10.25,10.502,34649,0
20160715,10.502,10.955,10.3,10.725,9906,0
20160718,10.437,10.75,10.378,10.422,12695,0
20160719,10.478,10.608,10.128,10.17,20136,0
20160720,10.052,10.115,9.5,9.6,25712,0
20160721,9.3025,9.75,9.045,9.495,14609,0
20160722,9.5,9.535,9.25,9.4,8844,0
20160725,9.5,9.68,9.025,9.025,27527,0
20160726,9,9.592,9,9.1275,7457,0
20160727,9.0375,9.5,9.025,9.315,11001,0
20160728,9.4,9.75,9.25,9.34,17344,0
20160729,9.562,9.625,9.2775,9.4375,20218,0
20160801,9.75,10.225,9.75,10.125,26426,0
20160802,10.25,11.25,10.25,11,33581,0
20160803,11.25,11.45,11.002,11.45,23071,0
20160804,11.5,11.625,10.125,10.708,34722,0
20160805,10.28,10.722,10.028,10.245,10593,0
20160808,10.25,10.53,10.028,10.03,25246,0
20160809,10.05,10.548,9.75,10,8796,0
20160810,10.25,10.5,9.532,9.875,29724,0
20160811,10.5,10.5,9.875,10,8492,0
20160812,10.25,10.9,10,10,22707,0
20160815,10,10.145,9.1675,9.538,48705,0
20160816,9.0025,9.518,9,9.235,19934,0
20160817,9.125,9.2475,9.0025,9.0625,10157,0
20160818,9.1275,9.25,9.0025,9.03,9849,0
20160819,9.2475,9.25,9,9.0825,11798,0
20160822,9.2475,9.375,9.075,9.205,11824,0
20160823,9.25,9.48,9.0275,9.2225,12456,0
20160824,9.25,9.25,9,9.05,16474,0
20160825,9,9.38,8.75,9.04,18937,0
20160826,9,9.5,8.75,9.1,14105,0
20160829,9.225,9.625,8.83,9.625,11385,0
20160830,9.722,9.722,9.25,9.5,20386,0
20160831,9.25,9.495,8.8,9.0875,13065,0
20160901,9,9.4675,8.8925,9.3,10812,0
20160902,9.4475,9.962,9.195,9.507,30503,0
20160906,9.375,10,9.375,9.948,14944,0
20160907,9.975,10.125,9.75,9.75,9748,0
20160908,9.75,10.25,9.512,9.698,13392,0
20160909,9.75,10,9.25,9.552,13860,0
20160912,9.5,9.75,9.25,9.747,9411,0
20160913,9.502,9.745,9.125,9.1975,20145,0
20160914,9.475,9.5,9,9.375,16306,0
20160915,9.2475,9.405,9,9.1,9580,0
20160916,9,9.425,8.825,8.825,15137,0
20160919,9,9.1975,8.875,8.965,11572,0
20160920,8.925,9.2125,8.925,9.1275,4446,0
20160921,9.2,9.712,9.0975,9.38,7135,0
20160922,9.425,9.5,8.775,9.075,18394,0
20160923,9.0325,9.125,8.875,9.0875,10883,0
20160926,9.0025,9.2475,8.9,8.9025,9231,0
20160927,8.9975,9.2925,8.9,9.2375,18589,0
20160928,9.2375,9.5,9,9.375,4999,0
20160929,9.47,9.47,9.0125,9.25,2949,0
20160930,9.0025,9.375,9,9.18,6604,0
20161003,9.375,9.5,8.9,8.9,5974,0
20161004,8.7,9.2475,8.5,8.7475,30188,0
20161005,8.35,8.725,8.2625,8.5,15698,0
20161006,8.4225,8.505,8,8.245,12709,0
20161007,8.245,8.25,8,8.1225,6488,0
20161010,8.25,8.5775,8.175,8.4975,4993,0
20161011,8.2525,8.4725,8.1,8.35,4754,0
20161012,8.415,8.5,8,8.5,6607,0
20161013,8.9225,8.9225,8,8.125,7216,0
20161014,8.0825,8.205,7.75,8.125,14804,0
20161017,7.75,8.07,7.5,7.7,9057,0
20161018,7.595,8,7.5,7.885,8072,0
20161019,8,8.5025,7.54,7.99,7745,0
20161020,8.25,8.25,7.25,7.4975,25051,0
20161021,7.2625,7.875,7.25,7.25,13557,0
20161024,7.4975,7.745,6.6525,6.6525,21134,0
20161025,6.5,7,6,6.0775,34446,0
20161026,6.075,6.5,5.75,5.775,35117,0
20161027,6,6.4875,5.625,5.9975,22226,0
20161028,6,6.25,5.75,5.75,9868,0
20161031,5.875,5.905,5.305,5.905,11716,0
20161101,5.75,6.25,5.5025,6.0125,14274,0
20161102,6.2475,6.75,6,6.75,30046,0
20161103,6.75,7,6,6.0075,12031,0
20161104,6.125,6.6225,6.125,6.2625,7790,0
20161107,6.5,6.515,5.5,5.535,11768,0
20161108,6,6,5.5,5.7425,8777,0
20161109,6.3,6.5,5.3175,5.4075,26739,0
20161110,5.6875,5.75,5,5.05,22717,0
20161111,5.05,5.25,4.75,5.0775,19652,0
20161114,5.0125,5.5,5,5.4925,18256,0
20161115,5.75,6.25,5.5225,5.8725,15287,0
20161116,6,6.0725,5.5,5.625,6082,0
20161117,5.5,5.7,5.375,5.45,7553,0
20161118,5.4,6.25,5.3975,6.215,23699,0
20161121,6.5,6.625,6,6.29,12296,0
20161122,6.425,6.5125,5.725,6.5125,9782,0
20161123,6.25,6.25,5.55,6.0625,9158,0
20161125,6.35,6.35,5.875,5.88,4061,0
20161128,5.8,6.1175,5.1525,5.85,16450,0
20161129,5.875,5.9125,5.625,5.9,8093,0
20161130,5.895,6.245,5.645,5.7775,12479,0
20161201,5.825,6.2375,5.5,5.6625,9799,0
20161202,5.925,6.225,5.7525,6.225,5172,0
20161205,6.25,6.8,5.555,6.315,39332,0
20161206,5.94,6.5,5.94,6.1025,5494,0
20161207,6.295,6.425,6.135,6.2525,7767,0
20161208,6.2,7.75,6.2,6.75,54966,0
20161209,6.9,7.25,6.5,6.7975,18714,0
20161212,6.7975,6.7975,6,6.4225,17139,0
20161213,6.2125,6.5,5.875,6,11467,0
20161214,6.4775,6.875,6.2525,6.425,32557,0
20161215,6.25,6.725,5.75,5.955,20871,0
20161216,5.75,6.075,5.625,5.9275,20252,0
20161219,5.7525,6.075,5.6275,6,10695,0
20161220,6,6.25,5.6275,5.975,18999,0
20161221,5.975,6.5225,5.895,6.4525,13916,0
20161222,6.495,7,6.495,6.675,8131,0
20161223,6.9975,6.9975,6.6225,6.8225,6865,0
20161227,7,7,6.4,6.6725,16786,0
20161228,6.525,7,6.5,6.58,9874,0
20161229,6.5,6.95,6.25,6.5,19459,0
20161230,6.8475,7.125,6.275,6.575,17541,0
20170103,6.6,6.75,6.0275,6.4575,21954,0
20170104,6.5225,7,6.5,6.9475,16838,0
20170105,6.6275,7.25,6.6275,7.2475,18285,0
20170106,7.5,7.5,6.6275,6.75,14022,0
20170109,7,7.6725,6.7525,7.1875,15642,0
20170110,7.25,7.375,6.875,7,11142,0
20170111,7.05,7.05,6.9275,7,2227,0
20170112,7,7,6.875,6.875,4795,0
20170113,6.875,7.0075,6.75,7.0075,15628,0
20170117,7.125,7.375,6.65,6.81,27780,0
20170118,6.95,6.95,6.0625,6.3,20892,0
20170119,6.615,6.625,6.25,6.375,7308,0
20170120,6.7225,6.7375,6.0325,6.2175,7834,0
20170123,6.2,6.47,6,6.1975,22791,0
20170124,6.25,6.3725,6.225,6.3475,13772,0
20170125,6.025,6.25,5.7525,6.0625,17159,0
20170126,6.075,6.3,5.9225,5.9375,7393,0
20170127,5.9375,5.95,5.75,5.8175,10658,0
20170130,6,6,5.7525,5.8225,4748,0
20170131,5.975,6.075,5.775,6.075,13511,0
20170201,6.25,6.25,5.7525,6.25,9625,0
20170202,6.3125,6.35,5.875,6.105,5204,0
20170203,6.1875,6.1875,5.875,6.05,3944,0
20170206,6,6.725,6,6.25,19240,0
20170207,6.315,6.4175,6.125,6.145,6097,0
20170208,6.25,6.5,6.15,6.205,12013,0
20170209,6.25,6.75,6,6.4325,11917,0
20170210,6.525,6.75,6.375,6.7125,11735,0
20170213,6.71,7,6.675,6.995,10144,0
20170214,7,7,6.375,6.5,15005,0
20170215,6.75,6.75,6.375,6.6975,6778,0
20170216,6.7,7,6.5175,6.75,1946,0
20170217,6.75,6.835,6,6.355,22528,0
20170221,6.6975,6.75,6.35,6.73,16429,0
20170222,6.745,6.745,6.25,6.6825,13639,0
20170223,6.75,6.75,6.25,6.3,6510,0
20170224,6,6.305,6,6.2075,9468,0
20170227,6.25,6.375,6.0225,6.2475,5244,0
20170228,6.0325,6.3725,6.005,6.0175,6649,0
20170301,5.875,6.25,5.875,6.0625,5402,0
20170302,6,6.1225,5.875,5.8775,6579,0
20170303,5.75,6.0575,5.75,5.82,6993,0
20170306,5.815,6.05,5.75,5.7525,6445,0
20170307,6,6,5.75,5.76,6492,0
20170308,5.75,5.9975,5.75,5.9975,4965,0
20170309,5.75,6,5.75,5.8,17670,0
20170310,5.75,5.95,5.75,5.8125,4420,0
20170313,5.975,6.25,5.8625,6.1875,18330,0
20170314,6,6.1725,5.875,6.1225,2673,0
20170315,6.125,6.25,5.925,6.15,10149,0
20170316,6.15,6.33,6.0125,6.25,4549,0
20170317,6.25,6.3025,6.0075,6.1325,9668,0
20170320,6.05,6.375,6.0475,6.3075,6607,0
20170321,6.2,6.3375,6.2,6.255,8891,0
20170322,6.1825,6.25,6.0025,6.075,2308,0
20170323,6.235,6.2375,5.9,6.235,3682,0
20170324,6.2375,6.2375,6.005,6.125,2653,0
20170327,6.2375,6.2375,5.76,5.8775,18536,0
20170328,5.8125,6,5.7625,5.825,6921,0
20170329,5.8525,5.8975,5.7525,5.7575,5799,0
20170330,5.875,5.875,5.65,5.7525,19083,0
20170331,5.75,5.75,5.5125,5.6,6365,0
20170403,5.75,5.8575,5.55,5.66,7038,0
20170404,5.775,5.775,5.5,5.515,7104,0
20170405,5.5,5.5225,5.25,5.375,14542,0
20170406,5.25,5.5225,5.25,5.4,7027,0
20170407,5.5,5.5,5.1,5.2375,8260,0
20170410,5.0525,5.75,5.0525,5.51,12702,0
20170411,5.625,6,5.5,5.8575,10585,0
20170412,5.875,5.879,5.54,5.75,6527,0
20170413,5.5,5.7475,5.325,5.3775,14635,0
20170417,5.3325,5.5,5.065,5.2525,11343,0
20170418,5.25,5.4875,5.075,5.125,6154,0
20170419,5.1975,5.2475,5.05,5.0575,8001,0
20170420,5.1375,5.1975,4.9375,5,20611,0
20170421,5.25,5.25,4.9,5,10340,0
20170424,5.0225,5.2525,4.9,4.985,9403,0
20170425,5,5.2475,4.8275,4.9975,15542,0
20170426,4.995,4.995,4.8275,4.9125,5141,0
20170427,4.825,4.95,4.5,4.5675,22104,0
20170428,4.5,4.7475,4.375,4.5625,11692,0
20170501,4.7475,4.7475,4.5,4.51,3658,0
20170502,4.5125,4.5975,4.5,4.5,4321,0
20170503,4.5,4.625,4.44,4.6,11263,0
20170504,4.7,4.7975,4.25,4.555,42582,0
20170505,4.7475,4.7475,4.45,4.575,11081,0
20170508,4.675,4.725,4.4075,4.5,10777,0
20170509,4.4625,4.5875,4.44,4.475,4004,0
20170510,4.4775,4.525,4.35,4.4275,14489,0
20170511,4.35,4.4875,4.3,4.4075,7352,0
20170512,4.8125,4.96,4.4075,4.5,52612,0
20170515,4.525,4.725,4.5,4.6675,23570,0
20170516,4.625,4.875,4.625,4.6775,16577,0
20170517,4.6875,4.72,4.5,4.5,9490,0
20170518,4.595,4.595,4.4375,4.455,19598,0
20170519,4.5,4.545,4.4125,4.5,15522,0
20170522,4.6725,4.6725,4.375,4.5025,8949,0
20170523,4.525,4.58,4.3875,4.475,10299,0
20170524,4.5625,4.5625,4.1875,4.3125,21319,0
20170525,4.39,4.5275,4.0425,4.285,33035,0
20170526,4.45,4.45,4.15,4.165,15392,0
20170530,4.15,4.1725,3.875,3.9025,15742,0
20170531,3.8775,4,3.8775,3.8925,10051,0
20170601,4,4.0725,3.875,3.925,15568,0
20170602,3.9375,4.0375,3.6875,3.75,48420,0
20170605,3.9625,3.9625,3.4375,3.545,56362,0
20170606,3.6875,3.6875,3.3725,3.5025,22392,0
20170607,3.45,3.625,3.4375,3.5025,22368,0
20170608,3.625,3.635,3.45,3.4925,13144,0
20170609,3.55,3.55,3.375,3.415,21376,0
20170612,3.4725,3.6,3.2375,3.3,21347,0
20170613,3.3,3.9625,3.245,3.7825,144657,0
20170614,3.975,4.155,3.5475,3.75,135254,0
20170615,3.6,3.7,3.3025,3.56,24466,0
20170616,3.5,3.75,3.375,3.5825,21701,0
20170619,3.5625,3.605,3.315,3.4,33271,0
20170620,3.375,4.25,3.25,3.995,95969,0
20170621,4.125,4.5,3.8675,4.33,211271,0
20170622,4.2225,4.8425,4.125,4.545,204907,0
20170623,4.7475,4.8475,4.185,4.29,166235,0
20170626,4.525,4.575,4.13,4.375,100742,0
20170627,4.5,4.525,4,4,120262,0
20170628,4,4.625,4,4.505,148398,0
20170629,4.75,5.6,4.6525,4.9575,373997,0
20170630,4.9,5.25,4.5,4.57,105675,0
20170703,4.675,4.6825,4.3,4.5175,47845,0
20170705,4.625,4.75,4.25,4.375,58743,0
20170706,4.5,4.625,4.1575,4.4325,72009,0
20170707,4.6,4.6,4.1575,4.2625,79434,0
20170710,4.2,4.4775,4.1625,4.205,65236,0
20170711,4.165,4.375,4.03,4.225,75147,0
20170712,4.75,4.75,4.05,4.125,116639,0
20170713,4.125,4.1725,3.9,4.1,64508,0
20170714,4.125,4.3,3.95,4.25,59897,0
20170717,4.475,4.475,3.95,4.2325,76093,0
20170718,4.2475,5.25,4.05,5,456618,0
20170719,5.125,5.25,4.525,4.65,210909,0
20170720,4.75,5.1225,4.6125,4.985,147912,0
20170721,5,5.125,4.75,4.9,92480,0
20170724,5.025,5.025,4.545,4.635,86277,0
20170725,4.935,4.9475,4.6,4.6675,68902,0
20170726,4.85,4.8575,4.5,4.775,74262,0
20170727,4.8,4.8775,4.39,4.6125,103338,0
20170728,4.625,4.955,4.5325,4.8175,99678,0
20170731,4.95,5.25,4.575,5.15,282614,0
20170801,5.25,6.69,4.8525,4.925,749404,0
20170802,5.0725,5.25,4.775,4.95,195378,0
20170803,5.1975,5.2,4.655,4.845,129122,0
20170804,4.71,4.95,4.525,4.875,125743,0
20170807,4.75,4.7875,4.575,4.75,64199,0
20170808,4.715,4.715,4.5125,4.5125,68026,0
20170809,4.525,4.6225,4.275,4.3375,75003,0
20170810,4.4125,4.75,4.275,4.625,132690,0
20170811,4.925,4.925,4.495,4.875,99556,0
20170814,4.75,4.75,4.525,4.72,49109,0
20170815,4.575,4.624,4.4,4.4025,72397,0
20170816,4.47,4.675,4.38,4.675,54107,0
20170817,4.6125,4.6125,4.42,4.6,62148,0
20170818,4.5,4.625,4.3,4.3,60450,0
20170821,4.5,4.675,4.31,4.675,55096,0
20170822,4.4375,4.5,4.3,4.5,47251,0
20170823,4.475,4.5,4.3125,4.3925,57266,0
20170824,4.47,4.6725,4.4,4.575,64290,0
20170825,4.59,4.675,4.375,4.5,77830,0
20170828,4.475,5.1,4.33,4.505,203993,0
20170829,4.95,5,4.5625,4.6275,128351,0
20170830,4.9,4.9,4.5575,4.6875,76591,0
20170831,4.75,4.8125,4.55,4.6475,80283,0
20170901,4.68,4.925,4.5925,4.65,109276,0
20170905,4.75,4.75,4.4525,4.525,82643,0
20170906,4.5,4.5725,4.425,4.5125,63112,0
20170907,4.495,4.8025,4.375,4.65,148065,0
20170908,4.7375,4.7375,4.4,4.55,57607,0
20170911,4.5,4.575,4.4,4.495,64164,0
20170912,4.5,4.62,4.4625,4.495,55480,0
20170913,4.425,4.5425,4.375,4.375,85412,0
20170914,4.375,4.475,4.3,4.3375,68797,0
20170915,4.55,4.575,4.345,4.4,89198,0
20170918,4.5,4.5,4.2,4.2625,140537,0
20170919,4.2625,4.27,4,4.125,137818,0
20170920,4.125,4.2225,3.97,4.16,78575,0
20170921,4.21,4.21,4,4.12,74156,0
20170922,4.025,4.225,4.025,4.225,47075,0
20170925,4.16,4.33,4.055,4.125,47868,0
20170926,4.1125,4.185,3.835,4.0425,97482,0
20170927,3.95,4.0375,3.7525,3.93,82487,0
20170928,3.825,4.075,3.825,3.9075,64106,0
20170929,3.925,4,3.875,3.9,38482,0
20171002,3.825,4,3.775,3.875,34976,0
20171003,3.825,3.95,3.65,3.75,106839,0
20171004,3.7625,3.85,3.675,3.7275,43147,0
20171005,4.5,4.7,3.825,4.0275,531208,0
20171006,4.125,4.125,3.75,3.9375,178923,0
20171009,3.875,4,3.565,3.7625,114347,0
20171010,3.7625,3.785,3.675,3.6875,67439,0
20171011,3.75,3.75,3.35,3.525,187255,0
20171012,3.525,3.575,3.1325,3.475,225844,0
20171013,3.38,3.645,3.311,3.625,94641,0
20171016,3.725,3.725,3.4,3.5,85123,0
20171017,3.4,3.5475,3.325,3.38,75323,0
20171018,3.38,3.4125,3.275,3.3325,63523,0
20171019,3.315,3.4,3.275,3.3125,69508,0
20171020,3.315,3.35,3.2525,3.3,77059,0
20171023,3.325,3.325,3.1425,3.175,118795,0
20171024,3.2425,3.35,3.0025,3.2225,108953,0
20171025,3.3,3.475,3.1825,3.32,108604,0
20171026,3.325,3.425,3.225,3.255,64800,0
20171027,3.25,3.425,3.125,3.2,142227,0
20171030,3.375,3.375,3.125,3.2375,171388,0
20171031,3.125,3.135,2.625,2.9875,336808,0
20171101,2.85,2.95,2.625,2.665,123769,0
20171102,2.665,2.665,2.2875,2.5025,234883,0
20171103,2.375,2.5075,2.275,2.485,103603,0
20171106,2.5,2.7375,2.42,2.6925,125333,0
20171107,2.5125,2.855,2.4,2.5125,94820,0
20171108,2.475,3.175,2.425,2.875,487927,0
20171109,3.35,3.6625,3.05,3.56,660854,0
20171110,3.85,4.675,2.75,3,1174535,0
20171113,2.9155,2.9925,2.4,2.412,365683,0
20171114,2.304,2.377,1.91,2.3355,284496,0
20171115,2.2,2.3,2.1,2.114,178308,0
20171116,2.025,2.15,1.925,2,174080,0
20171117,1.95,2.049,1.85,2.0125,138636,0
20171120,1.955,1.9945,1.809,1.94,163722,0
20171121,1.919,2,1.9,1.982,100247,0
20171122,1.95,2.26,1.95,2.055,164292,0
20171124,2.0505,2.1,1.976,1.99,76537,0
20171127,1.995,2.05,1.875,1.944,79816,0
20171128,1.875,1.9375,1.85,1.9,89178,0
20171129,1.86,2.0075,1.8205,1.875,254737,0
20171130,1.86,2,1.813,1.872,148906,0
20171201,1.875,1.995,1.875,1.9045,100135,0
20171204,1.9425,1.9465,1.85,1.875,45397,0
20171205,1.87,1.95,1.8225,1.89,53633,0
20171206,1.9115,1.9115,1.778,1.835,82687,0
20171207,1.7785,1.8395,1.7005,1.8,123356,0
20171208,1.751,1.7945,1.6505,1.7685,59715,0
20171211,1.75,1.75,1.722,1.725,48935,0
20171212,1.725,1.725,1.55,1.65,127777,0
20171213,1.589,1.687,1.551,1.6665,87269,0
20171214,1.695,1.8,1.667,1.6995,106944,0
20171215,1.75,1.784,1.675,1.68,59879,0
20171218,1.6825,1.6825,1.639,1.65,72747,0
20171219,1.639,1.639,1.4505,1.5335,163555,0
20171220,1.55,1.5645,1.45,1.4695,194235,0
20171221,1.45,1.453,1.05,1.4,109868,0
20171222,1.355,1.6395,1.355,1.496,131814,0
20171226,1.55,1.75,1.502,1.71,140805,0
20171227,1.7,1.775,1.605,1.75,74335,0
20171228,1.75,1.975,1.708,1.95,155462,0
20171229,1.995,2,1.85,1.95,94442,0
20180102,1.95,2.075,1.95,2.025,61454,0
20180103,2.025,2.031,1.8755,1.9365,74773,0
20180104,1.95,2,1.8755,1.987,35010,0
20180105,1.99,2.049,1.8755,1.9325,81784,0
20180108,1.8755,2,1.8755,1.9625,32010,0
20180109,1.96,2,1.92,1.95,76982,0
20180110,1.93,1.9725,1.92,1.938,34892,0
20180111,1.9695,1.975,1.92,1.9505,43242,0
20180112,1.9305,1.975,1.925,1.9515,40728,0
20180116,1.9515,2.2115,1.913,2.005,300595,0
20180117,2.025,2.1,1.925,1.94,82706,0
20180118,1.95,2.45,1.9455,2.004,412309,0
20180119,2.0125,2.116,1.93,1.975,78764,0
20180122,1.955,2.092,1.95,2.0005,120905,0
20180123,2.02,2.1495,2,2.0365,366669,0
20180124,2.0295,2.362,2.001,2.203,313669,0
20180125,2.45,2.45,2.2,2.2795,165969,0
20180126,2.2765,2.4,2.2,2.2,182614,0
20180129,2.2,2.4465,2.2,2.2845,195742,0
20180130,2.3,2.35,2.2255,2.242,66904,0
20180131,2.235,2.268,2.1,2.15,84624,0
20180201,2.135,2.1645,2.032,2.0755,114256,0
20180202,2.055,2.135,2.001,2.064,121395,0
20180205,2.025,2.065,1.8,1.8715,117514,0
20180206,1.825,1.9925,1.8,1.8,37459,0
20180207,1.8,1.95,1.755,1.8005,58418,0
20180208,1.8345,1.86,1.755,1.799,47203,0
20180209,1.798,1.798,1.6775,1.775,42028,0
20180212,1.775,1.95,1.775,1.905,147283,0
20180213,2,2,1.725,1.785,69973,0
20180214,1.79,1.79,1.65,1.699,129885,0
20180215,1.8,1.8,1.65,1.72,64961,0
20180216,1.7,1.8,1.655,1.7,241760,0
20180220,1.65,1.65,1.65,1.65,99096,0
20180221,1.69,1.69,1.5,1.5875,105800,0
20180222,1.5375,1.574,1.475,1.5405,107950,0
20180223,1.575,1.575,1.45,1.5345,74246,0
20180226,1.55,1.575,1.488,1.501,37693,0
20180227,1.5325,1.577,1.525,1.5625,45903,0
20180228,1.55,1.577,1.525,1.55,41992,0
20180301,1.55,1.577,1.5275,1.5275,33013,0
20180302,1.59,1.59,1.5275,1.5295,36382,0
20180305,1.529,1.575,1.529,1.5625,28107,0
20180306,1.56,1.62,1.545,1.55,119288,0
20180307,1.56,1.593,1.545,1.5555,33524,0
20180308,1.56,1.575,1.4255,1.45,91866,0
20180309,1.485,1.495,1.35,1.4,112854,0
20180312,1.424,1.475,1.3525,1.4745,62178,0
20180313,1.44,1.525,1.435,1.5,71387,0
20180314,1.4775,1.525,1.4,1.4,54402,0
20180315,1.4125,1.49,1.3225,1.3545,75688,0
20180316,1.3845,1.465,1.3,1.35,75518,0
20180319,1.4175,1.45,1.35,1.35,74098,0
20180320,1.41,1.41,1.31,1.35,55847,0
20180321,1.3735,1.45,1.3,1.4495,97320,0
20180322,1.45,1.45,1.335,1.36,103995,0
20180323,1.3995,1.3995,1.2585,1.3085,68798,0
20180326,1.289,1.3125,1.215,1.2155,74194,0
20180327,1.25,1.25,1.05,1.1495,242494,0
20180328,1.15,1.425,1.118,1.4,156767,0
20180329,1.32,1.375,1.236,1.25,148164,0
20180402,1.35,1.35,1.225,1.225,133863,0
20180403,1.25,1.2685,1.15,1.15,70477,0
20180404,1.2075,1.3,1.15,1.2755,67791,0
20180405,1.35,1.35,1.2255,1.294,29157,0
20180406,1.245,1.345,1.245,1.32,42403,0
20180409,1.3,1.34,1.25,1.2555,97304,0
20180410,1.4,2,1.395,1.8475,816733,0
20180411,1.7995,1.7995,1.55,1.66,239094,0
20180412,1.65,1.74,1.55,1.611,107231,0
20180413,1.65,1.7255,1.593,1.693,129105,0
20180416,1.7275,1.7275,1.6,1.64,82108,0
20180417,1.6,1.66,1.6,1.625,57719,0
20180418,1.65,1.775,1.6075,1.705,211686,0
20180419,1.745,2,1.705,1.775,385699,0
20180420,1.8,1.8245,1.625,1.65,153320,0
20180423,1.635,1.6925,1.575,1.65,79468,0
20180424,1.6535,1.7125,1.5675,1.6745,107961,0
20180425,1.647,1.725,1.558,1.585,89944,0
20180426,1.664,1.725,1.58,1.625,114438,0
20180427,1.6455,1.6795,1.625,1.6795,17464,0
20180430,1.641,1.75,1.62,1.67,71578,0
20180501,1.6395,1.77,1.6,1.674,93919,0
20180502,1.635,1.7425,1.6135,1.7025,105876,0
20180503,1.705,1.737,1.6275,1.7005,104083,0
20180504,1.72,1.775,1.6185,1.775,40526,0
20180507,1.79,1.825,1.6938,1.75,79662,0
20180508,1.745,1.795,1.701,1.736,45057,0
20180509,1.79,1.79,1.702,1.775,30530,0
20180510,1.775,1.85,1.705,1.8215,127565,0
20180511,1.795,1.84,1.76,1.8035,46690,0
20180514,1.76,1.835,1.76,1.7775,21602,0
20180515,1.75,1.7695,1.745,1.75,51130,0
20180516,1.743,1.7585,1.676,1.676,71569,0
20180517,1.695,1.695,1.666,1.676,32000,0
20180518,1.67,1.675,1.65,1.672,31325,0
20180521,1.65,1.675,1.65,1.66,32743,0
20180522,1.6625,1.75,1.6625,1.75,32740,0
20180523,1.705,1.7505,1.6635,1.7475,16904,0
20180524,1.71,1.849,1.675,1.76,86960,0
20180525,1.7775,1.9,1.6755,1.7285,67945,0
20180529,1.71,1.75,1.71,1.7385,11795,0
20180530,1.735,1.775,1.705,1.705,16088,0
20180531,1.7,1.8,1.7,1.73,16904,0
20180601,1.71,1.8,1.71,1.8,47972,0
20180604,1.8,1.8,1.725,1.725,19734,0
20180605,1.756,1.764,1.725,1.764,18397,0
20180606,1.764,1.764,1.6,1.6,52111,0
20180607,1.69,1.69,1.5925,1.623,49257,0
20180608,1.65,1.65,1.5085,1.55,36026,0
20180611,1.5625,1.613,1.2,1.37,228573,0
20180612,1.4385,1.4505,1.2865,1.3495,147724,0
20180613,1.31,1.37,1.3015,1.3105,62747,0
20180614,1.35,1.35,1.25,1.25,137786,0
20180615,1.3125,1.3145,1.2256,1.25,101486,0
20180618,1.31,1.335,1.25,1.25,96626,0
20180619,1.285,1.335,1.235,1.25,116249,0
20180620,1.25,1.294,1.126,1.23,88880,0
20180621,1.225,1.285,1.126,1.2,113266,0
20180622,1.25,1.2845,1.175,1.244,147779,0
20180625,1.25,1.27,1.2062,1.23,75390,0
20180626,1.264,1.3345,1.205,1.224,79431,0
20180627,1.3,1.3,1.19,1.1995,127624,0
20180628,1.2495,1.325,1.175,1.2958,224424,0
20180629,1.3,1.335,1.2,1.3,145356,0
20180702,1.3,1.35,1.2519,1.2695,154272,0
20180703,1.2695,1.31,1.2415,1.26,53397,0
20180705,1.29,1.3,1.2505,1.2525,62478,0
20180706,1.2525,1.3362,1.2525,1.331,37901,0
20180709,1.335,1.335,1.26,1.273,78233,0
20180710,1.325,1.325,1.2315,1.235,166425,0
20180711,1.272,1.272,1.175,1.21,100792,0
20180712,1.225,1.275,1.176,1.275,93628,0
20180713,1.275,1.275,1.2,1.221,44314,0
20180716,1.2,1.2195,1.0525,1.1138,123808,0
20180717,1.1,1.1335,1.075,1.0975,97552,0
20180718,1.13,1.1495,1.098,1.14,48408,0
20180719,1.206,1.225,1.126,1.155,92547,0
20180720,1.14,1.175,1.1,1.1246,60774,0
20180723,1.1,1.1235,1.0738,1.105,22181,0
20180724,1.09,1.1255,1.09,1.09,23315,0
20180725,1.1,1.1125,1.0705,1.075,38288,0
20180726,1.13,1.13,0.943,1.005,132490,0
20180727,1.1,1.1,0.9875,1.0095,65403,0
20180730,1.05,1.05,0.9025,0.9262,125295,0
20180731,0.972,1,0.95,0.995,127991,0
20180801,1.013,1.013,0.9301,0.977,47017,0
20180802,1,1,0.925,0.95,53776,0
20180803,0.9805,0.9805,0.93,0.93,37080,0
20180806,0.93,0.975,0.93,0.9551,38284,0
20180807,0.95,0.975,0.95,0.975,20073,0
20180808,0.9685,0.975,0.9115,0.9115,80311,0
20180809,0.949,0.949,0.9125,0.935,19445,0
20180810,0.975,0.975,0.921,0.9225,25763,0
20180813,0.9225,0.9475,0.85,0.875,39158,0
20180814,0.9,0.9125,0.775,0.835,105501,0
20180815,0.825,0.8765,0.7655,0.7765,72269,0
20180816,0.815,0.85,0.7767,0.82,47727,0
20180817,0.85,0.9,0.75,0.75,150709,0
20180820,0.835,0.85,0.79,0.83,61114,0
20180821,0.83,0.8595,0.78,0.84,130972,0
20180822,0.85,0.9,0.798,0.8665,64454,0
20180823,0.9,0.9,0.84,0.8425,44601,0
20180824,0.8845,0.885,0.826,0.86,34030,0
20180827,0.9,0.9,0.858,0.858,41927,0
20180828,0.9,0.9,0.84,0.84,47806,0
20180829,0.88,0.88,0.808,0.829,89729,0
20180830,0.8445,0.8445,0.8085,0.8325,33144,0
20180831,0.8445,0.875,0.81,0.875,79440,0
20180904,0.875,0.875,0.84,0.85,61994,0
20180905,0.87,0.87,0.796,0.796,105082,0
20180906,0.805,0.824,0.784,0.786,108599,0
20180907,0.8,0.8,0.7525,0.755,101349,0
20180910,0.8,0.803,0.7,0.75,125508,0
20180911,0.725,0.7565,0.725,0.7255,66606,0
20180912,0.825,1.0655,0.755,0.85,1146679,0
20180913,0.8575,0.8575,0.75,0.7655,342444,0
20180914,0.75,0.774,0.74,0.76,124738,0
20180917,0.8,0.925,0.7665,0.78,351158,0
20180918,0.8005,0.8005,0.65,0.7995,428993,0
20180919,0.725,0.85,0.714,0.85,132711,0
20180920,0.79,0.8485,0.725,0.8485,196833,0
20180921,0.7755,0.79,0.7375,0.775,219064,0
20180924,0.7915,0.7915,0.7325,0.7525,139034,0
20180925,0.755,0.8,0.73,0.8,301170,0
20180926,0.805,0.805,0.7438,0.7445,136087,0
20180927,0.7505,0.7505,0.71,0.715,168066,0
20180928,0.75,0.75,0.67,0.7,132869,0
20181001,0.735,0.735,0.6005,0.63,257116,0
20181002,0.6995,0.9245,0.6875,0.801,1328766,0
20181003,1.575,1.575,0.9633,1.1115,3613395,0
20181004,1.4175,1.4725,1.05,1.1125,1645209,0
20181005,1.2,1.2,0.95,1.0645,641727,0
20181008,1.06,1.1,1,1.05,423649,0
20181009,1,1.021,0.897,0.975,390328,0
20181010,0.95,0.975,0.9,0.975,255798,0
20181011,1.0045,1.2765,0.95,1.175,2080194,0
20181012,1.1495,1.2,1.045,1.142,574397,0
20181015,1.125,1.175,1.05,1.125,292511,0
20181016,1.4745,1.64,1.25,1.4,2022395,0
20181017,1.3425,1.3465,1.21,1.25,409126,0
20181018,1.204,1.3,1.15,1.3,295223,0
20181019,1.25,1.275,1.2,1.25,166587,0
20181022,1.275,1.275,1.2,1.275,158240,0
20181023,1.325,1.45,1.25,1.2826,492986,0
20181024,1.335,1.335,1.201,1.2105,246013,0
20181025,1.3,1.3,1.1,1.1384,288111,0
20181026,1.197,1.2,1.05,1.08,222341,0
20181029,1.24,1.24,1.085,1.125,246924,0
20181030,1.275,1.29,0.95,0.9605,878229,0
20181031,1.025,1.03,0.85,0.919,525206,0
20181101,0.92,0.9825,0.875,0.9215,363901,0
20181102,0.9,0.95,0.8825,0.905,212651,0
20181105,0.95,0.965,0.895,0.95,210497,0
20181106,0.925,1,0.91,0.975,210395,0
20181107,0.9745,0.98,0.925,0.925,149861,0
20181108,0.95,0.965,0.8885,0.9495,136358,0
20181109,0.906,0.935,0.855,0.8625,184882,0
20181112,0.9,0.9,0.8,0.833,140529,0
20181113,0.821,0.85,0.8,0.85,160315,0
20181114,0.9345,0.9345,0.8,0.835,152188,0
20181115,0.8125,0.8725,0.8025,0.8675,178543,0
20181116,0.9,0.9,0.8395,0.88,110079,0
20181119,0.9,0.95,0.85,0.891,165403,0
20181120,0.887,0.89,0.825,0.8815,90485,0
20181121,0.825,0.9,0.825,0.886,91494,0
20181123,0.893,0.911,0.86,0.876,49378,0
20181126,0.85,0.905,0.85,0.86,63194,0
20181127,0.84,0.85,0.823,0.8245,111200,0
20181128,0.835,0.85,0.7875,0.835,137747,0
20181129,0.81,0.8495,0.81,0.8395,69988,0
20181130,0.8215,0.841,0.7985,0.7985,54715,0
20181203,0.81,0.85,0.81,0.8415,63805,0
20181204,0.85,0.85,0.805,0.81,51997,0
20181206,0.8345,0.8375,0.8,0.8,51221,0
20181207,0.8,0.84,0.8,0.8025,104901,0
20181210,0.775,0.7865,0.725,0.75,81803,0
20181211,0.74,0.77,0.6305,0.725,199297,0
20181212,0.7,0.7625,0.675,0.7523,110699,0
20181213,0.756,0.7845,0.7065,0.725,146634,0
20181214,0.725,0.8,0.725,0.78,153767,0
20181217,0.8,0.8,0.735,0.7845,91432,0
20181218,0.75,0.75,0.725,0.735,69913,0
20181219,0.7275,0.75,0.65,0.71,99461,0
20181220,0.675,0.75,0.655,0.724,85348,0
20181221,0.75,0.75,0.665,0.6755,60968,0
20181224,0.6975,0.71,0.63,0.6662,80772,0
20181226,0.67,0.7,0.63,0.655,119838,0
20181227,0.7,0.725,0.65,0.6535,57021,0
20181228,0.7,0.725,0.633,0.6545,335937,0
20181231,0.65,0.6763,0.63,0.665,201918,0
20190102,0.6415,0.67,0.625,0.6644,115868,0
20190103,0.67,0.8,0.643,0.8,330721,0
20190104,0.825,0.825,0.7,0.81,361919,0
20190107,0.81,0.81,0.75,0.8,129558,0
20190108,0.835,0.835,0.78,0.8,98151,0
20190109,0.798,0.8025,0.75,0.775,128561,0
20190110,0.7875,0.7975,0.705,0.75,79790,0
20190111,0.7645,0.775,0.705,0.7285,107495,0
20190114,0.75,0.75,0.675,0.69,180456,0
20190115,0.708,0.7315,0.67,0.675,112638,0
20190116,0.675,0.7565,0.6745,0.685,102589,0
20190117,0.7055,0.7055,0.675,0.6895,112719,0
20190118,0.688,0.698,0.65,0.6945,75774,0
20190122,0.7,0.7,0.658,0.665,95549,0
20190123,0.6575,0.672,0.64,0.6475,233641,0
20190124,0.65,0.6609,0.645,0.651,102765,0
20190125,0.6495,0.699,0.6495,0.697,156319,0
20190128,0.8125,0.925,0.75,0.825,1122159,0
20190129,0.825,0.8625,0.7475,0.85,278727,0
20190130,0.85,0.9375,0.8,0.9375,402733,0
20190131,0.9375,0.9375,0.8,0.88,209060,0
20190201,0.88,0.8875,0.813,0.885,117768,0
20190204,0.883,0.885,0.7955,0.7955,484845,0
20190205,0.85,0.9,0.775,0.815,530048,0
20190206,0.85,0.85,0.775,0.795,223349,0
20190207,0.78,0.8,0.7275,0.75,239979,0
20190208,0.755,0.76,0.705,0.7325,186295,0
20190211,0.745,0.75,0.725,0.725,169293,0
20190212,0.76,0.77,0.725,0.77,98253,0
20190213,0.7845,0.8,0.755,0.7695,113079,0
20190214,0.7625,0.7755,0.725,0.7565,83058,0
20190215,0.7625,0.795,0.751,0.795,59600,0
20190219,0.8085,0.8085,0.76,0.792,223266,0
20190220,0.79,0.79,0.75,0.79,149688,0
20190221,0.75,0.8125,0.74,0.8125,89587,0
20190222,0.755,0.81,0.75,0.8005,169457,0
20190225,0.81,0.8125,0.7725,0.8125,78155,0
20190226,0.81,1.3,0.75,1.05,2535810,0
20190227,0.9055,0.933,0.7805,0.825,969631,0
20190228,0.84,0.84,0.775,0.8,306695,0
20190301,0.8,0.825,0.79,0.825,173469,0
20190304,0.82,0.825,0.775,0.82,180115,0
20190305,0.779,0.82,0.7625,0.81,154696,0
20190306,0.779,0.7995,0.77,0.785,147571,0
20190307,0.77,0.79,0.7625,0.78,91539,0
20190308,0.76,0.805,0.755,0.795,141889,0
20190311,0.8,0.82,0.78,0.82,100871,0
20190312,0.82,0.825,0.7855,0.825,134889,0
20190313,0.83,0.83,0.8005,0.815,65045,0
20190314,0.805,0.825,0.7965,0.825,116273,0
20190315,0.8,0.835,0.79,0.835,70008,0
20190318,0.805,0.81,0.7755,0.81,94583,0
20190319,0.825,0.86,0.8,0.845,304389,0
20190320,0.85,0.9245,0.8435,0.9,233201,0
20190321,0.9,0.9945,0.875,0.9945,289135,0
20190322,0.9875,0.9875,0.935,0.9875,164252,0
20190325,0.95,0.9865,0.9185,0.978,136811,0
20190326,0.976,1.0745,0.935,1.05,233234,0
20190327,1.045,1.124,1.015,1.085,207373,0
20190328,1.05,1.1,1.005,1.0695,120591,0
20190329,1.0075,1.092,1,1.05,87523,0
20190401,1.0815,1.0815,0.99,1.035,96587,0
20190402,1.05,1.0715,0.97,1.0715,71451,0
20190403,1.01,1.05,0.978,1.05,88425,0
20190404,1.001,1.05,0.998,1.0475,107747,0
20190405,0.998,1.05,0.998,1.031,87252,0
20190408,1,1.05,0.98,1.05,108167,0
20190409,0.975,1.185,0.975,1.15,647403,0
20190410,1.2,1.2,1.1,1.175,185692,0
20190411,1.15,1.19,1.0869,1.115,120612,0
20190412,1.1,1.17,1.1,1.149,128712,0
20190415,1.15,1.175,1.13,1.15,96885,0
20190416,1.175,1.175,1.05,1.145,99488,0
20190417,1.132,1.175,1.125,1.145,89353,0
20190418,1.1,1.175,1.075,1.125,48640,0
20190422,1.139,1.175,1.1,1.15,60624,0
20190423,1.12,1.3,1.116,1.15,205366,0
20190424,1.1685,1.18,1.125,1.15,55378,0
20190425,1.13,1.15,1.08,1.125,91429,0
20190426,1.13,1.145,1.095,1.125,43328,0
20190429,1.145,1.3,1.135,1.25,220558,0
20190430,1.2835,1.286,1.17,1.25,116501,0
20190501,1.2,1.225,1.175,1.2,120795,0
20190502,1.2,1.215,1.125,1.146,111162,0
20190503,1.125,1.21,1.125,1.21,89575,0
20190506,1.195,1.207,1.135,1.15,123792,0
20190507,1.15,1.2,1.1275,1.1385,90830,0
20190508,1.17,1.17,1.1,1.117,98017,0
20190509,1.163,1.39,1.108,1.2157,805539,0
20190510,1.295,1.295,1.12,1.19,173774,0
20190513,1.2255,1.25,1.1275,1.1478,127672,0
20190514,1.185,1.2,1.0515,1.085,149670,0
20190515,1.1635,1.35,1.02,1.112,788171,0
20190516,1.15,1.15,1.055,1.055,206410,0
20190517,1.075,1.115,1.005,1.0455,182511,0
20190520,1.072,1.075,0.95,0.9856,173110,0
20190521,1.02,1.02,0.925,0.9705,108462,0
20190522,0.9705,0.975,0.895,0.9,217266,0
20190523,0.999,0.999,0.9255,0.9372,129771,0
20190524,0.945,0.975,0.9,0.9145,93515,0
20190528,0.915,0.96,0.8,0.8745,253695,0
20190529,0.9005,0.91,0.815,0.8695,110370,0
20190530,0.9,0.92,0.86,0.8985,79412,0
20190531,0.924,0.9455,0.855,0.93,155449,0
20190603,0.9765,1.1,0.9,0.95,894833,0
20190604,0.905,0.95,0.851,0.8915,225241,0
20190605,0.924,0.9245,0.8445,0.9,303379,0
20190606,0.885,0.92,0.875,0.8815,125921,0
20190607,0.925,0.95,0.885,0.885,126103,0
20190610,0.929,0.9625,0.9,0.9195,101870,0
20190611,0.915,0.925,0.91,0.9155,37111,0
20190612,0.9,0.94,0.8945,0.9195,75278,0
20190613,0.95,0.95,0.9196,0.926,74746,0
20190614,0.9395,0.9495,0.915,0.9184,83268,0
20190617,0.9045,0.9425,0.9,0.908,115247,0
20190618,0.908,0.95,0.9,0.93,72057,0
20190619,0.91,0.945,0.8945,0.9105,143208,0
20190620,0.9495,1.04,0.9165,0.93,528918,0
20190621,0.971,1,0.9265,0.95,106725,0
20190624,1,1,0.9375,0.975,96674,0
20190625,0.955,0.975,0.91,0.943,96628,0
20190626,0.943,0.96,0.925,0.9505,81167,0
20190627,0.974,0.975,0.938,0.95,83900,0
20190628,0.9925,0.9925,0.94,0.95,127775,0
20190701,0.95,0.9515,0.915,0.918,75814,0
20190702,0.9455,0.949,0.915,0.9175,53188,0
20190703,0.92,0.931,0.915,0.9183,49321,0
20190705,0.95,0.95,0.901,0.906,56697,0
20190708,0.92,0.92,0.8375,0.849,167535,0
20190709,0.897,0.915,0.863,0.875,156387,0
20190710,0.9,0.908,0.8775,0.8889,108745,0
20190711,0.9,0.9,0.85,0.8715,159474,0
20190712,0.9,0.9,0.8375,0.8375,146553,0
20190715,0.9,0.9,0.87,0.8935,103458,0
20190716,0.8935,0.8935,0.8725,0.88,71176,0
20190717,0.87,0.875,0.849,0.85,182793,0
20190718,0.8345,0.8505,0.83,0.8345,151933,0
20190719,0.845,0.85,0.83,0.85,69851,0
20190722,0.85,0.85,0.825,0.8455,85343,0
20190723,0.85,0.875,0.825,0.865,249753,0
20190724,0.88,0.88,0.85,0.875,91006,0
20190725,0.8795,0.8795,0.835,0.842,167459,0
20190726,0.8745,0.875,0.805,0.817,174276,0
20190729,0.8505,0.8505,0.75,0.7545,202972,0
20190730,0.805,0.805,0.7545,0.767,347324,0
20190731,0.7895,0.7925,0.7315,0.7315,287032,0
20190801,0.77,0.775,0.74,0.745,265005,0
20190802,0.782,0.782,0.7475,0.75,98072,0
20190805,0.7875,0.875,0.7605,0.782,748758,0
20190806,0.7995,0.85,0.75,0.755,596346,0
20190807,0.7625,0.7876,0.725,0.764,364813,0
20190808,0.8,0.8,0.725,0.7255,252730,0
20190809,0.7475,0.7475,0.675,0.6785,497021,0
20190812,0.74,0.74,0.69,0.7005,230780,0
20190813,0.734,0.734,0.15,0.6345,933631,0
20190814,0.68,0.68,0.6035,0.64,419596,0
20190815,0.7,0.7,0.56,0.6,608173,0
20190816,0.6035,0.63,0.564,0.5681,491466,0
20190819,0.6035,0.6035,0.565,0.585,489308,0
20190820,0.59,0.6275,0.58,0.6145,383207,0
20190821,0.626,0.65,0.559,0.6,383378,0
20190822,0.6005,0.6005,0.5625,0.595,326655,0
20190823,0.6005,0.61,0.5555,0.56,682226,0
20190826,0.562,0.5755,0.5105,0.5659,447410,0
20190827,0.5545,0.5545,0.51,0.5145,497140,0
20190828,0.525,0.54,0.51,0.5315,373888,0
20190829,0.55,0.55,0.526,0.53,231326,0
20190830,0.5385,0.5395,0.515,0.531,228514,0
20190903,0.55,0.55,0.5125,0.539,442726,0
20190904,0.5195,0.5735,0.518,0.5415,563550,0
20190905,0.5495,0.5495,0.509,0.5175,379728,0
20190906,0.5245,0.5245,0.4755,0.5145,406511,0
20190909,0.5245,0.5245,0.468,0.47,479183,0
20190910,0.47,0.4755,0.45,0.47,438653,0
20190911,0.478,0.478,0.455,0.466,263198,0
20190912,0.48,0.48,0.411,0.438,527398,0
20190913,0.462,0.47,0.415,0.4685,612679,0
20190916,0.4685,0.549,0.45,0.537,740494,0
20190917,0.535,0.535,0.5,0.515,265264,0
20190918,0.5265,0.5385,0.4825,0.5005,322793,0
20190919,0.55,0.55,0.4875,0.55,484911,0
20190920,0.55,0.55,0.5125,0.5325,142445,0
20190923,0.535,0.64,0.525,0.6045,752981,0
20190924,0.6035,0.6035,0.565,0.587,186807,0
20190925,0.565,0.5875,0.5375,0.545,148720,0
20190926,0.568,0.5891,0.5415,0.548,125032,0
20190927,0.593,0.593,0.525,0.525,115346,0
20190930,0.5565,0.5565,0.525,0.5325,125064,0
20191001,0.5565,0.557,0.5286,0.54,137488,0
20191002,0.5435,0.5435,0.49,0.51,251593,0
20191003,0.505,0.53,0.475,0.5,375340,0
20191004,0.5125,0.524,0.49,0.524,90017,0
20191007,0.55,0.55,0.502,0.5075,206371,0
20191008,0.533,0.545,0.4955,0.508,628735,0
20191009,0.5255,0.5255,0.493,0.495,227887,0
20191010,0.4675,0.5125,0.4675,0.4835,110331,0
20191011,0.5,0.5,0.45,0.46911,566990,0
20191014,0.5025,0.5025,0.4675,0.482,182297,0
20191015,0.4675,0.4745,0.435,0.4647,356515,0
20191016,0.455,0.464,0.455,0.4625,83421,0
20191017,0.4625,0.47,0.45,0.464,94528,0
20191018,0.4935,0.4935,0.445,0.445,157264,0
20191021,0.467,0.475,0.4505,0.4525,106687,0
20191022,0.465,0.468,0.4555,0.4605,143622,0
20191023,0.4725,0.4835,0.45,0.45482,214398,0
20191024,0.45,0.4615,0.4425,0.45,280412,0
20191025,0.45,0.46,0.435,0.45252,260267,0
20191028,0.4935,0.4935,0.4525,0.4615,203294,0
20191029,0.488,0.4925,0.435,0.445,561372,0
20191030,0.465,0.465,0.435,0.436,251060,0
20191031,0.457,0.457,0.4355,0.4365,179801,0
20191101,0.4495,0.4495,0.4365,0.43901,163690,0
20191104,0.4385,0.45,0.4355,0.446,216932,0
20191105,0.4495,0.46,0.4425,0.4465,201517,0
20191106,0.46,0.46,0.4495,0.45525,170930,0
20191107,0.4485,0.47,0.438,0.438,287645,0
20191108,0.425,0.45,0.425,0.426,295379,0
20191111,0.447,0.4495,0.4275,0.4435,115096,0
20191112,0.4515,0.4625,0.4435,0.447,256526,0
20191113,0.45,0.461,0.44,0.447,185106,0
20191114,0.44,0.45,0.4375,0.443,131525,0
20191115,0.45,0.4545,0.4205,0.435,303601,0
20191118,0.445,0.445,0.3835,0.3975,569314,0
20191119,0.4255,0.4255,0.4,0.41,230231,0
20191120,0.415,0.435,0.4055,0.41,310494,0
20191121,0.365,0.43,0.365,0.398,166413,0
20191122,0.376,0.41,0.3715,0.387,235830,0
20191125,0.3495,0.365,0.2785,0.321,865366,0
20191126,0.35,0.35,0.31,0.3225,220544,0
20191127,0.336,0.34,0.315,0.3345,294940,0
20191129,0.309,0.32,0.23,0.28,563684,0
20191202,0.2732,0.33,0.26,0.301,720434,0
20191203,0.3,0.37,0.27,0.3602,632112,0
20191204,0.4,0.58,0.3822,0.46,1308672,0
20191205,0.49,0.51,0.4,0.44,431342,0
20191206,0.46,0.46,0.3533,0.3583,328944,0
20191209,0.3762,0.42,0.35,0.4124,323995,0
20191210,0.44,0.44,0.365,0.4278,192194,0
20191211,0.42,0.4299,0.37,0.4017,107412,0
20191212,0.41,0.419403,0.3903,0.4178,128593,0
20191213,0.412,0.412,0.395,0.4052,96777,0
20191216,0.38,0.41,0.37,0.3817,202295,0
20191217,0.3862,0.4005,0.375,0.3801,94840,0
20191218,0.3852,0.3898,0.355,0.3731,102161,0
20191219,0.3677,0.3783,0.3603,0.364,77509,0
20191220,0.3714,0.4,0.364,0.3882,154420,0
20191223,0.3882,0.39,0.359,0.3851,103441,0
20191224,0.3875,0.395,0.38,0.3923,144739,0
20191226,0.4,0.5287,0.3701,0.5089,820893,0
20191227,0.5101,0.54,0.42,0.45,389960,0
20191230,0.45,0.457798,0.42,0.4299,269386,0
20191231,0.43,0.45,0.42,0.4414,146166,0
20200102,0.445,0.445,0.4102,0.4308,131006,0
20200103,0.45,0.48,0.418,0.454,420124,0
20200106,0.491,0.497,0.4757,0.496,328156,0
20200107,0.485,0.4959,0.461,0.494,188772,0
20200108,0.65,0.74,0.5115,0.54,1999071,0
20200109,0.595,0.595,0.513,0.5613,501494,0
20200110,0.5552,0.5654,0.52,0.5583,252065,0
20200113,0.54,0.5589,0.525,0.5551,115463,0
20200114,0.53,0.59,0.53,0.5882,233389,0
20200115,0.578,0.7001,0.5779,0.7001,767549,0
20200116,0.71,0.7274,0.65,0.6752,279347,0
20200117,0.7,0.75,0.65,0.7245,520854,0
20200121,0.735,0.735,0.65,0.6992,247397,0
20200122,0.69,0.7,0.65,0.6652,199330,0
20200123,0.715,0.715,0.66,0.7002,188045,0
