Date,Open,High,Low,Close,Volume,OpenInt
20180509,25.35,25.36,25.3,25.3,870,0
20180514,25.5,25.5,25.4999,25.4999,1300,0
20180518,26.4999,26.4999,26.45,26.48,707,0
20180521,25.3,26,25.3,26,400,0
20180525,26,26,26,26,277,0
20180605,25.44,25.44,25.41,25.41,400,0
20180611,25.4812,25.4812,25.4812,25.4812,100,0
20180613,25.44,25.44,25.44,25.44,280,0
20180619,26.16,26.16,26.16,26.16,150,0
20180620,26.114,26.114,26.114,26.114,100,0
20180625,26.24,26.24,25.718,26.08,563,0
20180627,25.5,25.5,25.5,25.5,250,0
20180711,26.4,26.4,26.4,26.4,100,0
20180713,26.4,26.4,26.4,26.4,100,0
20180716,25.7958,25.9176,25.7958,25.9176,400,0
20180718,25.52,25.555,25.52,25.551,700,0
20180723,25.53,25.54,25.51,25.54,370,0
20180731,26.4,26.4,26.4,26.4,300,0
20180815,26.36,26.4,26.36,26.4,300,0
20180906,25.75,25.75,25.75,25.75,200,0
20180910,25.7039,25.75,25.7039,25.75,800,0
20180918,25.53,25.53,25.5,25.5,200,0
20180920,26.4,26.4,26.4,26.4,215,0
20180926,26.35,26.35,26.35,26.35,100,0
20181001,26.1206,26.1206,26.1206,26.1206,100,0
20181005,26.37,26.37,26.37,26.37,200,0
20181012,26.4,26.4,26.4,26.4,100,0
20181023,26.4,26.4,26.4,26.4,600,0
20181029,26.9,26.9,26.9,26.9,160,0
20181031,25.5,25.75,25.499,25.75,1400,0
20181106,26.2,26.75,26.2,26.75,418,0
20181107,26.73,26.8,26.73,26.8,302,0
20181109,26.2,26.8,26.2,26.8,500,0
20181112,26.71,26.71,26.71,26.71,100,0
20181116,26,26,26,26,549,0
20181203,26.1268,26.7699,26,26,1174,0
20181206,26.257,26.257,26.257,26.257,300,0
20181207,25.1399,26.25,25.1399,25.4769,2800,0
20181210,26,26,26,26,324,0
20181213,26.1,26.25,26.1,26.25,1535,0
20181217,25.76,25.76,25.75,25.75,475,0
20181218,25.7545,26,25.75,25.75,1290,0
20181219,25.75,25.75,25.4,25.4,550,0
20181220,25.13,25.13,25.11,25.11,400,0
20181221,25.2739,25.8725,25.2739,25.5,700,0
20181227,26,26,26,26,504,0
20181228,25.8,25.8,25.7061,25.75,541,0
20190102,25.71,25.71,25.71,25.71,100,0
20190104,25.5,25.5,25.4,25.4,1300,0
20190107,25.41,25.41,25.41,25.41,200,0
20190108,25.65,25.65,25.65,25.65,100,0
20190109,25.42,25.42,25.42,25.42,100,0
20190110,25.42,25.42,25.42,25.42,200,0
20190111,25.4,25.5925,25.4,25.58,670,0
20190115,25.75,25.75,25.51,25.51,700,0
20190201,25.44,25.44,25.44,25.44,100,0
20190208,25.77,25.8,25.77,25.8,200,0
20190211,25.8,25.8,25.785,25.785,200,0
20190212,25.8,25.8,25.75,25.75,500,0
20190213,25.75,25.75,25.75,25.75,1400,0
20190214,25.55,25.55,25.55,25.55,200,0
20190215,25.65,25.65,25.65,25.65,260,0
20190219,25.7,25.7,25.7,25.7,150,0
20190220,25.27,25.27,25.27,25.27,400,0
20190221,25.31,25.31,25.3,25.3,1190,0
20190222,25.02,25.05,25,25.05,1000,0
20190226,25.2,25.25,25.2,25.2,400,0
20190227,25.25,25.27,25.25,25.25,300,0
20190301,25.35,25.35,25.35,25.35,300,0
20190304,25.5634,25.5634,25.5634,25.5634,160,0
20190305,25.69,25.69,25.69,25.69,290,0
20190306,25.69,25.69,25.69,25.69,1,0
20190313,25.5055,25.5055,25.5055,25.5055,180,0
20190314,25.537,25.69,25.537,25.69,400,0
20190315,25.7,25.7,25.7,25.7,100,0
20190318,25.8,25.8,25.8,25.8,200,0
20190409,25.85,25.85,25.85,25.85,200,0
20190410,25.03,25.03,25.03,25.03,200,0
20190411,25.9,25.9,25.6723,25.6723,400,0
20190415,25.6,25.682,25.515,25.682,1900,0
20190416,25.7527,25.7527,25.339,25.75,3920,0
20190417,25.75,25.75,25.75,25.75,1,0
20190418,25.62,25.63,25.5358,25.63,1000,0
20190422,25.7,25.75,25.7,25.75,895,0
20190423,25.75,25.9,25.713,25.9,4775,0
20190424,25.6853,25.9396,25.6722,25.77,1804,0
20190425,25.6924,25.9273,25.6524,25.9273,2400,0
20190426,25.84,25.87,25.71,25.7301,1400,0
20190429,26.1,26.71,26.1,26.65,1080,0
20190430,26.76,26.77,26.76,26.77,1001,0
20190502,29.44,29.8361,27.86,27.9141,2965,0
20190503,26.05,26.71,26.05,26.7,300,0
20190509,26.3503,26.381,26.3503,26.381,300,0
20190510,26.4,26.4,26.4,26.4,100,0
20190513,26.5,26.5,26.5,26.5,100,0
20190514,26.5,26.5,26.5,26.5,100,0
20190515,25.7883,25.7883,25.7883,25.7883,100,0
20190516,26.5,26.5,26.5,26.5,100,0
20190522,26.5,26.5,26.5,26.5,200,0
20190523,26.5,26.5,26.5,26.5,50,0
20190606,25.77,25.95,25.77,25.95,860,0
20190611,25.95,25.95,25.95,25.95,426,0
20190612,25.95,25.95,25.95,25.95,200,0
20190614,25.8048,25.8048,25.8048,25.8048,165,0
20190624,25.3,25.7612,25.3,25.7612,986,0
20190625,25.72,25.72,25.72,25.72,500,0
20190626,25.72,25.72,25.72,25.72,50,0
20190627,26.0973,26.0973,26.0973,26.0973,100,0
20190628,26.5,26.5,26.5,26.5,200,0
20190702,26.6,26.6,26.6,26.6,200,0
20190705,26.5,26.5,26.5,26.5,147,0
20190708,26.2473,26.25,26.2473,26.25,400,0
20190709,26.25,26.25,26.2473,26.25,300,0
20190710,26.2,26.2,26.2,26.2,700,0
20190711,26.2,26.2,26.2,26.2,66,0
20190717,26.6,26.6,26.6,26.6,100,0
20190719,26.1632,26.25,26.1632,26.25,1000,0
20190723,26.55,26.7,26.55,26.7,750,0
20190724,26.24,26.3704,26.2,26.3704,1100,0
20190725,26.8,26.8,26.8,26.8,200,0
20190729,26.5,26.5,26.5,26.5,400,0
20190801,26.6,26.6358,26.5,26.5,1200,0
20190802,26.45,26.45,26.45,26.45,135,0
20190805,26.45,26.45,26.45,26.45,100,0
20190807,26.9,26.9,26.9,26.9,430,0
20190809,27.1,27.1,27.1,27.1,552,0
20190814,26.5,26.5,26.5,26.5,252,0
20190820,26.0497,26.0497,26.0497,26.0497,500,0
20190823,26.2104,26.2104,26.2104,26.2104,130,0
20190920,27.2,27.2,27.2,27.2,200,0
20190930,26.8232,26.8232,26.8232,26.8232,150,0
20191001,27.0657,27.0657,27.0657,27.0657,400,0
20191003,26.75,26.75,26.75,26.75,275,0
20191017,26.3,26.3,26.3,26.3,300,0
20191029,26.3,26.3,26.3,26.3,550,0
20191112,27.2,27.2,27.2,27.2,211,0
20191115,28.5505,28.5505,27,27,543,0
20191118,26.91,27,26.91,27,600,0
20191122,26.4973,26.65,26.4973,26.65,2967,0
20191127,27.43,27.44,27.43,27.44,388,0
20191205,30.13,30.13,27.1911,27.1911,2553,0
20191227,27.25,27.25,27.25,27.25,491,0
20200107,28.2926,28.2926,28.2926,28.2926,137,0
20200113,28.5,28.5,28.5,28.5,100,0
20200114,28.3018,28.3018,28.3018,28.3018,300,0
20200115,28.5,28.5,28.5,28.5,150,0
20200122,27.52,27.84,27.52,27.84,833,0
20200123,28,28,28,28,102,0
