Date,Open,High,Low,Close,Volume,OpenInt
20120820,9.92,10.76,9.92,10.3,354912,0
20120821,10.7,11.19,10.49,10.98,368211,0
20120822,10.85,11.19,10.4,10.82,275416,0
20120823,9.78,10,9.57,9.57,1568713,0
20120824,9.71,9.81,9.61,9.77,375212,0
20120827,10,10,9.67,9.7,263128,0
20120828,9.66,9.76,9.66,9.76,135967,0
20120829,9.7,9.76,9.65,9.71,146250,0
20120830,9.77,9.77,9.51,9.52,166780,0
20120831,9.6,9.75,9.55,9.75,203720,0
20120904,9.87,9.93,9.76,9.77,441515,0
20120905,9.84,9.89,9.72,9.77,124869,0
20120906,9.96,9.96,9.83,9.86,313807,0
20120907,9.97,10.25,9.95,10.16,394360,0
20120910,10.14,10.2,10,10.1,252555,0
20120911,10.18,10.22,10.08,10.12,301763,0
20120912,10.23,10.25,10.01,10.09,106450,0
20120913,10.16,10.32,10.02,10.31,415575,0
20120914,10.44,10.81,10.25,10.69,326084,0
20120917,10.81,10.87,10.61,10.78,369300,0
20120918,10.9,11.3,10.79,11.29,562464,0
20120919,11.55,12.37,11.55,12.08,853830,0
20120920,11.95,12.04,11.62,11.82,377547,0
20120921,12.24,12.73,12.15,12.6,717306,0
20120924,12.35,12.6,12,12.55,519852,0
20120925,12.84,12.84,12.15,12.19,547030,0
20120926,11.9,12.37,11.75,12.33,623335,0
20120927,12.66,12.71,12.5,12.7,512236,0
20120928,12.73,13.25,12.63,12.86,628147,0
20121001,13.44,13.6,13.12,13.4,1234038,0
20121002,13.83,13.95,13.26,13.46,980124,0
20121003,13.45,13.55,13.25,13.38,481304,0
20121004,13.67,14.25,13.52,14.23,1050550,0
20121005,14.53,15.36,14.26,14.73,2276233,0
20121008,14.92,15.43,14.71,15.07,1889288,0
20121009,15.17,15.22,13.79,14.02,2512458,0
20121010,13.91,13.94,13,13.65,1600645,0
20121011,13.82,14.27,13.82,14,981968,0
20121012,14.19,14.2,13.5,13.62,670363,0
20121015,13.36,13.59,13.19,13.56,765337,0
20121016,13.43,13.93,13.43,13.75,642234,0
20121017,13.72,14.04,13.72,13.94,588705,0
20121018,13.71,13.9,13.66,13.75,358944,0
20121019,13.53,13.59,13.3,13.59,598257,0
20121022,13.62,13.68,13.4,13.68,384500,0
20121023,13.47,13.54,13.32,13.5,455281,0
20121024,13.76,13.76,13.47,13.54,359346,0
20121025,13.77,13.98,13.68,13.85,771014,0
20121026,13.82,14.08,13.57,13.74,521339,0
20121031,13.81,14.05,13.77,14.04,667596,0
20121101,14.11,14.11,13.8,13.95,300912,0
20121102,13.8,13.8,13.49,13.69,634461,0
20121105,13.67,13.67,13.43,13.5,395819,0
20121106,13.7,13.7,13.33,13.46,407186,0
20121107,13.62,13.93,13.4,13.86,559698,0
20121108,13.98,14.4,13.77,14.24,904706,0
20121109,14.19,14.56,14.19,14.26,719861,0
20121112,14.48,14.76,14.38,14.48,620396,0
20121113,14.41,14.5,13.6,13.78,581036,0
20121114,13.8,13.8,12.35,12.53,2609369,0
20121115,12,12.04,10.88,10.99,2350074,0
20121116,10.95,11.71,10.67,11.24,1412000,0
20121119,11.83,11.99,11.53,11.9,753904,0
20121120,12.06,12.14,11.6,11.83,464994,0
20121121,11.77,11.89,11.57,11.87,246691,0
20121123,12.11,12.4,12,12.26,339586,0
20121126,12.54,12.54,12.17,12.23,350237,0
20121127,12.4,12.51,12.21,12.34,329080,0
20121128,12.04,12.24,11.79,12.19,325052,0
20121129,12.45,12.49,12.21,12.35,228018,0
20121130,12.37,12.37,12,12.28,236138,0
20121203,12.35,12.35,12.08,12.09,190771,0
20121204,11.81,11.89,11.6,11.76,396217,0
20121205,11.77,11.95,11.27,11.59,366391,0
20121206,11.5,11.75,11.39,11.58,233124,0
20121207,11.63,11.83,11.58,11.78,155680,0
20121210,12,12.18,11.83,12.15,294071,0
20121211,12.15,12.25,12,12.09,215003,0
20121212,12.23,12.49,12.2,12.43,431962,0
20121213,12.14,12.45,12.02,12.36,362602,0
20121214,12.22,12.6,12.22,12.55,321856,0
20121217,12.43,12.49,11.92,11.99,380903,0
20121218,12.04,12.1,11.51,11.55,606004,0
20121219,11.46,11.59,11.3,11.5,244551,0
20121220,11.29,11.52,10.91,11.39,486272,0
20121221,11.1,11.89,11.1,11.89,371251,0
20121224,11.63,11.97,11.58,11.65,145414,0
20121226,11.65,11.85,11.65,11.73,132265,0
20121227,11.6,11.7,11.32,11.7,187501,0
20121228,11.73,11.75,11.35,11.46,192852,0
20121231,11.56,11.8,11.3,11.8,407127,0
20130102,12.2,12.45,12.08,12.37,581469,0
20130103,12.33,12.33,11.76,11.78,364829,0
20130104,11.61,11.74,11.33,11.74,438477,0
20130107,11.66,11.76,11.5,11.66,241197,0
20130108,11.75,12.03,11.64,11.95,191060,0
20130109,11.96,12.29,11.96,12.29,218902,0
20130110,12.32,12.46,12.3,12.41,243878,0
20130111,12.42,12.5,12.26,12.45,307988,0
20130114,12.62,12.69,12.51,12.68,217520,0
20130115,12.69,13.01,12.68,12.87,232326,0
20130116,12.89,12.98,12.67,12.76,102138,0
20130117,12.82,13.12,12.77,13.11,244937,0
20130118,13.13,13.25,12.9,13.11,236924,0
20130122,13.23,13.23,13.01,13.13,213296,0
20130123,13.1,13.16,12.46,12.66,388500,0
20130124,12.42,12.55,12.16,12.18,442367,0
20130125,12.12,12.17,11.62,11.91,443465,0
20130128,11.74,11.88,11.41,11.53,405507,0
20130129,11.57,11.86,11.57,11.71,309930,0
20130130,12.1,12.17,11.87,11.87,312858,0
20130131,11.88,12.23,11.61,12.12,206842,0
20130201,12.3,12.37,12.06,12.16,160125,0
20130204,12.03,12.4,11.93,12.4,233176,0
20130205,12.44,12.44,12.05,12.2,176709,0
20130206,12.11,12.43,12.11,12.3,142988,0
20130207,12.3,12.53,12.18,12.42,243958,0
20130208,12.35,12.42,12.21,12.31,109869,0
20130211,12.25,12.25,11.9,11.93,281846,0
20130212,11.95,12.1,11.94,12.08,290225,0
20130213,12.1,12.29,11.98,11.98,275183,0
20130214,12.19,12.19,11.8,11.85,252971,0
20130215,11.54,11.75,10.66,10.86,1656909,0
20130219,10.67,10.77,9.7,10.02,1617126,0
20130220,9.79,9.81,9.06,9.16,1560441,0
20130221,9.01,9.8,9.01,9.41,1562724,0
20130222,9.47,9.53,9.3,9.44,438529,0
20130225,9.7,10.08,9.69,9.82,635620,0
20130226,9.81,10.09,9.6,9.63,747535,0
20130227,9.57,9.6,9.27,9.45,813179,0
20130228,9.41,9.48,9.28,9.4,436493,0
20130301,9.34,9.4,9.11,9.14,464331,0
20130304,9.19,9.19,8.25,8.4,1319797,0
20130305,8.48,8.68,8.45,8.53,469070,0
20130306,8.5,8.82,8.23,8.82,838440,0
20130307,8.98,9.22,8.82,8.85,546433,0
20130308,8.86,9.44,8.8,9.26,815758,0
20130311,9.41,9.64,9.3,9.61,539345,0
20130312,9.86,10.22,9.75,9.96,791639,0
20130313,10.05,10.22,9.68,9.7,409800,0
20130314,9.59,9.8,9.4,9.76,389580,0
20130315,9.71,10.08,9.71,10.08,920598,0
20130318,10.21,10.35,9.88,9.91,504445,0
20130319,9.81,9.99,9.63,9.84,407559,0
20130320,9.83,9.85,9.65,9.8,176966,0
20130321,9.95,10.05,9.84,9.94,307577,0
20130322,9.95,10.01,9.76,9.83,195157,0
20130325,9.84,9.84,9.64,9.71,412734,0
20130326,9.64,9.7,9.2,9.33,541789,0
20130327,9.23,9.63,9.01,9.63,453921,0
20130328,9.5,9.61,9.32,9.45,240961,0
20130401,9.45,9.45,9.04,9.24,388808,0
20130402,9.07,9.16,8.88,8.95,595331,0
20130403,8.87,8.91,8.31,8.54,1016202,0
20130404,8.58,9.04,8.27,9,740156,0
20130405,9.1,9.38,9.05,9.21,401854,0
20130408,9.15,9.18,8.82,9,284984,0
20130409,9,9.35,8.9,9.28,397002,0
20130410,9.26,9.35,8.88,9.04,364432,0
20130411,9.02,9.03,8.8,8.96,364548,0
20130412,8.75,8.75,8.02,8.2,1190088,0
20130415,7.12,7.75,6.92,7,2118993,0
20130416,7.32,7.36,6.87,6.95,1189556,0
20130417,6.86,6.93,6.3,6.34,1427436,0
20130418,6.41,7.09,6.3,7.02,1099669,0
20130419,7.21,7.49,7.01,7.08,1000379,0
20130422,7.5,7.5,7.1,7.44,631100,0
20130423,7.45,7.45,6.93,7.36,834464,0
20130424,7.46,7.91,7.3,7.79,742898,0
20130425,8.3,8.63,7.99,8.1,1115740,0
20130426,8.3,8.3,7.65,7.8,583314,0
20130429,8.01,8.13,7.87,7.94,383757,0
20130430,7.88,8.18,7.61,8.07,680826,0
20130501,7.76,7.89,7.53,7.82,603736,0
20130502,7.91,8.02,7.77,7.89,253116,0
20130503,7.89,7.98,7.65,7.7,421890,0
20130506,7.7,7.87,7.63,7.87,355624,0
20130507,7.65,7.69,7.33,7.33,565067,0
20130508,7.4,7.72,7.4,7.67,267154,0
20130509,7.54,7.67,7.35,7.41,557624,0
20130510,7.24,7.73,7.11,7.71,517239,0
20130513,7.51,7.81,7.5,7.56,324255,0
20130514,7.52,7.74,7.31,7.42,445526,0
20130515,7.29,7.3,6.88,6.88,849309,0
20130516,6.76,7.09,6.7,6.88,632076,0
20130517,6.79,6.87,6.65,6.7,679838,0
20130520,6.78,7.08,6.56,7,560895,0
20130521,6.72,6.9,6.62,6.78,516805,0
20130522,6.93,7.23,6.78,6.95,763509,0
20130523,7.2,7.25,6.79,7.16,373229,0
20130524,7.11,7.17,6.98,7.08,205001,0
20130528,7.19,7.21,6.95,6.98,539322,0
20130529,6.99,7.18,6.91,7.16,741319,0
20130530,7.27,7.6,7.25,7.51,658179,0
20130531,7.46,7.57,7.24,7.48,809349,0
20130603,7.62,8.15,7.56,8.05,835806,0
20130604,7.98,8.05,7.75,7.94,441345,0
20130605,8.04,8.17,7.94,7.94,445863,0
20130606,7.83,8.12,7.83,8.04,265895,0
20130607,7.84,7.99,7.65,7.68,431393,0
20130610,7.64,7.78,7.55,7.69,198080,0
20130611,7.42,7.56,7.21,7.33,452170,0
20130612,7.24,7.46,7.22,7.26,345200,0
20130613,7.3,7.43,7.17,7.41,250633,0
20130614,7.34,7.48,7.23,7.41,362489,0
20130617,7.42,7.43,7.21,7.29,212218,0
20130618,7.24,7.26,7.03,7.17,335922,0
20130619,7.13,7.24,6.92,6.95,399468,0
20130620,6.54,6.69,6.32,6.56,1244798,0
20130621,6.54,6.64,6.16,6.4,2342295,0
20130624,6.15,6.16,5.89,5.89,871088,0
20130625,5.95,6.01,5.55,5.67,518903,0
20130626,5.38,5.51,5.17,5.17,1201774,0
20130627,5.18,5.2,4.87,4.89,1269022,0
20130628,4.8,5.86,4.75,5.85,1806831,0
20130701,5.97,6.72,5.95,6.15,1273466,0
20130702,6.17,6.17,5.68,5.74,725880,0
20130703,5.76,6.1,5.74,5.97,440586,0
20130705,5.88,5.89,5.53,5.72,634720,0
20130708,6.01,6.05,5.72,5.81,820508,0
20130709,5.97,6.09,5.86,5.94,479998,0
20130710,5.95,6.14,5.92,6.1,599013,0
20130711,6.43,6.66,6.32,6.65,961630,0
20130712,6.53,6.68,6.39,6.51,441565,0
20130715,6.6,6.6,6.08,6.28,576746,0
20130716,6.29,6.35,6.12,6.17,747412,0
20130717,6.21,6.26,6.02,6.06,468291,0
20130718,6.06,6.12,5.91,5.98,471040,0
20130719,6.04,6.08,5.9,5.96,457856,0
20130722,6.27,6.59,6.16,6.45,1409606,0
20130723,6.39,6.66,6.34,6.66,781829,0
20130724,6.47,6.56,6.04,6.09,1107135,0
20130725,6.03,6.13,5.81,5.96,1569705,0
20130726,5.88,6.01,5.79,5.93,887585,0
20130729,5.94,5.98,5.8,5.92,366562,0
20130730,5.95,5.99,5.8,5.8,296292,0
20130731,5.8,5.85,5.63,5.73,621147,0
20130801,5.67,5.67,5.33,5.5,1135474,0
20130802,5.48,5.48,5.11,5.25,1178374,0
20130805,5.26,5.5,5.26,5.35,617267,0
20130806,5.26,5.37,5.09,5.18,595576,0
20130807,5.08,5.11,4.95,5.03,591128,0
20130808,5.19,5.51,5.16,5.44,421295,0
20130809,5.48,5.66,5.35,5.55,448651,0
20130812,5.89,6,5.83,5.93,867184,0
20130813,5.97,6.05,5.87,6.01,524876,0
20130814,5.93,6.04,5.78,6.01,793958,0
20130815,5.96,6.5,5.91,6.5,1281898,0
20130816,6.68,6.7,6.5,6.69,966427,0
20130819,6.66,6.7,6.38,6.42,756169,0
20130820,6.4,6.65,6.3,6.55,547645,0
20130821,6.52,6.58,6.35,6.49,397853,0
20130822,6.46,6.62,6.42,6.48,519696,0
20130823,6.48,6.9,6.43,6.84,949245,0
20130826,6.9,7.28,6.89,7.13,1344668,0
20130827,7.34,7.47,6.73,6.86,1702909,0
20130828,6.98,7.12,6.59,6.71,859752,0
20130829,6.54,6.83,6.13,6.63,1085659,0
20130830,6.44,6.66,6.3,6.54,552162,0
20130903,6.71,6.71,6.32,6.43,567462,0
20130904,6.41,6.46,6.2,6.4,691964,0
20130905,6.43,6.44,6.08,6.12,541853,0
20130906,6.17,6.34,6.12,6.26,361478,0
20130909,6.34,6.35,6.23,6.29,213592,0
20130910,6.18,6.18,5.89,5.91,665141,0
20130911,5.85,5.9,5.72,5.85,738306,0
20130912,5.58,5.61,5.29,5.37,1040808,0
20130913,5.33,5.54,5.28,5.51,541586,0
20130916,5.58,5.94,5.33,5.34,545231,0
20130917,5.44,5.5,5.35,5.5,397775,0
20130918,5.38,6.09,5.35,5.99,1556214,0
20130919,6.18,6.21,5.82,5.9,768597,0
20130920,5.71,5.81,5.43,5.48,880304,0
20130923,5.5,5.51,5.28,5.28,611137,0
20130924,5.17,5.49,5.17,5.49,460332,0
20130925,5.53,5.63,5.37,5.5,440490,0
20130926,5.55,5.6,5.35,5.44,553659,0
20130927,5.51,5.56,5.41,5.42,286802,0
20130930,5.37,5.47,5.3,5.38,231008,0
20131001,5.17,5.3,5.11,5.22,516973,0
20131002,5.3,5.48,5.12,5.23,557997,0
20131003,5.19,5.25,5.02,5.07,382039,0
20131004,5.13,5.18,5.02,5.12,301845,0
20131007,5.17,5.21,4.98,5.02,555215,0
20131008,5.02,5.1,4.92,4.93,404907,0
20131009,4.9,5.01,4.71,4.96,746947,0
20131010,5,5.1,4.85,4.92,398928,0
20131011,4.81,4.82,4.72,4.74,632459,0
20131014,4.82,4.87,4.75,4.8,374294,0
20131015,4.77,4.92,4.75,4.9,402074,0
20131016,4.89,4.94,4.77,4.9,392160,0
20131017,5.06,5.14,5.03,5.1,799211,0
20131018,5.11,5.13,5.02,5.02,422044,0
20131021,5.03,5.23,5.02,5.19,436659,0
20131022,5.24,5.54,5.24,5.51,729409,0
20131023,5.47,5.68,5.35,5.45,422956,0
20131024,5.5,5.77,5.49,5.74,470815,0
20131025,5.66,5.8,5.6,5.71,424759,0
20131028,5.74,5.92,5.72,5.8,325603,0
20131029,5.79,5.8,5.38,5.38,481774,0
20131030,5.5,5.56,5.24,5.39,491097,0
20131031,5.23,5.44,5.22,5.39,340619,0
20131101,5.41,5.41,5.15,5.24,753101,0
20131104,5.24,5.55,5.19,5.51,704059,0
20131105,5.5,5.54,5.34,5.4,429166,0
20131106,5.4,5.4,5.28,5.4,436200,0
20131107,5.26,5.36,5.12,5.12,436542,0
20131108,5.04,5.45,5.01,5.43,580556,0
20131111,5.35,5.42,5.21,5.37,202977,0
20131112,5.34,5.45,5.16,5.19,427446,0
20131113,5.23,5.31,5.15,5.25,283573,0
20131114,5.31,5.38,5.2,5.35,470223,0
20131115,5.26,5.3,5.08,5.11,626616,0
20131118,5.11,5.14,4.9,5.06,908823,0
20131119,4.94,5.03,4.85,4.92,528060,0
20131120,4.84,4.88,4.61,4.64,872979,0
20131121,4.56,4.59,4.34,4.46,1148356,0
20131122,4.47,4.51,4.32,4.41,706138,0
20131125,4.2,4.4,4.12,4.32,781045,0
20131126,4.26,4.35,4.2,4.21,509515,0
20131127,4.2,4.31,4.15,4.23,447808,0
20131129,4.39,4.56,4.26,4.56,380733,0
20131202,4.46,4.52,4.18,4.2,1045176,0
20131203,4.21,4.26,4.19,4.2,752724,0
20131204,4.29,4.41,4.2,4.39,999732,0
20131205,4.28,4.28,4.2,4.24,527344,0
20131206,4.3,4.34,3.95,4.01,1652120,0
20131209,4.02,4.1,4.01,4.09,715543,0
20131210,4.21,4.26,4.15,4.18,786492,0
20131211,4.21,4.21,4.04,4.09,677949,0
20131212,3.96,4.22,3.96,4.21,624341,0
20131213,4.2,4.31,4.16,4.2,431570,0
20131216,4.17,4.43,4.15,4.37,419031,0
20131217,4.33,4.4,4.19,4.26,314279,0
20131218,4.24,4.34,4.18,4.18,362500,0
20131219,4.11,4.21,3.96,4.08,786077,0
20131220,4.11,4.18,3.99,4.18,1326608,0
20131223,4.11,4.11,3.94,4,906880,0
20131224,3.95,4.05,3.95,4,281385,0
20131226,4.06,4.13,4.03,4.06,384914,0
20131227,4.09,4.21,4.05,4.21,444390,0
20131230,4.19,4.27,4.12,4.12,663098,0
20131231,4.12,4.3,4.04,4.27,851513,0
20140102,4.35,4.59,4.34,4.58,1104059,0
20140103,4.58,4.71,4.46,4.54,603084,0
20140106,4.55,4.59,4.47,4.47,332908,0
20140107,4.42,4.5,4.29,4.46,540794,0
20140108,4.42,4.42,4.26,4.29,442902,0
20140109,4.29,4.39,4.18,4.26,328037,0
20140110,4.35,4.4,4.28,4.32,389629,0
20140113,4.36,4.58,4.34,4.52,639376,0
20140114,4.41,4.57,4.33,4.36,575851,0
20140115,4.33,4.63,4.29,4.52,534329,0
20140116,4.76,5.03,4.76,5,1880579,0
20140117,5.2,5.24,5.08,5.21,1303056,0
20140121,5.13,5.37,5.05,5.27,1177633,0
20140122,5.3,5.31,5.08,5.12,606333,0
20140123,5.2,5.33,5.15,5.18,737275,0
20140124,5.27,5.31,5.19,5.29,1002076,0
20140127,5.26,5.29,4.98,4.98,816854,0
20140128,5.05,5.07,4.9,5.03,484051,0
20140129,5.1,5.26,5.01,5.19,824197,0
20140130,5.07,5.15,4.95,5.03,627217,0
20140131,5.03,5.28,4.92,5.01,637192,0
20140203,5.08,5.3,5,5.12,842508,0
20140204,5.11,5.11,4.95,4.99,759648,0
20140205,5.05,5.2,5,5.03,695642,0
20140206,5.05,5.1,4.95,4.97,666130,0
20140207,5.01,5.2,5,5.16,865521,0
20140210,5.25,5.49,5.19,5.38,1429000,0
20140211,5.46,5.7,5.4,5.65,1583529,0
20140212,5.74,5.74,5.4,5.48,740953,0
20140213,5.51,5.62,5.42,5.61,1131237,0
20140214,5.71,5.92,5.68,5.83,1223062,0
20140218,5.89,5.9,5.7,5.86,877845,0
20140219,5.8,5.88,5.49,5.55,860501,0
20140220,5.49,5.82,5.46,5.79,570660,0
20140221,5.82,5.88,5.61,5.71,406584,0
20140224,5.81,5.88,5.72,5.77,414625,0
20140225,5.75,5.77,5.52,5.58,530132,0
20140226,5.58,5.59,5.22,5.35,989327,0
20140227,5.36,5.53,5.31,5.38,830955,0
20140228,5.44,5.48,5.24,5.28,574974,0
20140303,5.5,5.55,5.34,5.5,837729,0
20140304,5.38,5.46,5.27,5.4,429971,0
20140305,5.4,5.48,5.25,5.26,1015516,0
20140306,5.43,5.47,5.31,5.36,872509,0
20140307,5.31,5.36,5.14,5.31,639287,0
20140310,5.28,5.29,5.16,5.2,842178,0
20140311,5.17,5.59,5.17,5.49,1017159,0
20140312,5.65,6.21,5.62,6.13,2525825,0
20140313,6.17,6.91,6.01,6.76,2914866,0
20140314,6.84,7.02,6.55,6.71,1811079,0
20140317,6.74,6.85,6.4,6.45,1556591,0
20140318,6.26,6.56,6.01,6.39,1081385,0
20140319,6.21,6.31,6.05,6.07,778531,0
20140320,5.87,6.32,5.87,6.22,961242,0
20140321,6.3,6.41,6.07,6.23,731812,0
20140324,6.04,6.06,5.66,5.75,1556749,0
20140325,5.69,5.94,5.69,5.81,700257,0
20140326,5.84,5.96,5.49,5.57,1058300,0
20140327,5.49,5.64,5.4,5.62,837447,0
20140328,5.62,5.86,5.5,5.78,625765,0
20140331,5.8,5.81,5.47,5.57,606229,0
20140401,5.62,5.7,5.5,5.56,416862,0
20140402,5.69,5.97,5.69,5.88,858312,0
20140403,5.88,5.91,5.71,5.84,605706,0
20140404,5.99,6.02,5.88,5.94,721540,0
20140407,5.87,6.02,5.7,5.78,818428,0
20140408,5.91,5.94,5.78,5.92,818498,0
20140409,5.84,6.01,5.77,5.93,339421,0
20140410,5.96,6.03,5.91,5.97,471944,0
20140411,5.98,6,5.74,5.74,742211,0
20140414,5.85,5.93,5.69,5.78,351407,0
20140415,5.62,5.62,5.43,5.51,904830,0
20140416,5.55,5.55,5.43,5.51,358025,0
20140417,5.45,5.52,5.3,5.37,761922,0
20140421,5.29,5.51,5.29,5.45,559655,0
20140422,5.26,5.28,4.98,5.26,1647316,0
20140423,5.3,5.4,5.18,5.37,590777,0
20140424,5.24,5.4,5.21,5.27,557064,0
20140425,5.31,5.55,5.3,5.53,425606,0
20140428,5.56,5.58,5.35,5.4,444180,0
20140429,5.43,5.61,5.4,5.57,467137,0
20140430,5.54,5.65,5.42,5.61,397116,0
20140501,5.44,5.52,5.36,5.45,337756,0
20140502,5.49,5.99,5.47,5.91,902340,0
20140505,6,6.05,5.84,5.86,439019,0
20140506,5.85,5.92,5.83,5.85,344142,0
20140507,5.82,5.83,5.67,5.69,355703,0
20140508,5.71,5.84,5.67,5.82,370307,0
20140509,5.82,5.83,5.64,5.75,379839,0
20140512,5.81,6,5.79,5.83,456354,0
20140513,5.86,5.9,5.72,5.74,391812,0
20140514,5.87,5.88,5.76,5.82,312490,0
20140515,5.77,5.77,5.51,5.63,603295,0
20140516,5.52,5.61,5.5,5.57,235277,0
20140519,5.66,5.71,5.45,5.56,290700,0
20140520,5.42,5.65,5.39,5.55,291032,0
20140521,5.55,5.6,5.5,5.57,184075,0
20140522,5.66,5.7,5.59,5.63,183739,0
20140523,5.6,5.64,5.57,5.59,105866,0
20140527,5.52,5.54,5.38,5.42,461296,0
20140528,5.36,5.36,5.19,5.24,997937,0
20140529,5.2,5.35,5.12,5.26,548325,0
20140530,5.25,5.32,5.11,5.31,672256,0
20140602,5.31,5.4,5.18,5.23,374672,0
20140603,5.21,5.34,5.08,5.23,473414,0
20140604,5.21,5.31,5.15,5.21,835049,0
20140605,5.25,5.32,5.2,5.28,554485,0
20140606,5.26,5.27,5.17,5.25,316996,0
20140609,5.25,5.31,5.15,5.16,372330,0
20140610,5.2,5.41,5.16,5.38,524400,0
20140611,5.41,5.63,5.39,5.63,500952,0
20140612,5.71,6.14,5.68,6.12,1185541,0
20140613,6.13,6.16,5.89,6.13,679171,0
20140616,6.17,6.34,6.11,6.26,1457306,0
20140617,6.1,6.5,5.91,6.39,1580623,0
20140618,6.35,6.71,6.32,6.66,1549626,0
20140619,6.75,7.13,6.75,7.09,2510788,0
20140620,7.03,7.06,6.73,6.98,4343603,0
20140623,6.99,7.24,6.9,7.14,1010563,0
20140624,7.16,7.23,6.83,6.83,1452501,0
20140625,6.8,7.08,6.8,6.89,1013356,0
20140626,6.81,6.93,6.69,6.78,1199875,0
20140627,6.76,6.91,6.61,6.68,793434,0
20140630,6.64,6.93,6.41,6.92,1080802,0
20140701,6.98,6.98,6.76,6.81,589569,0
20140702,6.85,7,6.75,6.95,679300,0
20140703,6.85,7.12,6.71,7.1,652292,0
20140707,7,7.13,6.88,6.92,670677,0
20140708,7.03,7.15,6.85,7.14,1297642,0
20140709,7.19,7.69,7.16,7.54,2132383,0
20140710,7.64,7.68,7.05,7.09,1799066,0
20140711,7.07,7.29,7,7.27,1176658,0
20140714,6.85,7.19,6.76,7,1267142,0
20140715,6.94,7.15,6.64,6.7,1083210,0
20140716,6.58,6.75,6.5,6.63,953090,0
20140717,6.7,7.01,6.6,7.01,1028813,0
20140718,6.94,6.94,6.72,6.84,506074,0
20140721,6.92,6.98,6.79,6.94,479374,0
20140722,6.94,7,6.8,6.84,443634,0
20140723,6.86,6.9,6.57,6.67,815917,0
20140724,6.6,6.66,6.45,6.46,622343,0
20140725,6.43,6.88,6.42,6.88,710472,0
20140728,6.88,7.02,6.79,6.99,634594,0
20140729,7,7.07,6.83,6.84,558263,0
20140730,6.83,6.93,6.69,6.85,633324,0
20140731,6.72,6.85,6.62,6.79,728825,0
20140801,6.8,6.97,6.7,6.85,633463,0
20140804,6.85,6.85,6.42,6.59,655023,0
20140805,6.67,6.79,6.44,6.72,790064,0
20140806,6.76,6.77,6.12,6.25,2397947,0
20140807,6.21,6.23,5.94,5.99,1511890,0
20140808,5.93,6.05,5.81,5.89,1055867,0
20140811,5.88,6.06,5.79,5.92,1117624,0
20140812,6.17,6.32,6.05,6.08,943867,0
20140813,6.13,6.17,6.02,6.02,660960,0
20140814,6.15,6.16,5.84,5.86,653496,0
20140815,5.74,5.97,5.63,5.94,695590,0
20140818,5.93,6.08,5.89,6.08,349546,0
20140819,6.1,6.15,5.91,5.96,570718,0
20140820,5.94,5.95,5.83,5.86,464890,0
20140821,5.69,5.84,5.69,5.82,629665,0
20140822,5.85,5.91,5.74,5.88,333742,0
20140825,5.85,5.91,5.77,5.79,420961,0
20140826,5.89,5.91,5.76,5.79,629220,0
20140827,5.88,5.94,5.73,5.82,524199,0
20140828,5.88,5.92,5.82,5.92,436110,0
20140829,5.86,5.95,5.77,5.94,453499,0
20140902,5.78,5.8,5.52,5.6,965780,0
20140903,5.6,5.64,5.45,5.46,645435,0
20140904,5.48,5.6,5.14,5.22,861004,0
20140905,5.25,5.34,5.14,5.27,520098,0
20140908,5.23,5.26,5.02,5.11,682283,0
20140909,5.06,5.25,5.01,5.2,579295,0
20140910,5.08,5.2,5.04,5.12,597349,0
20140911,5.06,5.1,4.95,5.1,1076564,0
20140912,4.95,5.01,4.83,4.88,1045059,0
20140915,4.92,5.15,4.9,5.08,1004811,0
20140916,5.1,5.29,5.01,5.17,778217,0
20140917,5.21,5.21,4.88,4.91,988111,0
20140918,4.88,4.93,4.69,4.75,1298410,0
20140919,4.71,4.79,4.56,4.63,3836758,0
20140922,4.54,4.55,4.19,4.27,2162360,0
20140923,4.33,4.4,4.24,4.24,1290564,0
20140924,4.25,4.34,4.18,4.19,681156,0
20140925,4.15,4.55,4.13,4.55,1123148,0
20140926,4.44,4.55,4.37,4.45,673645,0
20140929,4.48,4.49,4.36,4.36,365964,0
20140930,4.31,4.4,4.25,4.3,718380,0
20141001,4.3,4.48,4.28,4.34,808241,0
20141002,4.35,4.41,4.29,4.35,494997,0
20141003,4.26,4.28,4,4.04,1095013,0
20141006,4.06,4.34,4.04,4.25,1049815,0
20141007,4.28,4.29,3.93,3.97,841843,0
20141008,4.02,4.36,3.77,4.3,1382506,0
20141009,4.3,4.41,3.96,4.08,1289732,0
20141010,4.09,4.22,3.9,3.96,1228669,0
20141013,4.04,4.35,3.99,4.17,1022412,0
20141014,4.18,4.5,4.16,4.31,1554922,0
20141015,4.35,4.56,4.27,4.39,993875,0
20141016,4.53,4.65,4.39,4.46,935153,0
20141017,4.42,4.42,4.12,4.13,1546013,0
20141020,4.14,4.2,4,4.19,904196,0
20141021,4.26,4.31,4.11,4.13,789329,0
20141022,4.07,4.09,3.86,3.86,1289237,0
20141023,3.81,4.02,3.77,4.02,945948,0
20141024,4.09,4.1,3.81,3.81,896522,0
20141027,3.81,3.82,3.71,3.72,838118,0
20141028,3.74,3.8,3.66,3.78,1137750,0
20141029,3.68,3.81,3.49,3.49,1984167,0
20141030,3.43,3.45,2.89,2.91,2600503,0
20141031,2.62,2.93,2.52,2.89,4094824,0
20141103,2.9,2.95,2.83,2.89,3407122,0
20141104,2.88,2.88,2.6,2.6,1631229,0
20141105,2.49,2.68,2.45,2.45,1298076,0
20141106,2.53,2.69,2.53,2.55,2392175,0
20141107,2.69,2.77,2.6,2.7,1739482,0
20141110,2.7,2.71,2.52,2.55,1630543,0
20141111,2.52,2.96,2.52,2.91,1912421,0
20141112,2.9,3.03,2.57,2.62,1999311,0
20141113,2.82,2.85,2.58,2.58,1353221,0
20141114,2.5,2.89,2.46,2.89,1370718,0
20141117,2.87,3.15,2.76,3.11,1581479,0
20141118,3.18,3.26,3.1,3.26,1575666,0
20141119,3.19,3.23,2.83,2.86,2496924,0
20141120,2.92,3.06,2.9,3.05,1270570,0
20141121,3.19,3.21,2.99,3.09,1265366,0
20141124,3.07,3.16,2.94,3.06,1093142,0
20141125,3.09,3.25,3.03,3.15,1459473,0
20141126,3.1,3.17,2.97,2.99,927988,0
20141128,2.78,2.91,2.66,2.66,857840,0
20141201,2.8,3,2.7,3,1341181,0
20141202,2.86,2.97,2.72,2.75,1153891,0
20141203,2.82,3.05,2.75,3.03,1089880,0
20141204,2.99,3.09,2.83,2.87,1099422,0
20141205,2.82,2.97,2.76,2.84,1424092,0
20141208,2.85,3.02,2.71,2.97,1502868,0
20141209,3.11,3.28,3.1,3.22,1763832,0
20141210,3.22,3.35,3.17,3.28,1476472,0
20141211,3.11,3.28,3.04,3.05,1218043,0
20141212,3.03,3.08,2.87,2.95,1262178,0
20141215,2.89,2.91,2.66,2.75,3049697,0
20141216,2.85,2.86,2.63,2.71,1539339,0
20141217,2.71,2.92,2.61,2.86,1824600,0
20141218,2.89,3.22,2.83,3.21,1607506,0
20141219,3.2,3.48,3.1,3.1,15951383,0
20141222,3.4,3.44,2.87,2.92,2622000,0
20141223,2.92,3.08,2.81,2.87,1166449,0
20141224,2.97,3.2,2.92,3.19,1263451,0
20141226,3.26,3.36,3.22,3.25,898783,0
20141229,3.2,3.29,3.1,3.14,820811,0
20141230,3.22,3.55,3.22,3.43,1474505,0
20141231,3.32,3.55,3.26,3.4,1253773,0
20150102,3.3,3.76,3.27,3.74,1452539,0
20150105,3.81,3.84,3.59,3.78,1397215,0
20150106,3.75,4.08,3.71,4.01,2242613,0
20150107,3.82,4.04,3.76,3.8,1689500,0
20150108,3.82,3.92,3.58,3.68,1293745,0
20150109,3.6,3.82,3.55,3.78,1476667,0
20150112,3.85,4.11,3.76,3.98,1581236,0
20150113,4.11,4.13,3.69,3.77,1546946,0
20150114,3.8,3.9,3.61,3.77,1812940,0
20150115,4,4.11,3.89,3.98,1777637,0
20150116,4.03,4.2,4,4.06,1213959,0
20150120,4.18,4.35,4.15,4.23,1479239,0
20150121,4.34,4.4,4.02,4.15,1421269,0
20150122,4.22,4.28,4.05,4.09,1295517,0
20150123,4.04,4.08,3.8,3.87,1350788,0
20150126,3.81,4.01,3.75,3.98,995948,0
20150127,3.96,4.23,3.96,4.15,1593020,0
20150128,4.14,4.14,3.8,3.86,1513469,0
20150129,3.77,3.91,3.7,3.91,1399277,0
20150130,3.92,4.04,3.82,4.04,809525,0
20150202,3.95,4.04,3.84,4,859541,0
20150203,3.97,4.01,3.78,3.9,1337016,0
20150204,3.93,4.08,3.86,4.02,786999,0
20150205,4.01,4.14,3.94,4.1,574902,0
20150206,3.94,4.05,3.8,3.85,993962,0
20150209,3.93,3.98,3.85,3.93,377914,0
20150210,3.9,3.9,3.75,3.82,628152,0
20150211,3.82,3.85,3.63,3.68,649966,0
20150212,3.77,3.77,3.56,3.6,713724,0
20150213,3.65,3.78,3.65,3.74,607720,0
20150217,3.7,3.71,3.57,3.62,610134,0
20150218,3.55,3.62,3.31,3.55,1298342,0
20150219,3.58,3.6,3.41,3.49,618686,0
20150220,3.47,3.56,3.31,3.31,1137957,0
20150223,3.31,3.5,3.28,3.42,533297,0
20150224,3.43,3.5,3.36,3.39,635125,0
20150225,3.41,3.54,3.41,3.53,630284,0
20150226,3.59,3.69,3.52,3.55,712960,0
20150227,3.62,3.7,3.59,3.62,760400,0
20150302,3.71,3.73,3.36,3.4,951700,0
20150303,3.4,3.49,3.28,3.33,735500,0
20150304,3.32,3.34,3.14,3.19,791400,0
20150305,3.22,3.28,3.12,3.14,517300,0
20150306,3.05,3.08,2.91,2.97,1401200,0
20150309,2.97,3,2.76,2.76,999200,0
20150310,2.77,2.85,2.63,2.74,1557600,0
20150311,2.73,2.9,2.61,2.86,1051600,0
20150312,2.9,2.91,2.74,2.77,761300,0
20150313,2.85,2.94,2.76,2.93,935500,0
20150316,2.93,2.97,2.84,2.94,766400,0
20150317,2.96,3.14,2.94,2.96,1227800,0
20150318,2.96,3.14,2.83,3.11,1118800,0
20150319,3.11,3.2,2.99,3.13,737800,0
20150320,3.2,3.34,3.17,3.3,1480300,0
20150323,3.29,3.35,3.2,3.31,800300,0
20150324,3.31,3.38,3.29,3.37,539000,0
20150325,3.45,3.55,3.42,3.45,857400,0
20150326,3.57,3.6,3.32,3.36,858700,0
20150327,3.35,3.48,3.17,3.38,670100,0
20150330,3.32,3.32,3.16,3.29,741200,0
20150331,3.25,3.33,3.18,3.28,1063700,0
20150401,3.28,3.51,3.28,3.44,869900,0
20150402,3.46,3.55,3.37,3.49,399500,0
20150406,3.62,3.7,3.57,3.68,661300,0
20150407,3.65,3.74,3.59,3.72,502824,0
20150408,3.7,3.72,3.54,3.54,459100,0
20150409,3.54,3.58,3.45,3.57,320339,0
20150410,3.61,3.73,3.6,3.7,492700,0
20150413,3.67,3.69,3.55,3.58,334500,0
20150414,3.59,3.63,3.46,3.51,488800,0
20150415,3.51,3.69,3.48,3.66,428306,0
20150416,3.68,3.69,3.54,3.58,384515,0
20150417,3.58,3.66,3.51,3.61,549600,0
20150420,3.6,3.63,3.46,3.56,489589,0
20150421,3.56,3.68,3.5,3.64,543974,0
20150422,3.63,3.69,3.5,3.53,445606,0
20150423,3.52,3.62,3.46,3.57,390000,0
20150424,3.56,3.6,3.39,3.41,747000,0
20150427,3.44,3.63,3.4,3.53,767600,0
20150428,3.51,3.7,3.51,3.66,719200,0
20150429,3.66,3.78,3.58,3.65,784500,0
20150430,3.55,3.6,3.48,3.58,617600,0
20150501,3.5,3.58,3.46,3.46,622000,0
20150504,3.55,3.64,3.45,3.46,853600,0
20150505,3.53,3.56,3.3,3.32,990500,0
20150506,3.42,3.48,3.33,3.34,710181,0
20150507,3.29,3.31,3.19,3.28,777080,0
20150508,3.3,3.49,3.3,3.45,542000,0
20150511,3.42,3.49,3.34,3.35,506700,0
20150512,3.35,3.55,3.33,3.51,567005,0
20150513,3.55,3.75,3.55,3.58,1283100,0
20150514,3.64,3.72,3.56,3.62,601100,0
20150515,3.58,3.68,3.56,3.6,950647,0
20150518,3.7,3.71,3.53,3.59,769528,0
20150519,3.49,3.5,3.35,3.35,770500,0
20150520,3.35,3.45,3.35,3.44,458100,0
20150521,3.43,3.43,3.36,3.39,280900,0
20150522,3.38,3.44,3.33,3.37,308500,0
20150526,3.28,3.28,3.13,3.22,667299,0
20150527,3.23,3.31,3.17,3.2,559000,0
20150528,3.22,3.28,3.19,3.24,466000,0
20150529,3.24,3.35,3.21,3.32,349000,0
20150601,3.36,3.37,3.24,3.25,427375,0
20150602,3.32,3.36,3.29,3.32,377365,0
20150603,3.29,3.32,3.22,3.24,247200,0
20150604,3.2,3.25,3.18,3.18,340000,0
20150605,3.15,3.25,3.13,3.15,418900,0
20150608,3.15,3.33,3.13,3.33,390100,0
20150609,3.35,3.41,3.19,3.2,346030,0
20150610,3.27,3.3,3.2,3.3,407795,0
20150611,3.25,3.27,3.19,3.2,267284,0
20150612,3.19,3.2,3.13,3.16,256800,0
20150615,3.12,3.27,3.09,3.18,394200,0
20150616,3.14,3.18,3.09,3.11,374700,0
20150617,3.09,3.15,3.03,3.15,534100,0
20150618,3.23,3.36,3.22,3.23,674100,0
20150619,3.24,3.27,3.03,3.03,714500,0
20150622,3.02,3.12,3.02,3.06,467500,0
20150623,3.02,3.04,2.92,3.01,948560,0
20150624,3,3.05,2.98,3,251000,0
20150625,3.02,3.06,2.98,3.06,331500,0
20150626,3.01,3.06,3,3,303700,0
20150629,3.05,3.08,3.01,3.04,472800,0
20150630,3.01,3.07,2.94,2.94,679890,0
20150701,2.95,3,2.84,2.87,610100,0
20150702,2.94,3.2,2.91,3.2,1517500,0
20150706,3.22,3.29,3.14,3.29,616800,0
20150707,3.21,3.21,2.99,3.16,1018600,0
20150708,3.11,3.18,3.03,3.07,574700,0
20150709,3.12,3.12,3.03,3.04,529600,0
20150710,3.05,3.05,2.98,3.03,336600,0
20150713,2.96,3.11,2.88,3.11,585900,0
20150714,3.07,3.16,3.02,3.02,359147,0
20150715,3.01,3.08,2.96,3.03,431186,0
20150716,3.06,3.13,2.99,3.13,596900,0
20150717,3.03,3.06,2.91,2.96,966400,0
20150720,2.85,2.88,2.63,2.65,1215200,0
20150721,2.68,2.76,2.58,2.6,879700,0
20150722,2.55,2.63,2.46,2.51,1008600,0
20150723,2.53,2.56,2.26,2.3,1581600,0
20150724,2.23,2.5,2.2,2.5,1263900,0
20150727,2.45,2.66,2.33,2.35,776100,0
20150728,2.48,2.49,2.35,2.42,553100,0
20150729,2.45,2.5,2.37,2.45,506500,0
20150730,2.44,2.48,2.36,2.43,416800,0
20150731,2.46,2.56,2.45,2.55,569500,0
20150803,2.55,2.65,2.41,2.44,378137,0
20150804,2.52,2.52,2.41,2.5,372900,0
20150805,2.5,2.5,2.3,2.3,674500,0
20150806,2.32,2.49,2.29,2.49,611331,0
20150807,2.5,2.6,2.45,2.45,379100,0
20150810,2.53,2.72,2.42,2.7,728900,0
20150811,2.74,2.86,2.66,2.83,662805,0
20150812,2.89,3.12,2.85,3.09,1144100,0
20150813,2.99,3.15,2.87,2.89,854100,0
20150814,2.9,3.06,2.77,2.83,631300,0
20150817,2.9,3.03,2.87,2.89,720200,0
20150818,2.9,3.01,2.82,2.9,545600,0
20150819,2.95,3.05,2.9,2.96,671100,0
20150820,3.05,3.12,2.98,3.02,1259600,0
20150821,3.02,3.08,2.89,2.95,1289700,0
20150824,2.85,3.05,2.77,2.8,1318436,0
20150825,2.79,2.84,2.55,2.65,799100,0
20150826,2.56,2.58,2.36,2.5,1219200,0
20150827,2.5,2.7,2.42,2.69,732800,0
20150828,2.66,2.87,2.66,2.84,594300,0
20150831,2.76,2.79,2.66,2.73,412200,0
20150901,2.79,2.85,2.63,2.64,493200,0
20150902,2.63,2.71,2.54,2.62,347900,0
20150903,2.54,2.75,2.53,2.62,403000,0
20150904,2.6,2.64,2.54,2.61,293100,0
20150908,2.63,2.65,2.53,2.53,411100,0
20150909,2.53,2.55,2.42,2.49,582800,0
20150910,2.53,2.55,2.46,2.52,551274,0
20150911,2.48,2.56,2.4,2.55,531200,0
20150914,2.47,2.64,2.41,2.64,676500,0
20150915,2.6,2.7,2.51,2.51,419900,0
20150916,2.55,2.75,2.48,2.71,950400,0
20150917,2.71,2.89,2.64,2.87,588568,0
20150918,2.95,2.98,2.8,2.85,1199600,0
20150921,2.85,2.92,2.78,2.85,399200,0
20150922,2.78,2.82,2.75,2.76,299000,0
20150923,2.79,2.86,2.69,2.73,277200,0
20150924,2.75,2.93,2.75,2.9,729821,0
20150925,2.88,2.89,2.73,2.78,378600,0
20150928,2.68,2.77,2.63,2.64,408506,0
20150929,2.66,2.74,2.6,2.62,270700,0
20150930,2.62,2.69,2.56,2.67,396100,0
20151001,2.7,2.75,2.57,2.57,284200,0
20151002,2.69,2.83,2.65,2.83,480200,0
20151005,2.83,2.98,2.83,2.95,578571,0
20151006,3.03,3.06,2.9,2.9,811800,0
20151007,2.96,2.99,2.8,2.89,559100,0
20151008,2.82,3.03,2.77,2.81,541700,0
20151009,2.96,3.02,2.85,3.02,629100,0
20151012,3.1,3.13,2.91,2.96,372924,0
20151013,2.93,3,2.85,2.9,696700,0
20151014,2.95,3.08,2.95,3.05,955200,0
20151015,3.09,3.16,3.01,3.1,927500,0
20151016,3.08,3.14,3,3.03,364900,0
20151019,3.01,3.03,2.85,2.94,723400,0
20151020,2.92,3.08,2.92,2.98,333006,0
20151021,2.96,2.96,2.87,2.9,345900,0
20151022,2.88,3.05,2.85,2.99,449000,0
20151023,3.03,3.08,2.9,3.04,522600,0
20151026,3.08,3.09,2.99,3,298400,0
20151027,2.59,2.73,2.58,2.68,3741100,0
20151028,2.74,2.79,2.63,2.66,1780300,0
20151029,2.64,2.69,2.6,2.65,1001200,0
20151030,2.65,2.65,2.6,2.65,861000,0
20151102,2.61,2.69,2.61,2.65,631408,0
20151103,2.67,2.69,2.6,2.69,1080300,0
20151104,2.72,2.82,2.72,2.76,1696922,0
20151105,2.77,2.8,2.69,2.72,1347300,0
20151106,2.65,2.7,2.63,2.67,768900,0
20151109,2.65,2.74,2.65,2.7,561446,0
20151110,2.66,2.73,2.65,2.66,518300,0
20151111,2.67,2.74,2.67,2.7,680000,0
20151112,2.64,2.73,2.64,2.68,388600,0
20151113,2.68,2.7,2.62,2.65,378900,0
20151116,2.66,2.73,2.65,2.67,334400,0
20151117,2.61,2.64,2.52,2.53,825800,0
20151118,2.57,2.66,2.53,2.65,731900,0
20151119,2.68,2.76,2.68,2.7,1196500,0
20151120,2.72,2.73,2.54,2.59,712100,0
20151123,2.53,2.71,2.53,2.64,1007300,0
20151124,2.67,2.75,2.64,2.64,812500,0
20151125,2.64,2.73,2.62,2.66,413300,0
20151127,2.58,2.64,2.56,2.59,170600,0
20151130,2.55,2.67,2.55,2.64,474400,0
20151201,2.64,2.74,2.64,2.73,459876,0
20151202,2.69,2.69,2.6,2.66,304546,0
20151203,2.67,2.72,2.63,2.68,398855,0
20151204,2.7,2.88,2.7,2.88,1002700,0
20151207,2.82,2.83,2.68,2.76,458300,0
20151208,2.72,2.76,2.65,2.65,337498,0
20151209,2.67,2.75,2.64,2.67,358100,0
20151210,2.65,2.69,2.62,2.64,359200,0
20151211,2.61,2.71,2.58,2.66,486100,0
20151214,2.68,2.75,2.58,2.61,548489,0
20151215,2.58,2.63,2.54,2.57,502500,0
20151216,2.58,2.71,2.58,2.69,505700,0
20151217,2.68,2.68,2.53,2.54,527800,0
20151218,2.57,2.69,2.54,2.63,2463900,0
20151221,2.65,2.75,2.61,2.63,434200,0
20151222,2.61,2.69,2.59,2.61,276112,0
20151223,2.64,2.75,2.61,2.75,383900,0
20151224,2.75,2.8,2.71,2.74,258640,0
20151228,2.71,2.74,2.65,2.69,275610,0
20151229,2.72,2.75,2.62,2.62,400388,0
20151230,2.61,2.625,2.53,2.57,584908,0
20151231,2.55,2.63,2.55,2.63,489496,0
20160104,2.7,2.7375,2.57,2.59,520990,0
20160105,2.66,2.67,2.59,2.62,248380,0
20160106,2.63,2.68,2.5895,2.65,444294,0
20160107,2.7,2.77,2.65,2.69,860102,0
20160108,2.62,2.71,2.6,2.68,459701,0
20160111,2.69,2.7,2.55,2.55,774183,0
20160112,2.55,2.55,2.35,2.38,1330655,0
20160113,2.45,2.49,2.38,2.4,690468,0
20160114,2.37,2.4,2.28,2.31,567321,0
20160115,2.35,2.37,2.21,2.23,514945,0
20160119,2.21,2.28,2,2.05,1053600,0
20160120,2.15,2.17,1.94,2.02,1075493,0
20160121,2.02,2.1,1.96,2.07,607390,0
20160122,2.08,2.14,2.01,2.05,659897,0
20160125,2.1,2.125,2.06,2.06,644440,0
20160126,2.11,2.2,2.09,2.14,1166601,0
20160127,2.18,2.255,2.15,2.22,672421,0
20160128,2.21,2.26,2.2,2.23,441651,0
20160129,2.23,2.3,2.2,2.28,446430,0
20160201,2.32,2.38,2.29,2.31,444696,0
20160202,2.31,2.32,2.22,2.24,284839,0
20160203,2.26,2.45,2.26,2.4,709283,0
20160204,2.53,2.59,2.44,2.46,1256214,0
20160205,2.44,2.58,2.4,2.57,490967,0
20160208,2.68,2.81,2.65,2.72,1343675,0
20160209,2.78,2.81,2.51,2.58,795876,0
20160210,2.6,2.6,2.375,2.54,831699,0
20160211,2.74,2.84,2.6499,2.77,1441114,0
20160212,2.77,2.84,2.7,2.81,884582,0
20160216,2.75,2.78,2.63,2.66,915868,0
20160217,2.66,2.77,2.57,2.65,905887,0
20160218,2.61,3,2.58,2.9,1531170,0
20160219,2.91,2.94,2.81,2.82,1978388,0
20160222,2.77,2.91,2.761,2.83,608660,0
20160223,2.88,2.92,2.78,2.81,809212,0
20160224,2.87,2.98,2.84,2.86,912248,0
20160225,2.82,2.95,2.81,2.91,575136,0
20160226,2.88,2.94,2.81,2.85,474166,0
20160229,2.91,3.009,2.8962,2.97,868007,0
20160301,3.01,3.02,2.8,2.8,1059053,0
20160302,2.87,3.06,2.82,3.04,965333,0
20160303,3.06,3.27,3.06,3.27,1290611,0
20160304,3.33,3.49,3.055,3.11,2115013,0
20160307,3.19,3.29,3.08,3.17,1479463,0
20160308,3.21,3.21,2.985,3,1054833,0
20160309,2.95,3.1379,2.9,3.04,886547,0
20160310,3.08,3.255,3.05,3.21,1068649,0
20160311,3.17,3.215,3.08,3.11,721315,0
20160314,3.19,3.26,3.06,3.14,1513807,0
20160315,3.08,3.15,2.9864,3.14,937746,0
20160316,3.09,3.35,3.06,3.33,1420613,0
20160317,3.42,3.49,3.3,3.34,1304081,0
20160318,3.38,3.45,3.23,3.38,5341066,0
20160321,3.38,3.45,3.26,3.33,961381,0
20160322,3.42,3.42,3.28,3.35,653184,0
20160323,3.22,3.26,3.11,3.15,994724,0
20160324,3.12,3.2,3.09,3.14,492049,0
20160328,3.1,3.14,3.01,3.08,631337,0
20160329,3.11,3.37,3.05,3.31,1235936,0
20160330,3.31,3.39,3.2,3.27,724922,0
20160331,3.29,3.3,3.16,3.29,726030,0
20160401,3.21,3.34,3.1,3.34,868046,0
20160404,3.34,3.36,3.17,3.18,577489,0
20160405,3.27,3.36,3.2,3.35,637677,0
20160406,3.32,3.4,3.28,3.32,874391,0
20160407,3.41,3.49,3.26,3.34,1582154,0
20160408,3.42,3.61,3.39,3.54,1374651,0
20160411,3.64,4.03,3.64,3.85,2614476,0
20160412,3.88,3.95,3.83,3.89,1386544,0
20160413,3.82,4,3.77,3.91,1099117,0
20160414,3.89,3.9383,3.72,3.83,868685,0
20160415,3.83,3.975,3.75,3.89,688764,0
20160418,3.94,4.06,3.88,3.93,909074,0
20160419,4.14,4.2601,4.1,4.18,1408544,0
20160420,4.12,4.27,3.87,3.91,2315997,0
20160421,4.09,4.11,3.92,4.04,1209153,0
20160422,4,4.06,3.81,3.98,1085112,0
20160425,3.95,3.99,3.74,3.8,873885,0
20160426,3.81,3.96,3.74,3.96,800994,0
20160427,3.97,4,3.78,3.91,809622,0
20160428,4,4.17,3.95,4.12,1372930,0
20160429,4.24,4.36,4.19,4.27,1460452,0
20160502,4.36,4.37,4.13,4.17,1311450,0
20160503,4.16,4.25,3.97,4.05,1317116,0
20160504,4,4.14,3.76,3.88,1053419,0
20160505,3.9,3.97,3.785,3.92,644604,0
20160506,4.01,4.36,3.99,4.17,1853673,0
20160509,4.02,4.06,3.8805,3.92,985394,0
20160510,3.97,4.1,3.87,4.1,717385,0
20160511,4.26,4.3,4.03,4.3,1116354,0
20160512,4.32,4.39,4.155,4.22,1049817,0
20160513,4.24,4.27,4.11,4.19,726835,0
20160516,4.33,4.42,4.25,4.29,1231951,0
20160517,4.3,4.48,4.26,4.39,992624,0
20160518,4.34,4.515,4.12,4.15,1689019,0
20160519,4.03,4.235,3.99,4.14,1252131,0
20160520,4.1,4.16,3.85,3.93,3760493,0
20160523,3.85,4.07,3.76,3.93,836782,0
20160524,3.85,3.9,3.57,3.57,1930588,0
20160525,3.58,3.79,3.5,3.75,1117094,0
20160526,3.86,3.89,3.67,3.71,846425,0
20160527,3.7,3.7,3.47,3.49,1270484,0
20160531,3.49,3.63,3.47,3.59,845084,0
20160601,3.61,3.63,3.4687,3.55,637401,0
20160602,3.53,3.6,3.495,3.55,345876,0
20160603,3.8,3.99,3.79,3.99,1299521,0
20160606,4.02,4.095,3.9,4.09,1214638,0
20160607,4.01,4.14,3.9701,4.07,590368,0
20160608,4.2,4.3,4.105,4.15,1160570,0
20160609,4.14,4.33,4.1,4.3,1059389,0
20160610,4.34,4.4299,4.19,4.21,1116049,0
20160613,4.3,4.31,4.095,4.2,944607,0
20160614,4.21,4.21,4,4.11,707408,0
20160615,4.12,4.4,4.09,4.35,979086,0
20160616,4.5,4.68,4.35,4.39,2382624,0
20160617,4.5,4.61,4.45,4.55,2226674,0
20160620,4.53,4.67,4.43,4.61,1206423,0
20160621,4.54,4.57,4.36,4.45,935306,0
20160622,4.46,4.48,4.34,4.38,790701,0
20160623,4.48,4.506,4.38,4.46,1338412,0
20160624,4.84,4.9,4.56,4.83,2726617,0
20160627,4.91,4.92,4.65,4.82,1895759,0
20160628,4.43,4.45,4.35,4.36,3494212,0
20160629,4.41,4.47,4.39,4.41,3092158,0
20160630,4.45,4.5,4.385,4.46,1544463,0
20160701,4.62,4.67,4.47,4.64,1936384,0
20160705,4.75,4.86,4.5,4.8,2368382,0
20160706,4.91,5.1,4.79,5.04,2474384,0
20160707,4.99,5,4.7,4.72,1923535,0
20160708,4.75,4.955,4.7,4.9,1818847,0
20160711,4.96,5.4,4.95,5.14,2749521,0
20160712,5.2,5.2099,4.91,4.93,2294064,0
20160713,5.04,5.24,5.01,5.21,1334057,0
20160714,5.01,5.25,5,5.23,1156850,0
20160715,5.2,5.32,5.14,5.17,956881,0
20160718,5.24,5.27,5.16,5.22,1019762,0
20160719,5.22,5.22,5.13,5.14,762246,0
20160720,5.03,5.08,4.75,4.8,1959800,0
20160721,4.78,5.15,4.78,5.15,1322362,0
20160722,5.17,5.239,5.08,5.18,1108652,0
20160725,5.1,5.19,4.91,4.98,1796456,0
20160726,5.07,5.17,4.95,5.12,870010,0
20160727,5.2,5.39,5.05,5.35,1450505,0
20160728,5.39,5.44,5.2389,5.42,1076515,0
20160729,5.51,5.78,5.44,5.68,2016672,0
20160801,5.8,5.9,5.64,5.9,1328038,0
20160802,5.95,6,5.76,5.78,2021685,0
20160803,5.78,5.84,5.67,5.82,1113134,0
20160804,5.81,6.09,5.79,5.94,1482132,0
20160805,5.71,5.84,5.58,5.77,1712300,0
20160808,5.77,5.96,5.71,5.84,1553006,0
20160809,5.98,6.24,5.92,6.18,1648743,0
20160810,6.43,6.48,6.3,6.43,1785770,0
20160811,6.45,6.65,6.41,6.44,1429982,0
20160812,6.52,6.75,6.435,6.53,1790602,0
20160815,6.6,6.65,6.47,6.53,1544693,0
20160816,6.54,6.59,6.42,6.54,1292572,0
20160817,6.45,6.46,6.115,6.4,2676704,0
20160818,6.44,6.59,6.35,6.5,1557407,0
20160819,6.39,6.41,6.17,6.22,2639304,0
20160822,6.05,6.22,5.86,6.21,1927288,0
20160823,6.22,6.3,6.05,6.05,1573989,0
20160824,5.93,6,5.35,5.39,3233979,0
20160825,5.35,5.77,5.31,5.61,2046128,0
20160826,5.8,5.91,5.48,5.61,2505158,0
20160829,5.6,5.76,5.445,5.72,1548434,0
20160830,5.67,5.73,5.3,5.43,1979049,0
20160831,5.35,5.42,5.2,5.27,1995531,0
20160901,5.2,5.71,5.18,5.71,2457879,0
20160902,5.92,6.07,5.8001,6.01,2371699,0
20160906,6.19,6.64,6.12,6.54,3657258,0
20160907,6.56,6.57,6.25,6.52,2670892,0
20160908,6.51,6.59,6.33,6.45,1638392,0
20160909,6.29,6.37,5.91,6.09,3157485,0
20160912,5.95,6.44,5.94,6.4,5791474,0
20160913,6.28,6.37,6.04,6.21,3169673,0
20160914,6.28,6.49,6.04,6.06,3890149,0
20160915,5.95,5.96,5.71,5.71,6664770,0
20160916,5.63,5.71,5.37,5.38,14334357,0
20160919,5.48,5.58,5.34,5.38,3017787,0
20160920,5.37,5.43,5.19,5.27,1903630,0
20160921,5.42,5.6,5.35,5.56,3338595,0
20160922,5.68,5.74,5.29,5.31,3172135,0
20160923,5.33,5.38,5.02,5.06,3833199,0
20160926,5.08,5.19,5.02,5.02,1320773,0
20160927,4.95,5.0443,4.85,4.93,2674313,0
20160928,4.91,5.16,4.85,5.14,1983062,0
20160929,5.11,5.13,4.94,5.05,2155128,0
20160930,5.16,5.23,4.99,5.03,1879052,0
20161003,5.07,5.14,4.935,5.06,2225671,0
20161004,4.86,4.91,4.57,4.59,3267621,0
20161005,4.68,4.7,4.35,4.55,3020163,0
20161006,4.39,4.46,4.33,4.43,2367131,0
20161007,4.54,4.62,4.385,4.5,1967102,0
20161010,4.56,4.63,4.51,4.63,1097748,0
20161011,4.54,4.6,4.46,4.49,1033975,0
20161012,4.48,4.595,4.45,4.54,834113,0
20161013,4.6,4.8,4.49,4.68,1889281,0
20161014,4.62,4.73,4.51,4.58,1395165,0
20161017,4.6,4.68,4.57,4.63,737773,0
20161018,4.7,4.97,4.64,4.95,2344565,0
20161019,5.1,5.12,4.95,5,2046559,0
20161020,5.01,5.06,4.88,4.98,1180486,0
20161021,4.94,4.98,4.87,4.93,757093,0
20161024,4.93,4.99,4.7,4.8,1254214,0
20161025,4.83,4.975,4.83,4.89,989166,0
20161026,4.92,4.93,4.68,4.76,1102704,0
20161027,4.81,4.819,4.61,4.64,845766,0
20161028,4.62,4.775,4.545,4.68,1446230,0
20161031,4.68,4.83,4.58,4.82,963246,0
20161101,4.98,5.075,4.82,4.99,2441721,0
20161102,5.05,5.1399,4.79,4.8,2581491,0
20161103,4.76,4.96,4.73,4.96,1572530,0
20161104,4.92,4.96,4.75,4.88,1347949,0
20161107,4.67,4.78,4.585,4.67,1305951,0
20161108,4.71,4.84,4.5399,4.64,1585025,0
20161109,4.95,4.97,4.4401,4.64,3186132,0
20161110,4.6,4.6,4.15,4.16,3050450,0
20161111,4.17,4.23,3.71,3.75,3461128,0
20161114,3.65,3.97,3.61,3.87,3071839,0
20161115,3.86,4.1,3.76,4.03,2692082,0
20161116,4.02,4.02,3.795,3.94,1930901,0
20161117,3.94,4.0441,3.7,3.78,2289550,0
20161118,3.73,3.84,3.7,3.75,1810517,0
20161121,3.82,3.92,3.76,3.88,1254949,0
20161122,3.89,3.9,3.72,3.89,1295799,0
20161123,3.65,3.75,3.6,3.68,1818034,0
20161125,3.74,3.77,3.63,3.66,760641,0
20161128,3.69,3.83,3.64,3.81,1282503,0
20161129,3.76,3.79,3.7,3.76,993582,0
20161130,3.72,3.75,3.64,3.7,1273537,0
20161201,3.66,3.86,3.61,3.74,1594793,0
20161202,3.82,4.02,3.78,3.92,1540835,0
20161205,3.85,4.03,3.7701,3.96,1611437,0
20161206,3.91,4.03,3.87,3.9,1030508,0
20161207,3.99,4.1,3.9307,3.99,1410623,0
20161208,3.98,4.04,3.9648,4.02,885359,0
20161209,4.02,4.02,3.77,3.84,1587709,0
20161212,3.86,3.91,3.73,3.78,2016596,0
20161213,3.74,3.82,3.7,3.76,1674080,0
20161214,3.87,3.92,3.595,3.6,2689525,0
20161215,3.44,3.5299,3.31,3.38,3205327,0
20161216,3.4,3.51,3.28,3.28,5761542,0
20161219,3.33,3.4,3.28,3.34,1598887,0
20161220,3.22,3.43,3.2,3.38,1491398,0
20161221,3.4,3.46,3.34,3.37,1118661,0
20161222,3.33,3.45,3.33,3.41,987595,0
20161223,3.43,3.48,3.38,3.48,842189,0
20161227,3.53,3.59,3.48,3.55,960098,0
20161228,3.55,3.79,3.49,3.77,1451355,0
20161229,3.82,4.1558,3.78,4.13,3150474,0
20161230,4.17,4.259,3.8837,3.9,2094900,0
20170103,3.94,4.17,3.9,4.16,1462320,0
20170104,4.21,4.22,4.08,4.2,1103602,0
20170105,4.27,4.47,4.27,4.42,2564658,0
20170106,4.39,4.4701,4.04,4.16,2373451,0
20170109,4.29,4.5,4.2,4.27,2631809,0
20170110,4.27,4.52,4.27,4.31,1799260,0
20170111,4.3,4.46,4.18,4.36,1690962,0
20170112,4.49,4.52,4.23,4.3,1578344,0
20170113,4.27,4.405,4.2,4.3,1093868,0
20170117,4.64,4.66,4.42,4.51,1519448,0
20170118,4.53,4.58,4.2642,4.36,1912154,0
20170119,4.31,4.41,4.21,4.33,1217984,0
20170120,4.34,4.51,4.26,4.41,1084390,0
20170123,4.5,4.55,4.37,4.46,966771,0
20170124,4.47,4.53,4.285,4.37,1456362,0
20170125,4.34,4.34,4.18,4.32,1304140,0
20170126,4.18,4.31,4.13,4.21,1032052,0
20170127,4.24,4.34,4.23,4.31,604466,0
20170130,4.36,4.48,4.29,4.29,1075217,0
20170131,4.37,4.46,4.35,4.42,1306098,0
20170201,4.33,4.55,4.33,4.5,1116183,0
20170202,4.65,4.65,4.38,4.39,1344335,0
20170203,4.4,4.56,4.39,4.56,789970,0
20170206,4.62,4.945,4.55,4.94,2213056,0
20170207,4.9,5.075,4.84,4.9,2001069,0
20170208,4.98,5.18,4.886,5.01,1704634,0
20170209,5.01,5.02,4.78,4.81,1661411,0
20170210,4.75,4.939,4.74,4.82,2232453,0
20170213,4.82,4.92,4.79,4.84,1197919,0
20170214,4.97,4.97,4.75,4.82,1424013,0
20170215,4.75,4.86,4.71,4.77,1289347,0
20170216,4.79,5.01,4.75,4.91,1993137,0
20170217,4.95,4.97,4.61,4.66,2456478,0
20170221,4.61,4.75,4.55,4.68,1443050,0
20170222,4.62,4.705,4.46,4.61,1652557,0
20170223,4.65,4.81,4.62,4.64,2628655,0
20170224,4.72,4.73,4.53,4.54,1499708,0
20170227,4.56,4.69,4.08,4.17,3494310,0
20170228,4.2,4.29,4.1,4.19,1405160,0
20170301,4.1,4.3,4.01,4.3,2534093,0
20170302,4.2,4.26,4.01,4.03,2702733,0
20170303,4,4.24,3.99,4.2,2233958,0
20170306,4.19,4.19,4,4.08,2633780,0
20170307,4.01,4.17,3.94,4.08,2030474,0
20170308,4.01,4.135,4,4.03,872201,0
20170309,4.04,4.08,3.96,3.98,1279026,0
20170310,4.01,4.23,3.96,4.15,1512265,0
20170313,4.2,4.47,4.15,4.4,2411884,0
20170314,4.36,4.45,4.13,4.18,2247119,0
20170315,4.2,4.54,4.09,4.45,3098850,0
20170316,4.57,4.58,4.365,4.38,1676547,0
20170317,4.38,4.45,4.11,4.11,4657432,0
20170320,4.15,4.34,4.14,4.3,1197606,0
20170321,4.32,4.49,4.31,4.36,1880212,0
20170322,4.4,4.42,4.28,4.35,1055938,0
20170323,4.36,4.39,4.18,4.29,1490708,0
20170324,4.26,4.39,4.22,4.29,879751,0
20170327,4.38,4.46,4.335,4.42,955972,0
20170328,4.41,4.47,4.23,4.35,1470172,0
20170329,4.32,4.425,4.29,4.34,607282,0
20170330,4.29,4.38,4.19,4.22,1038199,0
20170331,4.24,4.38,4.21,4.27,709707,0
20170403,4.31,4.45,4.3,4.42,761593,0
20170404,4.48,4.48,4.4,4.48,632589,0
20170405,4.42,4.52,4.35,4.48,1076394,0
20170406,4.47,4.49,4.39,4.48,864071,0
20170407,4.51,4.52,4.33,4.41,1420928,0
20170410,4.37,4.45,4.3,4.45,870432,0
20170411,4.49,4.55,4.42,4.47,1743443,0
20170412,4.47,4.59,4.425,4.59,1541187,0
20170413,4.58,4.61,4.49,4.49,2006992,0
20170417,4.54,4.59,4.4,4.55,3118152,0
20170418,4.49,4.59,4.48,4.56,2093703,0
20170419,4.5,4.515,4.18,4.34,3574645,0
20170420,4.29,4.335,4.23,4.29,1485873,0
20170421,4.31,4.38,4.261,4.37,1446519,0
20170424,4.3,4.3,4.09,4.12,2415618,0
20170425,4.08,4.11,3.87,4.04,3606374,0
20170426,3.9,3.9,3.56,3.64,7186141,0
20170427,3.68,3.68,3.41,3.55,3825999,0
20170428,3.33,3.49,3.25,3.48,6927926,0
20170501,3.41,3.45,3.32,3.44,3081245,0
20170502,3.4,3.49,3.39,3.43,2335283,0
20170503,3.42,3.44,3.32,3.36,2559655,0
20170504,3.29,3.31,3.18,3.22,3402555,0
20170505,3.22,3.34,3.19,3.33,2409889,0
20170508,3.31,3.39,3.3,3.38,2085542,0
20170509,3.39,3.415,3.315,3.39,2216011,0
20170510,3.4,3.54,3.37,3.52,2925923,0
20170511,3.54,3.59,3.48,3.59,2595587,0
20170512,3.62,3.64,3.52,3.61,2685236,0
20170515,3.7,3.705,3.54,3.64,1930453,0
20170516,3.64,3.69,3.62,3.68,1994697,0
20170517,3.77,3.77,3.64,3.7,3626981,0
20170518,3.68,3.68,3.5,3.55,2329590,0
20170519,3.58,3.59,3.5,3.54,2252510,0
20170522,3.57,3.64,3.54,3.64,1624379,0
20170523,3.64,3.64,3.45,3.53,3810087,0
20170524,3.54,3.54,3.26,3.45,5083861,0
20170525,3.41,3.48,3.35,3.42,1763636,0
20170526,3.5,3.51,3.44,3.45,1301621,0
20170530,3.44,3.46,3.36,3.4,1320386,0
20170531,3.44,3.44,3.3,3.39,1813258,0
20170601,3.33,3.44,3.33,3.42,1431149,0
20170602,3.45,3.56,3.415,3.45,2201590,0
20170605,3.47,3.62,3.44,3.61,3321361,0
20170606,3.71,3.82,3.62,3.81,4236776,0
20170607,3.76,3.97,3.7,3.95,4628057,0
20170608,3.91,3.95,3.74,3.79,2877210,0
20170609,3.75,3.76,3.6,3.63,1854759,0
20170612,3.63,3.82,3.55,3.81,2554303,0
20170613,3.8,3.885,3.745,3.84,1205729,0
20170614,3.88,3.93,3.56,3.64,3727814,0
20170615,3.59,3.755,3.56,3.63,2401399,0
20170616,3.62,3.68,3.53,3.55,14807133,0
20170619,3.61,3.735,3.57,3.62,1648259,0
20170620,3.62,3.67,3.52,3.61,1656653,0
20170621,3.62,3.69,3.58,3.63,1189919,0
20170622,3.72,3.72,3.52,3.61,2784806,0
20170623,3.63,3.71,3.58,3.71,2020639,0
20170626,3.71,3.79,3.65,3.72,1250705,0
20170627,3.79,3.79,3.67,3.73,1376086,0
20170628,3.75,3.85,3.735,3.84,1062459,0
20170629,3.8,3.84,3.73,3.83,1183355,0
20170630,3.8,3.88,3.77,3.87,1245794,0
20170703,3.8,3.82,3.74,3.75,592175,0
20170705,3.74,3.82,3.68,3.81,1500549,0
20170706,3.82,3.92,3.81,3.87,1549076,0
20170707,3.87,3.88,3.75,3.84,1897426,0
20170710,3.97,4.14,3.93,4.14,4320080,0
20170711,4.12,4.13,4.01,4.13,1283158,0
20170712,4.18,4.23,4.14,4.21,1695321,0
20170713,4.2,4.23,4.1,4.11,1253662,0
20170714,4.16,4.2,4.07,4.16,2171790,0
20170717,4.19,4.25,4.06,4.11,1867295,0
20170718,4.16,4.17,4.08,4.11,1280109,0
20170719,4.15,4.175,4.09,4.14,2135506,0
20170720,4.15,4.27,4.14,4.25,1657806,0
20170721,4.28,4.28,4.16,4.18,926539,0
20170724,4.18,4.1825,4.03,4.03,907910,0
20170725,4.06,4.095,4.005,4.03,1026517,0
20170726,4.02,4.23,3.99,4.23,1499319,0
20170727,4.2,4.25,4.02,4.02,1400317,0
20170728,4.06,4.2,4.06,4.18,907327,0
20170731,4.18,4.2,4.11,4.13,1083715,0
20170801,4.12,4.21,4.1,4.14,1008876,0
20170802,4.09,4.14,4.03,4.05,1005640,0
20170803,4.02,4.08,3.98,4.02,1363835,0
20170804,3.97,4.08,3.83,3.87,2180079,0
20170807,3.89,4.09,3.885,4.04,1386109,0
20170808,4.06,4.11,3.96,4.03,1380468,0
20170809,4.21,4.27,4.13,4.23,3691003,0
20170810,4.33,4.47,4.32,4.33,3762942,0
20170811,4.41,4.41,4.29,4.34,1835106,0
20170814,4.36,4.41,4.25,4.36,1571023,0
20170815,4.32,4.38,4.25,4.28,1522831,0
20170816,4.3,4.47,4.28,4.44,2012024,0
20170817,4.48,4.49,4.36,4.4,1406686,0
20170818,4.49,4.55,4.36,4.42,2313510,0
20170821,4.4,4.46,4.365,4.41,1136972,0
20170822,4.42,4.44,4.33,4.38,798378,0
20170823,4.4,4.44,4.34,4.44,856115,0
20170824,4.38,4.45,4.36,4.4,755325,0
20170825,4.4,4.62,4.39,4.62,2457941,0
20170828,4.68,4.77,4.62,4.75,1805034,0
20170829,4.83,4.89,4.61,4.69,2392204,0
20170830,4.69,4.7,4.575,4.62,1188992,0
20170831,4.62,4.74,4.61,4.74,1194736,0
20170901,4.79,4.82,4.69,4.75,1134919,0
20170905,4.76,4.89,4.755,4.89,1918438,0
20170906,4.89,4.91,4.76,4.84,1715425,0
20170907,4.89,4.96,4.82,4.95,2462442,0
20170908,4.94,4.95,4.79,4.85,1492965,0
20170911,4.76,4.885,4.74,4.78,1449940,0
20170912,4.73,4.87,4.69,4.84,1025777,0
20170913,4.88,4.88,4.69,4.71,1311557,0
20170914,4.68,4.85,4.68,4.8,954324,0
20170915,4.84,4.84,4.69,4.79,5266093,0
20170918,4.7,4.73,4.57,4.58,1591218,0
20170919,4.51,4.75,4.51,4.72,1747625,0
20170920,4.72,4.82,4.6,4.61,1748193,0
20170921,4.5,4.67,4.5,4.6,991589,0
20170922,4.66,4.745,4.63,4.72,1633082,0
20170925,4.7,4.73,4.64,4.67,1518216,0
20170926,4.62,4.6746,4.59,4.6,700639,0
20170927,4.55,4.585,4.5,4.54,1147063,0
20170928,4.58,4.61,4.505,4.55,615465,0
20170929,4.53,4.58,4.52,4.54,685040,0
20171002,4.5,4.62,4.45,4.6,1631568,0
20171003,4.6,4.65,4.58,4.61,1044892,0
20171004,4.6,4.67,4.58,4.66,701133,0
20171005,4.7,4.7,4.56,4.59,885824,0
20171006,4.6,4.75,4.52,4.73,1422137,0
20171009,4.8,4.83,4.74,4.82,445749,0
20171010,4.82,4.85,4.695,4.72,678791,0
20171011,4.71,4.77,4.56,4.76,1130033,0
20171012,4.77,4.77,4.645,4.71,724483,0
20171013,4.75,4.75,4.6,4.63,804466,0
20171016,4.62,4.65,4.47,4.5,1300281,0
20171017,4.43,4.52,4.43,4.5,879339,0
20171018,4.54,4.5499,4.4,4.41,914519,0
20171019,4.46,4.46,4.36,4.41,929333,0
20171020,4.3,4.42,4.2901,4.4,1177566,0
20171023,4.33,4.42,4.3,4.38,853163,0
20171024,4.37,4.39,4.32,4.33,849825,0
20171025,4.31,4.4,4.31,4.38,1294560,0
20171026,4.4,4.4,4.25,4.25,1266944,0
20171027,4.28,4.39,4.25,4.35,1017099,0
20171030,4.31,4.4088,4.31,4.38,822791,0
20171031,4.27,4.33,4.25,4.31,969256,0
20171101,4.35,4.385,4.25,4.25,1437053,0
20171102,4.34,4.5199,4.25,4.48,1589154,0
20171103,4.51,4.51,4.3325,4.4,878315,0
20171106,4.43,4.435,4.36,4.41,1414084,0
20171107,4.41,4.41,4.36,4.41,1074294,0
20171108,4.43,4.49,4.4,4.42,835471,0
20171109,4.43,4.49,4.39,4.49,1009082,0
20171110,4.5,4.5,4.33,4.38,1072297,0
20171113,4.4,4.425,4.33,4.38,789906,0
20171114,4.37,4.3853,4.31,4.34,887812,0
20171115,4.36,4.5,4.35,4.47,840497,0
20171116,4.49,4.53,4.41,4.43,836621,0
20171117,4.46,4.56,4.41,4.53,1701394,0
20171120,4.5,4.51,4.4,4.47,933680,0
20171121,4.51,4.58,4.47,4.58,777570,0
20171122,4.59,4.62,4.515,4.58,803771,0
20171124,4.55,4.61,4.5,4.53,433520,0
20171127,4.56,4.6,4.45,4.49,677587,0
20171128,4.49,4.49,4.3836,4.44,785611,0
20171129,4.37,4.47,4.37,4.43,738378,0
20171130,4.36,4.45,4.31,4.36,907038,0
20171201,4.4,4.5,4.38,4.43,900567,0
20171204,4.43,4.45,4.38,4.38,733261,0
20171205,4.34,4.37,4.25,4.3,1120049,0
20171206,4.27,4.43,4.25,4.35,1450525,0
20171207,4.27,4.33,4.22,4.25,1314692,0
20171208,4.2,4.34,4.2,4.28,811618,0
20171211,4.21,4.42,4.21,4.33,976470,0
20171212,4.26,4.34,4.24,4.34,858767,0
20171213,4.35,4.555,4.34,4.55,1770366,0
20171214,4.58,4.75,4.47,4.72,1963522,0
20171215,4.78,4.78,4.55,4.58,2254455,0
20171218,4.67,4.67,4.59,4.65,1219321,0
20171219,4.65,4.74,4.61,4.69,936579,0
20171220,4.67,4.88,4.67,4.85,1655486,0
20171221,4.85,4.87,4.76,4.83,2471020,0
20171222,4.85,5.075,4.82,5.04,1863656,0
20171226,5.08,5.27,5.04,5.21,1136391,0
20171227,5.2,5.22,5.15,5.16,1192871,0
20171228,5.16,5.2,5,5.01,1235418,0
20171229,5.01,5.11,4.97,4.99,1024428,0
20180102,5.07,5.09,4.99,5.04,1640617,0
20180103,5.04,5.05,4.86,4.99,2071734,0
20180104,5.2,5.33,5.05,5.28,3112987,0
20180105,5.28,5.38,5.1836,5.24,1336373,0
20180108,5.25,5.25,5.03,5.05,1637431,0
20180109,5.03,5.12,4.9,5.02,1528298,0
20180110,5,5.14,4.99,5.08,1273431,0
20180111,5.1,5.14,5.04,5.06,1145504,0
20180112,5.13,5.23,5.07,5.17,1543795,0
20180116,5.21,5.25,5.11,5.25,1564968,0
20180117,5.24,5.24,5.07,5.09,2549143,0
20180118,5.14,5.14,5.02,5.05,1245467,0
20180119,5.13,5.17,5.09,5.15,1239049,0
20180122,5.19,5.2,5.1,5.13,1002531,0
20180123,5.14,5.36,5.1,5.35,1569357,0
20180124,5.44,5.64,5.37,5.55,2530192,0
20180125,5.6,5.639,5.245,5.29,3240141,0
20180126,5.3,5.5255,5.29,5.37,1957611,0
20180129,5.37,5.4,5.11,5.11,1964099,0
20180130,5.14,5.24,5.05,5.08,2042262,0
20180131,5.19,5.28,5.1,5.25,1884177,0
20180201,5.23,5.26,5.1,5.15,1741725,0
20180202,5.08,5.1,4.9,4.9,2306519,0
20180205,4.92,5.12,4.905,4.97,1955497,0
20180206,4.96,5,4.8,4.8,1889043,0
20180207,4.8,4.905,4.67,4.76,2017335,0
20180208,4.76,4.89,4.74,4.82,1836687,0
20180209,4.85,4.85,4.48,4.58,3457751,0
20180212,4.6,4.89,4.6,4.84,1949758,0
20180213,4.85,4.89,4.775,4.81,1005779,0
20180214,4.83,5.17,4.81,5.1,3050321,0
20180215,5.22,5.24,4.9599,5.14,1816819,0
20180216,5.1,5.1002,4.71,4.83,4018351,0
20180220,4.76,4.76,4.565,4.57,2453707,0
20180221,4.58,4.84,4.57,4.64,1938361,0
20180222,4.66,4.75,4.6,4.63,1293883,0
20180223,4.66,4.7199,4.56,4.66,836140,0
20180226,4.73,4.83,4.66,4.81,1223466,0
20180227,4.75,4.78,4.63,4.65,1106694,0
20180228,4.63,4.675,4.59,4.6,855691,0
20180301,4.56,4.7,4.47,4.67,1575555,0
20180302,4.75,4.75,4.64,4.68,979432,0
20180305,4.68,4.77,4.635,4.71,1036640,0
20180306,4.78,4.9,4.76,4.82,1187177,0
20180307,4.78,4.81,4.59,4.61,1151319,0
20180308,4.66,4.66,4.54,4.61,1060908,0
20180309,4.58,4.715,4.58,4.62,1042591,0
20180312,4.6,4.62,4.52,4.55,1058079,0
20180313,4.54,4.61,4.485,4.52,876994,0
20180314,4.49,4.54,4.47,4.52,932246,0
20180315,4.48,4.54,4.44,4.46,899549,0
20180316,4.52,4.57,4.46,4.46,3373874,0
20180319,4.48,4.52,4.4,4.46,1235956,0
20180320,4.46,4.65,4.44,4.62,1482814,0
20180321,4.66,4.74,4.6,4.72,1574537,0
20180322,4.71,4.71,4.605,4.66,1038648,0
20180323,4.77,4.88,4.7,4.82,1696347,0
20180326,4.9,4.97,4.84,4.91,1175209,0
20180327,4.83,4.86,4.765,4.84,1302307,0
20180328,4.77,4.8,4.66,4.72,900730,0
20180329,4.69,4.825,4.69,4.76,832185,0
20180402,4.7,5.005,4.7,4.92,1644813,0
20180403,4.93,4.94,4.75,4.79,985217,0
20180404,4.83,4.83,4.72,4.74,728627,0
20180405,4.72,4.775,4.65,4.69,725453,0
20180406,4.74,4.75,4.69,4.71,564645,0
20180409,4.68,4.79,4.6502,4.76,759747,0
20180410,4.79,4.82,4.73,4.77,644860,0
20180411,4.77,4.9,4.72,4.81,2046251,0
20180412,4.72,4.765,4.66,4.71,791710,0
20180413,4.73,4.81,4.69,4.77,853984,0
20180416,4.76,4.77,4.65,4.72,635723,0
20180417,4.67,4.76,4.66,4.72,650999,0
20180418,4.76,4.84,4.73,4.81,1481719,0
20180419,4.81,4.81,4.62,4.73,885412,0
20180420,4.69,4.7199,4.59,4.66,1216155,0
20180423,4.56,4.6,4.5,4.51,945491,0
20180424,4.55,4.61,4.51,4.58,751952,0
20180425,4.51,4.59,4.49,4.54,712320,0
20180426,4.56,4.63,4.52,4.62,635809,0
20180427,4.67,4.67,4.6,4.65,495510,0
20180430,4.58,4.71,4.56,4.63,890761,0
20180501,4.59,4.68,4.57,4.67,586565,0
20180502,4.68,4.81,4.67,4.76,1202651,0
20180503,4.82,4.82,4.66,4.75,1362810,0
20180504,4.76,4.76,4.7,4.74,670633,0
20180507,4.74,4.76,4.69,4.73,567511,0
20180508,4.73,4.79,4.695,4.78,1182224,0
20180509,4.79,4.79,4.69,4.74,854716,0
20180510,4.74,4.8,4.705,4.79,969806,0
20180511,4.81,4.84,4.75,4.81,772356,0
20180514,4.84,4.84,4.7,4.71,733526,0
20180515,4.62,4.65,4.51,4.51,1197357,0
20180516,4.5,4.6,4.46,4.46,1206098,0
20180517,4.48,4.48,4.4,4.43,1034763,0
20180518,4.43,4.57,4.4,4.54,1885519,0
20180521,4.49,4.54,4.47,4.48,671941,0
20180522,4.5,4.63,4.49,4.57,799170,0
20180523,4.51,4.61,4.51,4.59,789343,0
20180524,4.58,4.72,4.56,4.67,1051038,0
20180525,4.69,4.72,4.59,4.63,1010030,0
20180529,4.59,4.68,4.55,4.62,890813,0
20180530,4.62,4.63,4.56,4.57,1151604,0
20180531,4.5,4.585,4.5,4.53,885798,0
20180601,4.51,4.5352,4.49,4.53,1094751,0
20180604,4.5,4.5,4.45,4.47,674864,0
20180605,4.47,4.53,4.44,4.51,733636,0
20180606,4.5,4.515,4.4603,4.51,710411,0
20180607,4.47,4.48,4.44,4.46,866411,0
20180608,4.45,4.48,4.4,4.44,870575,0
20180611,4.48,4.53,4.425,4.43,793849,0
20180612,4.41,4.455,4.4,4.44,750265,0
20180613,4.45,4.54,4.43,4.52,919250,0
20180614,4.57,4.57,4.515,4.55,725417,0
20180615,4.51,4.565,4.46,4.56,2552158,0
20180618,4.52,4.56,4.51,4.53,589355,0
20180619,4.51,4.5756,4.485,4.5,641685,0
20180620,4.51,4.57,4.47,4.5,564673,0
20180621,4.48,4.56,4.47,4.48,682368,0
20180622,4.47,4.5,4.41,4.42,969093,0
20180625,4.43,4.48,4.33,4.34,1212967,0
20180626,4.29,4.48,4.24,4.41,665709,0
20180627,4.42,4.5,4.42,4.44,832501,0
20180628,4.49,4.49,4.41,4.45,840362,0
20180629,4.48,4.51,4.44,4.5,650270,0
20180702,4.45,4.535,4.44,4.46,784104,0
20180703,4.49,4.59,4.49,4.57,849499,0
20180705,4.57,4.61,4.55,4.57,889021,0
20180706,4.56,4.67,4.56,4.67,1025728,0
20180709,4.69,4.7,4.58,4.58,644037,0
20180710,4.57,4.57,4.5,4.53,480900,0
20180711,4.5,4.549,4.42,4.42,848502,0
20180712,4.44,4.48,4.39,4.39,615087,0
20180713,4.37,4.43,4.37,4.39,557894,0
20180716,4.38,4.5,4.38,4.44,598050,0
20180717,4.41,4.51,4.41,4.44,802339,0
20180718,4.42,4.47,4.4,4.43,678525,0
20180719,4.33,4.5,4.33,4.47,1104219,0
20180720,4.47,4.505,4.4,4.48,1221776,0
20180723,4.41,4.455,4.37,4.39,646296,0
20180724,4.38,4.4235,4.35,4.35,974127,0
20180725,4.38,4.47,4.38,4.47,567497,0
20180726,4.45,4.5,4.41,4.44,1102899,0
20180727,4.47,4.49,4.39,4.4,749080,0
20180730,4.43,4.44,4.35,4.35,746949,0
20180731,4.36,4.47,4.351,4.44,613333,0
20180801,4.44,4.47,4.35,4.35,1212630,0
20180802,4.37,4.43,4.22,4.26,1329424,0
20180803,4.25,4.3497,4.22,4.28,938755,0
20180806,4.28,4.38,4.23,4.32,942019,0
20180807,4.32,4.38,4.24,4.24,848930,0
20180808,4.27,4.3,4.21,4.25,568972,0
20180809,4.24,4.29,4.24,4.25,506981,0
20180810,4.23,4.32,4.18,4.22,819041,0
20180813,4.21,4.23,4.05,4.07,1913587,0
20180814,4.05,4.13,3.99,3.99,1744803,0
20180815,3.91,3.94,3.68,3.69,3336019,0
20180816,3.65,3.73,3.52,3.54,2990393,0
20180817,3.53,3.68,3.53,3.58,3659792,0
20180820,3.64,3.7399,3.61,3.69,1600993,0
20180821,3.73,3.75,3.66,3.69,916895,0
20180822,3.73,3.74,3.68,3.73,902132,0
20180823,3.73,3.73,3.54,3.56,1448994,0
20180824,3.65,3.8199,3.64,3.76,1384690,0
20180827,3.78,3.895,3.77,3.89,1028000,0
20180828,3.93,3.94,3.795,3.83,1040984,0
20180829,3.81,3.86,3.79,3.83,713372,0
20180830,3.84,3.87,3.78,3.85,743604,0
20180831,3.87,3.9,3.84,3.86,707743,0
20180904,3.78,3.8,3.71,3.74,1602313,0
20180905,3.74,3.82,3.67,3.79,1677681,0
20180906,3.85,3.91,3.795,3.82,1255641,0
20180907,3.79,3.895,3.78,3.84,1646409,0
20180910,3.84,3.93,3.8,3.8,1140475,0
20180911,3.75,3.815,3.7,3.75,1311506,0
20180912,3.71,3.875,3.71,3.82,1305460,0
20180913,3.86,3.889,3.76,3.77,836598,0
20180914,3.76,3.79,3.67,3.68,1196001,0
20180917,3.72,3.81,3.66,3.77,1559122,0
20180918,3.74,3.8,3.73,3.75,813449,0
20180919,3.77,3.86,3.76,3.81,870819,0
20180920,3.83,3.855,3.745,3.83,897629,0
20180921,3.8,3.86,3.69,3.75,4358074,0
20180924,3.73,3.85,3.69,3.77,1541263,0
20180925,3.8,3.94,3.78,3.86,1309287,0
20180926,3.82,3.86,3.75,3.76,1033791,0
20180927,3.75,3.7653,3.67,3.71,779423,0
20180928,3.73,3.79,3.71,3.73,606195,0
20181001,3.73,3.795,3.71,3.75,585214,0
20181002,3.81,3.92,3.77,3.87,1284864,0
20181003,3.88,3.9,3.785,3.82,609216,0
20181004,3.88,3.925,3.82,3.88,931709,0
20181005,3.9,3.94,3.83,3.84,665416,0
20181008,3.76,3.94,3.76,3.91,705123,0
20181009,3.86,3.86,3.77,3.8,820996,0
20181010,3.75,3.86,3.69,3.84,1027317,0
20181011,3.93,4.1,3.82,4.09,2006600,0
20181012,4.13,4.13,3.935,4.11,1330605,0
20181015,4.16,4.2,4.07,4.12,858333,0
20181016,4.13,4.15,4.03,4.07,1001771,0
20181017,4.13,4.165,4.044,4.14,1102599,0
20181018,4.15,4.17,4.04,4.1,1074844,0
20181019,4.16,4.17,4.08,4.16,811927,0
20181022,4.16,4.16,4.03,4.03,549631,0
20181023,4.13,4.16,3.99,4.03,1104869,0
20181024,4,4.06,3.87,3.9,1630226,0
20181025,3.89,3.91,3.75,3.75,1560260,0
20181026,3.76,3.89,3.76,3.79,1427453,0
20181029,3.76,3.87,3.73,3.76,814326,0
20181030,3.73,3.85,3.73,3.79,855548,0
20181031,3.76,3.785,3.66,3.67,1287346,0
20181101,3.73,3.9,3.73,3.84,1146507,0
20181102,3.85,3.869,3.79,3.82,866540,0
20181105,3.83,3.9,3.76,3.76,937381,0
20181106,3.75,3.82,3.75,3.79,750686,0
20181107,3.8,3.81,3.68,3.71,907317,0
20181108,3.7,3.76,3.68,3.68,1216114,0
20181109,3.75,3.8,3.65,3.74,2024266,0
20181112,3.7,3.72,3.55,3.58,1103795,0
20181113,3.61,3.61,3.475,3.5,1260323,0
20181114,3.48,3.72,3.48,3.68,1554127,0
20181115,3.7,3.9,3.655,3.9,1583986,0
20181116,3.91,3.985,3.86,3.94,2934702,0
20181119,3.93,4.01,3.92,3.97,1102115,0
20181120,3.97,4.01,3.9,3.98,1055185,0
20181121,3.94,4.18,3.94,4.12,1265215,0
20181123,4.06,4.2,4.06,4.12,643801,0
20181126,4.12,4.195,4.01,4.01,950411,0
20181127,4,4.05,3.99,4.01,855590,0
20181128,4.03,4.18,4,4.14,1053873,0
20181129,4.14,4.185,4.08,4.15,676899,0
20181130,4.15,4.21,4.08,4.19,753856,0
20181203,4.25,4.31,4.21,4.25,807549,0
20181204,4.3,4.3,4.18,4.23,899340,0
20181206,4.18,4.26,4.13,4.17,1077935,0
20181207,4.23,4.35,4.18,4.34,1341911,0
20181210,4.38,4.42,4.28,4.33,1315454,0
20181211,4.35,4.36,4.25,4.33,873599,0
20181212,4.32,4.44,4.32,4.4,773131,0
20181213,4.42,4.46,4.365,4.43,717785,0
20181214,4.39,4.39,4.28,4.36,902477,0
20181217,4.41,4.5,4.325,4.45,1518424,0
20181218,4.48,4.63,4.365,4.58,1744111,0
20181219,4.6,4.69,4.4,4.4,1718734,0
20181220,4.58,4.6,4.4595,4.49,1158044,0
20181221,4.49,4.6,4.43,4.56,3874042,0
20181224,4.6,4.63,4.51,4.57,859373,0
20181226,4.61,4.65,4.55,4.56,896085,0
20181227,4.59,4.64,4.5,4.54,819094,0
20181228,4.58,4.6,4.5,4.53,826271,0
20181231,4.53,4.63,4.51,4.61,756332,0
20190102,4.64,4.7,4.57,4.63,730332,0
20190103,4.68,4.79,4.62,4.77,1557068,0
20190104,4.77,4.82,4.69,4.79,1162530,0
20190107,4.82,4.82,4.58,4.66,2007543,0
20190108,4.64,4.69,4.54,4.66,1148185,0
20190109,4.66,4.7969,4.65,4.79,1303819,0
20190110,4.84,4.85,4.715,4.74,1005112,0
20190111,4.79,4.79,4.69,4.71,845493,0
20190114,4.75,4.775,4.7,4.75,979967,0
20190115,4.72,4.74,4.595,4.63,939825,0
20190116,4.61,4.64,4.51,4.55,749747,0
20190117,4.51,4.55,4.5,4.52,681490,0
20190118,4.54,4.54,4.4,4.41,1356182,0
20190122,4.45,4.57,4.44,4.52,954521,0
20190123,4.51,4.57,4.48,4.54,513273,0
20190124,4.52,4.6,4.52,4.58,454566,0
20190125,4.66,4.83,4.65,4.74,1255858,0
20190128,4.7,4.82,4.7,4.82,1299299,0
20190129,4.89,4.99,4.84,4.99,1251669,0
20190130,4.99,5.1221,4.925,5.05,2044517,0
20190131,5.13,5.25,5.06,5.25,1920499,0
20190201,5.25,5.27,5.15,5.25,1437544,0
20190204,5.15,5.28,5.1433,5.24,1147710,0
20190205,5.24,5.3,5.19,5.29,1989079,0
20190206,5.24,5.325,5.18,5.31,1781467,0
20190207,5.29,5.38,5.23,5.35,1472230,0
20190208,5.4,5.55,5.38,5.52,2139624,0
20190211,5.5,5.52,5.39,5.39,961853,0
20190212,5.42,5.43,5.29,5.4,998859,0
20190213,5.42,5.51,5.38,5.39,1338355,0
20190214,5.41,5.47,5.37,5.42,1044476,0
20190215,5.48,5.51,5.305,5.49,1703704,0
20190219,5.54,5.685,5.51,5.63,2562430,0
20190220,5.63,5.815,5.42,5.62,2883534,0
20190221,5.59,5.79,5.56,5.78,1983282,0
20190222,5.79,5.885,5.74,5.8,1859554,0
20190225,5.83,5.8899,5.68,5.68,1488890,0
20190226,5.67,5.8,5.59,5.8,1167344,0
20190227,5.8,5.805,5.6,5.67,1302165,0
20190228,5.64,5.675,5.57,5.62,1035862,0
20190301,5.56,5.6238,5.45,5.46,2201503,0
20190304,5.34,5.45,5.28,5.45,2092324,0
20190305,5.49,5.5,5.4101,5.47,879613,0
20190306,5.48,5.52,5.41,5.43,829433,0
20190307,5.4,5.5,5.4,5.46,850728,0
20190308,5.5,5.73,5.49,5.68,2222946,0
20190311,5.68,5.72,5.5,5.57,1255761,0
20190312,5.62,5.72,5.595,5.71,932828,0
20190313,5.8,5.815,5.6909,5.79,1259732,0
20190314,5.55,5.74,5.55,5.65,974638,0
20190315,5.7,5.76,5.54,5.62,2009239,0
20190318,5.61,5.64,5.5,5.57,1215448,0
20190319,5.62,5.68,5.56,5.64,1121735,0
20190320,5.67,5.77,5.52,5.74,1224729,0
20190321,5.78,5.83,5.64,5.75,1147503,0
20190322,5.7,5.84,5.68,5.72,1413001,0
20190325,5.73,5.85,5.72,5.81,1603716,0
20190326,5.75,5.85,5.7,5.82,1214100,0
20190327,5.82,5.845,5.71,5.71,1622299,0
20190328,5.64,5.6528,5.54,5.58,1583368,0
20190329,5.59,5.6295,5.43,5.48,1011420,0
20190401,5.45,5.49,5.3,5.4,1491231,0
20190402,5.37,5.435,5.37,5.42,873287,0
20190403,5.43,5.43,5.32,5.38,1482612,0
20190404,5.36,5.49,5.22,5.49,1633168,0
20190405,5.49,5.6,5.42,5.57,1294329,0
20190408,5.64,5.72,5.58,5.62,1054990,0
20190409,5.66,5.73,5.62,5.7,1129970,0
20190410,5.7,5.74,5.62,5.62,993132,0
20190411,5.55,5.64,5.54,5.59,939104,0
20190412,5.58,5.62,5.5,5.53,1059162,0
20190415,5.45,5.63,5.45,5.63,944231,0
20190416,5.57,5.59,5.44,5.45,961072,0
20190417,5.44,5.53,5.44,5.52,1253129,0
20190418,5.52,5.545,5.41,5.47,746101,0
20190422,5.4,5.47,5.29,5.32,986381,0
20190423,5.22,5.32,5.14,5.17,1740193,0
20190424,5.18,5.305,5.12,5.25,1473597,0
20190425,5.29,5.33,5.1301,5.15,1221688,0
20190426,5.18,5.43,5.17,5.39,1099488,0
20190429,5.38,5.38,5.2,5.26,977582,0
20190430,5.21,5.39,5.21,5.37,1034781,0
20190501,5.37,5.38,5.14,5.21,1478891,0
20190502,5.17,5.225,5.1001,5.14,1102101,0
20190503,5.15,5.235,5.14,5.15,700652,0
20190506,5.16,5.23,5.12,5.18,478695,0
20190507,5.19,5.32,5.1368,5.3,936760,0
20190508,5.32,5.32,5.1,5.12,1767852,0
20190509,5.12,5.19,5.09,5.11,1133458,0
20190510,5.15,5.19,5.05,5.07,1250799,0
20190513,5.13,5.24,5.1,5.22,1689064,0
20190514,5.24,5.27,5.09,5.17,613948,0
20190515,5.14,5.25,5.14,5.17,625160,0
20190516,5.14,5.185,5.11,5.18,841650,0
20190517,5.11,5.245,5.11,5.21,1413834,0
20190520,5.2,5.22,5.1,5.13,453691,0
20190521,5.1,5.16,5.08,5.14,731406,0
20190522,5.12,5.23,5.06,5.07,705520,0
20190523,5.14,5.2,5.05,5.07,746287,0
20190524,5.03,5.12,5.03,5.07,480948,0
20190528,5.02,5.075,4.99,5,1183374,0
20190529,4.99,5.04,4.97,5,1040452,0
20190530,5.02,5.16,4.961,5.12,1642650,0
20190531,5.19,5.4664,5.17,5.45,2210569,0
20190603,5.55,5.63,5.45,5.61,1907857,0
20190604,5.63,5.64,5.5,5.57,1764105,0
20190605,5.63,5.7,5.5,5.54,1296011,0
20190606,5.54,5.61,5.51,5.56,830567,0
20190607,5.61,5.6381,5.45,5.47,979912,0
20190610,5.4,5.4234,5.26,5.35,1436949,0
20190611,5.33,5.38,5.27,5.3,1231476,0
20190612,5.31,5.495,5.31,5.43,1275534,0
20190613,5.43,5.5,5.41,5.45,860545,0
20190614,5.55,5.58,5.395,5.45,1550766,0
20190617,5.44,5.55,5.425,5.52,920154,0
20190618,5.49,5.6,5.46,5.52,1006440,0
20190619,5.6,5.6,5.46,5.54,1665931,0
20190620,5.8,5.84,5.62,5.66,3007365,0
20190621,5.65,5.695,5.55,5.67,2747007,0
20190624,5.7,5.8,5.66,5.79,2584466,0
20190625,5.82,5.92,5.7,5.81,2549148,0
20190626,5.68,5.77,5.61,5.67,1377999,0
20190627,5.6,5.67,5.55,5.64,1092536,0
20190628,5.64,5.64,5.51,5.54,1146947,0
20190701,5.45,5.5,5.3535,5.38,1361707,0
20190702,5.45,5.68,5.41,5.66,1752357,0
20190703,5.75,5.75,5.63,5.65,1038517,0
20190705,5.53,5.58,5.39,5.54,1487689,0
20190708,5.59,5.59,5.39,5.39,1340641,0
20190709,5.38,5.5,5.33,5.49,1422160,0
20190710,5.59,5.62,5.5,5.59,1301979,0
20190711,5.56,5.63,5.52,5.58,1499502,0
20190712,5.6,5.7,5.58,5.69,1138810,0
20190715,5.7,5.73,5.61,5.68,772066,0
20190716,5.66,5.76,5.63,5.65,1014392,0
20190717,5.7,5.9,5.635,5.9,1878296,0
20190718,5.93,6.43,5.85,6.43,4652470,0
20190719,6.41,6.695,6.34,6.52,4306204,0
20190722,6.57,6.62,6.43,6.52,2264542,0
20190723,6.43,6.565,6.34,6.47,3357323,0
20190724,6.5,6.82,6.5,6.82,2713041,0
20190725,6.82,6.85,6.45,6.48,2506662,0
20190726,6.73,6.74,6.39,6.45,1360635,0
20190729,6.45,6.51,6.34,6.5,1545897,0
20190730,6.6,6.65,6.54,6.62,1577309,0
20190731,6.6,6.6,6.11,6.14,3138855,0
20190801,6.09,6.51,6.02,6.47,2877892,0
20190802,6.05,6.46,6.05,6.2,2451426,0
20190805,6.59,7.02,6.54,6.76,4728718,0
20190806,6.78,6.79,6.44,6.54,2513773,0
20190807,6.85,6.91,6.55,6.58,3210743,0
20190808,6.49,6.69,6.42,6.6,2171410,0
20190809,6.6,6.65,6.45,6.56,1919634,0
20190812,6.61,6.74,6.49,6.515,2039904,0
20190813,6.61,6.64,6.09,6.34,2464538,0
20190814,6.37,6.475,6.2,6.21,1693790,0
20190815,6.2,6.325,6.14,6.3,1185007,0
20190816,6.26,6.3,6,6,1852110,0
20190819,5.93,6.1371,5.86,6.05,1644690,0
20190820,6.06,6.37,6.06,6.31,1555305,0
20190821,6.3,6.4295,6.21,6.28,950973,0
20190822,6.2,6.295,6.19,6.21,831108,0
20190823,6.2,6.51,6.2,6.48,1674101,0
20190826,6.55,6.58,6.36,6.42,1448813,0
20190827,6.4,6.62,6.4,6.52,1767009,0
20190828,6.54,6.6199,6.42,6.47,1056402,0
20190829,6.47,6.4704,6.18,6.24,1320061,0
20190830,6.2,6.3,6.16,6.23,804614,0
20190903,6.36,6.4389,6.25,6.34,1675581,0
20190904,6.34,6.39,6.275,6.32,1394927,0
20190905,6.2,6.25,5.89,5.9,3605887,0
20190906,5.94,6.01,5.76,5.79,2320879,0
20190909,5.81,5.84,5.6,5.64,1657493,0
20190910,5.61,5.71,5.6,5.63,1322109,0
20190911,5.65,5.75,5.6,5.7,1330784,0
20190912,5.85,5.88,5.56,5.58,2149953,0
20190913,5.53,5.725,5.53,5.58,2393070,0
20190916,5.68,5.7,5.45,5.63,2374445,0
20190917,5.67,5.83,5.61,5.83,1670155,0
20190918,5.85,5.88,5.6,5.69,2083334,0
20190919,5.73,5.83,5.63,5.83,1492941,0
20190920,5.84,5.95,5.76,5.91,2584578,0
20190923,6.08,6.14,5.97,6.1,2282777,0
20190924,6.1,6.2,5.97,6.18,1842196,0
20190925,6.14,6.15,5.845,5.91,1668454,0
20190926,5.95,6.02,5.85,5.85,1245794,0
20190927,5.76,5.94,5.75,5.85,1607258,0
20190930,5.72,5.83,5.6,5.64,2050499,0
20191001,5.63,5.8,5.59,5.67,1540668,0
20191002,5.75,5.7791,5.65,5.69,1552287,0
20191003,5.71,5.87,5.68,5.68,1508669,0
20191004,5.67,5.88,5.6481,5.88,1130476,0
20191007,5.88,5.92,5.75,5.83,1186180,0
20191008,5.91,5.98,5.8,5.98,1401738,0
20191009,5.99,6.04,5.8,5.84,1937941,0
20191010,5.87,5.935,5.76,5.91,1258863,0
20191011,5.85,5.9,5.75,5.78,1423790,0
20191014,5.8,5.94,5.782,5.92,746540,0
20191015,5.86,5.89,5.62,5.64,1779142,0
20191016,5.68,5.75,5.615,5.71,897391,0
20191017,5.63,5.91,5.63,5.88,1472465,0
20191018,5.88,5.9,5.78,5.87,1171002,0
20191021,5.93,5.93,5.75,5.77,1109000,0
20191022,5.78,5.87,5.72,5.87,1015186,0
20191023,5.87,5.92,5.75,5.79,1413213,0
20191024,5.83,6.02,5.815,6.02,2031972,0
20191025,6.17,6.22,6.04,6.1,1565090,0
20191028,6.1,6.13,5.99,6.01,1271491,0
20191029,5.92,6.18,5.92,6.18,1380040,0
20191030,6.24,6.35,6.17,6.35,4082182,0
20191031,6.59,7.2,6.49,7.1,7538949,0
20191101,7.1,7.13,6.91,7.04,2728464,0
20191104,7.09,7.21,6.96,6.96,2802164,0
20191105,6.8,6.9,6.72,6.76,2618063,0
20191106,6.76,6.87,6.75,6.85,1378160,0
20191107,6.76,6.8,6.54,6.61,2416549,0
20191108,6.5,6.64,6.49,6.53,2216837,0
20191111,6.51,6.58,6.3633,6.44,1537187,0
20191112,6.44,6.61,6.35,6.61,1856891,0
20191113,6.69,6.75,6.62,6.68,1479944,0
20191114,6.76,6.87,6.69,6.84,1670749,0
20191115,6.8,6.87,6.65,6.67,1277171,0
20191118,6.69,6.79,6.67,6.74,1241755,0
20191119,6.71,6.865,6.67,6.73,1563193,0
20191120,6.73,6.88,6.71,6.83,1287621,0
20191121,6.82,6.91,6.58,6.58,2048197,0
20191122,6.6,6.64,6.53,6.56,1212020,0
20191125,6.55,6.6001,6.43,6.49,1264366,0
20191126,6.48,6.68,6.46,6.64,1189622,0
20191127,6.61,6.62,6.45,6.61,1061650,0
20191129,6.56,6.75,6.54,6.73,1030409,0
20191202,6.73,6.9,6.64,6.72,1445688,0
20191203,6.84,6.965,6.81,6.92,1906546,0
20191204,6.89,6.9,6.715,6.8,1268576,0
20191205,6.76,6.95,6.76,6.88,1111654,0
20191206,6.79,6.79,6.66,6.66,1473408,0
20191209,6.68,6.7242,6.6234,6.65,1148937,0
20191210,6.75,6.79,6.65,6.75,1155775,0
20191211,6.76,6.9286,6.7072,6.89,1382335,0
20191212,7,7.115,6.8,6.83,1716054,0
20191213,6.8,6.9961,6.8,6.92,1462334,0
20191216,7.02,7.02,6.79,6.8,1550515,0
20191217,6.82,6.89,6.78,6.78,1143482,0
20191218,6.78,6.835,6.73,6.79,1167588,0
20191219,6.83,6.91,6.7,6.9,1183046,0
20191220,6.88,6.93,6.65,6.67,2490249,0
20191223,6.76,7.13,6.76,7.11,2424246,0
20191224,7.2,7.37,7.15,7.31,2003013,0
20191226,7.4,7.5473,7.31,7.45,2353731,0
20191227,7.45,7.47,7.32,7.34,1491032,0
20191230,7.39,7.5463,7.32,7.53,1904152,0
20191231,7.59,7.61,7.45,7.45,1549759,0
20200102,7.55,7.67,7.36,7.45,2116324,0
20200103,7.6,7.65,7.31,7.34,1926324,0
20200106,7.55,7.55,6.96,7.04,4164534,0
20200107,7.05,7.23,7.0028,7.2,2005269,0
20200108,7.22,7.22,6.85,6.86,2743933,0
20200109,6.8,6.875,6.715,6.78,1694875,0
20200110,6.78,6.93,6.78,6.88,1882932,0
20200113,6.87,6.88,6.67,6.68,1683585,0
20200114,6.62,6.83,6.53,6.8,2055345,0
20200115,6.89,7.005,6.8,6.98,2071292,0
20200116,6.91,7,6.855,6.99,995790,0
20200117,7.02,7.0898,6.82,6.9,1647636,0
20200121,6.92,7,6.8,6.88,1765715,0
20200122,6.86,6.96,6.8,6.8,1364565,0
20200123,6.76,6.985,6.75,6.93,1143377,0
